0.0000000000000000	0.0000000000000000
0.8377299714549881	0.0010000000000000
0.8459943349860101	0.0008124257535119
0.8539082664029050	0.0017260669950712
0.8656104712369683	0.0020279914099092
0.8697340140059412	0.0027008386672576
0.8733490901783530	0.0030540481522603
0.8770602397889289	0.0036377848465623
0.8809164817844874	0.0041950618726310
0.8848231734472192	0.0049490137321627
0.8887226687962065	0.0057097876732047
0.8925393321886514	0.0066964621395231
0.8962844288920169	0.0076669453418129
0.8999511341476998	0.0089168049460267
0.9035949497876500	0.0101664312977707
0.9072095693658628	0.0117529342279707
0.9108440834103800	0.0133949813059952
0.9144681547634723	0.0154265636127596
0.9181263482060404	0.0175872563109927
0.9217708905828327	0.0201937550549840
0.9254528974681137	0.0230156626054331
0.9291122992584638	0.0263508760444172
0.9328126890865981	0.0300060816462256
0.9364822343108050	0.0342571750920291
0.9401990924115199	0.0389587698387374
0.9438783644089529	0.0443557037126876
0.9476132547320975	0.0503659025111319
0.9513049620143293	0.0571887958548645
0.9550612527169967	0.0648243075904927
0.9587705126863921	0.0734095813095707
0.9625530437210504	0.0830457190609816
0.9662886006273929	0.0937938835796465
0.9701050867496843	0.1058694547187320
0.9738818832807906	0.1192573635209134
0.9777442742643877	0.1342769723230393
0.9815845872621154	0.1508667373273474
0.9855073617525562	0.1693807439918892
0.9894390691786754	0.1898037109549460
0.9934362344471611	0.2123478727575465
0.9974920985534457	0.2372544537674844
1.0015771236456306	0.2642519563083041
1.0057947549888886	0.2942078947008874
1.0099827773548793	0.3258327971583390
1.0144059647246777	0.3611510491223679
1.0187229335367398	0.3972051679917623
1.0233955675575284	0.4376600385166155
1.0279736463517195	0.4782349710962451
1.0329306006912957	0.5226835536821196
1.0379729218702105	0.5673136197724811
1.0434137429065100	0.6153570743303496
1.0464700547230021	0.6411805850411902
1.0501543160592173	0.6716544635141344
1.0545831978259583	0.7064063218027754
1.0635935872627140	0.7703316176932807
1.0667909165936231	0.7903246508291040
1.0700223866895915	0.8095709186646363
1.0734187584500736	0.8281284684203454
1.0769071859136732	0.8458726892245582
1.0805224475994626	0.8625450162513215
1.0841393730470259	0.8778333186500016
1.0878361348968164	0.8918279722150861
1.0914737701820447	0.9043392001377343
1.0951588333730824	0.9155742575200493
1.0987595098522083	0.9255157410081443
1.1023895889944109	0.9343206148691177
1.1059356188851410	0.9421179147908172
1.1095064090478417	0.9489547563923835
1.1130087442926950	0.9550571423208715
1.1165398620874698	0.9603636456490434
1.1200236177374567	0.9651524840875363
1.1235434863004048	0.9692826428021895
1.1270372759477110	0.9730528216240196
1.1305760741026594	0.9762774041456186
1.1341104631587851	0.9792522555575798
1.1377034065214400	0.9817799771293493
1.1413200688940397	0.9841316778220289
1.1450245384153253	0.9861323245735139
1.1488076843518154	0.9880001446964659
1.1527678676149169	0.9896267209431071
1.1570194163645109	0.9912150488171521
1.1642531246485448	0.9931418154531125
1.1687060953230706	0.9942998904476222
1.1725998436512350	0.9950331415706325
1.1763052051610030	0.9957496535543864
1.1799905835860500	0.9962529646892366
1.1837071274724067	0.9967947080319506
1.1875150731161150	0.9971896639053559
1.1914667341312741	0.9976094883359146
1.1957227495197720	0.9979026864157909
1.2026278114443729	0.9985503244800752
1.2076284475790233	0.9986611020351608
1.2141100303129044	0.9992647963028022
1.2194913532760889	0.9991333534614426
1.2249682890512419	0.9996412823770672
1.2329911005830749	0.9992524104835501
1.2382522226090265	0.9995495791946102
1.2422415069764854	0.9995645618111842
1.2460051481750130	0.9996883932720108
1.2497715362625121	0.9996870102893334
1.2535682536601633	0.9997719644115124
1.2574040698737228	0.9997616365085629
1.2612980311956519	0.9998240672737093
1.2653086220974938	0.9998175112422237
1.2695744009362067	0.9999042715234178
1.2765229716524784	0.9997506576121959
1.2809667436241452	0.9998909157549344
1.2848317329875569	0.9998590233643089
1.2885873590743171	0.9999334798828536
1.2924771053183626	0.9999153118596983
1.2967154912020888	0.9999905825650139
1.3036683887961027	0.9998262351203495
1.3084774398195338	0.9999363604795448
1.3130323303549423	0.9998901650062771
1.3202367825921695	1.0001093303761253
1.3253112747937033	0.9999653769228254
1.3329395243405393	1.0001720939446648
1.3375578773982886	1.0000269853839874
1.3415268420315207	1.0000534990550654
1.3454654307791798	0.9999988085150370
1.3497282329522278	1.0000512939365007
1.3565363204563339	0.9998385892201771
1.3604666951018989	1.0000003715047641
1.3638486499599034	0.9999059867763606
1.3671593567864346	1.0000223094776990
1.3705637363126650	0.9999487343665221
1.3741328971454922	1.0000105351228838
1.3779458564177809	0.9999777264923401
1.3821590561016344	1.0000385850746731
1.3891408452797591	0.9998650902049960
1.3939124936664580	0.9999638591392584
1.3984559327121673	0.9999098281189148
1.4053994680630644	1.0001546991318824
1.4098992576031322	1.0000229137038870
1.4137385467098402	1.0000728479559982
1.4174711378817766	1.0000069625889543
1.4213444000573234	1.0000358016376885
1.4255798783047064	0.9999712193097727
1.4325987081102169	1.0001405974611257
1.4372295853648354	1.0000258232274830
1.4413581911353328	1.0000393495689111
1.4454178099738302	0.9999843822882780
1.4497087315932897	1.0000288264571595
1.4569635034869561	0.9998619588566505
1.4621168723068430	1.0002419052026841
1.4670894839584829	1.0000193490779246
1.4719818153924562	1.0002301545691381
1.4768238116080548	0.9998727012355059
1.4816630881390038	0.9999404174792837
1.4884480230204959	0.9997958693398755
1.4949532466745623	1.0001698990044086
1.5004546243278429	0.9997525948386417
1.5055980492486565	1.0000824976649647
1.5104735634771451	1.0000342516282708
1.5150063203670998	1.0000886334983330
1.5198219215282014	0.9996443976568951
1.5250444815576309	1.0001805131412385
1.5283830027010372	0.9998658999741101
1.5321940175392330	0.9999534317024675
1.5362801032638806	0.9999901861536288
1.5405492595479660	1.0001122478186586
1.5460111128222311	0.9998090890693631
1.5565081082819230	1.0003551287469217
1.5621297454905769	1.0001653781587261
1.5669272809497068	1.0001916484391489
1.5724986342785323	0.9997391136501032
1.5881396891158925	1.0005590572072760
1.5924053275338192	1.0002082443391895
1.5960258721710381	1.0002191425790201
1.6002994807107807	1.0001288787512292
1.6081964773480093	1.0002128851520591
1.6116812863851759	1.0000247361187384
1.6151780236333968	1.0000757024887850
1.6189177782816162	1.0000123478878642
1.6231237944876811	1.0000513905652422
1.6300856840745162	0.9998571249076836
1.6341029277419992	1.0000025883908241
1.6375859991623773	0.9999174187625703
1.6409488852000793	1.0000293281610850
1.6443321106608302	0.9999461742259435
1.6477832756877897	1.0000281160372018
1.6513356610473120	0.9999670326234074
1.6550219234399066	1.0000160122071087
1.6589058286835348	0.9999844709423831
1.6631371063633809	1.0000474601991078
1.6700145036623479	0.9998564471673996
1.6743053875375746	0.9999936388086019
1.6779611059435480	0.9999244032266743
1.6814262695109310	1.0000269728998352
1.6848735118998217	0.9999499394954315
1.6883669821202225	1.0000279230081719
1.6919480481229308	0.9999690009361923
1.6956532475299364	1.0000166631218301
1.6995479527991999	0.9999852921819575
1.7037821883161965	1.0000485097278839
1.7107060096244231	0.9998660837834480
1.7152819370771637	0.9999827073700025
1.7192882946534436	0.9999486819629172
1.7231580085838718	1.0000049776432260
1.7271167858684955	0.9999786483469816
1.7313728585125077	1.0000459869356044
1.7382734341347610	0.9998572975246387
1.7426363285267454	0.9999916125298614
1.7463491943815304	0.9999270755592613
1.7498501967691740	1.0000267361085635
1.7533117539295737	0.9999496379479047
1.7567955482127180	1.0000306491302242
1.7603365725416871	0.9999646631041282
1.7639583433989701	1.0000233865951895
1.7676966983259472	0.9999801071178029
1.7716100821512109	1.0000121035302822
1.7758505655767989	0.9999488594446203
1.7827382044502429	1.0001377943610141
1.7871648600721419	1.0000080807232010
1.7909351040585992	1.0000683272993995
1.7944783019191697	0.9999726468609457
1.7979622254571257	1.0000486225472927
1.8014510551790586	0.9999668005741055
1.8049738344021349	1.0000367390927085
1.8085514106522131	0.9999710045137603
1.8122039789222777	1.0000250662070111
1.8159650676040995	0.9999820268688979
1.8198923563255163	1.0000129341729442
1.8241365141244392	0.9999487947221286
1.8310866665935166	1.0001255334589649
1.8360841780071331	0.9999733439948056
1.8435588430825296	1.0001647918754861
1.8485790987978048	1.0000299889282884
1.8528827364897391	1.0000466278557016
1.8570143086066091	0.9999997282273084
1.8613292127350738	1.0000596427234170
1.8683018051622460	0.9998689173357115
1.8729912008047447	0.9999822876507164
1.8770895194536905	0.9999521066764542
1.8810230492138014	1.0000049313895145
1.8850186453412918	0.9999790861833052
1.8892848965924294	1.0000474357093969
1.8962175332890947	0.9998647913241447
1.9008353158657976	0.9999830626180287
1.9048445693842120	0.9999459722756496
1.9086626571413934	1.0000101851542822
1.9124885726889829	0.9999739266228619
1.9164396810247766	1.0000088018573630
1.9206926909625734	0.9999464046993569
1.9276504271277242	1.0001248078322889
1.9325241148553327	1.0000235126089416
1.9370919812246745	1.0000798012079934
1.9442513533893189	0.9998698993682908
1.9491596930635027	0.9999777451722683
1.9535253075450485	0.9999618865146331
1.9579169412542483	1.0000432935650885
1.9649748392334003	0.9998651845080373
1.9700096958491606	1.0000231428022837
1.9775233497184619	0.9998324697640484
1.9825420032134884	0.9999683567855429
1.9868410162300498	0.9999517948925155
1.9909670186932877	0.9999989189347736
1.9952818558192478	0.9999392492605734
2.0022294019119435	1.0001342674061011
2.0067793911896046	1.0000114298285270
2.0106854472217348	1.0000586413710486
2.0143853153910891	0.9999823748534252
2.0180675556472916	1.0000329321968753
2.0218271226855093	0.9999852876932472
2.0257480024867620	1.0000150008435229
2.0299911629639475	0.9999502836442258
2.0367996700779556	1.0001537256432516
2.0408060437566822	0.9999908749038253
2.0441440552081178	1.0001004066003116
2.0472863210101764	0.9999497878581619
2.0503879201863482	1.0000788693001743
2.0534974425178216	0.9999415739956864
2.0566292153713750	1.0000667629919493
2.0597885521744970	0.9999415599445957
2.0629748179904310	1.0000595184369367
2.0661892139307838	0.9999440646716674
2.0694297870293372	1.0000543960299881
2.0726979825757215	0.9999474159768922
2.0759924164102967	1.0000500535504906
2.0793155089707938	0.9999512171567121
2.0826671024905523	1.0000457282463493
2.0860512076506863	0.9999556205392763
2.0894698037648904	1.0000407579950108
2.0929298032800148	0.9999611836841051
2.0964374344598569	1.0000342062678804
2.1000060894456141	0.9999691056126154
2.1036526146990684	1.0000242989579982
2.1074097094488078	0.9999814576368322
2.1113346398068082	1.0000126645223981
2.1155781688228670	0.9999487436111514
2.1225300010673918	1.0001252741367086
2.1274007638297010	1.0000238283123974
2.1319676936135750	1.0000799497731472
2.1390501572781999	0.9998567326291884
2.1434899395189975	0.9999961424217999
2.1471727590793197	0.9999217397984320
2.1505819318891870	1.0000365134534768
2.1539033251326543	0.9999369257906165
2.1571978642601568	1.0000467831215192
2.1604912742595457	0.9999439864241435
2.1637899378071390	1.0000489783193021
2.1670992178370683	0.9999477037780391
2.1704187766840151	1.0000485818740419
2.1737512416203368	0.9999501957048458
2.1770955813983677	1.0000472251246044
2.1804541412222309	0.9999523356284929
2.1838260464344121	1.0000454108577008
2.1872138702399111	0.9999545089144601
2.1906172032412918	1.0000432261385874
2.1940392181058161	0.9999569743775319
2.1974804133390342	1.0000405349410619
2.2009451961379050	0.9999600524395061
2.2044358608754204	1.0000369686714392
2.2079594389632349	0.9999643077545555
2.2115221304052568	1.0000317412870801
2.2151371849182304	0.9999709118442563
2.2188210619643285	1.0000231501147783
2.2226058303899490	0.9999819565473155
2.2265475776524988	1.0000126923246999
2.2307956462477732	0.9999481600250759
2.2376754828932444	1.0001380146197636
2.2421138742324591	1.0000067926632974
2.2458648284714871	1.0000716025607952
2.2493533206189649	0.9999668046573356
2.2527449593936093	1.0000575128249229
2.2560997850864766	0.9999551722403442
2.2594398064586358	1.0000522848102558
2.2627751252841968	0.9999515448703923
2.2661087324397409	1.0000501082860183
2.2694447221583331	0.9999507627269829
2.2727838422766511	1.0000486862142774
2.2761299020400658	0.9999513648787801
2.2794837651135378	1.0000470705588633
2.2828497367162628	0.9999529643302274
2.2862293005835634	1.0000448116782861
2.2896276267457245	0.9999555718666953
2.2930473812172001	1.0000415555949005
2.2964954060448242	0.9999594706895658
2.2999768522799600	1.0000367709694653
2.3035023494178635	0.9999653652603067
2.3070830616897466	1.0000293529174469
2.3107398775969026	0.9999748632110251
2.3145026504061312	1.0000173343872127
2.3184323419234012	0.9999862264303205
2.3226759271626602	1.0000502606207375
2.3295819739942347	0.9998647414865051
2.3341300616274099	0.9999864659370833
2.3380458785665064	0.9999399029604431
2.3417414731610604	1.0000179765997737
2.3453957960851679	0.9999622810790051
2.3490845584693756	1.0000192309622171
2.3528646288018318	0.9999792111018311
2.3568011119680548	1.0000113606163188
2.3610481639860996	0.9999477408985734
2.3679478817143065	1.0001346602375183
2.3724808920733707	1.0000109171690001
2.3763586380148345	1.0000624926850616
2.3799910419604644	0.9999754210537963
2.3835414067744782	1.0000458321329875
2.3870697142028843	0.9999665157088168
2.3905977012992032	1.0000390815497482
2.3941345806076790	0.9999647583600295
2.3976819759381285	1.0000358511492293
2.4012423878399720	0.9999651533600697
2.4048149244651391	1.0000337923711033
2.4084019829540275	0.9999663832403101
2.4120033815282396	1.0000318491164086
2.4156231662349543	0.9999683485213781
2.4192636043749398	1.0000292178889616
2.4229325853909924	0.9999716698073770
2.4266383213415521	1.0000246641121275
2.4303986767155816	0.9999779972180355
2.4342397944743746	1.0000159988725481
2.4382178202770399	0.9999861647555034
2.4424744831522966	1.0000519711450055
2.4493987874710910	0.9998705748444839
2.4541781454339713	0.9999801641676049
2.4583801104083451	0.9999554632634068
2.4623968309161746	1.0000042863113561
2.4664439776433627	0.9999793882435554
2.4707242992936043	1.0000494320225093
2.4776556761726938	0.9998670575971631
2.4823813730049511	0.9999821690712050
2.4864838809236995	0.9999486500116567
2.4903524668528920	1.0000119756204968
2.4941710886746540	0.9999706382991446
2.4980290993912346	1.0000125070197774
2.5020109013113623	0.9999841419782730
2.5062694068030709	1.0000508454976402
2.5131938513121508	0.9998692385354634
2.5179366801412573	0.9999806848636634
2.5220968427413171	0.9999539640672274
2.5260785201754614	1.0000045527077079
2.5301034000963494	0.9999792838056842
2.5343777035235204	1.0000486069806584
2.5412730652052176	0.9998592414269364
2.5457267475309586	0.9999909142768654
2.5494959990907597	0.9999288182987091
2.5530149988127113	1.0000284707336875
2.5564645895787943	0.9999476016142947
2.5599123769595664	1.0000345610918457
2.5633951957339338	0.9999599490715547
2.5669340583554585	1.0000295853811092
2.5705550130940553	0.9999727300174921
2.5742903664316588	1.0000173827265597
2.5782032689235512	0.9999860091811668
2.5824423809258072	1.0000495613364992
2.5893036373718834	0.9998554608452763
2.5935620031713498	0.9999975209652766
2.5971453181855511	0.9999170340639484
2.6004979517578963	1.0000374441194781
2.6037858049768583	0.9999349092327202
2.6070611834452952	1.0000468411997609
2.6103462651433400	0.9999437808810949
2.6136458936605842	1.0000480644614667
2.6169650553617383	0.9999489331400293
2.6203036630863470	1.0000464912300482
2.6236652199168242	0.9999529296858914
2.6270501898002276	1.0000435629170661
2.6304631795259223	0.9999570441891777
2.6339066151763224	1.0000394240361246
2.6373877875459359	0.9999622099865522
2.6409132056542077	1.0000334575245236
2.6444964726484055	0.9999697298623181
2.6481545202563059	1.0000240267409850
2.6519200275346253	0.9999817029900180
2.6558500278685750	1.0000127786735866
2.6600949284115636	0.9999486843617212
2.6670047732144000	1.0001330745168404
2.6716004568768419	1.0000142627588171
2.6755753214867979	1.0000553265533969
2.6793420238680015	0.9999848891731929
2.6830810528089049	1.0000310534771084
2.6868836787846471	0.9999861148438642
2.6908308655220710	1.0000151430549429
2.6950810545149166	0.9999495291459916
2.7020003164622448	1.0001319601248344
2.7066569572662158	1.0000164341692013
2.7107096260500807	1.0000508155853072
2.7145678739389347	0.9999895286135002
2.7184228532698240	1.0000243005607548
2.7223932680254488	0.9999900274610311
2.7266501790320388	1.0000531460466808
2.7335991334081764	0.9998730293596551
2.7384253538065408	0.9999765170434605
2.7427704188909279	0.9999618028119468
2.7471537341392680	1.0000433811707614
2.7541770791917615	0.9998617839913453
2.7589390294780780	0.9999781853011737
2.7630936621135356	0.9999517214481289
2.7670660351332788	1.0000035268388046
2.7710842982463895	0.9999784227485917
2.7753568250486409	1.0000477394695426
2.7822334705099849	0.9998551787728958
2.7866072149540382	0.9999922848599196
2.7902892905178827	0.9999216643464587
2.7937293882779666	1.0000304470113621
2.7971098011741398	0.9999414982343345
2.8004976541305182	1.0000355489901469
2.8039293685092570	0.9999553398689627
2.8074258038165039	1.0000292476510595
2.8110130953702193	0.9999694895204446
2.8147238983725091	1.0000157040989015
2.8186220713809886	0.9999838455442204
2.8228572665735951	1.0000468327786567
2.8298067942355352	0.9998690701598840
2.8345591731477633	0.9999736662946186
2.8388521378816227	0.9999588766367712
2.8432214246423544	1.0000391441234922
2.8502143718227595	0.9998520735410440
2.8546926203894918	0.9999846732948914
2.8585027930933049	0.9999294655467419
2.8620868318795569	1.0000208722804835
2.8656202759830984	0.9999516143272602
2.8691630327437121	1.0000270458376759
2.8727444813337986	0.9999638639595015
2.8763781259226633	1.0000240417923734
2.8800828759706865	0.9999744700168826
2.8838840652067770	1.0000150407884754
2.8878380590003125	0.9999849691934156
2.8920880231876445	1.0000500822067135
2.8990356188174102	0.9998728988502547
2.9039291252451345	0.9999742795117768
2.9085035617053139	0.9999165911498994
2.9156644005463805	1.0001240516542771
2.9206620040497420	1.0000160845945412
2.9252681482982958	1.0000723754474679
2.9324871125870384	0.9998615175481884
2.9368972019041193	0.9999975097586905
2.9406046861258548	0.9999297221000788
2.9440864322186742	1.0000313827536627
2.9475312774413904	0.9999519438637539
2.9510049411328660	1.0000331362862185
2.9545370009583736	0.9999648607724266
2.9581357074279837	1.0000268756728405
2.9618081378978314	0.9999726270539064
2.9655585880751292	1.0000177350506614
2.9694045792156478	0.9999794024498704
2.9733873927380436	1.0000072311263244
2.9776459535317734	0.9999389093457375
2.9845517571765048	1.0001180417633251
2.9894672758376339	1.0000163002544249
2.9938747894142850	1.0000371509681047
2.9982778824796847	0.9999674018980389
3.0066972099091749	0.9999355544836596
3.0113061961022818	0.9999229718485029
3.0153865519297867	0.9999955312307776
3.0191206351612103	0.9999404094581826
3.0226935743717731	1.0000308014426513
3.0263137643132434	0.9999924034411961
3.0301345358477247	1.0000398993176374
3.0343380700340057	0.9999865279874364
3.0409086784079427	1.0002162283858338
3.0444771446383077	1.0000233475990452
3.0475979688838861	1.0001490662038641
3.0507118968644820	1.0000048272665714
3.0539218282217062	1.0001060241406248
3.0572593265705765	1.0000103278274430
3.0607366946116668	1.0000754639179159
3.0643777819736799	1.0000214367040756
3.0682353470782866	1.0000514233167395
3.0724605414407087	0.9999867084229879
3.0793938452150456	1.0001623447440489
3.0839507416051481	1.0000414139978027
3.0879153280366647	1.0000785668248553
3.0916828748649654	1.0000052758020317
3.0954064926498028	1.0000526821423430
3.0991407136030293	0.9999946286272118
3.1029047409608772	1.0000392134741787
3.1067090387439995	0.9999917251973302
3.1105613477417537	1.0000294722818077
3.1144812188942166	0.9999940231511258
3.1185094310964954	1.0000212205493915
3.1227811421656892	0.9999522140430981
3.1296196261197484	1.0001464340245600
3.1341224703149004	1.0000145538733702
3.1379153335064549	1.0000753132649693
3.1414580931195690	0.9999794282577170
3.1449571469377102	1.0000507737573578
3.1485106148402222	0.9999807824475200
3.1521846219903780	1.0000271150440598
3.1560574921108766	0.9999918732695968
3.1602867417989762	1.0000518862467844
3.1671447801383659	0.9998532369447161
3.1712438666617708	1.0000029403561110
3.1747202117032565	0.9999133915041072
3.1780259527323182	1.0000362529526063
3.1813181223585576	0.9999377711373479
3.1846437571317274	1.0000389168189721
3.1880243906576520	0.9999522980890024
3.1914678948313768	1.0000330864376312
3.1949870589058667	0.9999639463364370
3.1985966610982826	1.0000222357706476
3.2023280252733266	0.9999778983489874
3.2062377856050301	1.0000094766699312
3.2104771726946248	0.9999460281788299
3.2173494282972550	1.0001375885517743
3.2216927706258556	1.0000019531375033
3.2253691757881859	1.0000718675784592
3.2288198019150296	0.9999649876522267
3.2322114972979969	1.0000526609527778
3.2356050036153960	0.9999584725468820
3.2390246176665034	1.0000418541332432
3.2424841082406428	0.9999610497741840
3.2459924036258019	1.0000333394195815
3.2495628866425097	0.9999682579114548
3.2532120031568450	1.0000231025633641
3.2569715619102211	0.9999804839331237
3.2608981687930689	1.0000117174156045
3.2651421025241976	0.9999478392324850
3.2720944850318769	1.0001243570087897
3.2769666649805709	1.0000228198479451
3.2815339282406377	1.0000787666666526
3.2886534074619669	0.9998614335471303
3.2931807981721772	0.9999926808220744
3.2970060436777437	0.9999370243627651
3.3006159454353723	1.0000228979758863
3.3042208035088811	0.9999660492250099
3.3079198914469323	1.0000182707519585
3.3118054683816154	0.9999877971590206
3.3160381528486385	1.0000513754843474
3.3230035800843418	0.9998759793013964
3.3276991329233074	0.9999815321630616
3.3319532208419043	0.9999663295371592
3.3363121152277424	1.0000450893593096
3.3431347868622927	0.9998265956099539
3.3467758630700439	1.0000237979045212
3.3498683374025360	0.9998860262546289
3.3528843723578459	1.0000522325208112
3.3559563963043777	0.9999252153740112
3.3591154250699491	1.0000491722523843
3.3623762160172928	0.9999498007098113
3.3657451481455269	1.0000371674567308
3.3692396563326756	0.9999689843910514
3.3728866535770479	1.0000189813538607
3.3767478090236311	0.9999852737782879
3.3809730517515590	1.0000461044768911
3.3878823453625655	0.9998589144808290
3.3923064700458663	0.9999833222611192
3.3961440126191280	0.9999344747900455
3.3998339410798457	1.0000073457280774
3.4035716638462907	0.9999661044519125
3.4074716069380928	1.0000023464112380
3.4117106793978271	0.9999417022441081
3.4186374313573697	1.0001263442343018
3.4231928470463115	1.0000092302388719
3.4271785786285571	1.0000446187251300
3.4310357111768401	0.9999878459568065
3.4349858933564130	1.0000146059978914
3.4392408098496086	0.9999477944881767
3.4461691170736151	1.0001314636485903
3.4507020338055066	1.0000102532164366
3.4546325708387258	1.0000521998243805
3.4583939228445808	0.9999843660789475
3.4621797163045378	1.0000228008720307
3.4661090218892672	0.9999875165698295
3.4703547648100352	1.0000493397516532
3.4773198294128855	0.9998722433951960
3.4823153394808917	1.0000234387795277
3.4897782544002847	0.9998287728545630
3.4946020260772657	0.9999731949147203
3.4986319928016765	0.9999351646971836
3.5023934315804128	1.0000113461109759
3.5061145045258670	0.9999645248702439
3.5098975479113861	1.0000117839543561
3.5138332588073262	0.9999829287142430
3.5180792137209180	1.0000483885099660
3.5249957527859324	0.9998650159346089
3.5295770203093033	0.9999845621585209
3.5335407288437062	0.9999429492150571
3.5372970513354773	1.0000141856073070
3.5410299137949086	0.9999676497204288
3.5448267256415127	1.0000129166833567
3.5487719222993430	0.9999838574137127
3.5530203054207758	1.0000493684799232
3.5599573211979392	0.9998698646879081
3.5647006888080961	0.9999785973824684
3.5689052566080490	0.9999579535356612
3.5730027811240461	1.0000015906196871
3.5773064833587003	0.9999407141215573
3.5842943028789964	1.0001247230350425
3.5891920445512167	1.0000229195259149
3.5937670403800457	1.0000799688671216
3.6009040915086676	0.9998657606590475
3.6056697988345650	0.9999842708919023
3.6097625139514329	0.9999489701982153
3.6136309487909397	1.0000102653636576
3.6174882181613577	0.9999749577854058
3.6214568266288940	1.0000092280078750
3.6257147640252430	0.9999461191524717
3.6326361184433504	1.0001312989947686
3.6372849802670979	1.0000155143799951
3.6413253656459963	1.0000510908822791
3.6451710485391948	0.9999889475641013
3.6490155624140868	1.0000243807006390
3.6529793211056139	0.9999899401939827
3.6572344853791270	1.0000528296160989
3.6641633225990593	0.9998688363407846
3.6688422057843808	0.9999817691278878
3.6729408740823590	0.9999520983933237
3.6768767568732947	1.0000048007248761
3.6808742188500707	0.9999790654290323
3.6851409364299696	1.0000475208007891
3.6921113392757512	0.9998720271276963
3.6969913626117834	0.9999747066087620
3.7015630020918096	0.9999189571546334
3.7086692069445046	1.0001391161700761
3.7132096270487498	1.0000072067503287
3.7170207417567322	1.0000669572506982
3.7205845550884553	0.9999734702526397
3.7240949143998909	1.0000454344067906
3.7276324303727391	0.9999716398043510
3.7312420943903799	1.0000286074979130
3.7349675485899061	0.9999822795275823
3.7388724053965579	1.0000134515989658
3.7431106892313468	0.9999498763326921
3.7500558513454316	1.0001277836638334
3.7548193493290820	1.0000230454702974
3.7591174898306168	1.0000378317427701
3.7634895066838583	0.9999573795663105
3.7704747929763611	1.0001456886399942
3.7749360449144249	1.0000116331525086
3.7787238313206206	1.0000687998015385
3.7822926563406307	0.9999763088220176
3.7858213387287281	1.0000448376285240
3.7893819226600471	0.9999734554209437
3.7930142852280464	1.0000280480334927
3.7967583293649927	0.9999829378746743
3.8006749047648953	1.0000136863294127
3.8049162026876688	0.9999496813057891
3.8118147720747140	1.0001361676778597
3.8163105019351260	1.0000113694278965
3.8201689186071470	1.0000623428192892
3.8238158012268966	0.9999796622410442
3.8274276358250110	1.0000389317820226
3.8310837036454886	0.9999792396019912
3.8348380453820603	1.0000207098463980
3.8387603588154566	0.9999880951366326
3.8430023577978512	1.0000511339259255
3.8498953017200797	0.9998623465088219
3.8543392702089396	0.9999901724951642
3.8581428168606275	0.9999342890803923
3.8617379454276173	1.0000220168644534
3.8653071059884803	0.9999587524250401
3.8689271640319274	1.0000214668958516
3.8726563776927545	0.9999784046279628
3.8765620783859549	1.0000115123328164
3.8808009120656064	0.9999490057360091
3.8876981839774394	1.0001367187058803
3.8921562338849891	1.0000107474567503
3.8959907880374254	1.0000621333882191
3.8996390796076170	0.9999815359333565
3.9032847363352730	1.0000344335465050
3.9070194340868611	0.9999851115585234
3.9109259367754063	1.0000150551584661
3.9151651561939027	0.9999507201423470
3.9220520960263103	1.0001395241919462
3.9264337972649481	1.0000078174986340
3.9301785721614189	1.0000680800866288
3.9337304563455122	0.9999760061608269
3.9372662906660159	1.0000419213940366
3.9408636862284601	0.9999771408101509
3.9445759744198425	1.0000210443613899
3.9484732348714426	0.9999875472170224
3.9527085328562594	1.0000495998558432
3.9596446763962438	0.9998685536441956
3.9642981510646034	0.9999793976883127
3.9684238389723197	0.9999558630167703
3.9724730425013446	1.0000007055076063
3.9767636801552739	0.9999417103152285
3.9837609289178033	1.0001245197399187
3.9886213045118737	1.0000233288599729
3.9931866375417377	1.0000787088571694
4.0003133690377375	0.9998615069703143
4.0049076966389432	0.9999872125830227
4.0088298612283184	0.9999414646526400
4.0125618637061775	1.0000125508744411
4.0163210901794804	0.9999722152532963
4.0202315462711464	1.0000084057383187
4.0244737803341772	0.9999475653892744
4.0314411491964570	1.0001247870978747
4.0362811568277532	1.0000239650334886
4.0408403571532787	1.0000787062895509
4.0479732611867894	0.9998630371248410
4.0526073053409322	0.9999849289874684
4.0566008469499373	0.9999472023696473
4.0604439484796950	1.0000057368718869
4.0643830709145163	0.9999785399764739
4.0686344864426749	1.0000450393761293
4.0753079714068994	0.9998136749510019
4.0786963759977040	1.0000352211645083
4.0815956537587397	0.9998645020893667
4.0844421678243279	1.0000619011258318
4.0873433141304742	0.9999036996016005
4.0903158568222135	1.0000621235972744
4.0933623406437034	0.9999264347267288
4.0964751080861408	1.0000570603611054
4.0996511442993953	0.9999400830571420
4.1028838811113069	1.0000507673418482
4.1061719739588218	0.9999494121172415
4.1095115809552283	1.0000443398233794
4.1129039942405701	0.9999569864921617
4.1163490033053778	1.0000376041498951
4.1198525242438082	0.9999646487903930
4.1234214199198496	1.0000293395245914
4.1270728818126408	0.9999747226449205
4.1308337542138958	1.0000171981658701
4.1347628639998879	0.9999861244989393
4.1390061716326967	1.0000501545737353
4.1459428368397315	0.9998704825482203
4.1506848110590884	0.9999787003943362
4.1548906213019787	0.9999581608494735
4.1589895964320824	1.0000017358047746
4.1632935787117731	0.9999408381147720
4.1702401446820483	1.0001325266364369
4.1748339126274718	1.0000110795378916
4.1787637150313932	1.0000592939637127
4.1824391371246756	0.9999764298185306
4.1860306750162879	1.0000421409759312
4.1896103351096103	0.9999701020467697
4.1932170966940436	1.0000311109288536
4.1968846101710220	0.9999757099429117
4.2006509270535979	1.0000175780687055
4.2045814713139036	0.9999859155212620
4.2088255700667405	1.0000494394907402
4.2158809747269546	0.9998908428793294
4.2205998590850839	1.0000053188654670
4.2248851972019983	1.0000121651763343
4.2292480949180025	1.0001291513364750
4.2346018406000034	0.9997490905078178
4.2423291971923698	1.0001316845364387
4.2575324548056273	1.0004789090389061
4.2828807845628338	0.9999679681690764
4.2868298320509268	0.9998930727267942
4.2905054941835257	0.9999590221981521
4.2941546893939444	0.9999016917462010
4.2978554342399580	0.9999577598935920
4.3016389192337332	0.9999293437635722
4.3055464736906384	0.9999711419723689
4.3095804275169893	0.9999740029091341
4.3138321759482929	1.0000883090377339
4.3199701746526271	0.9998663096601366
4.3246959482966938	0.9999708340908691
4.3292401364115403	0.9998634485663757
4.3345384453074862	1.0002361875909840
4.3413918345498752	0.9997842500913484
4.3511536474212136	1.0001810076575259
4.3549569731093269	0.9999933695200712
4.3585655776686165	1.0000467440503020
4.3623030000099456	0.9999820447778798
4.3661738473659168	1.0000044213984116
4.3701185317063844	0.9999648276651035
4.3740629571851191	1.0000057250254153
4.3779446343318806	0.9999607541635350
4.3817343377045814	1.0000231827467920
4.3854415138962901	0.9999679560168308
4.3890973149928643	1.0000381071547990
4.3927402198988181	0.9999815703920792
4.3964027928113980	1.0000441944831322
4.4001182662722851	0.9999975280322304
4.4039216721561409	1.0000404628721828
4.4078754227850787	1.0000115134490635
4.4121255663309897	1.0000768120114818
4.4190458525999041	0.9998923479544943
4.4237586565540203	1.0000045322026736
4.4278381558924425	0.9999648788896502
4.4316386627498918	1.0000368976382867
4.4353053673131173	0.9999720458843215
4.4388843191707412	1.0000491712507225
4.4423993784530387	0.9999690766501634
4.4458638483945983	1.0000549954832281
4.4492959898650630	0.9999668828821747
4.4527111027075312	1.0000560410141459
4.4561268452679439	0.9999681139411990
4.4595550374823336	1.0000534485571411
4.4630076363309259	0.9999715349949695
4.4664901842670321	1.0000488399171206
4.4700087557745372	0.9999751843122388
4.4735637226868050	1.0000434594847525
4.4771570374251537	0.9999777706613475
4.4807857554117012	1.0000380179823272
4.4844495322257787	0.9999788817677502
4.4881439800130716	1.0000328351816341
4.4918684754787419	0.9999788693586856
4.4956196630198830	1.0000278227527106
4.4993997834438773	0.9999788001653732
4.5032108989363158	1.0000221704794783
4.5070647451519523	0.9999807262334157
4.5109805476255467	1.0000138743774691
4.5150064032151116	0.9999842115394235
4.5192761197656086	1.0000510151417947
4.5261733424942916	0.9998644448877874
4.5308958842670002	0.9999812549380274
4.5349526982943438	0.9999400968741827
4.5387209966922208	1.0000160357671122
4.5423764014412438	0.9999544144728340
4.5459914467300200	1.0000245174669458
4.5496085802269457	0.9999623208358767
4.5532534620236040	1.0000226128958338
4.5569553725623031	0.9999719611238096
4.5607484731459964	1.0000134054790208
4.5646957889091100	0.9999831669371664
4.5689443033700341	1.0000482066763661
4.5758862671440754	0.9998700527453505
4.5807047080186836	0.9999742532931229
4.5850445099636952	0.9999599284216480
4.5894264403510894	1.0000417285556138
4.5964736156167820	0.9998650036522916
4.6013988747510810	0.9999722179969938
4.6059847844522546	0.9999167417434111
4.6131566862528981	1.0001280204567773
4.6180853838590652	1.0000204803047459
4.6224627167511665	1.0000363740513956
4.6268588471559715	0.9999546033692615
4.6338768799433545	1.0001391171364473
4.6386000992177037	1.0000186777333091
4.6426722978435890	1.0000538887974193
4.6465046452767504	0.9999861881592981
4.6502680555504909	1.0000340385972564
4.6540290473660093	0.9999801195839976
4.6578163027916490	1.0000248628124329
4.6616496807309282	0.9999824059603081
4.6655508808498762	1.0000165875925964
4.6695678318934579	0.9999873149224383
4.6738349717782555	1.0000542523149389
4.6808328811414608	0.9998869070954229
4.6857115488388681	0.9999945708103952
4.6900506717985477	0.9999783681620018
4.6941699228985829	1.0000223746162065
4.6982022182698797	0.9999856357065685
4.7021950538713977	1.0000186883102791
4.7061971885591234	0.9999829805396478
4.7102691013980627	1.0000084285121880
4.7145542082338583	0.9999369504459118
4.7213678377930126	1.0001364447150762
4.7257647104043130	0.9999971699845689
4.7294369320458314	1.0000702430357589
4.7328619372028156	0.9999597188796957
4.7362301493676666	1.0000498660542363
4.7396107343072913	0.9999544591601468
4.7430277212052152	1.0000371605752034
4.7464891341260342	0.9999559741815341
4.7499934246317670	1.0000291690279173
4.7535381933418677	0.9999581356664218
4.7571163122679900	1.0000244507919802
4.7607224858934512	0.9999595135063825
4.7643475651233782	1.0000224880297826
4.7679851338720329	0.9999599303732430
4.7716256292707477	1.0000229541457586
4.7752631444169245	0.9999595689197923
4.7788896447734786	1.0000252991448049
4.7825017508277075	0.9999588016575587
4.7860947822885649	1.0000286721033584
4.7896691279548707	0.9999581298854343
4.7932238431337648	1.0000321287296394
4.7967625572362529	0.9999580025916446
4.8002867840064729	1.0000349477542501
4.8038017250548002	0.9999586224650169
4.8073096278247407	1.0000367929943310
4.8108157951598054	0.9999599270394376
4.8143221221212507	1.0000376351012905
4.8178333799308923	0.9999617318371545
4.8213508834721726	1.0000375624053650
4.8248790115671492	0.9999639029302653
4.8284189454142803	1.0000366059580856
4.8319754243705821	0.9999664978468207
4.8355505897268651	1.0000345845837630
4.8391511232327753	0.9999699249993003
4.8427824733628091	1.0000308670513427
4.8464570118178241	0.9999752856339124
4.8501899326845130	1.0000238425867662
4.8540117751224896	0.9999847328026531
4.8579763489225147	1.0000148152478032
4.8622306134130415	0.9999493659535967
4.8691733711414340	1.0001269287278909
4.8740760828582168	1.0000248184347307
4.8786513469257926	1.0000822724834897
4.8857840813887057	0.9998686506181851
4.8906234790758791	0.9999843269540433
4.8947938466346805	0.9999529236218344
4.8987269774004911	1.0000100471836362
4.9026322048651432	0.9999768076088155
4.9066299171388659	1.0000101621777369
4.9108958291146951	0.9999458400830747
4.9178394384644291	1.0001264078226559
4.9227003308530577	1.0000228468275143
4.9270680629534489	1.0000373920361005
4.9314589184621793	0.9999549205793310
4.9384969889584669	1.0001331282458361
4.9434481410865168	1.0000256259882367
4.9480390459501411	1.0000826083034686
4.9551988014930384	0.9998707086991672
4.9602802363177156	1.0000295941606610
4.9677714583755579	0.9998294089847491
4.9727526345604565	0.9999741042838821
4.9768957310344941	0.9999392913212689
4.9807151555871103	1.0000136334003347
4.9844430385577221	0.9999630837486321
4.9881778582524792	1.0000179002622733
4.9919870459291538	0.9999794714209395
4.9959398511182505	1.0000113936505148
5.0001915689938530	0.9999472843577079
5.0071211498904127	1.0001286358428816
5.0118741185772597	1.0000199937776155
5.0160823707682365	1.0000408181768530
5.0201831341343137	0.9999972890024237
5.0244865013226043	1.0000583332131827
5.0314753105569459	0.9998743041021095
5.0363712833520964	0.9999761184693053
5.0409476593253117	0.9999192354816697
5.0480781733498326	1.0001350539249010
5.0527791401403102	1.0000131770417633
5.0567957973030637	1.0000533512771186
5.0605991609784349	0.9999872883014264
5.0644050933875011	1.0000252974441968
5.0683437918102738	0.9999900543185373
5.0725924854339972	1.0000519755602386
5.0792181344899774	0.9998114649787315
5.0825277240020759	1.0000435838029900
5.0853405466774602	0.9998550311070024
5.0880914690665184	1.0000721966162389
5.0908847569059530	0.9998916680449588
5.0937359316429864	1.0000742461330019
5.0966468150559336	0.9999128110647825
5.0996094067072493	1.0000709516832162
5.1026202758716916	0.9999250790012019
5.1056722035492603	1.0000663957960132
5.1087629193303776	0.9999328830288357
5.1118869643879927	1.0000618961880037
5.1150432893573594	0.9999384125920268
5.1182277579002964	1.0000578055899039
5.1214403160219391	0.9999427562621512
5.1246778930750905	1.0000540877172013
5.1279413553434745	0.9999465235404060
5.1312286607203603	1.0000505448737493
5.1345416901255962	0.9999501438601973
5.1378796072698982	1.0000468863713716
5.1412456345172863	0.9999540264755093
5.1446406493060133	1.0000427060882857
5.1480700140301199	0.9999586975722921
5.1515375795429605	1.0000373598890209
5.1550529148357489	0.9999650336872188
5.1586263197852587	1.0000296245688636
5.1622780054392612	0.9999747722660511
5.1660373504662118	1.0000174286306287
5.1699650632738710	0.9999862705051622
5.1742080949409779	1.0000502331182188
5.1811071533223521	0.9998633880012104
5.1856092613956735	0.9999882331181125
5.1894668247359501	0.9999361397068539
5.1930972856332618	1.0000215548437450
5.1966770310867298	0.9999571981087731
5.2002755247770134	1.0000247956339106
5.2039374405743777	0.9999721596505817
5.2077006530054808	1.0000159735003378
5.2116299263247567	0.9999854711045072
5.2158734603817587	1.0000498387630343
5.2228080460229194	0.9998698122835489
5.2275308354218479	0.9999789184654087
5.2317169653683884	0.9999575809062620
5.2358029963331632	1.0000014634480747
5.2401035944492813	0.9999410157674711
5.2470193026504841	1.0001385205329518
5.2514307078342632	1.0000054534468761
5.2551534167359879	1.0000725105245829
5.2586284188906491	0.9999672971131911
5.2620246819177003	1.0000559480282585
5.2654031589534664	0.9999582097820173
5.2687864706349981	1.0000479506544950
5.2721853503999023	0.9999572971789827
5.2756037057260334	1.0000429361451550
5.2790469279159016	0.9999594680459948
5.2825179178091215	1.0000383402611877
5.2860238552642551	0.9999636485863104
5.2895711366003599	1.0000325325155648
5.2931731046624284	0.9999704711605493
5.2968463943210988	1.0000235055623214
5.3006232808589937	0.9999818351275840
5.3045602238525360	1.0000126947628147
5.3088069922217827	0.9999483333849111
5.3157043775651074	1.0001349582831565
5.3202373990895468	1.0000109326669735
5.3241134939802581	1.0000626700721229
5.3277442560769890	0.9999755019442386
5.3312954419506662	1.0000454929036662
5.3348300929321510	0.9999674686094333
5.3383739573764153	1.0000372802833253
5.3419416782302633	0.9999678275596456
5.3455424819116875	1.0000309586450014
5.3491900229838185	0.9999726208098501
5.3529005755947381	1.0000226120130249
5.3567054175816438	0.9999824591714863
5.3606595112355890	1.0000128013337282
5.3649109140032536	0.9999477879028195
5.3718153710843763	1.0001328563491600
5.3764290691801007	1.0000131527425440
5.3803952084549689	1.0000576564229937
5.3841129246927473	0.9999792258878379
5.3877486215443309	1.0000403580867812
5.3913689820758952	0.9999720797290367
5.3950046063708905	1.0000314814769675
5.3986770037054512	0.9999742554373279
5.4024059339317620	1.0000226323391910
5.4062237663689485	0.9999829318290934
5.4101856599559941	1.0000129641157440
5.4144392120745337	0.9999476031024305
5.4213290412992023	1.0001353034317955
5.4258676773082550	1.0000098580402541
5.4297263158722178	1.0000650280307473
5.4333157115044370	0.9999717273795565
5.4368031944627919	1.0000508451923207
5.4402527433422154	0.9999610643938456
5.4436900753569661	1.0000452143345140
5.4471286484412440	0.9999587515286019
5.4505747957841599	1.0000417834968856
5.4540361333922478	0.9999599453519716
5.4575176241935779	1.0000380847823092
5.4610283659548902	0.9999636045510384
5.4645764791990228	1.0000326485044599
5.4681768485208968	0.9999702910575056
5.4718474348301349	1.0000236344090772
5.4756216160505913	0.9999817617048650
5.4795567169143498	1.0000126852963065
5.4838030286023542	0.9999483924045254
5.4907165594843752	1.0001320344150757
5.4953463539068679	1.0000154513051742
5.4993697955147676	1.0000518257314603
5.5032024385967153	0.9999887833153299
5.5070377607014471	1.0000246097004848
5.5109960763935861	0.9999899878572589
5.5152497491251760	1.0000526539932060
5.5221890904532200	0.9998705592623274
5.5269245487454928	0.9999791841172605
5.5311203759028977	0.9999579532208658
5.5352120961834608	1.0000016301259516
5.5395142723654134	0.9999409232987250
5.5464945602697968	1.0001264130002321
5.5513191766468974	1.0000221934892630
5.5556546540397713	1.0000372211864921
5.5600371644725275	0.9999559636765617
5.5670272752232259	1.0001436815605371
5.5715667372648268	1.0000125492852081
5.5754130310800987	1.0000668004344793
5.5790062125403033	0.9999746460923904
5.5825220507522824	1.0000479194078971
5.5860275048346715	0.9999668100337047
5.5895512279762984	1.0000379186861159
5.5931110032945339	0.9999685871866845
5.5967206330439234	1.0000291974322340
5.6004010255044783	0.9999761710132000
5.6041815641802755	1.0000173294601180
5.6081221179184677	0.9999863915341303
5.6123686230675229	1.0000507432721637
5.6192652163209225	0.9998635614896807
5.6237799337637648	0.9999886046648045
5.6276368746007179	0.9999351289949655
5.6312484553342799	1.0000239884648061
5.6347876023928354	0.9999531719194263
5.6383182661688176	1.0000306336612532
5.6418750977685876	0.9999636869628109
5.6454774596739306	1.0000271401529750
5.6491500467421858	0.9999744581275573
5.6529237680776987	1.0000166992849970
5.6568599767788248	0.9999859810584898
5.6611053286089925	1.0000503704252719
5.6679702928555349	0.9998573031284309
5.6722937161711000	0.9999958174320603
5.6759309153440611	0.9999202687728972
5.6793238085195883	1.0000357768072159
5.6826448615082370	0.9999375284690012
5.6859526357159940	1.0000445262272610
5.6892747152231156	0.9999471902052077
5.6926211001222757	1.0000439398471459
5.6960021197031727	0.9999545844923786
5.6994239020366768	1.0000391750194988
5.7028977930952456	0.9999625906227358
5.7064352075152733	1.0000308946933583
5.7100573914286432	0.9999736671093394
5.7137946908054476	1.0000177683967828
5.7177089907280747	0.9999862456145624
5.7219484438752106	1.0000497380373226
5.7288833260957146	0.9998694354278588
5.7335787719915929	0.9999791810650172
5.7377409523237208	0.9999570095723397
5.7418123141765784	1.0000012568129202
5.7461089308808342	0.9999413842256293
5.7530443225382770	1.0001354167686036
5.7575441103098379	1.0000100688078655
5.7613957097757975	1.0000622082145469
5.7650346890965398	0.9999788288853363
5.7686400448501720	1.0000387039069814
5.7722914254363760	0.9999786725928140
5.7760426380511083	1.0000203085606361
5.7799631522945445	0.9999876353685114
5.7842046501862647	1.0000505978425807
5.7911405210100524	0.9998698556759013
5.7958451385134451	0.9999791998362340
5.8000155720254671	0.9999572764098352
5.8040920709383546	1.0000013603548625
5.8083900587144202	0.9999412722117480
5.8153720978050147	1.0001265733329101
5.8201784801466676	1.0000222312700193
5.8245010399375996	1.0000373311659214
5.8288800414306943	0.9999564588403835
5.8358925999016442	1.0001401592754600
5.8405432280228107	1.0000178240903332
5.8445588811194069	1.0000542470728859
5.8483783531308644	0.9999892791145809
5.8522024861728470	1.0000253845173539
5.8561536756934496	0.9999903078095365
5.8604054701644630	1.0000525571539614
5.8673033568072022	0.9998624719865228
5.8717618921797605	0.9999906809697117
5.8755554112847559	0.9999311951026519
5.8791020131206606	1.0000276941219242
5.8825694383886029	0.9999476541885545
5.8860139049304934	1.0000369938753864
5.8894602182667048	0.9999547589879654
5.8929149168363555	1.0000386469146820
5.8963839428275540	0.9999586151212395
5.8998682455068296	1.0000376104368549
5.9033723996113308	0.9999617757100770
5.9068984920109191	1.0000350059744190
5.9104534724561733	0.9999656536739585
5.9140433778651378	1.0000305134844543
5.9176813626986480	0.9999717228788648
5.9213836958617465	1.0000225852680140
5.9251821607447068	0.9999821864421848
5.9291322592738833	1.0000127100594665
5.9333825980559292	0.9999478821941605
5.9402874067348197	1.0001329672807944
5.9448947726765411	1.0000132983530965
5.9488603111153475	1.0000571564304934
5.9525880703750103	0.9999806422858037
5.9562491698370126	1.0000377358818779
5.9599169866522423	0.9999762934088193
5.9636329202250629	1.0000248971681307
5.9674376217169636	0.9999835378068699
5.9713906717838752	1.0000134306361375
5.9756418999961163	0.9999481819616556
5.9825643422779677	1.0001298182783878
5.9872865779160858	1.0000181559398746
5.9914279277204034	1.0000454844801410
5.9953991408017480	0.9999944623404686
5.9994167643736906	1.0000197825908341
6.0036902122419482	0.9999506091967278
6.0106143012559610	1.0001341873046496
6.0152514295254829	1.0000148209677526
6.0192495391809917	1.0000555792644976
6.0230151150600815	0.9999830204988012
6.0267240516274372	1.0000344120729723
6.0304568164511529	0.9999806721582023
6.0342673109616127	1.0000190278372216
6.0382236003938594	0.9999874205752245
6.0424747857832255	1.0000517383622485
6.0493838416913990	0.9998664465643773
6.0539968286373682	0.9999853260989205
6.0579757353355648	0.9999428647126543
6.0617224671592691	1.0000167363403252
6.0654163870953965	0.9999639436971893
6.0691348649535009	1.0000186715923636
6.0729359014739037	0.9999797059813752
6.0768848490464862	1.0000114820839203
6.0811353292056918	0.9999473820316604
6.0880271696196351	1.0001356465545805
6.0925386612067776	1.0000101569765076
6.0963914477775942	1.0000634617461417
6.1000102830777747	0.9999762928689269
6.1035720961492297	1.0000427945889725
6.1071529657447456	0.9999732266745481
6.1107968291856016	1.0000274110073981
6.1145470611754051	0.9999826710394444
6.1184667295115451	1.0000134330581334
6.1227089968363400	0.9999493448286770
6.1295316154628496	1.0001500592122905
6.1336239886170585	0.9999943220144135
6.1370386347112289	1.0000944218594652
6.1402441757537671	0.9999533355308808
6.1434007345998944	1.0000741303245240
6.1465606126763790	0.9999450101942681
6.1497405248427857	1.0000627144769469
6.1529473187850066	0.9999450768507163
6.1561815168121417	1.0000556584559877
6.1594452477000203	0.9999478092052873
6.1627374515403472	1.0000503855280762
6.1660604520832543	0.9999515566456386
6.1694139133127779	1.0000456008015666
6.1728015065411714	0.9999560126889537
6.1762248257311354	1.0000404438539228
6.1796903264666314	0.9999615661328664
6.1832037659012160	1.0000338965597524
6.1867780566239130	0.9999693729852923
6.1904295812055654	1.0000241256256024
6.1941906054639695	0.9999815354730521
6.1981179824330068	1.0000126657713313
6.2023621557947219	0.9999486539743235
6.2092579095739380	1.0001356947004370
6.2137612128118640	1.0000101712989840
6.2176066438896873	1.0000644375411518
6.2212085861278821	0.9999741519914797
6.2247305451286552	1.0000475827473156
6.2282321646869336	0.9999652242965165
6.2317350512931551	1.0000405235443175
6.2352484822622554	0.9999636195755821
6.2387743733792869	1.0000369527753614
6.2423156511604780	0.9999643173125794
6.2458720511423538	1.0000344491581858
6.2494467915262666	0.9999660473240737
6.2530408393260357	1.0000318348716595
6.2566598555459567	0.9999688530355920
6.2603085181146820	1.0000280585106529
6.2639985179504709	0.9999737263615157
6.2677444817418815	1.0000213188511990
6.2715763240120399	0.9999827829569352
6.2755471361536612	1.0000127686813682
6.2798030910674365	0.9999471854004385
6.2867096262005182	1.0001316837740832
6.2913739082882056	1.0000140674512039
6.2953904873023747	1.0000555586072122
6.2991463781347070	0.9999797191582823
6.3028032122284587	1.0000403512812281
6.3064228787378562	0.9999701320855737
6.3100287524869811	1.0000353418959917
6.3136312625245861	0.9999673589148093
6.3172326448046299	1.0000335675345233
6.3208357291616402	0.9999666136948449
6.3244394746404966	1.0000328660245978
6.3280456956875319	0.9999665074434134
6.3316529079049646	1.0000324988761291
6.3352628985894395	0.9999666300590420
6.3388742238956484	1.0000322015861862
6.3424888215822222	0.9999668792353392
6.3461054331789279	1.0000318535155710
6.3497262691553127	0.9999672695473668
6.3533504306869464	1.0000313508138907
6.3569806449107258	0.9999678972422132
6.3606167346517557	1.0000305298553329
6.3642624861180028	0.9999689807697375
6.3679192591638936	1.0000290651952954
6.3715931696584267	0.9999709933523627
6.3752891287661191	1.0000262468442380
6.3790189729443716	0.9999750135679684
6.3827971747397028	1.0000204421045087
6.3866531665308042	0.9999831512600041
6.3906388760194588	1.0000127963686094
6.3948989411243939	0.9999466753417143
6.4018035282790029	1.0001313864565424
6.4064885788332022	1.0000140944375380
6.4105199036497522	1.0000553224058391
6.4142799194025715	0.9999790958871463
6.4179297830210151	1.0000413459431567
6.4215316011149399	0.9999684631928218
6.4251090674148470	1.0000375218248621
6.4286731522646701	0.9999646787940305
6.4322269942638997	1.0000366799068527
6.4357747593430714	0.9999632112288936
6.4393173469354545	1.0000364481864092
6.4428591031248121	0.9999629771208491
6.4464018914710399	1.0000357698206650
6.4499516810452722	0.9999639589996678
6.4535124097879253	1.0000339223095882
6.4570928706719828	0.9999666310296819
6.4607009331416050	1.0000300231023618
6.4643514262359520	0.9999720780328252
6.4680620814049252	1.0000224271238418
6.4718658342157918	0.9999822584110474
6.4758189063676594	1.0000127157650238
6.4800701081754299	0.9999477796458726
6.4869569581938773	1.0001362300443959
6.4914593404077667	1.0000090449510226
6.4952837238163772	1.0000666478941362
6.4988483420686993	0.9999712398303807
6.5023214038364712	1.0000512223870652
6.5057665436397096	0.9999615724142058
6.5092090363479800	1.0000443140432604
6.5126618856235714	0.9999602810302888
6.5161310841216240	1.0000397994281065
6.5196241361167617	0.9999624465370217
6.5231463302533648	1.0000350729774512
6.5267079358516762	0.9999672207126017
6.5303196690780076	1.0000282539253729
6.5340018365772741	0.9999757358481930
6.5377835713024428	1.0000170430397315
6.5417248453972325	0.9999862442784826
6.5459715452207643	1.0000506916372101
6.5528787779429170	0.9998655550396042
6.5574597339729079	0.9999860305467430
6.5614031410693352	0.9999407658733830
6.5651121218246580	1.0000186739980628
6.5687608859775093	0.9999606423390063
6.5724183738345534	1.0000228128374344
6.5761285225992872	0.9999738191663919
6.5799279016832051	1.0000154145937656
6.5838793048709547	0.9999854736358946
6.5881287959720414	1.0000506164408669
6.5950223963439489	0.9998631902989086
6.5995365636440013	0.9999892185291165
6.6033797259179989	0.9999333984809445
6.6069620826706563	1.0000266816570436
6.6104545837105038	0.9999489555721245
6.6139183061486913	1.0000360701424562
6.6173833621215499	0.9999562842679462
6.6208621852516227	1.0000365187098121
6.6243676347900484	0.9999620845722910
6.6279092145557525	1.0000323892784704
6.6315029409282973	0.9999696192532583
6.6351674476120817	1.0000236463753167
6.6389367972876601	0.9999815551387139
6.6428688595345449	1.0000126207375337
6.6471143745124825	0.9999484673452614
6.6540031883420649	1.0001368151785475
6.6584748787580956	1.0000092334724666
6.6622875816999922	1.0000658934057725
6.6658683221786053	0.9999744024074464
6.6693893040117898	1.0000459165676805
6.6729198980765521	0.9999696399621312
6.6764950135364218	1.0000326999290006
6.6801435619768625	0.9999761086607262
6.6838991964847585	1.0000183911199345
6.6878242029352997	0.9999867315436120
6.6920666019825781	1.0000503578203437
6.6990123582603971	0.9998720546386130
6.7038050581159521	0.9999760469333354
6.7081267341993795	0.9999613879822721
6.7125036941153553	1.0000424254270122
6.7195048173018677	0.9998568997468903
6.7240866893285798	0.9999842017593543
6.7280001861233796	0.9999370309649016
6.7316753358651837	1.0000190355001923
6.7352940111958963	0.9999587114331142
6.7389266609505452	1.0000232642915281
6.7426174085377628	0.9999730277947065
6.7464027179352231	1.0000155096074865
6.7503456455142263	0.9999854105723693
6.7545928116390304	1.0000502797902449
6.7615275394262859	0.9998704995947917
6.7662845034369354	0.9999786021056217
6.7705023102046296	0.9999583402848011
6.7746083345937489	1.0000017256354705
6.7789143152432336	0.9999404877883185
6.7858603939260282	1.0001321091198658
6.7904908077214285	1.0000127130927909
6.7944657018869385	1.0000570969307823
6.7981891258815352	0.9999790876136724
6.8018263392268077	1.0000406317679011
6.8054399976438544	0.9999708208331787
6.8090540821080303	1.0000339914170036
6.8126801108711676	0.9999696920076561
6.8163222757814834	1.0000302354329478
6.8199866904859610	0.9999712847709941
6.8236776314637915	1.0000265188425979
6.8274057490485731	0.9999752356509192
6.8311843080671286	1.0000204617102544
6.8350415117828254	0.9999832615308871
6.8390282616361882	1.0000128504758714
6.8432885559118679	0.9999466818396535
6.8501993382146980	1.0001301819444379
6.8549293236162789	1.0000162076206551
6.8590361004694165	1.0000498669595963
6.8629089430817558	0.9999868130498879
6.8667277092899672	1.0000283261988934
6.8705863885862035	0.9999864451751231
6.8745668025299436	1.0000148780491009
6.8788262604091557	0.9999481939540015
6.8857428806179310	1.0001309750070879
6.8904540121210838	1.0000176461619417
6.8945738848178930	1.0000465910243737
6.8985232500967815	0.9999942084896429
6.9025260932588424	1.0000198891776162
6.9067957750735935	0.9999512023569255
6.9137364188660753	1.0001319701110267
6.9184476728723183	1.0000202343562055
6.9226107460716122	1.0000425122567629
6.9266816479300850	0.9999979446392185
6.9309772383612831	1.0000576700575550
6.9379733540396016	0.9998742942049753
6.9428422342086531	0.9999757371646849
6.9474117284484640	0.9999201193347894
6.9545461449227659	1.0001362107944258
6.9591884361580281	1.0000138609820131
6.9631821416681072	1.0000517652898935
6.9670246870404142	0.9999930175569466
6.9709614507219291	1.0000202531351710
6.9752135777890629	0.9999536992450989
6.9821836441964900	1.0001295822802085
6.9868956374297335	1.0000223999908879
6.9911555068348106	1.0000365266444609
6.9955174876302237	0.9999560731616540
7.0024810087691955	1.0001461979853921
7.0070265185852012	1.0000158407640078
7.0109563224196627	1.0000540338646400
7.0147240300864508	0.9999853240398414
7.0184935967090905	1.0000290775290255
7.0223110759901255	0.9999858641345316
7.0261795160764713	1.0000275397133411
7.0300821372294884	0.9999912133692174
7.0339927936744484	1.0000338460473830
7.0378872238455799	0.9999911149742203
7.0417447432632034	1.0000378663362286
7.0455604244304073	0.9999857697506456
7.0493367838926266	1.0000362854402136
7.0530888471819910	0.9999796980012964
7.0568306316684977	1.0000301326075192
7.0605806102502058	0.9999759305183360
7.0643531573231089	1.0000214580146412
7.0681686474105465	0.9999762487262667
7.0720522707490412	1.0000102398205910
7.0760569388696650	0.9999795182756440
7.0803209615597877	1.0000450754389774
7.0866226849620313	0.9997498231885906
7.0917873513638963	1.0000442336133997
7.0969549455957841	0.9997028454456423
7.1025742827782326	1.0003262339024592
7.1124553749227974	0.9996008209170196
7.1157017841083334	0.9999011822225846
7.1191057913728262	0.9998404596067911
7.1232527995487001	0.9998939168845173
7.1275655240431144	0.9999523941018492
7.1380017286481898	1.0002652761447366
7.1445638008722492	0.9997428252454331
7.1507473910796309	1.0003551281951535
7.1604623105726102	0.9996534006504237
7.1645957503663116	0.9999228964743814
7.1679102237974064	0.9998412761683878
7.1713270688535999	0.9999577975152794
7.1750328669661405	0.9999384156105956
7.1792230158919610	1.0000081906478362
7.1862963331524341	0.9998553070883723
7.1907244431711952	0.9999712878467376
7.1947130260921064	0.9999465138752079
7.1986941619483318	0.9999941807762791
7.2029641767671340	0.9999387394225984
7.2099346085952556	1.0001255943178506
7.2145454569864667	1.0000114867500853
7.2185631543290256	1.0000484269944623
7.2223880060852768	0.9999840812358900
7.2261867044157313	1.0000257389457847
7.2300399333653438	0.9999843078512168
7.2340198606602506	1.0000127747298364
7.2382786139427884	0.9999462930349997
7.2451915696762645	1.0001297387400732
7.2498876985553675	1.0000140674591875
7.2539477178700453	1.0000518774941387
7.2577578768146251	0.9999820781409504
7.2614865954720456	1.0000341371008972
7.2652081229232737	0.9999770290738328
7.2689651264944439	1.0000230951515310
7.2727992351960262	0.9999834128286059
7.2767699456377652	1.0000130153046474
7.2810260791430288	0.9999472328037466
7.2879120857517439	1.0001356701983299
7.2924408270147341	1.0000095415718604
7.2962913492048953	1.0000648245314745
7.2998841926999312	0.9999730938823320
7.3033945789592929	1.0000476578184150
7.3068942627804780	0.9999663792755991
7.3104180136343508	1.0000369257148332
7.3139910590473942	0.9999705019550779
7.3176368727767009	1.0000253755744231
7.3213914940541320	0.9999818899973745
7.3253144548365405	1.0000129771430717
7.3295575363280481	0.9999490203832345
7.3364498030224157	1.0001367808279720
7.3409228849175996	1.0000102479993433
7.3447531940137916	1.0000637919149300
7.3483728258869094	0.9999783362493674
7.3519605557648813	1.0000398279132852
7.3555967396439979	0.9999784024226103
7.3593362196277878	1.0000207600673889
7.3632494995518218	0.9999878297990275
7.3674891047425932	1.0000505093241447
7.3743440432306802	0.9998544496651771
7.3785624038285533	0.9999991086228414
7.3821102600906094	0.9999151246061930
7.3854382272599981	1.0000382297547687
7.3887126407432211	0.9999346847384163
7.3919861140805363	1.0000460706099799
7.3952816736856288	0.9999455378545997
7.3986054259099259	1.0000453500770763
7.4019641914988856	0.9999529475462343
7.4053604351285554	1.0000412727811248
7.4088013634002374	0.9999598829700082
7.4122930130703990	1.0000347396230360
7.4158486776242318	0.9999685280065898
7.4194850459105766	1.0000245902845624
7.4232347923726909	0.9999813341488887
7.4271553104745900	1.0000126793180801
7.4313976479167208	0.9999489213392856
7.4382977035958220	1.0001352418045504
7.4428131010874630	1.0000113446736794
7.4466872064062448	1.0000616421155502
7.4503385585030522	0.9999784284913124
7.4539380729847133	1.0000406025322328
7.4575570088768206	0.9999749571231779
7.4612352897601326	1.0000261642882551
7.4650128303691830	0.9999832130016222
7.4689495588515511	1.0000134732699018
7.4731963101249699	0.9999487777222850
7.4801199732469161	1.0001303171481681
7.4848139001688008	1.0000179025297098
7.4889292625782282	1.0000463207068571
7.4928815913559612	0.9999944070587036
7.4968880483752764	1.0000198776863927
7.5011583720917647	0.9999510371388763
7.5081228245072724	1.0001270731996128
7.5130148231301366	1.0000242131438171
7.5175877930366024	1.0000807007502972
7.5247063628628732	0.9998635768271652
7.5293866891134797	0.9999883225286482
7.5333415696689716	0.9999389149770290
7.5370135905292059	1.0000233868566499
7.5405865497975304	0.9999539336957302
7.5441239928445940	1.0000327516884266
7.5476535042501460	0.9999594780249749
7.5511821034462407	1.0000352046848193
7.5547150205518383	0.9999617527500444
7.5582516895481318	1.0000355782900703
7.5617945065966818	0.9999629642915293
7.5653425390794080	1.0000351465104591
7.5688985815052856	0.9999640558421705
7.5724627250522385	1.0000341000359385
7.5760391811188788	0.9999656077986121
7.5796300016088427	1.0000321557412315
7.5832421316585741	0.9999682781321344
7.5868815672354053	1.0000285611321416
7.5905613575435495	0.9999732493476480
7.5942974696695646	1.0000216480117647
7.5981211151356458	0.9999826276463002
7.6020866414399011	1.0000127582122380
7.6063411950042203	0.9999473698162338
7.6132436876292999	1.0001327162622093
7.6178697409371221	1.0000130344180156
7.6218411906526020	1.0000578984260013
7.6255537574054229	0.9999781695740259
7.6291722359031553	1.0000421576167271
7.6327607868313700	0.9999692579358634
7.6363456170558601	1.0000357094252064
7.6399409692914686	0.9999682222628598
7.6435544323247671	1.0000313573494843
7.6471964280005009	0.9999708897933333
7.6508771035660361	1.0000258460840135
7.6546157198573814	0.9999774721549264
7.6584398707901702	1.0000163464326293
7.6624072247712283	0.9999862059905745
7.6666610017902252	1.0000515946967448
7.6735710005900479	0.9998673278232783
7.6782292849412981	0.9999844835221724
7.6822519151404185	0.9999444414260663
7.6860284989947720	1.0000167658076393
7.6897325661762927	0.9999630643756764
7.6934343419460758	1.0000216157842061
7.6971788608884015	0.9999749011943574
7.7010031615449019	1.0000151028990429
7.7049696321784387	0.9999854901639742
7.7092232723590168	1.0000511543467845
7.7161119843803094	0.9998629643989856
7.7206283790857038	0.9999898472238543
7.7244609814092744	0.9999320525985333
7.7280201886804782	1.0000288113417921
7.7314775847299719	0.9999458644139958
7.7348938072639566	1.0000399359440870
7.7382971967827352	0.9999511974116491
7.7416971767296232	1.0000427959524625
7.7451018671417868	0.9999540138552460
7.7485137870293119	1.0000425584616783
7.7519383239079938	0.9999564572373891
7.7553775645736316	1.0000406835309172
7.7588372843162068	0.9999594681358067
7.7623208776773884	1.0000373902212663
7.7658363283616625	0.9999637719589530
7.7693906304374574	1.0000321435585602
7.7729977122826366	0.9999705496598086
7.7766746215701845	1.0000233695778293
7.7804539530273518	0.9999818475139717
7.7843923134933437	1.0000126841002903
7.7886394805816934	0.9999482787750011
7.7955391862714523	1.0001344655002187
7.8000884621272233	1.0000114117457022
7.8039828222045564	1.0000616633606927
7.8076297103402759	0.9999759663101866
7.8111926212534257	1.0000451199688278
7.8147320212687141	0.9999669840936057
7.8182700085437622	1.0000384950634214
7.8218160234347769	0.9999651366938930
7.8253717607066635	1.0000353608331567
7.8289396335085364	0.9999653921261823
7.8325184077377914	1.0000334654392198
7.8361097704400118	0.9999663034587460
7.8397122407850528	1.0000319757037481
7.8433276682573947	0.9999674538592984
7.8469547386221272	1.0000305775926650
7.8505955726440977	0.9999687436971743
7.8542491185934331	1.0000291317654484
7.8579178847419362	0.9999701962956936
7.8616013469619244	1.0000275065324513
7.8653029214822130	0.9999719735757133
7.8690235875965895	1.0000253941371349
7.8727694472385998	0.9999745913740878
7.8765461829788892	1.0000219047862944
7.8803685413441515	0.9999795266344402
7.8842587013264307	1.0000149805464937
7.8882679126882298	0.9999858780280179
7.8925330751623424	1.0000528459957325
7.8994677509033684	0.9998738852082084
7.9044039562598565	0.9999764186153226
7.9089898117051334	0.9999173606269767
7.9163456941626791	1.0000907498753795
7.9211729851932331	1.0000018449912225
7.9253576354034800	1.0000115849083266
7.9291573451934365	0.9999608815755557
7.9327733427198837	1.0000510132408993
7.9363621410829222	1.0000097278813500
7.9400340628213320	1.0000690675585269
7.9438301438362986	1.0000323665944140
7.9477931772638222	1.0000483025398756
7.9520427931275535	0.9999579136779222
7.9575546346978108	1.0003308942393956
7.9627962252480193	0.9997496116656749
7.9659144315354675	1.0000535812655442
7.9692217423116576	0.9999215594503948
7.9726503873581676	1.0000032388354942
7.9762498282213787	0.9999433096870827
7.9800811051094716	0.9999735097299700
7.9843013067877928	0.9999155355479133
7.9907354066435197	1.0002112451062242
7.9959102100233075	0.9998789289049778
8.0009214052269204	1.0001490192674312
8.0058598369814362	0.9999748571241319
8.0112200579005055	1.0002743590907486
8.0167174032777986	0.9997099517353671
8.0218541367877929	0.9999289559450579
8.0268593435313385	0.9998622916605311
8.0345613928024431	1.0002245471651199
8.0382984638216897	1.0000297655881654
8.0416723262083369	1.0001099405800042
8.0451666504677721	1.0000186521051153
8.0489236765937449	1.0000427844912549
8.0531269024000736	0.9999753669896654
8.0600933727611181	1.0001454943887504
8.0644756661476347	1.0000183125336071
8.0682985959310169	1.0000649112079849
8.0719710860149085	0.9999868878012116
8.0756526167664955	1.0000347861416403
8.0794204277185191	0.9999872500244231
8.0833487398651194	1.0000159390999963
8.0875934332861732	0.9999504888309315
8.0945392815618025	1.0001274279156496
8.0993373382168876	1.0000229934958085
8.1036605964338175	1.0000374559385126
8.1080392459360571	0.9999562027168805
8.1150327710177077	1.0001427176534272
8.1195910697446791	1.0000130587675911
8.1234615731870274	1.0000651355134693
8.1270773645255243	0.9999752112409964
8.1306100198960092	1.0000472279931538
8.1341222720365174	0.9999660120866113
8.1376372562326207	1.0000396901851791
8.1411650150234198	0.9999646075091488
8.1447079183526920	1.0000358083807279
8.1482690096109334	0.9999656136136095
8.1518477169231129	1.0000331856381310
8.1554463340514953	0.9999674356869304
8.1590639537328187	1.0000309506486491
8.1627029980364618	0.9999695836099652
8.1663627913479004	1.0000287520601698
8.1700463995695518	0.9999720021237863
8.1737543056693234	1.0000262500979267
8.1774919009201508	0.9999750794613242
8.1812639786290724	1.0000225769846431
8.1850842440250169	0.9999802181625578
8.1889737910222404	1.0000156496399815
8.1929829223269532	0.9999865588194441
8.1972480017069209	1.0000534988293410
8.2044437227215123	0.9999242169719242
8.2091466681553928	1.0000216932212396
8.2132763069504708	1.0000146630862603
8.2173832922002301	1.0000512616188544
8.2211935144352530	0.9999780631761954
8.2248643520504601	1.0000030328156393
8.2285412377031211	0.9999246048943652
8.2322541148202362	0.9999600986201495
8.2360131656231754	0.9999030759680625
8.2397932158275395	0.9999527534629248
8.2435565036601588	0.9999043126668125
8.2472717457927285	0.9999748707830012
8.2509293827124157	0.9999227397912654
8.2545450141800636	1.0000044237808725
8.2581483161374436	0.9999523656051418
8.2617687842621734	1.0000285326636444
8.2654308670107461	0.9999842147311031
8.2691486392521227	1.0000457581648892
8.2729312480126023	1.0000099379363039
8.2767780358203300	1.0000560825006553
8.2806858446230631	1.0000239840826806
8.2846418238699453	1.0000588866220750
8.2886332037841086	1.0000244696164580
8.2926409428531276	1.0000541794920608
8.2966554307175588	1.0000155206434891
8.3006728817618463	1.0000422172788881
8.3047122588577960	1.0000056972441542
8.3088134507626830	1.0000269125803978
8.3131064709624543	0.9999502106760161
8.3199642053818650	1.0001343665030218
8.3246375337726448	1.0000070648894441
8.3286100316306815	1.0000518940831693
8.3323100819737288	0.9999702046689944
8.3359406075898015	1.0000288324979461
8.3395991583167177	0.9999683487993377
8.3433502359788729	1.0000103786143204
8.3472691092981020	0.9999778641297770
8.3515105446830198	1.0000412784795589
8.3584337063568306	0.9998591273028096
8.3630337727967721	0.9999778170578385
8.3670154789655271	0.9999372338937629
8.3707678137716197	1.0000119777818763
8.3744514425928447	0.9999569015345979
8.3781219032819347	1.0000207026780110
8.3818074772089002	0.9999664610339298
8.3855226040408368	1.0000206780487073
8.3892882742389538	0.9999753256111724
8.3931321320856931	1.0000140520774419
8.3971115431006709	0.9999848031377099
8.4013686349814307	1.0000510842488215
8.4082963177399588	0.9998706920613747
8.4130895523655571	0.9999787757943067
8.4173354592072478	0.9999591478534329
8.4214576306898472	1.0000022656462926
8.4257682964087977	0.9999403675641457
8.4327459956991664	1.0001259160122891
8.4377610060433259	0.9999718042383621
8.4452082698194797	1.0001683990057482
8.4500252460060583	1.0000191067004736
8.4539880728597652	1.0000666710018400
8.4576220166955931	0.9999725921577806
8.4611401972929112	1.0000468822063788
8.4646213058688193	0.9999600972085517
8.4680952131142995	1.0000387481465427
8.4715747439690627	0.9999571574042323
8.4750639009059974	1.0000347434883186
8.4785666615289603	0.9999574960951633
8.4820834535032166	1.0000322089240070
8.4856174904853141	0.9999592940788432
8.4891693312795855	1.0000299847612690
8.4927433934663377	0.9999621634087327
8.4963423706521848	1.0000271814784809
8.4999744193573594	0.9999665837553907
8.5036482316965483	1.0000224382410001
8.5073821812783166	0.9999741559597115
8.5112032832651625	1.0000134776354279
8.5151688829687444	0.9999835794930902
8.5194221638848902	1.0000491636953721
8.5263686686944915	0.9998721018604290
8.5312685044104644	0.9999742495099692
8.5358447384731591	0.9999172045024033
8.5430094244115651	1.0001259529921760
8.5480079553004824	1.0000203547134328
8.5526141281958239	1.0000796785763302
8.5597712499768477	0.9998658971339746
8.5646126714391748	0.9999822105699774
8.5687947175436907	0.9999536731062562
8.5727727711154351	1.0000053511783749
8.5767904919669213	0.9999797192488907
8.5810634826956118	1.0000487920290260
8.5879775715036608	0.9998625512335976
8.5925101115864386	0.9999867454690454
8.5964176642800076	0.9999420425934809
8.6001443550137164	1.0000136378736784
8.6038999817615629	0.9999733537629855
8.6078082267959797	1.0000097693897267
8.6120499666324140	0.9999490741415156
8.6189835728054884	1.0001327418873118
8.6235937335948165	1.0000198934206017
8.6276757853531993	1.0000453943118306
8.6316993605956647	0.9999997279223870
8.6359820016069868	1.0000576635655101
8.6429350264436806	0.9998658087124555
8.6474336443317767	0.9999864449884635
8.6513590701087200	0.9999468744734604
8.6551679955309719	1.0000067474937580
8.6590907733309148	0.9999794583191443
8.6633372560710100	1.0000455748969526
8.6702740076501854	0.9998631517334977
8.6747731296099246	0.9999841020381739
8.6787077590113419	0.9999461643606018
8.6825259319183861	1.0000056766108507
8.6864547697882895	0.9999787944482499
8.6907027349490651	1.0000452487999312
8.6976898298724468	0.9998725646624811
8.7026855927261852	1.0000234696057604
8.7100825183346302	0.9998164614704160
8.7144310670870286	0.9999878759386470
8.7179515393277320	0.9999007804544402
8.7212168840161244	1.0000380400349727
8.7244231340394318	0.9999258533105633
8.7276257254084104	1.0000495748505540
8.7308446931267838	0.9999378478142715
8.7340808635116449	1.0000519186433094
8.7373353966418410	0.9999435260432060
8.7406041461067314	1.0000517429653570
8.7438867633885113	0.9999464032491037
8.7471796248155567	1.0000509323828473
8.7504831094697373	0.9999481165413386
8.7537947558473519	1.0000499228155573
8.7571160647305870	0.9999495021323315
8.7604458462137398	1.0000486419138110
8.7637868494162170	0.9999510895343938
8.7671392215099644	1.0000468353241156
8.7705070785269150	0.9999533001141665
8.7738920863728964	1.0000441660791541
8.7773000693071488	0.9999565600755147
8.7807348266656575	1.0000401795604634
8.7842049698560576	0.9999614588393291
8.7877183150507001	1.0000340985108884
8.7912896618738934	0.9999691091939205
8.7949370530802522	1.0000243158417741
8.7986941509079681	0.9999814318332317
8.8026189073981254	1.0000126515619021
8.8068624269741527	0.9999487343778071
8.8137345261598767	1.0001402680069436
8.8180960711413192	1.0000049786759939
8.8217806458742736	1.0000748454401600
8.8252272406724952	0.9999665048916966
8.8286029421729602	1.0000571173619837
8.8319682211652317	0.9999580734661259
8.8353462562558924	1.0000477834466384
8.8387490108108437	0.9999583506903507
8.8421822937340835	1.0000411195207839
8.8456542486538705	0.9999623738334343
8.8491718716888226	1.0000341133741670
8.8527487417866126	0.9999696226748027
8.8564018172865993	1.0000241996349761
8.8601637211407134	0.9999815966581618
8.8640915645939984	1.0000126892388583
8.8683358762169266	0.9999486441633182
8.8752345092164298	1.0001351362040174
8.8797561289902234	1.0000110136465357
8.8836277686379059	1.0000624103768039
8.8872639029999689	0.9999765418590435
8.8908314322200575	1.0000437550669286
8.8943952364463090	0.9999700833677716
8.8979843985493368	1.0000334645324349
8.9016192508510859	0.9999730961069128
8.9053188840672419	1.0000234963689749
8.9091153905616611	0.9999826112037017
8.9130643758348516	1.0000129432666500
8.9173143752135484	0.9999480359694287
8.9242608600286406	1.0001252077611043
8.9291511784090432	1.0000234409604301
8.9337231858118518	1.0000804546658846
8.9408573312608812	0.9998668841391417
8.9456653679926443	0.9999835606109752
8.9498046602369250	0.9999508547375343
8.9537131309987981	1.0000095096795463
8.9576006956123617	0.9999756472865888
8.9615878504734265	1.0000093790205924
8.9658508202084768	0.9999455589793024
8.9727982866969089	1.0001256228155304
8.9778011530371540	0.9999725188328007
8.9843554617530064	1.0003040947232018
8.9897476164872181	0.9999947554078504
8.9964318429396322	1.0001718558708743
9.0008858223751744	0.9999719192291924
9.0045355871789283	1.0000322494207490
9.0080357533248669	0.9999336929658925
9.0115470603520702	1.0000055030471806
9.0150781197276419	0.9999317799162293
9.0186100747950597	1.0000096665438176
9.0221253186550765	0.9999351113283622
9.0256159573331871	1.0000197773453228
9.0290844375416253	0.9999397512670024
9.0325350610709041	1.0000279161633872
9.0359756868249992	0.9999446756487917
9.0394105343894076	1.0000331959614717
9.0428455325159103	0.9999491973350022
9.0462824429955990	1.0000362822661490
9.0497252662940646	0.9999530433848488
9.0531743459841305	1.0000377831519804
9.0566328616560394	0.9999562725718971
9.0601007045502637	1.0000380803057163
9.0635809838163830	0.9999591088610397
9.0670737904254430	1.0000373696769977
9.0705828004526996	0.9999618849710894
9.0741090569178358	1.0000356366723888
9.0776577975043367	0.9999651009945812
9.0812324429542013	1.0000325295230177
9.0848419910174503	0.9999696353061656
9.0884958157490736	1.0000270198029009
9.0922130285202023	0.9999772669064081
9.0960213319234828	1.0000170608613559
9.0999790031292509	0.9999867052364454
9.1042301204814056	1.0000517365755290
9.1111344520201030	0.9998662446695648
9.1157347827498398	0.9999865948240929
9.1196866568013810	0.9999408127342870
9.1233888661863620	1.0000204474422179
9.1270148132796223	0.9999586900660760
9.1306317715297372	1.0000264046920133
9.1342791321453198	0.9999694097849003
9.1379831527673954	1.0000215488530997
9.1417807834869880	0.9999815488762717
9.1457297226627805	1.0000124581809422
9.1499798724530361	0.9999478561155507
9.1568458948638369	1.0001403890993015
9.1612176066219408	1.0000042594389391
9.1648929504352949	1.0000765958836897
9.1683125545781348	0.9999636986095060
9.1716468583012407	1.0000609709576087
9.1749587186875381	0.9999537273598469
9.1782726938922163	1.0000529621078895
9.1816014737266691	0.9999528172295266
9.1849506855348864	1.0000474017474184
9.1883273160466743	0.9999555606400031
9.1917355960212070	1.0000419164675307
9.1951839166776015	0.9999606899971111
9.1986797359829744	1.0000349856641904
9.2022373492352472	0.9999687046082257
9.2058743809336487	1.0000246862332649
9.2096241629035678	0.9999813587993933
9.2135445858672131	1.0000126928025954
9.2177869211413093	0.9999489316900931
9.2247081915904126	1.0001312881113307
9.2293554699019751	1.0000171660456216
9.2334246896050249	1.0000479675338831
9.2373416457896962	0.9999942138058027
9.2413266887475203	1.0000200746514676
9.2455911855109765	0.9999518953624318
9.2525028615259330	1.0001379469506371
9.2570006707255175	1.0000112641484669
9.2608472376657947	1.0000639007052239
9.2644698289518104	0.9999774579763209
9.2680422565675631	1.0000422391255448
9.2716370208647767	0.9999741980961205
9.2752950424722105	1.0000269875894741
9.2790571676207474	0.9999830403944275
9.2829844286289340	1.0000135430010484
9.2872286497390846	0.9999491701834411
9.2941043727033481	1.0001398181892924
9.2984863743046677	1.0000056441176262
9.3021886862666605	1.0000741234856967
9.3056454593942011	0.9999664836643981
9.3090223293186387	1.0000577174634553
9.3123786714391983	0.9999566869462271
9.3157363440394612	1.0000500789888713
9.3191056777733845	0.9999551761403570
9.3224902777296652	1.0000455020695587
9.3258952096185457	0.9999567808252061
9.3293228143904248	1.0000414402629907
9.3327792936303382	0.9999602723722492
9.3362692954610171	1.0000364721612918
9.3398029489210455	0.9999658969924528
9.3433910202676316	1.0000291356142501
9.3470540407949354	0.9999751387024296
9.3508215401233379	1.0000173035571951
9.3547541392575031	0.9999862709811759
9.3589984994266491	1.0000504048577037
9.3658826436371783	0.9998608185311113
9.3703071455330260	0.9999917678237283
9.3740600874093207	0.9999283739316913
9.3775664771668605	1.0000295597690065
9.3809973333965306	0.9999454737861999
9.3844118519479824	1.0000380544362950
9.3878383102417970	0.9999543311952347
9.3912875071359316	1.0000376385913567
9.3947708045482017	0.9999611461968639
9.3982962809614286	1.0000329020103567
9.4018786402820620	0.9999692502032648
9.4055353769526207	1.0000238149929777
9.4092996647181586	0.9999814692698782
9.4132288455048183	1.0000126071734574
9.4174735436744896	0.9999485585243690
9.4244230595541296	1.0001255031553935
9.4294207517928488	0.9999732736896573
9.4368599701299125	1.0001702931419238
9.4416633365944840	1.0000226545102366
9.4456366078765051	1.0000676502306838
9.4493115618850343	0.9999806227202893
9.4529070611511319	1.0000433290098105
9.4565123983221362	0.9999750716748630
9.4601755604918587	1.0000273060592246
9.4639401919211963	0.9999832274998248
9.4678686627888737	1.0000136021343091
9.4721132545559126	0.9999491308265308
9.4789820080833298	1.0001410732265104
9.4833265588221867	1.0000043715573375
9.4869921281940055	1.0000761317002744
9.4904221522041379	0.9999658842574004
9.4937858945221603	1.0000576055273824
9.4971460750890291	0.9999584561582042
9.5005287659124171	1.0000466293702392
9.5039497338518704	0.9999607416521463
9.5074199616961046	1.0000372295294644
9.5109550381370074	0.9999682698243857
9.5145735825078841	1.0000255804169687
9.5183095255894248	0.9999812266385643
9.5222215546481728	1.0000127265634939
9.5264616461525975	0.9999492161020795
9.5333057693813217	1.0001460988652808
9.5374957984351951	0.9999985451193181
9.5410079469330764	1.0000868720886373
9.5443004746791935	0.9999583883370087
9.5475361212442138	1.0000676224568377
9.5507702056004895	0.9999499991784543
9.5540220262251534	1.0000569393262990
9.5573007351920314	0.9999502996214763
9.5606094153089405	1.0000497648133473
9.5639531838592813	0.9999539245867429
9.5673348221202019	1.0000432951474854
9.5707616302279366	0.9999596892430324
9.5742402115174308	1.0000357264016384
9.5777842363417989	0.9999681735953980
9.5814109015982627	1.0000249718638869
9.5851532958413994	0.9999811913496262
9.5890693250688805	1.0000126432792258
9.5933104677328540	0.9999490333355388
9.6002421963037694	1.0001294558102698
9.6049478247205222	1.0000198044540098
9.6091163089990186	1.0000417571399332
9.6131931377645987	0.9999976208196060
9.6174898980898931	1.0000576934764629
9.6244153611869123	0.9998616534767595
9.6288547853506845	0.9999916458692767
9.6326255128251237	0.9999304490974760
9.6361618415316652	1.0000269503366570
9.6396386427405876	0.9999498562613752
9.6431184405374086	1.0000326219065450
9.6466342150337461	0.9999618107218871
9.6502040293081457	1.0000282142328714
9.6538516555165970	0.9999736677346786
9.6576075165215158	1.0000169753346981
9.6615330500859944	0.9999859836083020
9.6657754929110737	1.0000499962715652
9.6726582200762952	0.9998601311446317
9.6770592801066826	0.9999924089936554
9.6807890958640357	0.9999268870191502
9.6842741356090087	1.0000306832838866
9.6876831344189966	0.9999437009858296
9.6910725323881994	1.0000399586788893
9.6944676013258082	0.9999516098575915
9.6978756511424269	1.0000410566443123
9.7013036771912926	0.9999564663924487
9.7047538631039423	1.0000390570520505
9.7082323020886534	0.9999609086310555
9.7117430498557962	1.0000350228183890
9.7152957812665672	0.9999665850612294
9.7189006614932669	1.0000283194622928
9.7225776971317774	0.9999755030551171
9.7263558033963822	1.0000170529389985
9.7302949226878237	0.9999862225333174
9.7345410272537904	1.0000506054097718
9.7414543282280555	0.9998665949087272
9.7460688468453043	0.9999844228397901
9.7500649186396924	0.9999446393471209
9.7538470581866221	1.0000138364111375
9.7575993156651872	0.9999684534504182
9.7614097865987119	1.0000128837567619
9.7653630742531323	0.9999839526755501
9.7696136909331841	1.0000497025770263
9.7765195748721592	0.9998643862673757
9.7810805033788739	0.9999868539370118
9.7849915261436031	0.9999382183959773
9.7886569480680325	1.0000214858592917
9.7922479250598027	0.9999561549536189
9.7958274941295826	1.0000283585174519
9.7994293563781874	0.9999658778251718
9.8030716541153673	1.0000256225462720
9.8067777339466371	0.9999755493692268
9.8105769708117574	1.0000162547629727
9.8145289275052896	0.9999859582231285
9.8187785069635645	1.0000509156391137
9.8257111869873111	0.9998707786259770
9.8304816478361801	0.9999786238227827
9.8347108854142604	0.9999586344976727
9.8388238229249545	1.0000018539301263
9.8431317368817997	0.9999403304209160
9.8500721637045565	1.0001329362404812
9.8546809979040564	1.0000118960543189
9.8586270518935208	1.0000586346280698
9.8623234540252618	0.9999783968928485
9.8659429076974803	1.0000406654385638
9.8695566891571556	0.9999726444170010
9.8732006727268367	1.0000297798167930
9.8769041060165623	0.9999775521587018
9.8807001055149648	1.0000175510477800
9.8846496024018524	0.9999866117455948
9.8888986212972636	1.0000511585359388
9.8957847873590801	0.9998620065648648
9.9002542088932799	0.9999909356472783
9.9040441830964969	0.9999299971410077
9.9075723202512016	1.0000296172419243
9.9110093164807314	0.9999449789460307
9.9144140747731502	1.0000399877534289
9.9178134849734025	0.9999513135069735
9.9212158131601775	1.0000421948167741
9.9246283443593217	0.9999548396380027
9.9280530079607558	1.0000414089193126
9.9314949163049828	0.9999578570891683
9.9349562289221449	1.0000389781604770
9.9384432563368978	0.9999615107798431
9.9419605226539343	1.0000349099927595
9.9455180902524489	0.9999668362594578
9.9491264992875603	1.0000282558738924
9.9528060381825814	0.9999755913860428
9.9565858350065000	1.0000170414208869
9.9605259358540756	0.9999862283880661
9.9647723161002553	1.0000506428127396
9.9716810116498387	0.9998657716760125
9.9762686570253205	0.9999855865642887
9.9802250504595005	0.9999419038225129
9.9839553455315677	1.0000169883696413
9.9876379622871259	0.9999635173618964
9.9913489176269614	1.0000187487881895
9.9951451608633128	0.9999795946409831
9.9990914072644870	1.0000114491070482
