0.0000000000000000	0.0000000000000000
0.8961566732790871	0.0010000000000000
0.9178466171333554	0.0018597979999507
0.9212892968225461	0.0019016335174694
0.9245721094567485	0.0023841390825984
0.9284127916478405	0.0027738338879390
0.9329543443705106	0.0033549478078816
0.9406963202288992	0.0041424351750521
0.9437493468349218	0.0049518199069138
0.9467835479364031	0.0053993131567961
0.9499892582533621	0.0062646770081475
0.9533589242658277	0.0070199582296376
0.9568438245687624	0.0081137497040012
0.9604250562733305	0.0092042740594563
0.9640397097050993	0.0106278574869890
0.9677039911527320	0.0121038255511908
0.9713724235177005	0.0139434061739048
0.9750773090094461	0.0159004550164341
0.9787719068697306	0.0182698156815938
0.9825033602101036	0.0208371560758736
0.9862174860410015	0.0238824459929515
0.9899751497566122	0.0272300875769164
0.9937108712206456	0.0311391059241082
0.9975001484601680	0.0354865750524937
1.0012637622563350	0.0404996924514572
1.0050934443322912	0.0461287146850524
1.0088945209625828	0.0525532349977473
1.0127760242242312	0.0598234359004594
1.0166270574733687	0.0680505330269565
1.0205733764995828	0.0774149187902083
1.0244892441473137	0.0879361827380988
1.0285133169204004	0.0999501071033568
1.0325108290369516	0.1133683803701545
1.0366235501534526	0.1286808546499622
1.0407215829429757	0.1457066915403925
1.0449298027123679	0.1650166228598672
1.0491499174595149	0.1864347593425868
1.0534542262121129	0.2103860496043261
1.0578191822859051	0.2369534717124115
1.0622125044943929	0.2659507794269450
1.0667483642181694	0.2982305482009339
1.0712208687315934	0.3322222019411243
1.0759425729272218	0.3701976466726757
1.0805024463229396	0.4085814238909260
1.0854629873329491	0.4519108705132581
1.0905421908362531	0.4968883680886095
1.1040985714912499	0.6169521313750428
1.1135370565869342	0.6943478731123782
1.1172895850248017	0.7225337772412862
1.1212045042794885	0.7504466655295359
1.1257004384287705	0.7800991925915615
1.1323656649554321	0.8197066847706128
1.1365517013716544	0.8413722535327777
1.1399434821875836	0.8575850971783198
1.1432433697309312	0.8718135510730576
1.1465192280567087	0.8849501671207823
1.1498903036372883	0.8970546225527540
1.1532404151208884	0.9081472343558131
1.1566806187010314	0.9182525037992535
1.1600905451941117	0.9274278841244662
1.1635775084702085	0.9356737154244585
1.1670377775488785	0.9431424908156468
1.1705762972196139	0.9497953722024253
1.1741060632387013	0.9558288764412071
1.1777315041795340	0.9611856048818488
1.1813864116951744	0.9660594267310058
1.1851872127829681	0.9704163539265253
1.1891183604044457	0.9744136454826939
1.1934127572524833	0.9780852091839874
1.2001263537496702	0.9830296584051548
1.2265498699268937	0.9939633660810675
1.2301542984999514	0.9945205323316203
1.2338917770447246	0.9953551416977017
1.2373823671106789	0.9958151920438773
1.2410098066350359	0.9963690805522550
1.2448482242517986	0.9968176193178325
1.2488555778926609	0.9972501969924288
1.2531184226260721	0.9975078798083193
1.2578314182193699	0.9982852542752355
1.2631398792749511	0.9981170144267169
1.2667333118828163	0.9986343643733651
1.2712592500022095	0.9987541176129129
1.2759882746287434	0.9991188159841810
1.2834388690525163	0.9991575262779171
1.2879870847745760	0.9993991880572317
1.2919074230413774	0.9994347229456778
1.2956975056916118	0.9995591595714366
1.2995148358799584	0.9995793411599917
1.3033978928634069	0.9996663825122871
1.3073639386024769	0.9996852050530537
1.3113876259888562	0.9997560671959226
1.3154581694345759	0.9997639348255520
1.3195581031022583	0.9998224981346563
1.3236854815024703	0.9998224536413267
1.3278531538565761	0.9998721410236874
1.3321640247154412	0.9998188557944335
1.3393926241612462	0.9999658992356734
1.3440978479594266	0.9998837509017747
1.3482565530180846	0.9998956707321771
1.3522927140942422	0.9999074998940899
1.3563900670823203	0.9999460716259194
1.3605567058278458	0.9999440046896683
1.3648494868347256	1.0000488580727782
1.3711007130911466	0.9998049790146896
1.3758903193039314	0.9999663854889055
1.3799208820714171	0.9999372928779345
1.3838259126334513	0.9999989341591242
1.3878032380693415	0.9999993050981959
1.3920697697567779	1.0000856124661686
1.3987504263707806	0.9998347710803461
1.4037010370776202	0.9999174265443745
1.4081153984880987	0.9999113603802683
1.4125153179623289	1.0000829604714565
1.4171531006379321	0.9997140421342154
1.4207738669470851	0.9999836182112736
1.4244291095814186	0.9999610335398887
1.4281784987994086	1.0000219851127439
1.4320964270381733	1.0000204662073846
1.4361487909399899	1.0000635962336408
1.4404236789901057	1.0000100252692004
1.4477869558260010	1.0001326649870375
1.4590726265140068	0.9999747596946394
1.4641828920480173	1.0000418201722614
1.4691682330203526	0.9996539244466860
1.4741018223119409	0.9998287619297753
1.4789709810013547	0.9995618073391405
1.4826052593596708	1.0000709574885569
1.4856379098861574	0.9999441781357157
1.4886944654839329	1.0001510874508936
1.4921223391697573	1.0000999597879854
1.4958367101274799	1.0001425293588209
1.4998502378924470	1.0000692816638095
1.5040661558338058	1.0000053037489092
1.5083673067371290	0.9999371688634312
1.5166159936412684	1.0001130035427939
1.5205051624770898	0.9999756361773332
1.5244638833273985	1.0000665291923569
1.5284470323598709	1.0000885310798420
1.5325235568916229	1.0000853837494790
1.5368069895902816	0.9999912584053586
1.5442361278355279	1.0001438266599687
1.5488067620975146	1.0000454325791959
1.5528050257073924	1.0000872009223387
1.5568096064197650	1.0001082896760771
1.5610696799746433	1.0001941430982482
1.5685029907510597	0.9999683367310471
1.5727403534018793	1.0000699109220565
1.5768160403200266	1.0000062363923758
1.5809770264138612	1.0000157385748933
1.5851751346901302	1.0000285109834353
1.5894473859857010	0.9999958894198352
1.5937847979879212	0.9999223978045203
1.5981458981121988	0.9999596288183957
1.6055554495163278	0.9997509877375932
1.6083681467607538	1.0000030734214389
1.6115383638054570	0.9998835299447371
1.6149466405903397	0.9999648020987408
1.6185007483688603	0.9999009109740821
1.6221333969564402	0.9999624522350083
1.6258291831729239	0.9999172540107697
1.6296136540571471	0.9999693047791944
1.6335542140800055	0.9999521413619766
1.6378015084452850	1.0000338709214651
1.6445408175587888	0.9998476531119097
1.6490461622822656	0.9999837721860214
1.6529893784116869	0.9999558639461785
1.6569177083901871	1.0000108852184839
1.6611791442213955	0.9999609476450178
1.6680128437700681	1.0001838844973603
1.6716685204288755	0.9999990621806527
1.6748495192569657	1.0001198407127176
1.6779943334816183	0.9999774045117101
1.6812198072627027	1.0000767855712571
1.6845600740594193	0.9999806692465885
1.6880333664370506	1.0000467742380925
1.6916682915561667	0.9999924629018896
1.6955214243068617	1.0000232948824495
1.6997456543262801	0.9999597650336571
1.7066189115655188	1.0001493038430715
1.7108548380653188	1.0000081390778637
1.7144667246197112	1.0000802309701025
1.7179040567471908	0.9999740880180418
1.7213313058115025	1.0000523278015458
1.7248124529851869	0.9999725913963031
1.7283836998720210	1.0000317827118455
1.7320837894448040	0.9999833854948650
1.7359741960872961	1.0000145440741421
1.7402084853126183	0.9999511518384646
1.7471285225614417	1.0001335532281526
1.7516997001516696	1.0000163744428547
1.7556988627497587	1.0000506963087439
1.7595649026674318	0.9999940506464972
1.7635200460317442	1.0000203803316772
1.7677763673181282	0.9999530339640950
1.7746699077156087	1.0001425342892778
1.7790120825512659	1.0000065585727806
1.7827012006629641	1.0000732949206688
1.7861831166745985	0.9999713484975603
1.7896268871888623	1.0000502972513456
1.7930970901466530	0.9999676801215681
1.7966253593978152	1.0000348097466456
1.8002384340744504	0.9999752554225168
1.8039689394146250	1.0000189640383204
1.8078790191552092	0.9999868245777697
1.8121173771268249	1.0000498798445798
1.8190057824137182	0.9998606004702637
1.8234082357802395	0.9999914488701831
1.8271577625240278	0.9999293650227014
1.8306821888891474	1.0000269284537662
1.8341522388430909	0.9999494527578794
1.8376282368632584	1.0000325825669290
1.8411419987468300	0.9999616981569932
1.8447108638328580	1.0000281737077494
1.8483581467792700	0.9999736451630049
1.8521139474456114	1.0000169551165152
1.8560394990258999	0.9999859736970993
1.8602819350376123	1.0000499914130392
1.8672354995275557	0.9998734520035588
1.8722309632688543	1.0000252599878401
1.8797134480651392	0.9998344755601096
1.8847236972093067	0.9999688664238731
1.8890228956266373	0.9999522203667037
1.8931505078667614	0.9999991265542755
1.8974656162490331	0.9999393106374599
1.9044353280241963	1.0001301744826865
1.9091239825982147	1.0000165906570189
1.9132189392051118	1.0000469005330930
1.9171517227225983	0.9999939727961316
1.9211453939245628	1.0000198286239255
1.9254123636676761	0.9999514692383945
1.9323423402751738	1.0001341929401533
1.9369645565978904	1.0000159182923340
1.9409757991223118	1.0000528203595538
1.9447974981017151	0.9999887943758684
1.9486246543128019	1.0000249370685319
1.9525780181940351	0.9999901013913993
1.9568303546365502	1.0000525383207544
1.9637907762761952	0.9998743136470888
1.9686632338734689	0.9999755644687739
1.9732324873825959	0.9999194802464791
1.9803972926840376	1.0001289037218444
1.9853058345745989	1.0000212678588791
1.9896701252371660	1.0000370863666215
1.9940626041319252	0.9999556663876513
2.0011167699077421	1.0001337335077825
2.0061531817359941	0.9999752917770853
2.0136522228085232	1.0001670595554670
2.0186860189529088	1.0000304595758591
2.0229926483444016	1.0000470116788056
2.0271241509605802	0.9999998503206151
2.0314392737861984	1.0000596037653984
2.0383946747039881	0.9998652910609214
2.0429588305321973	0.9999869943494462
2.0468836276513054	0.9999411775493048
2.0505983117049298	1.0000160476834281
2.0542940581531282	0.9999664371681924
2.0580620392842310	1.0000134758583967
2.0619894084343686	0.9999838931980494
2.0662330707492162	1.0000487559666376
2.0730471954170726	0.9998459810575567
2.0770711344217103	1.0000074506483101
2.0804227104336483	0.9998992072185722
2.0835703516493593	1.0000491530051427
2.0866741291164663	0.9999199386529569
2.0897805455881633	1.0000577788516698
2.0929083120184795	0.9999315993870074
2.0960599246019727	1.0000580063972768
2.0992387792398870	0.9999386518105211
2.1024430792712501	1.0000555771990562
2.1056746964457695	0.9999437382454537
2.1089320030121987	1.0000522037862769
2.1122172735189775	0.9999481408658413
2.1155298115840568	1.0000483165789793
2.1188729697019482	0.9999525835783082
2.1222476194736770	1.0000437909874411
2.1256591170274035	0.9999577027188213
2.1291112370661671	1.0000380896435022
2.1326134853701033	0.9999644178684605
2.1361760991097261	1.0000300221923528
2.1398192532281026	0.9999744893099148
2.1435723709946806	1.0000175246454044
2.1474963287236313	0.9999862616310407
2.1517383480138355	1.0000500893325273
2.1586941974833773	0.9998738819721360
2.1635606770856812	0.9999752455420146
2.1681282078157644	0.9999194993647991
2.1752159585998858	1.0001423967298857
2.1796448871967851	1.0000025695719581
2.1833177284730776	1.0000777054940799
2.1867213651453543	0.9999622184438387
2.1900370362248722	1.0000624121682689
2.1933280644442035	0.9999519437189547
2.1966165134742583	1.0000553188732217
2.1999117941443536	0.9999497035833517
2.2032158158913635	1.0000516203222511
2.2065314369290889	0.9999500421688411
2.2098579518184684	1.0000491651159336
2.2131975853294636	0.9999513454048132
2.2165494416693940	1.0000470573082503
2.2199159304858158	0.9999531236304504
2.2232964605229575	1.0000448969259617
2.2266939154642325	0.9999552992899080
2.2301083694565382	1.0000424161233128
2.2335436081142888	0.9999580144878953
2.2370009915937716	1.0000392890410073
2.2404861053527467	0.9999616389405325
2.2440029248957050	1.0000349472504722
2.2475610040594001	0.9999669572495924
2.2511704659453997	1.0000282222705210
2.2548512315803118	0.9999756670831513
2.2586321272488896	1.0000170342267973
2.2625729503378600	0.9999862397050588
2.2668195149973589	1.0000506777753557
2.2737020548281452	0.9998609177133470
2.2781340631079803	0.9999921561055891
2.2818828808122213	0.9999272272951244
2.2853696767630325	1.0000319760195959
2.2887632005754868	0.9999415673170764
2.2921200628685758	1.0000434074825968
2.2954651978605085	0.9999469922932066
2.2988052676283788	1.0000468824856950
2.3021462195480042	0.9999492807158505
2.3054886385058517	1.0000475870122894
2.3088362303426639	0.9999507325543772
2.3121893112038530	1.0000469823867504
2.3155517429261518	0.9999523111289942
2.3189244092556982	1.0000454391480833
2.3223118545340307	0.9999544894146378
2.3257159254120605	1.0000429232508306
2.3291424032985044	0.9999576455417379
2.3325949041279808	1.0000391303223986
2.3360817321509222	0.9999623282370905
2.3396103272238582	1.0000333398248524
2.3431950868748070	0.9999696490519437
2.3468536156502626	1.0000239379782172
2.3506191233761289	0.9999815775523924
2.3545490261095186	1.0000126496733268
2.3587939208142199	0.9999485482643613
2.3656962265060826	1.0001343540261101
2.3702447723137250	1.0000123005341235
2.3741568680053682	1.0000591855442835
2.3778499248569611	0.9999807346327135
2.3814999098056537	1.0000367734757603
2.3851863560214372	0.9999795507425274
2.3889630330951488	1.0000197298407829
2.3928988577794890	0.9999875299043228
2.3971444836315001	1.0000510732847923
2.4040436789225468	0.9998636563622115
2.4085512418701462	0.9999887415172900
2.4124025072288213	0.9999347555265433
2.4160069297853379	1.0000247263037711
2.4195317923644430	0.9999514309854017
2.4230337618148221	1.0000336986719836
2.4265378127558788	0.9999583725695127
2.4300500242862579	1.0000353828903428
2.4335753910402667	0.9999618132435839
2.4371133341794176	1.0000348410938977
2.4406663663855004	0.9999640902451048
2.4442337565797154	1.0000334237998636
2.4478187152695563	0.9999662595216510
2.4514220797866741	1.0000312510692959
2.4550495002622474	0.9999691230556599
2.4587055762088221	1.0000277127852630
2.4624019475262888	0.9999739183190541
2.4661531387749354	1.0000211585668239
2.4699889324857995	0.9999828412768437
2.4739621887323557	1.0000127742271050
2.4782188138653307	0.9999471068107071
2.4851411281359654	1.0001286208526610
2.4899163258533554	1.0000187634658932
2.4941114481726827	1.0000437196186847
2.4981247557282589	0.9999947017293810
2.5021682872821618	1.0000196430449286
2.5064488723436056	0.9999496697446749
2.5133791566649841	1.0001319422063837
2.5181114088285823	1.0000170829416535
2.5222204103583619	1.0000500141729369
2.5260985417831741	0.9999873948777487
2.5299246764033287	1.0000281263968447
2.5337906153316472	0.9999866691512654
2.5377760161098908	1.0000149288124667
2.5420367388559577	0.9999480500243693
2.5489597682247105	1.0001295063934090
2.5537247061464465	1.0000187092297119
2.5579056937226192	1.0000443928043834
2.5619061259225115	0.9999946543453800
2.5659412022602890	1.0000197307833951
2.5702195395877308	0.9999500184261346
2.5771201609425471	1.0001379258625032
2.5816458998109710	1.0000100311482134
2.5854857228193371	1.0000662019490412
2.5890657949243367	0.9999727706902297
2.5925633292058476	1.0000486887924378
2.5960508283329804	0.9999659293385137
2.5995635170752620	1.0000375843092784
2.6031269341578032	0.9999701713004652
2.6067648458564334	1.0000256605183300
2.6105135560259649	0.9999817710393698
2.6144329230027470	1.0000129361785541
2.6186750439088411	0.9999490848476938
2.6255304506394119	1.0001437619422358
2.6297900974408290	1.0000011115404486
2.6333673898665624	1.0000824743874719
2.6367130152894238	0.9999608507575161
2.6399910330145864	1.0000647543761938
2.6432577821523955	0.9999514207156384
2.6465326408761700	1.0000558223675924
2.6498240700138807	0.9999502765641712
2.6531339029456356	1.0000505623565452
2.6564654394853822	0.9999519631893606
2.6598189278798361	1.0000464646227829
2.6631980929854207	0.9999550115862966
2.6666042920152746	1.0000422658442263
2.6700431515555834	0.9999592725938330
2.6735187668117661	1.0000370271553876
2.6770408437238462	0.9999653643998843
2.6806197823704565	1.0000294344049265
2.6842758366457224	0.9999749235349091
2.6880383724716204	1.0000173874722094
2.6919680104164803	0.9999862845610107
2.6962115620911775	1.0000503198650761
2.7031234277446421	0.9998659104506901
2.7077075955469150	0.9999850817400001
2.7116730131889448	0.9999433063128071
2.7154295494308061	1.0000145005646248
2.7191617705594076	0.9999677976096638
2.7229577202978437	1.0000130935130724
2.7269022807685159	0.9999839801148611
2.7311505159581806	1.0000494454807025
2.7380722670612214	0.9998670271174340
2.7427139139947747	0.9999829343120460
2.7467542968855314	0.9999478019667248
2.7506007182387124	1.0000097962434198
2.7544485607584024	0.9999746377281078
2.7584131785390622	1.0000090486744606
2.7626697946914307	0.9999461054419928
2.7696164419736373	1.0001263799691602
2.7744383584888919	1.0000226397301895
2.7787777202129589	1.0000373520632573
2.7831608477514145	0.9999557815666055
2.7901806837151235	1.0001375754178108
2.7949361881900394	1.0000205691097899
2.7990813450111229	1.0000473298511494
2.8030482445626483	0.9999951044475327
2.8070616626167539	1.0000202327241023
2.8113341217208845	0.9999510522382935
2.8182273827832609	1.0001404786919390
2.8226539006845948	1.0000071128009658
2.8263942603803525	1.0000716400525744
2.8298894171132551	0.9999690729366261
2.8333157906684034	1.0000524966560194
2.8367435684417379	0.9999629230071259
2.8402064641934857	1.0000396078983593
2.8437291189731448	0.9999681192625977
2.8473349929422525	1.0000261478535972
2.8510604133052024	0.9999807028521275
2.8549658311440180	1.0000122014909878
2.8592042047813742	0.9999487798260794
2.8661487278189308	1.0001267996096794
2.8709140584071227	1.0000220903143111
2.8752135130243008	1.0000368573222975
2.8795858877576803	0.9999563544923511
2.8865696258277778	1.0001449294402998
2.8910221755839891	1.0000100030969079
2.8947946309658428	1.0000692280650370
2.8983390885967100	0.9999730852517026
2.9018294425253290	1.0000474691444412
2.9053300632722836	0.9999671491901305
2.9088685677846011	1.0000349540589599
2.9124635754310915	0.9999710720528988
2.9161329418196367	1.0000235949514427
2.9199078752370320	0.9999814849495199
2.9238439742184168	1.0000121445841981
2.9280904214994332	0.9999477196897689
2.9350403026961791	1.0001244171163772
2.9399208284039706	1.0000228047053505
2.9444902322265842	1.0000792853346434
2.9516546186849966	0.9998704859935039
2.9566361966178927	0.9999757251736272
2.9612397686864464	0.9999167740493632
2.9683419545432046	1.0001404791186479
2.9729200022991935	1.0000072622095477
2.9767412816014658	1.0000679676420152
2.9802921957952191	0.9999713665531287
2.9837666058650631	1.0000497207819194
2.9872385325645299	0.9999655409307420
2.9907387513063606	1.0000387559902819
2.9942847501978043	0.9999686028674640
2.9978884971971667	1.0000292953425169
3.0015682228850982	0.9999763911565899
3.0053504531200663	1.0000171267022759
3.0092926479930266	0.9999859911363278
3.0135394728417317	1.0000499908479177
3.0204930033443231	0.9998726759635705
3.0253177049708260	0.9999760363961269
3.0296648616457338	0.9999625449044015
3.0340482562831710	1.0000461041690745
3.0404816487064852	0.9997654934607265
3.0512093361717749	1.0001699216598960
3.0544373927657738	0.9998384213204901
3.0580785110398585	0.9999384787121081
3.0620171751741063	0.9999307069598063
3.0661853735900730	1.0000092608197373
3.0702656353651290	1.0000566615194899
3.0742388974538679	1.0000995884040209
3.0781605967133499	1.0000524244733884
3.0820585025666909	1.0000851376237190
3.0859830099640266	1.0000436508826140
3.0899582219434216	1.0000747288140988
3.0939920247795842	1.0000487030926803
3.0980803677857698	1.0000762035842166
3.1022142163863267	1.0000521871376917
3.1063842827816543	1.0000726747425335
3.1105794925149115	1.0000380367098969
3.1148004208080127	1.0000411139692478
3.1191251397187432	0.9999257745451966
3.1240868148738175	1.0003614691270710
3.1312624830370219	0.9997840103434615
3.1416103582504702	0.9997029477476934
3.1455659862826146	0.9998780009120400
3.1491637535309991	0.9998466277800416
3.1527982053632453	0.9999394071729544
3.1566347430173454	0.9999391336758988
3.1608395355353545	1.0000292667541208
3.1674272719933034	0.9998382312715509
3.1715508269400701	1.0000007477188055
3.1750225200431506	0.9999169276808091
3.1783564615925348	1.0000366851464471
3.1817317649770636	0.9999574723905370
3.1852123578797262	1.0000343878757514
3.1888472739367577	0.9999862824729191
3.1926984735432828	1.0000215003530311
3.1969226743073635	0.9999606567204486
3.2037619377217395	1.0001585172058010
3.2078250780959952	1.0000038007848135
3.2112635435037498	1.0000964634092624
3.2145360222479598	0.9999672907205189
3.2177949155746499	1.0000689705672436
3.2210902058270903	0.9999621467212749
3.2244403182661183	1.0000513705039582
3.2278571998249479	0.9999661526617163
3.2313511999787239	1.0000368446889705
3.2349413037213206	0.9999758013199217
3.2386564751333875	1.0000203369373204
3.2425577860561545	0.9999877256032494
3.2467937143916599	1.0000501558198427
3.2536691545703311	0.9998578566909913
3.2579832954430814	0.9999944891277217
3.2616380725472061	0.9999225552434843
3.2650711479026659	1.0000312728082439
3.2684502250322081	0.9999420891880867
3.2718310561509827	1.0000378893284645
3.2752400618562856	0.9999532024092417
3.2786874487345541	1.0000355563162657
3.2821854175981828	0.9999621714750045
3.2857446055739739	1.0000285264040847
3.2893853329762948	0.9999730777549494
3.2931368089349338	1.0000163687721126
3.2970598300877905	0.9999851946445815
3.3013015851013270	1.0000490771222283
3.3082573861715954	0.9998729721226791
3.3131234345477925	0.9999743699006352
3.3176908476362867	0.9999186566361097
3.3248044342322607	1.0001370738991113
3.3294027750457369	1.0000097783521456
3.3332972817765811	1.0000605085960621
3.3369685956486439	0.9999809640606936
3.3406213588551030	1.0000344390281111
3.3443570477219922	0.9999852851596288
3.3482630529411668	1.0000156185827982
3.3525023427559937	0.9999515882389097
3.3594481063185566	1.0001298204488556
3.3641966299193777	1.0000246804539803
3.3684831778581401	1.0000397308960851
3.3728522347842635	0.9999597932521522
3.3796887166617000	1.0001755703766795
3.3834347256299777	0.9999861104808876
3.3865818652867188	1.0001170050180637
3.3896229674895402	0.9999533606287934
3.3927007928053805	1.0000798771242345
3.3958577805127006	0.9999545059416007
3.3991096592306684	1.0000547011961876
3.4024695609807925	0.9999651791504859
3.4059535817094102	1.0000335539502747
3.4095936613646729	0.9999819213468423
3.4134491264139086	1.0000146853231162
3.4176741643943167	0.9999527247361274
3.4245751247069451	1.0001390027736206
3.4289685746270315	1.0000113614696091
3.4327743630038992	1.0000616525916783
3.4364411299816933	0.9999859175970237
3.4401610614024252	1.0000274175441015
3.4440519990171272	0.9999901296880751
3.4482874474496854	1.0000497813044769
3.4552156618661591	0.9998642292804578
3.4597408298319450	0.9999821649592028
3.4637021110597703	0.9999452763731794
3.4675402661321448	1.0000031238272882
3.4714808701614097	0.9999762660894305
3.4757319857980575	1.0000429313665651
3.4826613433215794	0.9998594339989918
3.4871561368198494	0.9999825903146607
3.4910537321120705	0.9999387884372332
3.4947879715934427	1.0000089828859196
3.4985561240477177	0.9999699734611674
3.5024736536557484	1.0000060560507553
3.5067174726465442	0.9999450981525784
3.5136832411504040	1.0001225305678250
3.5186794816173133	0.9999719589781075
3.5261347881775627	1.0001684330148459
3.5309266366486249	1.0000227052156567
3.5349202925210044	1.0000633111374819
3.5386535606462992	0.9999849765176361
3.5423515020702996	1.0000335336774964
3.5461195531810685	0.9999854705293447
3.5500449458327283	1.0000147147449037
3.5542893359365952	0.9999497054621334
3.5612015192417306	1.0001337920741062
3.5657594792508651	1.0000131232836000
3.5696975866065155	1.0000564918648991
3.5734347382278959	0.9999837425071199
3.5771513854350494	1.0000313766634301
3.5809381304885326	0.9999855162466930
3.5848758954003102	1.0000147704549207
3.5891234944779109	0.9999494964986785
3.5960578030217065	1.0001292155109351
3.6007929653384849	1.0000201251227276
3.6049874763306646	1.0000411230415851
3.6090803781955421	0.9999973650258033
3.6133814826357096	1.0000580662420897
3.6203720268853599	0.9998743244628316
3.6252638540263820	0.9999760139138182
3.6298390292453124	0.9999193301806634
3.6369804621500337	1.0001333657200560
3.6417348123915878	1.0000146124853402
3.6458155796892302	1.0000503752795407
3.6496773045173447	0.9999886527493053
3.6535286594988081	1.0000241600488242
3.6574953576854110	0.9999898180038819
3.6617514609085182	1.0000528249768799
3.6686754559195567	0.9998678630817319
3.6733226818262277	0.9999833913783019
3.6773654975031524	0.9999480043516905
3.6812123068761116	1.0000099496394788
3.6850596591136009	0.9999746472558579
3.6890237737770057	1.0000090445914640
3.6932802905207152	0.9999461003735635
3.7002077353655491	1.0001300049087865
3.7048978193730369	1.0000173601401510
3.7090054117681754	1.0000465144552932
3.7129501652078303	0.9999942174234684
3.7169515790127070	1.0000198514323675
3.7212206068066704	0.9999511991185316
3.7281860877053341	1.0001271363921871
3.7330731760493108	1.0000243301604570
3.7376449207953284	1.0000805947886882
3.7447496250497072	0.9998608808065582
3.7493341161075846	0.9999906493984001
3.7531900374798770	0.9999343379152367
3.7567890808512030	1.0000242353914275
3.7603292831521768	0.9999550407293073
3.7638890617256462	1.0000265759555269
3.7675173364864825	0.9999710096959313
3.7712546867510768	1.0000164921998307
3.7751680378941823	0.9999855072216447
3.7794073654331850	1.0000492939165799
3.7863551134993134	0.9998714802560361
3.7911264053826779	0.9999759110327056
3.7954325460942098	0.9999611945337918
3.7998053768800686	1.0000417917336861
3.8067907896462718	0.9998532671873155
3.8112482720696104	0.9999876652906108
3.8150305316989965	0.9999296336061545
3.8185892966700150	1.0000232998195524
3.8221083408376622	0.9999535355186762
3.8256576745950577	1.0000260628119366
3.8292815014574475	0.9999706494409990
3.8330172974942780	1.0000162856694350
3.8369301919020362	0.9999854160528889
3.8411692947354470	1.0000492529065657
3.8480709137097873	0.9998628714832204
3.8525511158756638	0.9999881273745667
3.8563990334143674	0.9999365002750368
3.8600373375433357	1.0000198098020068
3.8636451836465473	0.9999602903848601
3.8672975423398848	1.0000202101360767
3.8710511273017505	0.9999787230241437
3.8749716748539749	1.0000113917455191
3.8792144284416770	0.9999483918942144
3.8861077151376784	1.0001367375244863
3.8905720918298550	1.0000100004517127
3.8943948862194562	1.0000641454542998
3.8980088597477160	0.9999782069904458
3.9015923209994758	1.0000400686000046
3.9052253008019764	0.9999783831189319
3.9089625088263840	1.0000208741943428
3.9128744431624667	0.9999878991973368
3.9171136856515600	1.0000505252713661
3.9240148601347355	0.9998630920761922
3.9284853494966314	0.9999881769555140
3.9323337000954526	0.9999376657269395
3.9359908091013902	1.0000173627707010
3.9396442116814070	0.9999648843442454
3.9433826974537127	1.0000138373934211
3.9472927794517210	0.9999838774989250
3.9515317430717212	1.0000481838873643
3.9584229932933703	0.9998596205126239
3.9628107400196009	0.9999906735997345
3.9665639227340757	0.9999310345169327
3.9701210488577416	1.0000224430313149
3.9736624430971910	0.9999569327253098
3.9772626036581751	1.0000213681007215
3.9809782838581773	0.9999775958036646
3.9848761384222020	1.0000110147415371
3.9891128371876801	0.9999488572638161
3.9960455590913271	1.0001300661884407
4.0007049218254149	1.0000191678215145
4.0048328232735004	1.0000426303966268
4.0088848630770135	0.9999978329381282
4.0131749531000089	1.0000569242036526
4.0201740643783497	0.9998742218350057
4.0250337777460974	0.9999753962196496
4.0296006503645661	0.9999201720112830
4.0367330909027306	1.0001368022066366
4.0413373897898515	1.0000117045263224
4.0452687303602080	1.0000566723346969
4.0490105110005299	0.9999863372078172
4.0527755124900624	1.0000262876211505
4.0566908801305344	0.9999902512670055
4.0609331492054306	1.0000512419447871
4.0679026659356801	0.9998741276366795
4.0727436350515109	0.9999749402302228
4.0773047708478636	0.9999203026839472
4.0844454494724438	1.0001349784895921
4.0891019241856705	1.0000142558954532
4.0931165669321068	1.0000505882354609
4.0969776724466094	0.9999931253780102
4.1009261250207469	1.0000200511935571
4.1051812147901261	0.9999531433578258
4.1118557776579836	1.0001835437760986
4.1152735148872699	0.9999642588806356
4.1181801013250503	1.0001344303657342
4.1210228667973015	0.9999354909890990
4.1239098509718204	1.0000967851152567
4.1268638242242490	0.9999344045653548
4.1298849461532061	1.0000747204405569
4.1329702795513130	0.9999390828117004
4.1361140597798496	1.0000612779679168
4.1393140908480177	0.9999453013911979
4.1425663457203088	1.0000518523555708
4.1458712550695518	0.9999519315124223
4.1492276316936927	1.0000439254157099
4.1526395380775805	0.9999591429675113
4.1561106435270876	1.0000356656763449
4.1596521217159053	0.9999681385888367
4.1632790176833012	1.0000247837031653
4.1670226950532747	0.9999811637079914
4.1709398016183936	1.0000125714157413
4.1751811680659072	0.9999489269087537
4.1821143015369984	1.0001290393997921
4.1868324476944938	1.0000199280825031
4.1910133499552877	1.0000413910830739
4.1950982202591236	0.9999974876867730
4.1993970834717240	1.0000578931191915
4.2063382245084400	0.9998649360972283
4.2108894420212986	0.9999879678666761
4.2147842951082399	0.9999377433540424
4.2184379857794436	1.0000216315826720
4.2220247356321883	0.9999564535488672
4.2256102153724573	1.0000270581135100
4.2292323927517632	0.9999680241668254
4.2329167660966709	1.0000216510914539
4.2367000822748206	0.9999808677990805
4.2406403765674208	1.0000120016699365
4.2448881631556850	0.9999476831473483
4.2518020067404434	1.0001312432781237
4.2566316315682728	1.0000290678953812
4.2609732443395609	1.0000481576330897
4.2653576949027991	0.9999729407110721
4.2726123648281851	1.0001297466765644
4.2764702327120059	0.9999657671208658
4.2798004476327494	1.0000716856742922
4.2830291964754474	0.9999450875724110
4.2863067768831211	1.0000454662901792
4.2896850510723077	0.9999623772611546
4.2931836942295227	1.0000365318127387
4.2968085609160545	0.9999898455818049
4.3005696332412846	1.0000412571938468
4.3045003666804593	1.0000182995754043
4.3087461344546929	1.0000793121382241
4.3160610284870700	0.9999207993799138
4.3204146552042442	0.9999487195097392
4.3245537935467855	0.9999524977369545
4.3288007530203743	1.0000251755890670
4.3331059799452492	1.0000633981404681
4.3417296189749317	1.0001665724490600
4.3466478945396192	1.0001039821996203
4.3557001671921611	1.0002461187548231
4.3728221713935573	0.9995538007754524
4.3774367904226228	0.9998698245920277
4.3809529076833167	0.9997718360288338
4.3844248601212916	0.9998976364624171
4.3878922251612842	0.9998347357303344
4.3913656783171184	0.9999255489992944
4.3948774752120103	0.9998616290805282
4.3984453847485279	0.9999362936216066
4.4020776905359273	0.9998876531024622
4.4057651683624934	0.9999537828937788
4.4094921815796528	0.9999135436270967
4.4132396716192774	0.9999770631703936
4.4169933529598211	0.9999355008973776
4.4207429442835320	0.9999978371792337
4.4244883416614380	0.9999524565210838
4.4282338223743674	1.0000112991670000
4.4319942434635013	0.9999666391361925
4.4357888825533438	1.0000157408835153
4.4396526345694980	0.9999818369225034
4.4436416635089930	1.0000141385506904
4.4479029880685639	0.9999500690147299
4.4548068122554012	1.0001374499826079
4.4594903446532017	1.0000210454054685
4.4635184077861281	1.0000633410325468
4.4672721418591728	0.9999866430921345
4.4709099237062251	1.0000509860351250
4.4744910227828525	0.9999752874396469
4.4780370083579459	1.0000487422537812
4.4815585313778312	0.9999703001445090
4.4850600946632060	1.0000488217075802
4.4885488880162168	0.9999680776898218
4.4920295295201464	1.0000484102213607
4.4955101467457323	0.9999678463572927
4.4989954277861743	1.0000467384956986
4.5024927129254015	0.9999690538477353
4.5060051282619735	1.0000440305057903
4.5095381041348315	0.9999710436214088
4.5130927426523701	1.0000407806118423
4.5166726520531055	0.9999732600661754
4.5202774171674944	1.0000373518188932
4.5239096806634924	0.9999754211742845
4.5275687024981695	1.0000337950374574
4.5312578186900101	0.9999776592212732
4.5349783674419477	1.0000296534288258
4.5387381585468267	0.9999808547069392
4.5425470638341690	1.0000234140361486
4.5464297410176657	0.9999871707816474
4.5504330883691742	1.0000158740237088
4.5546978470493249	0.9999485721275729
4.5616046838582953	1.0001317031534565
4.5663492998517929	1.0000164548681234
4.5704487980775932	1.0000526992076635
4.5742761334239139	0.9999821457934629
4.5779951526978211	1.0000370729808652
4.5816756584838885	0.9999731214872852
4.5853523686419067	1.0000296925322663
4.5890512426956418	0.9999739066512888
4.5927961700778370	1.0000214099373470
4.5966231237146804	0.9999819102987250
4.6005897915463505	1.0000117819466967
4.6048448175047216	0.9999461827992697
4.6117803818520420	1.0001253048336585
4.6166270394004476	1.0000213922525136
4.6209847383251512	1.0000359385045579
4.6253729099214480	0.9999537844080856
4.6324128522480237	1.0001318830440091
4.6373548577521788	1.0000245956189102
4.6419434773792014	1.0000812374761985
4.6491051900353630	0.9998694573152095
4.6540568379963467	0.9999773487744053
4.6584521970458983	0.9999615135613236
4.6628520830156273	1.0000438035136099
4.6698721584469061	0.9998589175388670
4.6745661503741012	0.9999814314756267
4.6785967602955143	0.9999426119788356
4.6823760294002419	1.0000156099559763
4.6860819812437988	0.9999623222302276
4.6897807257489426	1.0000221302117869
4.6935078993774013	0.9999724866619010
4.6972841569268677	1.0000191049691247
4.7011399907046370	0.9999825570447672
4.7051259588984804	1.0000125572974103
4.7093860092510189	0.9999466662257166
4.7163014611696816	1.0001294487940957
4.7211283486295761	1.0000209123094539
4.7253623844662940	1.0000467876283037
4.7293660774066471	0.9999931298675416
4.7332985021775125	1.0000286974362447
4.7372285950265107	0.9999885910654708
4.7411967173855016	1.0000192627861795
4.7452540273838331	0.9999899376581859
4.7495327256906039	1.0000577649222073
4.7564154841457587	0.9998682979077519
4.7610859373436956	0.9999897948875819
4.7650487149392786	0.9999388902770512
4.7686970649679497	1.0000275242034045
4.7722166746986066	0.9999497810689434
4.7756839745542425	1.0000371063299995
4.7791391104854855	0.9999546821140751
4.7825989316930260	1.0000374492903019
4.7860751351278479	0.9999580902770093
4.7895706959207898	1.0000350863723708
4.7930888872465900	0.9999605961844525
4.7966275016602227	1.0000325010503994
4.8001861134334485	0.9999621860432300
4.8037599476388344	1.0000306563967689
4.8073467543369217	0.9999628304440134
4.8109406084874431	1.0000298626419770
4.8145387310606678	0.9999626192681246
4.8181352907314805	1.0000300839489862
4.8217282027133495	0.9999617942293610
4.8253128911072229	1.0000310517074646
4.8288889472648995	0.9999607249078785
4.8324537575873556	1.0000323589790787
4.8360089203997214	0.9999598182211393
4.8395537258031265	1.0000335899710371
4.8430913809709528	0.9999593990355214
4.8466224479458866	1.0000344347468022
4.8501510311111113	0.9999596435276319
4.8536782908779506	1.0000347178890621
4.8572087257868555	0.9999606111004331
4.8607438140370833	1.0000343307863717
4.8642884705793872	0.9999623548026373
4.8678448380363086	1.0000331011597248
4.8714190224558873	0.9999650843033043
4.8750151450015959	1.0000305981579789
4.8786426806376566	0.9999694318745977
4.8823113265452562	1.0000257528945091
4.8860403212082204	0.9999769979825380
4.8898573231101938	1.0000164852299893
4.8938203007061540	0.9999864248416975
4.8980728751030842	1.0000518104241334
4.9050192855998791	0.9998745124573052
4.9099172745410460	0.9999764513364031
4.9144930452061555	0.9999192708971771
4.9216316260661879	1.0001323003683613
4.9264609083078490	1.0000163906986541
4.9306202348489752	1.0000480151209177
4.9345470570318684	0.9999904036005112
4.9384463876996598	1.0000237094703934
4.9424421478235105	0.9999901742669777
4.9467061990230619	1.0000542855783079
4.9536513953696124	0.9998736220663893
4.9585077219128690	0.9999769803499828
4.9628744864374434	0.9999623546351368
4.9672637352597455	1.0000446563647805
4.9743047451717164	0.9998665780477108
4.9792520768330473	0.9999739004609554
4.9838437284151977	0.9999171663999146
4.9910062600968086	1.0001291091622513
4.9960890573203480	0.9999710188290930
5.0036097537097479	1.0001683518219140
5.0085883272455245	1.0000257322999302
5.0127421870454612	1.0000588831293293
5.0165813729788740	0.9999864665559965
5.0203283994417776	1.0000352183541439
5.0240822217600112	0.9999818179349107
5.0279048558422428	1.0000194116996890
5.0318675887203650	0.9999877331523428
5.0361206866951393	1.0000521609471100
5.0430523227027004	0.9998710058752424
5.0478244471669713	0.9999789237051019
5.0520533188505130	0.9999587485508469
5.0561655008513213	1.0000019658203023
5.0604732972055153	0.9999404476388449
5.0674582907170667	1.0001248439092161
5.0723657266556881	1.0000228014260220
5.0769433496327192	1.0000802698299274
5.0840735767748324	0.9998651337709712
5.0888253748263992	0.9999849400451034
5.0928958315020525	0.9999478333585843
5.0967408003985337	1.0000109520649727
5.1005782886128435	0.9999744771160004
5.1045342842407653	1.0000091362726793
5.1087889351871114	0.9999464975712854
5.1154337692382263	1.0001829648152156
5.1188259384696071	0.9999592476241820
5.1216810416625931	1.0001410874294245
5.1244532627918238	0.9999271637418762
5.1272531745920515	1.0001069416870527
5.1301049935010097	0.9999239917590709
5.1330093932888863	1.0000868560019416
5.1359637848837929	0.9999268704900091
5.1389621392579894	1.0000749945253342
5.1420017118106998	0.9999312865218803
5.1450772237349343	1.0000672919737568
5.1481872746000050	0.9999357920851871
5.1513276558902579	1.0000617126289963
5.1544980471598665	0.9999399762374105
5.1576951716212118	1.0000572412925788
5.1609196031159668	0.9999438397218540
5.1641689542571676	1.0000533082788357
5.1674446883132505	0.9999475547618721
5.1707454169936735	1.0000495092402077
5.1740736882309237	0.9999513930570187
5.1774294537711905	1.0000454519487061
5.1808168686444143	0.9999557477007305
5.1842380428243926	1.0000406208249542
5.1877000183035555	0.9999612559119163
5.1912091366835673	1.0000341417834968
5.1947788907357442	0.9999691365254447
5.1984262050807457	1.0000242720254038
5.2021838370884534	0.9999814598901269
5.2061090801572636	1.0000126572731980
5.2103526959926496	0.9999487234063987
5.2172488166614501	1.0001357315954456
5.2217505666552189	1.0000106577472450
5.2256053301721108	1.0000628869043395
5.2292354140450952	0.9999773626338845
5.2328136429705987	1.0000417571659157
5.2364126569986249	0.9999741429269391
5.2400736511853419	1.0000267725654224
5.2438377562405227	0.9999829614531810
5.2477661532191018	1.0000134543373380
5.2520106942611893	0.9999490531283258
5.2589420982759041	1.0001292540554714
5.2636681132132308	1.0000200191929045
5.2678542574663663	1.0000413653006883
5.2719418644285110	0.9999974881421917
5.2762415601182111	1.0000579832770466
5.2831580045631394	0.9998604077367865
5.2875653250029933	0.9999936009352809
5.2912853866349598	0.9999261363849544
5.2947553417341666	1.0000319114336325
5.2981476136997214	0.9999426041399546
5.3015200441948025	1.0000410790985546
5.3048985025290207	0.9999505692608019
5.3082906448716933	1.0000420176507214
5.3117037090632007	0.9999555967074357
5.3151400449411108	1.0000398244013449
5.3186058798272349	0.9999602489475473
5.3221053733347876	1.0000355752116994
5.3256482774704157	0.9999661506802187
5.3292448409933915	1.0000286436591268
5.3329151574858953	0.9999753016634786
5.3366882777205129	1.0000171462413403
5.3406243596926126	0.9999862320349252
5.3448696445064572	1.0000505039809238
5.3517682306960142	0.9998636895276253
5.3562849288886429	0.9999884112089884
5.3601459279651840	0.9999353340392709
5.3637606535395843	1.0000240654628698
5.3672985230787242	0.9999525861269193
5.3708192015195717	1.0000320713585380
5.3743516736385351	0.9999609783660468
5.3779074020377786	1.0000315918518667
5.3814990056792888	0.9999675045660114
5.3851369969246567	1.0000266140364196
5.3888412012512310	0.9999760829635375
5.3926397128575463	1.0000165499055187
5.3965913711798095	0.9999861197560559
5.4008408532884564	1.0000509943429794
5.4077473855738427	0.9998659142125241
5.4123474748340374	0.9999860020953875
5.4163024569598868	0.9999406836769655
5.4200088193195333	1.0000200109529223
5.4236365998603553	0.9999581312568505
5.4272488714271745	1.0000270747426316
5.4308793892088412	0.9999671819797774
5.4345461642873438	1.0000247955860666
5.4382722453237209	0.9999761707752404
5.4420865013340309	1.0000160176826067
5.4460476940128402	0.9999859485744915
5.4502997834394931	1.0000512370527155
5.4571944377083845	0.9998640821668564
5.4617412843976556	0.9999885876688235
5.4656149752413850	0.9999348520215141
5.4692193662710702	1.0000262990569786
5.4727242953710844	0.9999491822876723
5.4761899499490054	1.0000368591374369
5.4796448129093696	0.9999547476984383
5.4830988143061390	1.0000392386556587
5.4865611147898763	0.9999580166351886
5.4900359183652476	1.0000382098133582
5.4935311627650982	0.9999615049004171
5.4970526235270842	1.0000347642235530
5.5006115461458478	0.9999667106371872
5.5042194924473833	1.0000283093329239
5.5078976670649205	0.9999754890582442
5.5116759550075622	1.0000170682237883
5.5156149980293376	0.9999862229242069
5.5198611210995674	1.0000506005288869
5.5267777077499174	0.9998671791106508
5.5314124484293421	0.9999833431673095
5.5354436285607820	0.9999473842958593
5.5392807750912940	1.0000100463442299
5.5431208840298964	0.9999744091176225
5.5470805840230408	1.0000089578497540
5.5513359144738290	0.9999461923283358
5.5582724951083744	1.0001284439594611
5.5630136775527212	1.0000197542965039
5.5672117011934814	1.0000409261651353
5.5713063426176843	0.9999972929606558
5.5756079835845593	1.0000581075169854
5.5825892248672693	0.9998726350677909
5.5874144584839645	0.9999767514265034
5.5917526783332807	0.9999617527844480
5.5961346146340540	1.0000430351744682
5.6031260055004033	0.9998552449298140
5.6076596607622973	0.9999865644999530
5.6115013440729422	0.9999317659441193
5.6150875567699714	1.0000246143977074
5.6185978832333543	0.9999506064337745
5.6220962454298178	1.0000324518490991
5.6256147264125564	0.9999606808123476
5.6291680782711850	1.0000305974386079
5.6327735553565716	0.9999695251187927
5.6364489330167666	1.0000228869457015
5.6402271780287681	0.9999815387500384
5.6441648620536631	1.0000125282532741
5.6484118524283931	0.9999482251617091
5.6553061167632421	1.0001354903129223
5.6598218138462331	1.0000103550300621
5.6636781865851846	1.0000637131294816
5.6672922298782273	0.9999750890298357
5.6708331507580132	1.0000455481143440
5.6743678654354337	0.9999684882226729
5.6779274269114737	1.0000350339772941
5.6815341262290247	0.9999719347647078
5.6852090231026180	1.0000243501332744
5.6889861186201633	0.9999822668776900
5.6929229773015422	1.0000129352357388
5.6971697488325450	0.9999484631165848
5.7040359696746297	1.0001408775650455
5.7083872823295350	1.0000039899789399
5.7120498052983502	1.0000769450323328
5.7154660182738271	0.9999641853428423
5.7188053425432086	1.0000600947452221
5.7221300761100098	0.9999552160051501
5.7254650080001834	1.0000508647157995
5.7288237232282944	0.9999555554375608
5.7322135325360231	1.0000437965774851
5.7356440389888697	0.9999601049914243
5.7391235559066649	1.0000360284411773
5.7426668830616352	0.9999682122284176
5.7462921451442819	1.0000251265297575
5.7500330939349364	0.9999811961238932
5.7539481431566530	1.0000126647303911
5.7581890455976348	0.9999490794506676
5.7651204117864268	1.0001295891393336
5.7698211851841936	1.0000197495910448
5.7739850416586451	1.0000418804004017
5.7780589277715393	0.9999976618736022
5.7823549121512201	1.0000576166168742
5.7892911674671037	0.9998635195188098
5.7937878737176574	0.9999889295582962
5.7976379939150569	0.9999365454694522
5.8012733234666474	1.0000202203817818
5.8048767547597508	0.9999600730998128
5.8085248455103375	1.0000203215230750
5.8122750081714143	0.9999785635124377
5.8161934220099258	1.0000112711118050
5.8204356161862654	0.9999483281369624
5.8273682997689695	1.0001292836815419
5.8320719807213202	1.0000196807627957
5.8362386083900493	1.0000417511997672
5.8403142804094639	0.9999976099495058
5.8446107277755095	1.0000576499891907
5.8515944769805532	0.9998724149644458
5.8563961514780933	0.9999766937784615
5.8607176475330105	0.9999615997653843
5.8650950535127846	1.0000423754574630
5.8721094405981571	0.9998586558749327
5.8767476258685862	0.9999813046558983
5.8807535436196581	0.9999442377157892
5.8845633290778752	1.0000098151074743
5.8883819179078198	0.9999733856890965
5.8923283121799974	1.0000085852473075
5.8965800879437413	0.9999464777101129
5.9034723970076231	1.0001373170544328
5.9079073627593486	1.0000074404819490
5.9116733506940671	1.0000693342464910
5.9151968901878123	0.9999701841863846
5.9186424364013481	1.0000525787166195
5.9220690291014373	0.9999610103274873
5.9254980055188486	1.0000451335526266
5.9289388384579080	0.9999595420030396
5.9323941775828866	1.0000410058786684
5.9358680094602745	0.9999607669987491
5.9393616192624412	1.0000376308571768
5.9428801764839241	0.9999635421133565
5.9464272987555322	1.0000335811034213
5.9500121697052828	0.9999681812530071
5.9536445619814176	1.0000273704818092
5.9573440245729552	0.9999762369466739
5.9611389003247934	1.0000167849679940
5.9650882827115641	0.9999862170920802
5.9693371618165907	1.0000509662331869
5.9762447091224224	0.9998660131587648
5.9808462750585853	0.9999856728425972
5.9848092016815988	0.9999416245445405
5.9885333581850153	1.0000183336465915
5.9921932843050891	0.9999610966764181
5.9958587508569376	1.0000226554650062
5.9995744428678801	0.9999739844617128
6.0033774969008382	1.0000153854086129
6.0073310176166039	0.9999854814451492
6.0115811107636308	1.0000506939006284
6.0185064561438129	0.9998692305470425
6.0232256320838991	0.9999807595695900
6.0273670842978229	0.9999534300568979
6.0313367774714584	1.0000044549249880
6.0353550423250804	0.9999791321823960
6.0396273983948738	1.0000482669267370
6.0465544699996414	0.9998648739356882
6.0511890162668882	0.9999840860021293
6.0551877531313112	0.9999433521667596
6.0589523903073133	1.0000158836596278
6.0626622923885796	0.9999645134778022
6.0663943426005451	1.0000182364828929
6.0702058642000098	0.9999798933261566
6.0741613214993384	1.0000114976906231
6.0784135473832688	0.9999471644554855
6.0853209349568331	1.0001324274721204
6.0899417400253055	1.0000137617560465
6.0939268810092742	1.0000556817379844
6.0976815919549479	0.9999824339389576
6.1013811492899883	1.0000346812861105
6.1051060631628742	0.9999803931095215
6.1089105296564137	1.0000191164153591
6.1128630827668422	0.9999874187449808
6.1171132650381681	1.0000516057163304
6.1240118182767445	0.9998642915637106
6.1285517059420069	0.9999878201476301
6.1324393013635943	0.9999373745029875
6.1360886037252209	1.0000214061410619
6.1396787173402716	0.9999575395430864
6.1432820256981060	1.0000248828512184
6.1469455005734197	0.9999721732038540
6.1507087627193266	1.0000160258626876
6.1546377583735321	0.9999854801916186
6.1588812824868011	1.0000498255204511
6.1657113515438020	0.9998501804167759
6.1698366766722783	1.0000035321702665
6.1732781601572215	0.9999060887065281
6.1764988804144778	1.0000452196074585
6.1796647597813035	0.9999252158240824
6.1828267653096685	1.0000541268807195
6.1860063727831269	0.9999359246306083
6.1892079615194548	1.0000544037079020
6.1924362300170319	0.9999426223653625
6.1956905125203559	1.0000518445966522
6.1989736497338113	0.9999477550579853
6.2022850651958690	1.0000481390753502
6.2056281509868541	0.9999525453213368
6.2090036539397504	1.0000436205049039
6.2124167666187144	0.9999578146143818
6.2158710322777511	1.0000379211169075
6.2193757117749939	0.9999645548864809
6.2229407813133575	1.0000299013413387
6.2265861692419744	0.9999745703391961
6.2303410650343318	1.0000174891544351
6.2342661359674061	0.9999862607968534
6.2385084462603322	1.0000501289431065
6.2454038080810887	0.9998625621054049
6.2498777678369057	0.9999896060988621
6.2536938869035090	0.9999326859282264
6.2572663356171994	1.0000260626247341
6.2607622129928053	0.9999496589160125
6.2642375676169060	1.0000350102340492
6.2677169897174672	0.9999569590678086
6.2712064740712377	1.0000365230247357
6.2747111492763405	0.9999607507122882
6.2782307798584407	1.0000356758829563
6.2817684130646763	0.9999634649387132
6.2853241127508364	1.0000337584346528
6.2889022167930673	0.9999662974496467
6.2925052112999342	1.0000307327252160
6.2961412205180416	0.9999703144788858
6.2998187375368557	1.0000256036156205
6.3035559865574671	0.9999773304008662
6.3073796917205369	1.0000162578274296
6.3113469492277003	0.9999861628026087
6.3156006628173884	1.0000515709588522
6.3225092467648629	0.9998670746766514
6.3271584845882263	0.9999850989224591
6.3311621173751007	0.9999427119758850
6.3349047647222134	1.0000195819988333
6.3385517896103662	0.9999580322641644
6.3421614269051370	1.0000291239676267
6.3457601681573266	0.9999631832853730
6.3493549405467764	1.0000318284797896
6.3529511349865055	0.9999650578104298
6.3565481413524925	1.0000325126820206
6.3601481009384786	0.9999658238816731
6.3637494078524020	1.0000325742926124
6.3673537817746784	0.9999662294766187
6.3709596057179416	1.0000324237711622
6.3745686660727889	0.9999665468661560
6.3781795157393866	1.0000321598184514
6.3817941575754862	0.9999669035912450
6.3854114384029721	1.0000317625093187
6.3890337555987502	0.9999674100723499
6.3926604923640644	1.0000311296288389
6.3962948062094416	0.9999682362897779
6.3999371534288096	1.0000300367398522
6.4035922726875398	0.9999697137664730
6.4072629515801136	1.0000280051466497
6.4109575365043661	0.9999725581317944
6.4146845122371721	1.0000239523635484
6.4184618762917642	0.9999784068459088
6.4223156361967941	1.0000157703221215
6.4263014439446300	0.9999861095482989
6.4305602594105817	1.0000521955090460
6.4374676829239057	0.9998677111783651
6.4421526101924922	0.9999846739198339
6.4461886073865591	0.9999438759651991
6.4499532973290465	1.0000194376334492
6.4536114514129199	0.9999580831542723
6.4572217775608065	1.0000298303233801
6.4608113077144553	0.9999621219474383
6.4643876387947543	1.0000334035019012
6.4679570203211103	0.9999631367844320
6.4715200979839027	1.0000347243559995
6.4750806990809009	0.9999634645615096
6.4786395282409535	1.0000349098056387
6.4822012766508159	0.9999641338277635
6.4857682184753491	1.0000339953446533
6.4893471140067414	0.9999658568773925
6.4929430599446327	1.0000315056771178
6.4965668178992360	0.9999695241536047
6.5002295111424555	1.0000263404956822
6.5039518626541035	0.9999768021245760
6.5077629530650754	1.0000165069595788
6.5117220259609727	0.9999861804638096
6.5159735912772838	1.0000512842931268
6.5228648422949034	0.9998633727494411
6.5273865108483413	0.9999893028742609
6.5312333703782128	0.9999334507806873
6.5348154412067050	1.0000269921342759
6.5383042190299046	0.9999485211856352
6.5417605334312681	1.0000368537612316
6.5452132616511314	0.9999550806304385
6.5486726308715042	1.0000383464878291
6.5521481216790054	0.9999593571301835
6.5556443788009240	1.0000363328677719
6.5591701752337146	0.9999639421557700
6.5627328287780955	1.0000316491325238
6.5663465657062590	0.9999706927983040
6.5700285856483864	1.0000231729161948
6.5738115906666579	0.9999818802330521
6.5777521513132005	1.0000126721193159
6.5819999223041057	0.9999481950086567
6.5889031398607134	1.0001337064870393
6.5934796370512405	1.0000126445585662
6.5974138782165603	1.0000586434580230
6.6011152106215851	0.9999798801072201
6.6047549472387699	1.0000386894479192
6.6084058358371438	0.9999758315987306
6.6121087746250344	1.0000253128475483
6.6159041282836100	0.9999834197180624
6.6198515631615127	1.0000134367234470
6.6241012447813068	0.9999483799777410
6.6309930177353476	1.0001358182611495
6.6355085969751295	1.0000098285657493
6.6393532456690760	1.0000652151116129
6.6429417689844774	0.9999727020355064
6.6464413129130628	1.0000493189913042
6.6499156960718881	0.9999635352949090
6.6533912636127308	1.0000418692287996
6.6568829934833955	0.9999631217166173
6.6603999121734470	1.0000361467026477
6.6639541064450540	0.9999671062516045
6.6675577496602116	1.0000288465703477
6.6712322320019890	0.9999755701549294
6.6750077072521634	1.0000172316414491
6.6789450048821761	0.9999862862318621
6.6831906652121482	1.0000505716595431
6.6900837962777215	0.9998627040735693
6.6945705142839342	0.9999892612980287
6.6984005243664235	0.9999339007964179
6.7019936194321117	1.0000241035681789
6.7055255752802951	0.9999535147828509
6.7090630324435221	1.0000290497207724
6.7126446599445524	0.9999664510955496
6.7162964837716377	1.0000227245223525
6.7200557972366832	0.9999805902216424
6.7239815320005514	1.0000121956314900
6.7282253900789559	0.9999484797408912
6.7351676659915469	1.0001270136887086
6.7399644542176356	1.0000228596251222
6.7442864992352725	1.0000375417158913
6.7486649086837396	0.9999564198777129
6.7556609819419648	1.0001426067280317
6.7602314990994152	1.0000142412426596
6.7641274225231607	1.0000629020526921
6.7677866387175429	0.9999791737630399
6.7713886292558731	1.0000410429913700
6.7750078677473988	0.9999751320876645
6.7786857102225007	1.0000263132451785
6.7824626528823551	0.9999832514846005
6.7863989537085354	1.0000134949828221
6.7906455984814027	0.9999487986176615
6.7975773994771034	1.0001288104828463
6.8023240600402612	1.0000202041686976
6.8065293966548674	1.0000408848912801
6.8106291341646479	0.9999973164360149
6.8149320827981690	1.0000582962541600
6.8218765157279790	0.9998660897859388
6.8264732572755369	0.9999870290521979
6.8304133640910045	0.9999399335754613
6.8341020251788258	1.0000211352283828
6.8377086566528096	0.9999565709482493
6.8412922187301612	1.0000293916631833
6.8448797171239235	0.9999635154759142
6.8484792004820303	1.0000303834867621
6.8520981766633833	0.9999675578086331
6.8557395292016450	1.0000285704187748
6.8594111233192159	0.9999715903359871
6.8631205460253248	1.0000243031867895
6.8668849628365676	0.9999780480360396
6.8707296959626802	1.0000158604652107
6.8747101318273094	0.9999861099031386
6.8789674218747523	1.0000520134146138
6.8858836644488104	0.9998691562899743
6.8906153586331316	0.9999823496909053
6.8947331431775707	0.9999497593962079
6.8986189956382002	1.0000115347544345
6.9024535459605421	0.9999711912283077
6.9063243202717315	1.0000122941500222
6.9103142049819652	0.9999840798736617
6.9145748951928354	1.0000510522673964
6.9214985364026962	0.9998694062112303
6.9262564147026557	0.9999804736800667
6.9304307521392960	0.9999543099990443
6.9344228548416673	1.0000044384160511
6.9384539502640887	0.9999792537744758
6.9427299977537906	1.0000487746148488
6.9496747861792718	0.9998686659886218
6.9544509714681562	0.9999782641394647
6.9586767880705205	0.9999581191018363
6.9627854318816720	1.0000016802787952
6.9670925003592039	0.9999404290914121
6.9740784858491889	1.0001249067039217
6.9789804900602936	1.0000229185357690
6.9835568174711753	1.0000801562336827
6.9906885129164413	0.9998650708741404
6.9954360678400462	0.9999838999299924
6.9995266631319666	0.9999507437284687
7.0034356201107606	1.0000057231477575
7.0074119166234601	0.9999791294617665
7.0116736413509066	1.0000466862892159
7.0186377066618517	0.9998690649836623
7.0233965492038246	0.9999750576856614
7.0276899819573524	0.9999603275839760
7.0320597991869054	1.0000404588336733
7.0390662074437698	0.9998549308952712
7.0435665644940011	0.9999848891226052
7.0474179975308004	0.9999346946639115
7.0510585052095616	1.0000189016627046
7.0546605133164055	0.9999579400483004
7.0582787948127237	1.0000249275569932
7.0619344998546945	0.9999688914705771
7.0656278625689151	1.0000251970955958
7.0693570224802142	0.9999742364538179
7.0731133350709179	1.0000250899005694
7.0768910005807264	0.9999767116287362
7.0806808759940258	1.0000255797961557
7.0844787567142191	0.9999777095591347
7.0882791684651547	1.0000260608145413
7.0920833605237954	0.9999784228719049
7.0958929878968977	1.0000252188064485
7.0997183470122716	0.9999804257455187
7.1035730984367023	1.0000210520595159
7.1074860264163133	0.9999860509086610
7.1115068747627417	1.0000145707418020
7.1157768090699163	0.9999466482053961
7.1229623090840688	1.0000766293557830
7.1276759649023305	0.9999803018514708
7.1318111742949339	0.9999879948506876
7.1359234779497696	0.9999621895909943
7.1399484203366397	0.9999894711692545
7.1439429082404127	0.9999928892298489
7.1480123413109808	1.0000449971003988
7.1522833081267745	1.0000091039360044
7.1597009102699429	1.0002028887861738
7.1648490206561828	0.9999115179773285
7.1698465723323785	1.0002778462972346
7.1738962105903425	1.0000472177530924
7.1776858600105369	1.0000517203753334
7.1813084627201160	0.9999522825097933
7.1849181890266447	1.0000059240823340
7.1885807283435490	0.9999524374578816
7.1923289157920340	1.0000059034385931
7.1961680884262238	0.9999779062270659
7.2000964691782086	1.0000211913842270
7.2041239788260603	1.0000042961312705
7.2082222500429394	1.0000176258205262
7.2125263965810218	0.9999511205992468
7.2201948789598047	1.0001485094677474
7.2246614948898573	1.0000233153511136
7.2283686636926232	1.0000906079562681
7.2316391661947224	0.9999461850816450
7.2348916986605634	1.0000402630929215
7.2383054863401908	0.9999576484818344
7.2419379544717914	1.0000010278649876
7.2457794146210643	0.9999803538117376
7.2497816502970078	0.9999921406775726
7.2539079540459923	0.9999597461490001
7.2580808021886467	0.9999885807932495
7.2622408284921018	0.9999669760552261
7.2663780977534866	1.0000075807521960
7.2705395434837357	0.9999928911696483
7.2748492990920699	1.0000822536105520
7.2813298243291182	0.9998535528014777
7.2942060345873116	0.9996140655752618
7.3091797152332036	0.9997346061310650
7.3195980004174617	1.0002505371722710
7.3247302975905937	1.0000818890087797
7.3286719271986316	1.0001250103107291
7.3323110155705242	1.0000224967230018
7.3358568950351355	1.0000825792876731
7.3393817365341754	0.9999936387749243
7.3429133837846514	1.0000575734322665
7.3464713439293483	0.9999819959261464
7.3500729362018173	1.0000397633263294
7.3537424902182993	0.9999826276505607
7.3575129405930317	1.0000223713073029
7.3614466946527184	0.9999896498282099
7.3656915250058361	1.0000526416863249
7.3725879241231835	0.9998642710916115
7.3770888792831757	0.9999888214771324
7.3809481477055572	0.9999371634695564
7.3845892467052563	1.0000204245352708
7.3881949284509219	0.9999602491140436
7.3918430655232292	1.0000205569266474
7.3955923830659733	0.9999786542358543
7.3995100476311784	1.0000113724361892
7.4037520927355986	0.9999484387622422
7.4106035121824361	1.0001446551851347
7.4148301867181630	1.0000000212799485
7.4183796607312660	1.0000840273685354
7.4217072848628822	0.9999605525332607
7.4249772399065153	1.0000648018786298
7.4282461663873152	0.9999525239674626
7.4315343410433803	1.0000540670041995
7.4348516534849134	0.9999531919710041
7.4382019768972478	1.0000466379381683
7.4415914001082522	0.9999573160925090
7.4450241635064263	1.0000395945588154
7.4485097985279092	0.9999639707836672
7.4520586213599689	1.0000307814173897
7.4556908037576335	0.9999742853493564
7.4594358966416019	1.0000177751799897
7.4633550101027994	0.9999863474161433
7.4675957294904407	1.0000499833563994
7.4744967507311983	0.9998633772833495
7.4789919833989300	0.9999881648603776
7.4828475581760276	0.9999362906489400
7.4864805315586667	1.0000211994239976
7.4900656281282085	0.9999575975947834
7.4936707716073148	1.0000244507268756
7.4973393491911020	0.9999724317938571
7.5011081302942682	1.0000158687502492
7.5050409619494296	0.9999854762986775
7.5092854156727702	1.0000499728354910
7.5162118653922514	0.9998684874714672
7.5208902728380096	0.9999812176103468
7.5249934464347543	0.9999521916862099
7.5289348671581537	1.0000045866435983
7.5329362650550369	0.9999790137361373
7.5372039462217826	1.0000476344826377
7.5441731908368315	0.9998720618752291
7.5490577549269560	0.9999747802679602
7.5536305095475536	0.9999188100038459
7.5607531222854671	1.0001359363800466
7.5654030534591428	1.0000099633893154
7.5693252131949267	1.0000616281291548
7.5729705953791537	0.9999745561470620
7.5765189777191457	1.0000463312279044
7.5800365264227887	0.9999653013252287
7.5835471563269996	1.0000404239849290
7.5870608852033214	0.9999630480615397
7.5905795885007166	1.0000378432881540
7.5941058073146639	0.9999628877677953
7.5976385816169163	1.0000363840203690
7.6011800632392958	0.9999635097565160
7.6047296252310028	1.0000351014505551
7.6082904119047443	0.9999647032699344
7.6118631554754028	1.0000334159230659
7.6154529606599484	0.9999667430895378
7.6190632535774929	1.0000306678391919
7.6227031291883982	0.9999703827131814
7.6263820814397789	1.0000256682825508
7.6301192860259244	0.9999773000068271
7.6339423279808525	1.0000162977128957
7.6379089920852197	0.9999861735360452
7.6421625809561400	1.0000515560115264
7.6490676429980899	0.9998663641863976
7.6536925026422953	0.9999858680887658
7.6576656374719461	0.9999410673890161
7.6613778383114619	1.0000207492689415
7.6649973486993472	0.9999567553369225
7.6685849255490712	1.0000296914037707
7.6721701189365055	0.9999631682643390
7.6757639319612325	1.0000307465433222
7.6793773286309586	0.9999675077216712
7.6830174937862816	1.0000280786220221
7.6866980158945557	0.9999730298194363
7.6904348506542695	1.0000214761823791
7.6942591488421588	0.9999825599032546
7.6982251011079974	1.0000127135209469
7.7024797673832639	0.9999473300271158
7.7093875544403261	1.0001316888944185
7.7140487420252537	1.0000144753937255
7.7180720097930751	1.0000543878265178
7.7218514736619532	0.9999822475609723
7.7255568825505190	1.0000357346092599
7.7292617661417493	0.9999773887692690
7.7330075066199386	1.0000239424905375
7.7368343992288313	0.9999838424804632
7.7408010287584137	1.0000134268366805
7.7450559708818369	0.9999477074642482
7.7519452119774028	1.0001354377647955
7.7564849484763698	1.0000097742001826
7.7603416970781574	1.0000653407279996
7.7639260292905892	0.9999712390038793
7.7674051960332031	1.0000516239677315
7.7708428075576279	0.9999600485415892
7.7742638957773380	1.0000466176791520
7.7776809032971457	0.9999569619111409
7.7810987611049178	1.0000441424199393
7.7845231603226654	0.9999569331515338
7.7879564463596873	1.0000419956379034
7.7914040224913759	0.9999585721479265
7.7948687333790554	1.0000392094341810
7.7983573868498608	0.9999616931753028
7.8018750461481252	1.0000350499453265
7.8054321871866348	0.9999668381196578
7.8090397304797889	1.0000283452719765
7.8127182608395351	0.9999755679888367
7.8164971600491162	1.0000170720145725
7.8204366706333248	0.9999862355946153
7.8246829005878951	1.0000506254122405
7.8315826380933187	0.9998640576453579
7.8361133236289344	0.9999880847986775
7.8399878490632169	0.9999359477015960
7.8436121550463742	1.0000239836291145
7.8471538279507511	0.9999523625687330
7.8506701990502785	1.0000330717604173
7.8541867452615861	0.9999590356715836
7.8577098135538934	1.0000348947700599
7.8612444538188724	0.9999622372263020
7.8647898988786853	1.0000345653207634
7.8683481720417374	0.9999641764248013
7.8719176238038200	1.0000335817284041
7.8754999303037723	0.9999656678622887
7.8790934821989556	1.0000323886818292
7.8827000909484966	0.9999670259105357
7.8863183863008564	1.0000310869332021
7.8899505210826124	0.9999684135522741
7.8935955989452884	1.0000296262687836
7.8972565123134668	0.9999700118846276
7.9009334910424007	1.0000277900096535
7.9046312880420588	0.9999722035396403
7.9083531607752500	1.0000249835727038
7.9121090580738711	0.9999759698076420
7.9159112968468754	1.0000196506933765
7.9197869582562195	0.9999834229621091
7.9237853489854002	1.0000127623040358
7.9280488380636056	0.9999461752975829
7.9349837479662018	1.0001250049243029
7.9399138118732751	1.0000225807787080
7.9444962908489849	1.0000814816228072
7.9514242934523010	0.9998337343891313
7.9662718027157515	0.9995962042367700
7.9779521408508653	0.9997228366578187
7.9814493510121602	0.9999258525313165
7.9850784825854202	0.9999018463583398
7.9892873075204838	0.9999660532855487
7.9966731057727172	0.9998202478022655
8.0000632529749574	1.0000208785460230
8.0032362434682867	0.9999059949494622
8.0064683888958275	1.0000288363751610
8.0098439153882186	0.9999533230900134
8.0134027042349469	1.0000147942146296
8.0172122725469279	0.9999814475134343
8.0214239928384163	1.0000419607014135
8.0283929396533651	0.9998677173545178
8.0330346335394900	0.9999738038575882
8.0372542508587763	0.9999581730586508
8.0416038260393972	1.0000351603947617
8.0489321159381841	0.9999051306431400
8.0536012259241474	1.0000030063915830
8.0576184560486741	0.9999523583202301
8.0610897491493834	1.0000538269357269
8.0642823124605947	0.9999064646028136
8.0674597305133258	1.0000100850739571
8.0707620691652302	0.9999072228380215
8.0742301731886048	0.9999730606224447
8.0778628561167594	0.9999231948712917
8.0816480675375608	0.9999687935211292
8.0856029387216317	0.9999514657960114
8.0898506125557184	1.0000358860723371
8.0967778874242047	0.9999040886784848
8.1015041210963954	0.9999320091158365
8.1058260646780411	0.9999619952750967
8.1099856991583934	1.0000358531732021
8.1140336647698881	1.0000119424921172
8.1180291672311693	1.0000518743233620
8.1220872862503573	1.0000229973845869
8.1263666370357104	1.0000990049043228
8.1326902312516225	0.9998448306043936
8.1451203615800125	0.9996416904275571
8.1495902557994953	0.9998643265071123
8.1534005267090794	0.9998538547356657
8.1568810752657885	0.9999909220305766
8.1602378128890898	0.9999100270903967
8.1635647299984502	1.0000237943496040
8.1669133559012277	0.9999366373310383
8.1702970083185544	1.0000315741516308
8.1737209550426968	0.9999503022101253
8.1771798698421119	1.0000329889537569
8.1806712052208930	0.9999575732211985
8.1841889584814229	1.0000326867529254
8.1877316562379896	0.9999619718909820
8.1912954587978124	1.0000317254820863
8.1948808607049752	0.9999651672816141
8.1984858444759361	1.0000303173607676
8.2021125261786363	0.9999679728606172
8.2057605704761691	1.0000283807194537
8.2094342407937955	0.9999710238530418
8.2131363564909172	1.0000254170090732
8.2168764348586780	0.9999754152094853
8.2206664307762765	1.0000199148155806
8.2245332049673170	0.9999833464553007
8.2285261752753023	1.0000128511709236
8.2327881385593891	0.9999465061853809
8.2394973881906317	1.0001673519821079
8.2547641317857341	1.0004297921910723
8.2654676950202273	1.0003037624306717
8.2691640612939850	1.0000890618782172
8.2725834578573352	1.0001345981074439
8.2760103226129864	1.0000090876006724
8.2794942367185698	1.0000596866629419
8.2830283475542590	0.9999718313938198
8.2866019130367814	1.0000285994769804
8.2902047350241563	0.9999579856768356
8.2938311415185204	1.0000175921173307
8.2974796837193008	0.9999564563840466
8.3011500657317807	1.0000150785571924
8.3048453363289081	0.9999610159499458
8.3085666682005890	1.0000159888485172
8.3123175902996778	0.9999682003709349
8.3160981244852046	1.0000182888863389
8.3199105132680238	0.9999759168641212
8.3237532589390337	1.0000209140936731
8.3276281372782286	0.9999830229386960
8.3315345916963874	1.0000226717127174
8.3354788765497059	0.9999896300705299
8.3394715847322995	1.0000214806126060
8.3435488915315759	0.9999945151650482
8.3478326881834128	1.0000643883969502
8.3547331420221393	0.9998796757635031
8.3595995045441800	0.9999905462414990
8.3638275938771312	0.9999591915487592
8.3677683647796481	1.0000198458060372
8.3716008470149266	0.9999737166976773
8.3754131741940405	1.0000218158637804
8.3792744912020645	0.9999840891879641
8.3832574860036413	1.0000139935726184
8.3875178515607036	0.9999475776777128
8.3944172476984171	1.0001329890750321
8.3990357526373884	1.0000120207965506
8.4030014654793224	1.0000562369321915
8.4067189395759847	0.9999776410802849
8.4103579405849729	1.0000378730142985
8.4139860037435135	0.9999705493765345
8.4176330903049834	1.0000284780042468
8.4213191249303954	0.9999726278136902
8.4250618813693219	1.0000198639558957
8.4288915351998668	0.9999809699345574
8.4328611473544690	1.0000109011203957
8.4371167180038746	0.9999454112163837
8.4440449716929180	1.0001260560454721
8.4488534534284749	1.0000190922558190
8.4531147388265495	1.0000383582452459
8.4572495862232326	0.9999957697642411
8.4615621545340769	1.0000583280958930
8.4685381299750038	0.9998726476845893
8.4735520607022465	1.0000268252917375
8.4809935684863067	0.9998290624070421
8.4858624800905051	0.9999762637222530
8.4898745232511459	0.9999306944936586
8.4935413150854728	1.0000215601468501
8.4970813168499202	0.9999482046959464
8.5005730009329508	1.0000337329767490
8.5040519523538123	0.9999547103523370
8.5075297671720467	1.0000364439164966
8.5110149214682700	0.9999578152611545
8.5145092351502960	1.0000360296673565
8.5180170219893352	0.9999599964829302
8.5215390082486966	1.0000343088435388
8.5250795536358233	0.9999623128233155
8.5286405192497341	1.0000316070857882
8.5322283895902373	0.9999655535450591
8.5358485926306216	1.0000274029543361
8.5395135071947159	0.9999709526717668
8.5432385133229349	1.0000200784290616
8.5470543428157537	0.9999806800719011
8.5510152203567831	1.0000109456957931
8.5552684679692632	0.9999457718692683
8.5622120030532454	1.0001235460568141
8.5671117937699766	1.0000217412392418
8.5716863022247072	1.0000793161227430
8.5788429372256072	0.9998701710045774
8.5838431531379875	0.9999762424353658
8.5884517394319211	0.9999169486576147
8.5956114655405056	1.0001314749491204
8.6004776967686460	1.0000162632161305
8.6046850418644940	1.0000437075622948
8.6086868460972283	0.9999934844657398
8.6127182085583076	1.0000191162259680
8.6169960775793708	0.9999498679191259
8.6239197793146349	1.0001342880135988
8.6285537165741566	1.0000152695150186
8.6325628354712585	1.0000533379229581
8.6363739426744370	0.9999881939389765
8.6401889946097192	1.0000253764822715
8.6441339013899920	0.9999903260425751
8.6483841936801120	1.0000525275044270
8.6553195366597855	0.9998694339528543
8.6599949753822898	0.9999803331221734
8.6641339749025423	0.9999569665050068
8.6681897482428010	1.0000016652272081
8.6724824122842818	0.9999424036760163
8.6794316729029450	1.0001342303948029
8.6839829792049077	1.0000149401988063
8.6879471589796946	1.0000524351632558
8.6917823104779810	0.9999939093161874
8.6957180035577899	1.0000208881707771
8.6999693418687727	0.9999542334382121
8.7068985162898169	1.0001373929520394
8.7114063760827776	1.0000159990860391
8.7153419836253470	1.0000540028488667
8.7191604775082734	0.9999942593301501
8.7230875405217958	1.0000211157640713
8.7273363571110174	0.9999545511654579
8.7343208772446790	1.0001271261143863
8.7393184496204253	0.9999757360192930
8.7466880999462493	1.0001861963032459
8.7509601365116954	1.0000090067157696
8.7544071082209971	1.0001042649956986
8.7576138153886713	0.9999584564361370
8.7607693688785986	1.0000775773082053
8.7639297193352306	0.9999472377266978
8.7671099423672878	1.0000642911731124
8.7703135151017246	0.9999452788265099
8.7735378256288534	1.0000576806128223
8.7767819428355835	0.9999459018332169
8.7800420736223348	1.0000540642530664
8.7833178739207600	0.9999471843271496
8.7866063097680858	1.0000517298999032
8.7899080911929612	0.9999486401444269
8.7932212187615715	1.0000498321269491
8.7965475115793108	0.9999502922923846
8.7998861099028431	1.0000478587211776
8.8032400287362940	0.9999523582280619
8.8066097132184389	1.0000454035370239
8.8099996178593951	0.9999551593453251
8.8134119103929542	1.0000420394852099
8.8168531629366420	0.9999591572880397
8.8203284078716759	1.0000371584951044
8.8238482835449261	0.9999651509466947
8.8274240492384841	1.0000296137422111
8.8310767371905037	0.9999747788435503
8.8348363813764408	1.0000174411267635
8.8387641534697181	0.9999862735835704
8.8430072269525919	1.0000502341967767
8.8498827722824114	0.9998589639962880
8.8542487413347697	0.9999937964170517
8.8579392691607879	0.9999243247515801
8.8613880410675794	1.0000323998417435
8.8647656222954634	0.9999417887540097
8.8681296306669957	1.0000409852009664
8.8715067465014155	0.9999509560443022
8.8749060348574211	1.0000407881673492
8.8783368179912721	0.9999575650579909
8.8818043375512215	1.0000367674610739
8.8853190626030703	0.9999646052753988
8.8888916185656814	1.0000294507605845
8.8925424874372823	0.9999746123502874
8.8963011563978416	1.0000173650889261
8.9002284462405541	0.9999862228682732
8.9044713656191394	1.0000501859886561
8.9113704906675846	0.9998633548563911
8.9158714556441474	0.9999884762316195
8.9197228990169890	0.9999352721164896
8.9233379905779469	1.0000232235186162
8.9268875469994473	0.9999540670188453
8.9304332269182574	1.0000295814923550
8.9340075616011045	0.9999646787058944
8.9376278657091728	1.0000263054634528
8.9413169361875173	0.9999750313909879
8.9451038969111458	1.0000164321444105
8.9490484583345182	0.9999859577965267
8.9532960088072571	1.0000506529005913
8.9602469722220004	0.9998738803395951
8.9651303205268782	0.9999755151938724
8.9697022345790902	0.9999189858921932
8.9768419921764195	1.0001322718733736
8.9816305288209222	1.0000151431722346
8.9857489441004788	1.0000487740663637
8.9896427232658009	0.9999892005140119
8.9935180812498512	1.0000235628994298
8.9974994057621842	0.9999896612175728
9.0017594744095408	1.0000532462784950
9.0087104434009220	0.9998735704979101
9.0137109621688900	1.0000264030967687
9.0216489644673814	0.9999101397537939
9.0266848999799763	0.9999862501135423
9.0349084356116052	0.9997370082845187
9.0379577741371246	0.9999857239445051
9.0410087002447046	0.9998513836297487
9.0442099304835217	0.9999769894455049
9.0475517026587706	0.9999002291273270
9.0509754330248793	0.9999947648288955
9.0544482739589469	0.9999263568511475
9.0579400197300544	1.0000138449150731
9.0614337700657064	0.9999423431974092
9.0649188588810805	1.0000291465075497
9.0683939982762674	0.9999520364922904
9.0718583313861600	1.0000386016887548
9.0753160936614332	0.9999573928813433
9.0787684800198267	1.0000430318920528
9.0822201711888138	0.9999599518055133
9.0856719981233773	1.0000440697115782
9.0891280444958262	0.9999610179588594
9.0925886884445468	1.0000431337439872
9.0960576371710005	0.9999615968550701
9.0995352221506423	1.0000411403625111
9.1030252695331022	0.9999623968328634
9.1065286325453254	1.0000384934797570
9.1100500139682214	0.9999639578519636
9.1135917661553485	1.0000351079485283
9.1171609296231484	0.9999668942550474
9.1207635351381491	1.0000303076502699
9.1244125849642170	0.9999723355539507
9.1281241129810748	1.0000223962397197
9.1319295569526098	0.9999823346882981
9.1358839679760884	1.0000127123912499
9.1401354702109323	0.9999477198445480
9.1470381527976983	1.0001331733676126
9.1516414816094436	1.0000128765868548
9.1555956829053109	1.0000582527700113
9.1593037686189511	0.9999791793646854
9.1629350456511975	1.0000402186602428
9.1665596007850887	0.9999732079686758
9.1702128671689156	1.0000295416156975
9.1739238650779793	0.9999778833874245
9.1777255114769183	1.0000175663156134
9.1816784668196743	0.9999867194542276
9.1859284239459207	1.0000513917091509
9.1928023161217283	0.9998599833839015
9.1972079960123203	0.9999936292670035
9.2009209956482430	0.9999248159168487
9.2043715076851509	1.0000339236438343
9.2077331266725171	0.9999398122658628
9.2110661874829649	1.0000442084267238
9.2143990643655318	0.9999471591315867
9.2177417356044913	1.0000454612612342
9.2211035527755598	0.9999522418080273
9.2244886897833087	1.0000429967042077
9.2279050162882186	0.9999574170253889
9.2313580793156511	1.0000380643658480
9.2348588635788946	0.9999641634321248
9.2384187366696526	1.0000301757387733
9.2420588091909419	0.9999743574184572
9.2458092250963499	1.0000175993699865
9.2497314312242693	0.9999862842984448
9.2539730049313640	1.0000500495480558
9.2608972594278534	0.9998678474395136
9.2655425436189205	0.9999818333158961
9.2696126417233273	0.9999510537051217
9.2735285797149061	1.0000047953111462
9.2775145078889913	0.9999789325186210
9.2817780012556543	1.0000470720586239
9.2886921190289300	0.9998610475599242
9.2931821169102715	0.9999879293128122
9.2970233197520695	0.9999347876979393
9.3006393869644750	1.0000217872221329
9.3042076763228270	0.9999565312062508
9.3077973740040676	1.0000249790541649
9.3114527774184541	0.9999719179666483
9.3152114484357931	1.0000160276088093
9.3191380478171340	0.9999854759736037
9.3233808460733041	1.0000497604141656
9.3302585129303868	0.9998590326511698
9.3346287273993127	0.9999936501943162
9.3383225232185954	0.9999243362381137
9.3417708482041260	1.0000328267873067
9.3451423684659964	0.9999408993834958
9.3484929615989429	1.0000425357354381
9.3518474487134373	0.9999486801724246
9.3552127869267281	1.0000439593313339
9.3585956844750271	0.9999533526349863
9.3619978836801270	1.0000422851269859
9.3654248297733673	0.9999574740626680
9.3688794518955820	1.0000387457964788
9.3723694946083125	0.9999624750330538
9.3759018225385979	1.0000330907671067
9.3794903743509632	0.9999698238979402
9.3831523357342270	1.0000238306258566
9.3869205734709187	0.9999816550823221
9.3908521844265938	1.0000126806513769
9.3950975292482557	0.9999485191858155
9.4019791069238270	1.0001381833901666
9.4064077719523755	1.0000072345480069
9.4101622009457131	1.0000704252646289
9.4136715700382236	0.9999694708853901
9.4171035997268859	1.0000533282896460
9.4205207183699233	0.9999609711387243
9.4239480640773952	1.0000444966634872
9.4273995814573706	0.9999613685802656
9.4308834547183178	1.0000377111817569
9.4344109376770007	0.9999660797857584
9.4379934946178743	1.0000296364718526
9.4416518944984595	0.9999751370760235
9.4454159229708896	1.0000174442826371
9.4493463893767089	0.9999863110669914
9.4535901819496591	1.0000503454078087
9.4605421282608724	0.9998734568889993
9.4655380660111170	1.0000254248562477
9.4729842272062612	0.9998290568024872
9.4777853177725504	0.9999761782540186
9.4817615544363072	0.9999314545792267
9.4854382316251389	1.0000181674026785
9.4890371013271615	0.9999557169355083
9.4926438390429642	1.0000237554773992
9.4963096742891899	0.9999716657989327
9.5000748022496850	1.0000156558474174
9.5040050179325881	0.9999852975482659
9.5082488312811737	1.0000497668111255
9.5151230551315429	0.9998584431732280
9.5194802293999548	0.9999939910978901
9.5231620341773748	0.9999238085859269
9.5266051710355590	1.0000323406723826
9.5299820688331991	0.9999421374241106
9.5333524170448634	1.0000398780414284
9.5367455932208021	0.9999528638851913
9.5401742010139969	1.0000377545299690
9.5436524611164764	0.9999620428297896
9.5471927498703266	1.0000304068743247
9.5508169115046826	0.9999734936959653
9.5545554971925704	1.0000176221508950
9.5584705425076670	0.9999861759347659
9.5627101981057372	1.0000497272061468
9.5695575226513672	0.9998530371008629
9.5737494444996738	1.0000002923379232
9.5772646827693073	0.9999121350964677
9.5805570873078132	1.0000405969690669
9.5837929789833307	0.9999311889099108
9.5870247318842488	1.0000490813219218
9.5902752389573465	0.9999417741284142
9.5935504907693101	1.0000488166408465
9.5968571087456223	0.9999489249552497
9.6001970283862725	1.0000451839672986
9.6035764713479281	0.9999554199161065
9.6069995824293208	1.0000393812686679
9.6104763074470885	0.9999630468282064
9.6140171838194952	1.0000308382987746
9.6176427422147501	0.9999738747354145
9.6213828171245765	1.0000177482846848
9.6252988675719493	0.9999862632277935
9.6295387731667041	1.0000498090591681
9.6364738160339662	0.9998695663994408
9.6411747572801563	0.9999791253223322
9.6453419895278039	0.9999571402730042
9.6494165101282299	1.0000013013595681
9.6537139690384404	0.9999413037034017
9.6606367140356770	1.0001376316025583
9.6650684551744011	1.0000069700351797
9.6688286943921042	1.0000690414422431
9.6723574503636751	0.9999716105179144
9.6758261922671025	1.0000494915226124
9.6793005325371961	0.9999660226951425
9.6828101666293502	1.0000373759948800
9.6863763444549260	0.9999705427773465
9.6900195745266906	1.0000253727428554
9.6937736812414350	0.9999818993631566
9.6976967175802038	1.0000129283113450
9.7019397368209024	0.9999489411813037
9.7088179194731374	1.0001392618711744
9.7132097134921302	1.0000061179300876
9.7169268739362291	1.0000727940343408
9.7204019994927915	0.9999677158125484
9.7238005082749446	1.0000558680954128
9.7271818214153996	0.9999584707175930
9.7305678983866617	1.0000478320923378
9.7339691381361941	0.9999574315778148
9.7373893128520415	1.0000428709223594
9.7408337745565277	0.9999595091629397
9.7443054632383568	1.0000383316913817
9.7478116415233949	0.9999636361597936
9.7513588193500240	1.0000325523401978
9.7549604664372733	0.9999704453321574
9.7586333461755395	1.0000235219419418
9.7624098514199389	0.9999818242818552
9.7663465408232284	1.0000126924670703
9.7705932451412831	0.9999483406157142
9.7775031952401772	1.0001326133003809
9.7821139785563425	1.0000143523309877
9.7861028960581411	1.0000545887767776
9.7898803969114212	0.9999849297418012
9.7936272416998875	1.0000306275583255
9.7974352112095957	0.9999859901879317
9.8013855146927220	1.0000149631745077
9.8056365746844616	0.9999492528900034
9.8125384995013967	1.0001349344165327
9.8170917360090737	1.0000117835383149
9.8209911961271121	1.0000612887463447
9.8246476532651368	0.9999770490932514
9.8282290675080421	1.0000432224314162
9.8318018153822511	0.9999702474852549
9.8353962629915710	1.0000333324667758
9.8390338535729640	0.9999731011884707
9.8427346102490674	1.0000235020952586
9.8465314039607641	0.9999826054587292
9.8504804073054686	1.0000129510007434
9.8547304441379797	0.9999480467194565
9.8616604697708468	1.0001283404162402
9.8664297957358045	1.0000202728735892
9.8706551371772342	1.0000403906714341
9.8747672407115523	0.9999971257891647
9.8790735843197091	1.0000586107441343
9.8860155491813657	0.9998661071813122
9.8906225862520465	0.9999869648589770
9.8945705827618511	0.9999403993776704
9.8982680232916405	1.0000203817004143
9.9018908792932052	0.9999584222041761
9.9055067255278164	1.0000261252045581
9.9091544799253892	0.9999692752252634
9.9128597349888210	1.0000212814958234
9.9166587622085416	0.9999814140547141
9.9206086927606432	1.0000123126491567
9.9248590831032750	0.9999476981239011
9.9317441067549748	1.0001366823467828
9.9362274680994052	1.0000083333224867
9.9400292697494326	1.0000681808186207
9.9435694690169285	0.9999697649046770
9.9470152451789495	1.0000533567875707
9.9504288436683481	0.9999592997319832
9.9538341391695599	1.0000472301686325
9.9572426539076790	0.9999569659379134
9.9606586315859467	1.0000438710177260
9.9640872829052469	0.9999576392448428
9.9675307008781093	1.0000409726524260
9.9709943386023969	0.9999599897954368
9.9744814881441588	1.0000373911703626
9.9780000024026574	0.9999640135525375
9.9815568614279204	1.0000320973288463
9.9851659904310424	0.9999706548796512
9.9888444732100918	1.0000233438272959
9.9926249276862826	0.9999818766181161
9.9965639605476255	1.0000126910011311
