0.0000000000000000	0.0000000000000000
1.0599192751592854	0.0010000000000000
1.0663885421337849	0.0008333018016296
1.0716349756261359	0.0010361854334321
1.0758245106025999	0.0011489433563312
1.0798417336142261	0.0013914970023015
1.0839578691539771	0.0016463474137291
1.0882400333849926	0.0019630898233817
1.0926564378548873	0.0022878892908627
1.0972215354571546	0.0027262484438321
1.1015569391213231	0.0031960190482949
1.1059796965286717	0.0037165400798641
1.1106452285999500	0.0043350045919340
1.1191267316714655	0.0061528213371856
1.1275891775798947	0.0079982654328294
1.1318191820259864	0.0095588358962069
1.1356022361531393	0.0109320637542178
1.1395988487070103	0.0127043469339443
1.1439733243774262	0.0148055346423718
1.1485630664882156	0.0174325213983027
1.1544421286513904	0.0210842180352243
1.1598912824450429	0.0258278616835730
1.1649379232538213	0.0308456009032094
1.1694213039221577	0.0359739481059464
1.1736759070219143	0.0415381306850304
1.1778209738167855	0.0477727822208197
1.1821795961253214	0.0552030697090296
1.1868182179807287	0.0643344355470850
1.1966009667594750	0.0879093111743164
1.2025984440532187	0.1062172585925986
1.2153909719959817	0.1567198320162650
1.2212232977348778	0.1850340374599681
1.2268260840786700	0.2163275044354993
1.2324015135062594	0.2505099101536212
1.2375620664970310	0.2858813073121916
1.2424351611440110	0.3219747300241023
1.2498174317454189	0.3812886180716230
1.2551086736547705	0.4259286580035230
1.2600014023460069	0.4687157700516372
1.2640300949798782	0.5044661253159904
1.2684443589718084	0.5438132021115788
1.2728374968288105	0.5825709611691241
1.2776831455064912	0.6243848956029500
1.2830907669975675	0.6687629382456757
1.2983915179117700	0.7795492393459532
1.3099524278862364	0.8437769481953863
1.3163313182975651	0.8729793817322495
1.3352433718913497	0.9326730244134199
1.3395404951868450	0.9421260580008833
1.3441570218791044	0.9512079725963454
1.3489924861363001	0.9586534612496356
1.3524224614763989	0.9636770846402628
1.3561445833503625	0.9682067466280747
1.3601323971451404	0.9724846482627961
1.3644319351945751	0.9763090988165573
1.3690247523487351	0.9802462633434789
1.3738209290559631	0.9833268139976983
1.3786273730538825	0.9863849410381351
1.3830217774520073	0.9882079288623979
1.3874697157446245	0.9898518441775810
1.3917319383470514	0.9912955373999609
1.3958080580717738	0.9925699653528233
1.3996410492842803	0.9935082596094845
1.4032423798329181	0.9944136171695148
1.4067115548396574	0.9950194213393806
1.4101127079883096	0.9957109990387295
1.4135132925811289	0.9961469733825796
1.4169392292365344	0.9966956660191210
1.4204299789769805	0.9970367240664521
1.4240044139457912	0.9974698186488361
1.4277093367677485	0.9977581834109405
1.4316002025303967	0.9980945187658364
1.4358388509313293	0.9983150860156268
1.4427037623967169	0.9988740796686462
1.4472689151308065	0.9989534478016150
1.4512248330104762	0.9991413047783737
1.4550055011912744	0.9991961865061589
1.4588038129330265	0.9993398441028652
1.4627413765862349	0.9993996682243761
1.4669893471851920	0.9995494156135554
1.4739460399931750	0.9994850735400592
1.4788093167969218	0.9996463925470213
1.4833770269605382	0.9996552272765512
1.4912205350353627	0.9998909546228584
1.4952753417957152	0.9998787423573300
1.4992090065916006	0.9999601636147477
1.5032586252505544	0.9999731563490679
1.5073398906771101	0.9999861368061053
1.5114115580799572	0.9999323632731066
1.5153937477361454	0.9999654194481172
1.5192725461426266	0.9999089295447228
1.5230783746748524	0.9999596631003217
1.5268578800631698	0.9999107959187732
1.5306555991059780	0.9999598274651222
1.5345168280286168	0.9999266627202658
1.5385033000219397	0.9999613206811954
1.5427640883952864	0.9999003502789647
1.5496838135475688	1.0000900792343947
1.5544559565509666	0.9999840646014693
1.5586427345705778	1.0000132412051148
1.5626463792649903	0.9999666879155417
1.5666831332769009	0.9999945038457754
1.5709619792369995	0.9999272649797709
1.5778435056950586	1.0001219737228069
1.5823814293133798	0.9999965072032327
1.5862291015328969	1.0000542984016916
1.5898167212936243	0.9999635938768310
1.5933224724425490	1.0000402494825071
1.5968168088729238	0.9999595624809579
1.6003307964356857	1.0000330988087662
1.6038833448665584	0.9999644159642502
1.6074884274706474	1.0000263708706170
1.6111664084872472	0.9999741169794312
1.6149458717821794	1.0000159899643080
1.6188859715847583	0.9999855858483265
1.6231323094650543	1.0000502958509638
1.6295298743169042	0.9997723041762457
1.6347977283400998	1.0003430888879632
1.6381131799152184	1.0000316317188136
1.6418845681105423	1.0000637141542787
1.6460306211841120	0.9999783520172160
1.6502772131947852	1.0000164272238501
1.6548659994827355	0.9996731746750227
1.6596150618506700	0.9998652758025631
1.6644038684397247	0.9996585060324457
1.6692189362294587	1.0000223236356789
1.6740579872878303	0.9999798564412901
1.6796931470478345	1.0004009575917994
1.6852938068451440	0.9999895814019862
1.6907195118659029	1.0003569237854544
1.6994730673150806	0.9997081364415126
1.7050095454692149	0.9999559468701104
1.7092780943989179	0.9999729769857857
1.7132417508542597	1.0000136391680738
1.7170526020896055	0.9999426123737923
1.7206678112245430	1.0000154822397911
1.7241231316776626	0.9999212815540179
1.7275195775362251	1.0000137650027137
1.7309631718031298	0.9999396605664698
1.7345448376784878	1.0000021028472179
1.7383602727830321	0.9999727048981747
1.7425757576656704	1.0000385065949478
1.7495240636194249	0.9998643633888348
1.7539873625153697	0.9999841616640517
1.7579624883837601	0.9999559738635647
1.7619245739905081	1.0000041961721753
1.7661919289633456	0.9999487227785862
1.7730253924179631	1.0001617142015184
1.7768762343737652	0.9999906794852325
1.7801573047125985	1.0001010716693453
1.7833388813766196	0.9999621372617337
1.7865669271472193	1.0000637741016345
1.7898929040132858	0.9999659446465867
1.7933463145014670	1.0000357636973647
1.7969630407125299	0.9999809997594094
1.8008045800943941	1.0000135638136085
1.8050260016581390	0.9999517508543594
1.8118614026195083	1.0001506131907532
1.8158951655291198	0.9999955701934483
1.8193304672587201	1.0000871078395226
1.8226310326742192	0.9999649969621521
1.8259528262069065	1.0000554323219841
1.8293528986210965	0.9999672363144022
1.8328633130544034	1.0000321362773288
1.8365206448899696	0.9999810684280054
1.8403860043649054	1.0000133250019916
1.8446136298938398	0.9999511213181020
1.8515322950420592	1.0001344907563876
1.8560442308884757	1.0000152371710005
1.8599916847526672	1.0000525753585878
1.8638215566786505	0.9999939477962918
1.8677559220981765	1.0000207695234740
1.8720065697805590	0.9999541068468276
1.8788889725855209	1.0001458256379727
1.8831390339767491	1.0000042041931887
1.8867450427224368	1.0000787585744741
1.8901609902747816	0.9999693125009735
1.8935523993420673	1.0000538726262607
1.8969806737772563	0.9999665393878351
1.9004755718420097	1.0000368178777703
1.9040628573833309	0.9999749752607778
1.9077748465646107	1.0000197955626826
1.9116738887339788	0.9999872646564832
1.9159092949071823	1.0000498749275577
1.9227896290354480	0.9998588749726623
1.9271257100803838	0.9999937737273786
1.9308104322194293	0.9999257353836528
1.9342801498513955	1.0000293665831308
1.9377044877172076	0.9999469329996206
1.9411421721814697	1.0000343910443770
1.9446239717489993	0.9999602605867798
1.9481666496088632	1.0000292655182692
1.9517932872724659	0.9999730828474035
1.9555340345023289	1.0000173284165443
1.9594505258022734	0.9999860856734257
1.9636905240763276	1.0000497690544359
1.9706469488282665	0.9998736335584146
1.9756415460326031	1.0000250900902505
1.9831258903423807	0.9998342439679814
1.9881190164811877	0.9999688844850185
1.9924027945302245	0.9999518481431540
1.9965209732226623	0.9999989833960833
2.0008335041592118	0.9999395449577566
2.0078029837395137	1.0001305372444111
2.0124726293802184	1.0000163536232380
2.0165499589978508	1.0000475032455516
2.0204698602801709	0.9999939135689528
2.0244559228782490	1.0000198929313351
2.0287207956536695	0.9999517599956675
2.0356509595637471	1.0001344723529617
2.0402593962789122	1.0000157478964751
2.0442583868039135	1.0000532956311508
2.0480711207264717	0.9999886898260232
2.0518922471356431	1.0000250935806940
2.0558421359363703	0.9999901481462816
2.0600935049963165	1.0000524452514048
2.0670546562155168	0.9998743262715201
2.0719247205866251	0.9999755282003359
2.0764933334653515	0.9999195522402837
2.0836588917685250	1.0001289148416483
2.0885645559547270	1.0000212868835163
2.0929268561231211	1.0000371080529820
2.0973187788163350	0.9999557470747924
2.1043735006905999	1.0001337146693392
2.1094097111743979	0.9999753464719355
2.1169097072501741	1.0001670331684827
2.1219429615826737	1.0000304938729159
2.1262495864076016	1.0000470120852796
2.1303812380897500	0.9999998573093916
2.1346963744708614	1.0000596163978288
2.1416551152213708	0.9998659447445599
2.1462405054490441	0.9999863706136104
2.1501894840740037	0.9999424289621481
2.1539262580437519	1.0000153639036853
2.1576404239704443	0.9999671423618768
2.1614222677746562	1.0000132896686802
2.1653580806026742	0.9999839194512267
2.1696039939245293	1.0000490659258134
2.1764291958472990	0.9998484646271855
2.1805186897464135	1.0000051498153779
2.1839217801414330	0.9999026503949997
2.1871038851712439	1.0000479661705983
2.1902292508633416	0.9999213335750756
2.1933476013589228	1.0000576715876048
2.1964797738746746	0.9999316364690805
2.1996298718450396	1.0000586049850564
2.2028025287262412	0.9999379321948408
2.2059970165042140	1.0000565834571005
2.2092161124507119	0.9999426594850900
2.2124589846547371	1.0000533773991147
2.2157286053129504	0.9999469660522193
2.2190248806365402	1.0000494725311817
2.2223517003025264	0.9999514895523547
2.2257103891847447	1.0000447942046562
2.2291067133265883	0.9999568083672988
2.2325447881961873	1.0000388464520933
2.2360344322180019	0.9999638013855761
2.2395861583219641	1.0000304726272091
2.2432203997153897	0.9999741951150053
2.2469668641891638	1.0000176475169944
2.2508867722493249	0.9999862645398926
2.2551277111005152	1.0000499441012662
2.2620845485988856	0.9998738618512736
2.2669476503347359	0.9999751778336119
2.2715143089841954	0.9999195891828998
2.2785981196172136	1.0001432836505466
2.2829966579661121	1.0000016076326688
2.2866400642585134	1.0000796055170464
2.2900188424720667	0.9999610222235492
2.2933132337080773	1.0000639383798211
2.2965854122760927	0.9999508259403208
2.2998566178281168	1.0000565561906667
2.3031357114643192	0.9999486395359262
2.3064242005999898	1.0000527168968882
2.3097246634173261	0.9999489987591323
2.3130361825555692	1.0000502059509804
2.3163608547558154	0.9999503068581954
2.3196977027805419	1.0000480736944997
2.3230491274678391	0.9999520977175115
2.3264145635268689	1.0000458809690544
2.3297969840698411	0.9999543166999234
2.3331965756588779	1.0000433325182643
2.3366172885177434	0.9999571239519188
2.3400606596293354	1.0000400853636169
2.3435324841842062	0.9999609004051652
2.3470369644685674	1.0000355637178604
2.3505838824056267	0.9999664321958712
2.3541836118895039	1.0000286007889680
2.3578563279974265	0.9999754075775183
2.3616311542848649	1.0000171390987951
2.3655682519872299	0.9999862421373117
2.3698138160889637	1.0000505456492859
2.3766953683741865	0.9998605477728949
2.3811139732597706	0.9999924550296306
2.3848511989444066	0.9999266644464693
2.3883304298273518	1.0000320808534360
2.3917203341603068	0.9999415211071709
2.3950771733009204	1.0000431322962398
2.3984255494904358	0.9999474122975955
2.4017717628798816	1.0000462683225109
2.4051213757257952	0.9999500319503332
2.4084745458262611	1.0000467365444448
2.4118345258015790	0.9999516719072815
2.4152011778002902	1.0000460217927132
2.4185779106274201	0.9999533038392475
2.4219651946191449	1.0000444892191682
2.4253671834777668	0.9999554224044861
2.4287853947176328	1.0000420816276672
2.4322253113828713	0.9999584346482367
2.4356903114405943	1.0000384655592318
2.4391884954271754	0.9999629172214333
2.4427271288184609	1.0000328949719548
2.4463204653412416	0.9999700044819608
2.4499859586018582	1.0000237366405094
2.4537566506607336	0.9999816890627329
2.4576897087464684	1.0000126726335787
2.4619354529202471	0.9999484573733999
2.4688375638913547	1.0001342604234016
2.4733916621559775	1.0000123795593794
2.4773082159051758	1.0000590316540581
2.4810040707932020	0.9999807654167541
2.4846555915154438	1.0000367408980251
2.4883427719830515	0.9999795515865119
2.4921197451507076	1.0000197344870227
2.4960556820405397	0.9999875365972597
2.5003013517460326	1.0000510849695161
2.5071933351234006	0.9998623090677096
2.5116583169042230	0.9999903611966190
2.5154577875484785	0.9999313939908570
2.5190087048702159	1.0000275043886624
2.5224795038923657	0.9999478389033800
2.5259270257521553	1.0000368076524018
2.5293763653398216	0.9999549424624941
2.5328339500545569	1.0000385036315855
2.5363051907582177	0.9999586495800278
2.5397900292079534	1.0000377686858912
2.5432914726416427	0.9999612782038255
2.5468093344341938	1.0000360027328223
2.5503473178779101	0.9999638947017410
2.5539067977566736	1.0000333487080233
2.5574939201795375	0.9999673135966887
2.5611138437420933	1.0000291996985664
2.5647787715312558	0.9999727882226704
2.5685039237178704	1.0000218990584602
2.5723199399233700	0.9999825042834630
2.5762809441971619	1.0000127382983768
2.5805342263043460	0.9999475138083083
2.5874570368858691	1.0001290755922234
2.5922066948309528	1.0000184815819797
2.5963764446936315	1.0000445001177662
2.6003701479445644	0.9999945908834919
2.6044016690910339	1.0000196962186496
2.6086789201489591	0.9999500935480523
2.6156101239062814	1.0001322486084196
2.6203226603589029	1.0000168777476803
2.6244134069649663	1.0000506269514942
2.6282778207936879	0.9999871905548808
2.6320943678071460	1.0000283696049614
2.6359539619310515	0.9999866076548960
2.6399357135308605	1.0000149108693777
2.6441953818202539	0.9999481448403684
2.6511203121123241	1.0001292376762054
2.6558902053900968	1.0000188567143986
2.6600787086535442	1.0000440458945361
2.6640864054248232	0.9999947047865185
2.6681263685805621	1.0000196761923177
2.6724059798442332	0.9999498017160225
2.6793225134653773	1.0001346631874624
2.6839572078334855	1.0000134547942832
2.6879268186128140	1.0000586635387427
2.6916332838609112	0.9999781107240902
2.6952473812287017	1.0000420884541932
2.6988395529034857	0.9999704406702922
2.7024437747242098	1.0000331819042523
2.7060846840634798	0.9999729400556232
2.7097850242511501	1.0000236056277036
2.7135799528866280	0.9999825190775785
2.7175273723260682	1.0000129414242889
2.7217770703194755	0.9999481017508144
2.7286381877304708	1.0001413914422186
2.7329801905785414	1.0000031236769806
2.7366234155206421	1.0000788337542084
2.7400123536524146	0.9999619061506095
2.7433165177327004	1.0000633602363016
2.7465971750722034	0.9999514506507861
2.7498772248695817	1.0000557576789777
2.7531676711911661	0.9999497558914464
2.7564722229781045	1.0000510956592932
2.7597956204942342	0.9999512194643907
2.7631392055008313	1.0000471847385421
2.7665075577839291	0.9999542543793329
2.7699026813025172	1.0000429512208504
2.7733307145334942	0.9999586288024787
2.7767961392186655	1.0000375588591888
2.7803089749086398	0.9999649078691548
2.7838798785060375	1.0000297486310139
2.7875293240323167	0.9999746929938232
2.7912869077161049	1.0000174591842645
2.7952135220638397	0.9999862652229836
2.7994562651631125	1.0000501859784079
2.8063665901480368	0.9998654345313905
2.8109345492207241	0.9999854390693929
2.8148826410710437	0.9999424177322599
2.8186239649311302	1.0000148713837425
2.8223437974187338	0.9999672841931421
2.8261305313984724	1.0000131477556073
2.8300694932185220	0.9999839006128590
2.8343162212155129	1.0000491764746695
2.8412364459925610	0.9998664020522314
2.8458560094264778	0.9999833097874683
2.8498733586337290	0.9999467510755675
2.8537004547438864	1.0000100896725097
2.8575338892538102	0.9999742085921726
2.8614897680604021	1.0000088898367943
2.8657440231542615	0.9999462869980533
2.8726917221495007	1.0001264790075082
2.8775008082953746	1.0000226033216448
2.8818308317846180	1.0000373713633537
2.8862114468487432	0.9999560895927634
2.8932308604776238	1.0001380525180397
2.8979617157773934	1.0000202357639831
2.9020825746356378	1.0000481405237749
2.9060309311662005	0.9999949902759135
2.9100331403749866	1.0000203047204608
2.9143025257010975	0.9999514663797651
2.9212072975972507	1.0001387956243144
2.9256867291225941	1.0000096720631946
2.9294946440978480	1.0000672956769123
2.9330597876359854	0.9999730718799931
2.9365543201438729	1.0000484993341969
2.9400460869454452	0.9999665754552275
2.9435669228382815	1.0000370376486321
2.9471398887108697	0.9999706775110935
2.9507869680999805	1.0000253043704626
2.9545431345660758	0.9999819103909316
2.9584672021683822	1.0000129232659878
2.9627105441493589	0.9999488984841209
2.9696527743040000	1.0001271953681534
2.9744464939967870	1.0000229070373252
2.9787662468246783	1.0000375723491399
2.9831440533717628	0.9999564979817505
2.9901215143475670	1.0001460827083821
2.9945784664386133	1.0000101915541473
2.9983396308193915	1.0000716591845231
3.0018600622758442	0.9999719817295519
3.0053177927196839	1.0000508604744767
3.0087808192044956	0.9999657463765455
3.0122800138345975	1.0000380702236016
3.0158371106503474	0.9999702448178256
3.0194729505683413	1.0000256242738235
3.0232215585764526	0.9999817680251190
3.0271412611686435	1.0000128688197896
3.0313833861747095	0.9999489850608670
3.0383365258043873	1.0001252399993594
3.0432028974479799	1.0000238189994524
3.0477686956795735	1.0000797169865414
3.0549371320186052	0.9998713109616602
3.0599039090590190	0.9999766377749791
3.0645037374048778	0.9999188123506216
3.0716294015190519	1.0001401233309117
3.0761837928899678	1.0000073556486551
3.0799954415483755	1.0000680357872112
3.0835431157116413	0.9999710896147953
3.0870135562299450	1.0000500425635728
3.0904769251991069	0.9999643331118594
3.0939627198641046	1.0000396468195458
3.0974891383983523	0.9999669632427204
3.1010703226759331	1.0000302227833546
3.1047275864067774	0.9999753716720995
3.1084908865431151	1.0000175670775242
3.1124209238640130	0.9999863383206067
3.1166645994667155	1.0000503090611887
3.1236095782826081	0.9998720766288800
3.1284105756604701	0.9999759988198053
3.1327382835766606	0.9999614006067337
3.1371168552971938	1.0000426425864795
3.1441335526595684	0.9998600616624806
3.1487751394481465	0.9999819089156144
3.1528048216233411	0.9999487302011613
3.1566790003258043	1.0000054988908993
3.1606372446314897	0.9999780370288703
3.1648937475638741	1.0000431701667558
3.1719185004755914	0.9998711398706547
3.1767767699282237	0.9999658833267503
3.1813439564925332	0.9998420632449088
3.1860530154278397	1.0002777053243048
3.1893636002029169	0.9999715328735159
3.1926113476925289	1.0000874419702721
3.1959210815425352	0.9999690008835955
3.1993515623816950	1.0000441807694795
3.2029045649071763	0.9999809215993788
3.2065777799594666	1.0000301855780660
3.2103658617770048	0.9999854681307605
3.2142554834272832	1.0000166950422484
3.2182454406447856	0.9999853616533635
3.2222447429952523	1.0000057987977056
3.2262543668745276	0.9999728690366767
3.2302898617565856	1.0000027186310929
3.2343787293975637	0.9999693028924083
3.2385317185818567	0.9999591696309391
3.2428380465471860	0.9998153171269647
3.2478313891508721	1.0001950255673984
3.2564611640485812	0.9997386262180294
3.2612499630474359	0.9999202466888121
3.2659288828689594	0.9999206197725834
3.2735250293462563	1.0002558633521232
3.2862533473080786	0.9995680625960858
3.2914489630147652	0.9998983362052509
3.2950143782071217	0.9998363786926056
3.2986592651220410	0.9999382032612141
3.3028696537525124	0.9999253054628537
3.3099478215017055	1.0001549482023724
3.3132459998013988	0.9999458816993467
3.3162472294856684	1.0000990483642589
3.3192624844014742	0.9999397577842983
3.3223517155444187	1.0000662069640811
3.3255242202309629	0.9999452807683837
3.3287795916971112	1.0000478433253124
3.3321211717942738	0.9999551664858009
3.3355551950491340	1.0000332537308474
3.3390988865404396	0.9999690172694843
3.3427807101629758	1.0000165999891450
3.3466621957693148	0.9999840620593066
3.3508928652183991	1.0000464127070057
3.3577530847531629	0.9998517855164835
3.3619523131655531	0.9999963401209635
3.3655026657200784	0.9999143438188104
3.3688521091966619	1.0000334251215515
3.3721636883032500	0.9999365042697242
3.3754888475989713	1.0000395378078770
3.3788513077402142	0.9999496553579057
3.3822595460604186	1.0000367240386236
3.3857248179501611	0.9999600849946447
3.3892571856479283	1.0000291914251904
3.3928767481370392	0.9999721436179875
3.3966127892436813	1.0000165089971886
3.4005265229875627	0.9999851601413543
3.4047657835643768	1.0000487865839813
3.4117241229167599	0.9998731235611763
3.4165824527244926	0.9999744809928830
3.4211478614383455	0.9999192075699118
3.4282748638680709	1.0001356671474384
3.4329067395255377	1.0000109741204375
3.4368458940690294	1.0000576570390565
3.4405614100060244	0.9999822204835425
3.4442526782156238	1.0000323953892749
3.4480179901400856	0.9999851315948880
3.4519421142584843	1.0000148204691013
3.4561861630515969	0.9999500366964164
3.4631323273908774	1.0001277312973647
3.4679142192718051	1.0000230525829119
3.4722251127085881	1.0000377058567331
3.4766005508779196	0.9999568699093995
3.4835018332335506	1.0001603546027020
3.4875549989764245	0.9999955747288506
3.4909279537244831	1.0000984928037882
3.4941213096006800	0.9999568861065431
3.4973041688166400	1.0000697740422355
3.5005351298946388	0.9999548595995829
3.5038395956906982	1.0000492151334401
3.5072367992293061	0.9999641376885715
3.5107468181460200	1.0000304722614086
3.5144041566132844	0.9999803172243719
3.5182694411841813	1.0000130484261032
3.5224971230429238	0.9999510581970493
3.5293925028917315	1.0001388582079251
3.5337727791463567	1.0000103151342870
3.5375616002558123	1.0000625501470974
3.5412125850089118	0.9999856414026486
3.5449202336707586	1.0000282944446230
3.5488037060028534	0.9999910270245177
3.5530372530700651	1.0000507161083063
3.5599607714463968	0.9998646064921609
3.5644423845301350	0.9999849949031918
3.5683628760882251	0.9999457367321891
3.5721711319938434	1.0000056352179889
3.5760942099940660	0.9999785149437687
3.5803406569536258	1.0000447601154958
3.5872614953231228	0.9998595906720369
3.5916738791441394	0.9999871119684051
3.5954941335763899	0.9999376551746250
3.5991684067337415	1.0000126482177891
3.6028943151029669	0.9999711768786622
3.6067871193112486	1.0000080831349754
3.6110243532709267	0.9999479795055123
3.6179972575000048	1.0001241442476223
3.6229911834038804	0.9999742542705802
3.6304376715198949	1.0001726147672674
3.6351219080439234	1.0000223002275861
3.6390105782394135	1.0000698764211624
3.6426599050491713	0.9999841281169056
3.6462944193873827	1.0000370928517830
3.6500176495659020	0.9999858950177770
3.6539166513853854	1.0000156028621590
3.6581539210154186	0.9999512859996409
3.6650594043992655	1.0001366443602360
3.6695258913389099	1.0000114003184792
3.6733755486943949	1.0000609999520802
3.6770410139194389	0.9999821476345019
3.6807027912744239	1.0000335890449492
3.6844503750110369	0.9999851921241993
3.6883648907992668	1.0000149225398183
3.6926061801776986	0.9999503524703525
3.6995417126971870	1.0001299636396672
3.7042342539881878	1.0000197568667157
3.7083915700033798	1.0000419593670293
3.7124616955326339	0.9999975968398430
3.7167566135838359	1.0000573730224009
3.7237519857830708	0.9998742282339331
3.7286265080017671	0.9999756144257732
3.7331971606678471	0.9999197227227785
3.7403386479485792	1.0001343036444017
3.7450399590471961	1.0000137329883847
3.7490695253605399	1.0000522905032463
3.7528911866299959	0.9999879297141253
3.7567141720479058	1.0000247681740375
3.7606640824634452	0.9999899133784399
3.7649155897896969	1.0000522654012678
3.7718399444691642	0.9998671803435145
3.7764543332961309	0.9999837921210307
3.7804669022718369	0.9999467911798945
3.7842908436871570	1.0000102033972873
3.7881223799291130	0.9999742043564631
3.7920772449682327	1.0000088859311780
3.7963311968524258	0.9999463110400070
3.8032600253264914	1.0001300439725131
3.8079401892962368	1.0000172892724233
3.8120401445458012	1.0000466916115343
3.8159801666312401	0.9999942059031207
3.8199790323577330	1.0000198595668770
3.8242473035961817	0.9999512801533450
3.8312132797533405	1.0001270993448625
3.8360991476709336	1.0000243315640089
3.8406705325721586	1.0000805405662958
3.8477850408757530	0.9998625060732641
3.8524240024063996	0.9999889114820703
3.8563434527007145	0.9999379997820946
3.8600025662995168	1.0000217804837748
3.8635963575138597	0.9999578574201313
3.8672020959478610	1.0000249173221616
3.8708678136247756	0.9999723541389581
3.8746330367284991	1.0000160379567256
3.8785633085807536	0.9999855149708756
3.8828071530012096	1.0000498935271600
3.8897525499508268	0.9998718713009218
3.8945495655475000	0.9999759769696985
3.8988741546283494	0.9999613790080617
3.9032519220105848	1.0000425280730350
3.9102394303930121	0.9998545497562595
3.9147471011551960	0.9999867350382087
3.9185724694476769	0.9999317539192897
3.9221618196471915	1.0000226394730403
3.9257015495374392	0.9999544850685488
3.9292645538167359	1.0000258240233724
3.9328972016788377	0.9999709386035540
3.9366384923526070	1.0000162416632439
3.9405544280562417	0.9999854142353540
3.9447944009090654	1.0000493366343186
3.9516928863270739	0.9998623502061722
3.9561605410656631	0.9999885411762055
3.9599933058516412	0.9999355306540679
3.9636171460152960	1.0000202907512821
3.9672122849362155	0.9999595875773253
3.9708541977852021	1.0000203938713854
3.9745999759798245	0.9999784211036491
3.9785157810111169	1.0000112326934227
3.9827572745443915	0.9999483990291069
3.9896534225950684	1.0001362589775118
3.9941245902569826	1.0000102297038791
3.9979580843562066	1.0000632207472357
4.0015841036574695	0.9999786105544237
4.0051793900094443	1.0000392661261874
4.0088228391391088	0.9999785269997008
4.0125682180736018	1.0000204853285850
4.0164852042432670	0.9999876822625163
4.0207257653566186	1.0000505034416634
4.0276307348915745	0.9998638924691995
4.0321345695859163	0.9999871458726290
4.0360165028651531	0.9999392225934909
4.0397015549846849	1.0000164517309182
4.0433767136884420	0.9999656154609998
4.0471308376418973	1.0000135509092170
4.0510502151675176	0.9999838359715575
4.0552916733900037	1.0000484654194677
4.0621865523009850	0.9998607174676853
4.0666130582297484	0.9999896642100423
4.0704022733779572	0.9999329793243472
4.0739878569376797	1.0000216120192662
4.0775510369908377	0.9999580168739101
4.0811674502295867	1.0000210574259638
4.0848945178022831	0.9999779597970707
4.0887990679481394	1.0000111566352032
4.0930375674881230	0.9999487521028122
4.0999699995699235	1.0001299494588005
4.1046418244564986	1.0000193929733787
4.1087802655499805	1.0000424844474094
4.1128386267903174	0.9999978673234221
4.1171304272778082	1.0000572140798112
4.1241282399447696	0.9998743475208737
4.1289927090923966	0.9999755985898715
4.1335608168826443	0.9999201574815159
4.1406949010019805	1.0001363477253238
4.1453224629129970	1.0000122855494973
4.1492761468431318	1.0000557812283073
4.1530353809081602	0.9999867729770132
4.1568127006384294	1.0000260526491109
4.1607352922287681	0.9999902689456682
4.1649794965075895	1.0000515409211452
4.1719474499610643	0.9998742259233899
4.1767942143277548	0.9999751152049685
4.1813568367928644	0.9999202106471599
4.1884998028841958	1.0001342950749434
4.1931870397583060	1.0000148530707265
4.1972312126516673	1.0000495344400360
4.2011141988356542	0.9999933563437539
4.2050755425567763	1.0000200189863955
4.2093340956957102	0.9999527326291593
4.2160242553179170	1.0001802063348932
4.2195030076665434	0.9999665606348181
4.2224366495261423	1.0001334716993333
4.2252829117405390	0.9999341337653918
4.2281574784117604	1.0000988905879571
4.2310872824103418	0.9999313841649646
4.2340750789283792	1.0000783047662956
4.2371199797214212	0.9999352931681763
4.2402179160134317	1.0000654012561012
4.2433683253337806	0.9999413402592962
4.2465687032931800	1.0000558822213166
4.2498210419634788	0.9999483056193467
4.2531256582641124	1.0000473704659372
4.2564881711841949	0.9999562933585019
4.2599137349786904	1.0000381288946112
4.2634150259560508	0.9999664139236930
4.2670085318507454	1.0000259967839999
4.2707270577057930	0.9999807191859305
4.2746288465276496	1.0000125978902359
4.2788661618099972	0.9999495012324952
4.2857987937405175	1.0001299166143320
4.2904784638805511	1.0000196029088695
4.2946246999155173	1.0000423075112321
4.2986880582328935	0.9999978109036946
4.3029811589436280	1.0000573424904609
4.3099126081620192	0.9998622383323321
4.3143616378059839	0.9999906833479409
4.3181547195903729	0.9999324815122760
4.3217236688240215	1.0000245166460677
4.3252426689979027	0.9999531905562445
4.3287750607973621	1.0000288744045966
4.3323565292796191	0.9999665693459379
4.3360106646736778	1.0000225177547968
4.3397728724359217	0.9999806471616728
4.3437006876650699	1.0000121804758650
4.3479450368856956	0.9999483916937950
4.3548871167065055	1.0001268964463312
4.3596903729163863	1.0000229009839292
4.3640172822261389	1.0000375843340026
4.3683969633550719	0.9999563679468206
4.3753670337491579	1.0001473578852340
4.3797862212581089	1.0000086716755323
4.3835033242889603	1.0000744909115504
4.3869833701717198	0.9999703239936772
4.3904094643597196	1.0000521988664604
4.3938545508957985	0.9999660179846481
4.3973558120670022	1.0000361896877679
4.4009439436730791	0.9999741760127642
4.4046546180568278	1.0000192093309046
4.4085523610010391	0.9999865922655746
4.4127875349531536	1.0000491246421044
4.4197247244610463	0.9998686476504363
4.4243781956343780	0.9999796203898399
4.4285040432944545	0.9999562649184335
4.4325533581628322	1.0000012802368001
4.4368440288859103	0.9999425114278581
4.4437636704163257	1.0001401613891643
4.4480804246625247	1.0000034958828876
4.4517434310511064	1.0000732299196802
4.4552029413260481	0.9999687144037606
4.4586226696271041	1.0000512415698606
4.4620572011910147	0.9999627180707517
4.4655226224221689	1.0000401850537348
4.4690220673938157	0.9999630197864169
4.4725506945603897	1.0000350034633159
4.4761038160140600	0.9999641122424664
4.4796730450667948	1.0000332206675058
4.4832531625749272	0.9999646636337048
4.4868367226056396	1.0000333830454742
4.4904209166088860	0.9999647704707325
4.4940015121359265	1.0000343242974650
4.4975793460166091	0.9999649765916997
4.5011536503023146	1.0000351107889003
4.5047281655474487	0.9999657241148259
4.5083042066005730	1.0000351898751991
4.5118868149752362	0.9999671453119147
4.5154779749983698	1.0000343523439257
4.5190831439756298	0.9999692033391778
4.5227048056600054	1.0000324612733305
4.5263495795125239	0.9999720419885840
4.5300223327246707	1.0000290339176017
4.5337344380773548	0.9999765115931057
4.5374996377334007	1.0000225693027485
4.5413466694527864	0.9999846886037543
4.5453270647730708	1.0000142000860912
4.5495856197228024	0.9999479747962735
4.5564938348498458	1.0001314835061208
4.5611916249373650	1.0000149203546091
4.5652437161194905	1.0000539521625782
4.5690289761985783	0.9999799902725649
4.5727064868151244	1.0000391544315632
4.5763370107083556	0.9999691071336962
4.5799431758687090	1.0000349982193733
4.5835350355379925	0.9999649140436603
4.5871148487096010	1.0000341555495258
4.5906858994218069	0.9999629276976832
4.5942480806449115	1.0000342832902656
4.5978044777980296	0.9999619744102798
4.6013552672812335	1.0000344895643274
4.6049040460328197	0.9999617696282769
4.6084514150361189	1.0000344096029168
4.6120013310666561	0.9999622456419313
4.6155546689137008	1.0000338828163868
4.6191156709369494	0.9999633934610884
4.6226855793362294	1.0000327879149040
4.6262692706747668	0.9999652982011563
4.6298690530131150	1.0000308800669875
4.6334916848937082	0.9999683050273364
4.6371426248868879	1.0000275165013797
4.6408340894408919	0.9999734114741460
4.6445810191271679	1.0000210808106884
4.6484134899588012	0.9999826956250142
4.6523846617720137	1.0000127915791326
4.6566407207907243	0.9999473099810122
4.6635512888349062	1.0001312103504012
4.6682424996372927	1.0000154927336757
4.6722983356752232	1.0000535271757736
4.6761031416833925	0.9999829250013488
4.6798202056822662	1.0000367909542132
4.6835154557346996	0.9999755719349375
4.6872186844358037	1.0000291431283717
4.6909503856804866	0.9999768293420066
4.6947288264025087	1.0000217658927064
4.6985845335103411	0.9999841241550588
4.7025699918935500	1.0000135980453102
4.7068299834527600	0.9999473772584855
4.7137632806766323	1.0001266068629260
4.7186437369921963	1.0000230983414105
4.7230272478148025	1.0000375019800325
4.7274223390691876	0.9999544776277308
4.7344562858269628	1.0001332331012882
4.7394206950094171	1.0000254773923600
4.7440151060477831	1.0000830753431718
4.7511722096511972	0.9998711187777619
4.7561675866270585	0.9999785506730368
4.7605964157238523	0.9999626534846801
4.7650053225502909	1.0000458941448915
4.7720203793271398	0.9998603815711773
4.7767713964335385	0.9999816455127580
4.7808477343883977	0.9999442234120808
4.7846514590062696	1.0000163362209120
4.7883627421403236	0.9999620036945562
4.7920523473997489	1.0000234142562170
4.7957610782856621	0.9999714362214996
4.7995150710974439	1.0000199582298257
4.8033502452251247	0.9999820148802459
4.8073222796073996	1.0000123439692057
4.8115787238840539	0.9999469162276451
4.8184924990554379	1.0001302629204425
4.8232033637437430	1.0000159784771232
4.8272925468002716	1.0000506323966305
4.8311465448700703	0.9999855726827528
4.8349350438477208	1.0000309375049599
4.8387353471620758	0.9999822253672888
4.8425979446180856	1.0000178935088260
4.8465867779150749	0.9999872044836845
4.8508467725462046	1.0000527835775010
4.8577580288030031	0.9998684407888998
4.8624608379126304	0.9999842787868671
4.8665196099419363	0.9999451364750230
4.8703069712716944	1.0000187450100717
4.8739854015196613	0.9999591142466326
4.8776124341685163	1.0000294105823140
4.8812145580091082	0.9999626906056952
4.8847992624349441	1.0000333872683358
4.8883729825727089	0.9999632864773543
4.8919366312335102	1.0000351001156300
4.8954941220119608	0.9999632017375001
4.8990457750760559	1.0000358001334622
4.9025951130462406	0.9999631609863562
4.9061421506103118	1.0000359429555523
4.9096899031611843	0.9999632948935274
4.9132377895372796	1.0000357931657315
4.9167881393895820	0.9999635245678189
4.9203396858964688	1.0000355472412417
4.9238941161250329	0.9999637322596453
4.9274496113652342	1.0000353387445224
4.9310074332989675	0.9999638375067348
4.9345654834207089	1.0000352280266087
4.9381249078828633	0.9999638265813964
4.9416836591460260	1.0000351988802900
4.9452431019348406	0.9999637583664301
4.9488015682690367	1.0000351630250843
4.9523609545850729	0.9999637597084398
4.9559202721807925	1.0000349665972830
4.9594822457727172	0.9999640223936610
4.9630468808562531	1.0000343861425764
4.9666181116227701	0.9999648201101228
4.9701974442152910	1.0000330904823780
4.9737907785583797	0.9999665791926595
4.9774022901374702	1.0000305183316625
4.9810417805754552	0.9999700840343955
4.9847193862025296	1.0000255389474040
4.9884548532737183	0.9999769936099929
4.9922762675450816	1.0000160905136646
4.9962418334587797	0.9999859260805362
5.0004951422550992	1.0000512620349036
5.0074408893558600	0.9998736865870268
5.0123406165975357	0.9999755847177335
5.0169168669574598	0.9999182736015134
5.0240541142666384	1.0001314612560086
5.0288807253709322	1.0000153118355235
5.0330356093826207	1.0000472992774967
5.0369575973020400	0.9999893691136265
5.0408527538656278	1.0000229430567091
5.0448457939915716	0.9999893774660549
5.0491091344969661	1.0000534393575298
5.0560546614983943	0.9998728789797383
5.0609060458843373	0.9999763705446557
5.0652690556192068	0.9999617905246667
5.0696573028251990	1.0000440355551830
5.0766992321580622	0.9998661720820293
5.0816432820555217	0.9999735036719483
5.0862340846933689	0.9999169783600563
5.0933980764095361	1.0001288498551226
5.0984805589027902	0.9999709429022798
5.1060037185237919	1.0001680866466462
5.1109859610676063	1.0000259116776786
5.1151479345359894	1.0000582815028445
5.1189980695697646	0.9999869359724640
5.1227571674703203	1.0000346014609409
5.1265225886666625	0.9999821475894245
5.1303548223677549	1.0000191874646351
5.1343237153071515	0.9999876959975891
5.1385784388310007	1.0000523643179042
5.1455105329152770	0.9998714244625558
5.1503015721926966	0.9999787635601973
5.1545488772106269	0.9999592038860193
5.1586730153889579	1.0000021457404109
5.1629840218660776	0.9999401584014060
5.1699666055558762	1.0001248326105412
5.1748840470007202	1.0000226328168091
5.1794642472011487	1.0000805597089690
5.1866001555666381	0.9998667580689384
5.1914186414569459	0.9999836766390010
5.1955633924322724	0.9999509277605055
5.1994729330563256	1.0000097097748457
5.2033595041361842	0.9999756681966826
5.2073455394773482	1.0000094376595803
5.2116082994983213	0.9999456449661751
5.2183367322902869	1.0001664144842497
5.2220516620496680	0.9999745905538030
5.2251144945375323	1.0001249892608031
5.2280130171438683	0.9999326495931394
5.2308907571256853	1.0001002887411414
5.2337892409597577	0.9999253196302968
5.2367188775366786	1.0000850356312458
5.2396831387522180	0.9999262801865405
5.2426800522707300	1.0000755223867284
5.2457098491293239	0.9999297237928899
5.2487694406937297	1.0000689035902388
5.2518591529065599	0.9999337783384614
5.2549761055626414	1.0000637476933676
5.2581210674476564	0.9999378362169633
5.2612916157262992	1.0000593403804632
5.2644890453730495	0.9999417815653568
5.2677115319813046	1.0000552684220840
5.2709610254117258	0.9999457097199794
5.2742365065357681	1.0000512147562357
5.2775408490234730	0.9999498398798620
5.2808742391921202	1.0000468392222384
5.2842410454930304	0.9999545296741487
5.2876435229484526	1.0000416579396463
5.2910888544473016	0.9999603940976625
5.2945834869900139	1.0000348153837264
5.2981410178537667	0.9999686399003352
5.3017785036760516	1.0000245790742905
5.3055288742995925	0.9999813187751223
5.3094497204095585	1.0000126423788041
5.3136921554222827	0.9999488663555079
5.3205872499863460	1.0001361207255643
5.3250738779587188	1.0000102993336364
5.3289141394892647	1.0000636199470270
5.3325325064149016	0.9999770051096009
5.3361015791881190	1.0000421924101646
5.3396935292562793	0.9999739399119930
5.3433492177797763	1.0000269499061396
5.3471095729428892	0.9999829086093742
5.3510357468450751	1.0000134534535385
5.3552796795647399	0.9999491268487484
5.3622113443919277	1.0001292958672938
5.3669341372292214	1.0000199988428031
5.3711175802227586	1.0000414246046967
5.3752035650972143	0.9999975074633464
5.3795028126146054	1.0000579373803500
5.3864177254903520	0.9998600622349625
5.3908135762782923	0.9999940063487872
5.3945212739861956	0.9999252978296848
5.3979793633443451	1.0000325501986957
5.4013600559572117	0.9999417482887319
5.4047209351234224	1.0000417997532172
5.4080877576149691	0.9999497470353191
5.4114681887969684	1.0000427517857282
5.4148695836977971	0.9999548411294895
5.4182944550137782	1.0000404979770792
5.4217492465751977	0.9999596130188200
5.4252383480765882	1.0000361134502336
5.4287717557232646	0.9999656953025463
5.4323599763377199	1.0000289801933304
5.4360233595532383	0.9999750779815397
5.4397912401318393	1.0000172423789884
5.4437241061980446	0.9999862373320078
5.4479685302125649	1.0000503923337027
5.4548629591905575	0.9998627501253579
5.4593479355429162	0.9999894370300492
5.4631730792435595	0.9999331789413006
5.4667533319781407	1.0000256224972757
5.4702587724916674	0.9999506094089561
5.4737490654859542	1.0000335660073592
5.4772532392988529	0.9999594194134850
5.4807829836914497	1.0000327973040504
5.4843512413453519	0.9999664316885571
5.4879689410367636	1.0000273752115632
5.4916563765064366	0.9999755622882410
5.4954422265647729	1.0000167711789725
5.4993860926396305	0.9999861349294759
5.5036334719380440	1.0000507268438363
5.5105374246932364	0.9998650518236923
5.5151038675897972	0.9999868490405174
5.5190224504448979	0.9999387917230677
5.5226956931368321	1.0000212038523508
5.5262942748175110	0.9999566247414926
5.5298810603467858	1.0000280563769675
5.5334895993410766	0.9999662095290494
5.5371378552411876	1.0000254094203809
5.5408489646693573	0.9999757151930743
5.5446520583736412	1.0000161920867621
5.5486064077092143	0.9999859566083629
5.5528566314944729	1.0000509998572187
5.5597543283454431	0.9998643283427134
5.5643046601802109	0.9999881245216589
5.5681890250661112	0.9999358215455568
5.5718100550503280	1.0000250887101139
5.5753363410766159	0.9999507820319881
5.5788269612889607	1.0000352041994147
5.5823093993453936	0.9999565914333832
5.5857925559696193	1.0000374497695386
5.5892846268885688	0.9999598121050891
5.5927888815891231	1.0000365564561409
5.5963124387244125	0.9999630258829463
5.5998603221546350	1.0000334580118595
5.6034431430712752	0.9999677895120254
5.6070718739344336	1.0000275003307584
5.6107671846055789	0.9999760139236060
5.6145583649847337	1.0000168340469695
5.6185053189254930	0.9999862044505338
5.6227535736665626	1.0000508706811646
5.6296709106099385	0.9998677036863892
5.6343288198353099	0.9999829400359095
5.6383832944668493	0.9999483271496331
5.6422393833637994	1.0000097256321452
5.6460933038501784	0.9999747470248525
5.6500612977448608	1.0000090452708421
5.6543188909006199	0.9999459566011820
5.6612549820674758	1.0001282052437168
5.6660108743948587	1.0000198543674117
5.6702219558650286	1.0000406181957697
5.6743246814579269	0.9999971799185124
5.6786285272936974	1.0000583177711990
5.6856086308099760	0.9998727384878732
5.6904442335819239	0.9999767832061096
5.6947899073599562	0.9999618201688659
5.6991738648517112	1.0000433292718309
5.7061645620640489	0.9998554699574553
5.7107097678336380	0.9999864835302686
5.7145595650378436	0.9999320425888328
5.7181494381296814	1.0000247343288577
5.7216599802653079	0.9999504969239400
5.7251561640447095	1.0000327253639971
5.7286709317918607	0.9999604224054801
5.7322197718718524	1.0000308708307992
5.7358205610536688	0.9999693089769621
5.7394916240932679	1.0000230411595337
5.7432664032777581	0.9999814702675099
5.7472019043944158	1.0000125234770807
5.7514483201788140	0.9999482991588882
5.7583421062483202	1.0001356892599638
5.7628502000087884	1.0000102020816157
5.7666996131517942	1.0000640365328339
5.7703086171519429	0.9999749874694513
5.7738463072952140	1.0000456701691494
5.7773792450726633	0.9999684895842660
5.7809381149012466	1.0000350334037029
5.7845448425980122	0.9999719732939572
5.7882201529722206	1.0000243269520954
5.7919977518970365	0.9999822839741523
5.7959349721507545	1.0000129380016918
5.8001818298673831	0.9999484521229591
5.8070566587607972	1.0001392453069962
5.8114569584140030	1.0000058330177657
5.8151730013142178	1.0000733452023727
5.8186389502416223	0.9999667127249919
5.8220234823797998	1.0000569672980588
5.8253891539268938	0.9999574886178489
5.8287609774783480	1.0000485069420193
5.8321526062414799	0.9999573423645994
5.8355714215005348	1.0000421562682560
5.8390270721722910	0.9999613417207707
5.8425279527169831	1.0000350216243439
5.8460889287333933	0.9999689036197441
5.8497281367178626	1.0000246812663514
5.8534792584441870	0.9999813836415833
5.8574004236636137	1.0000126770303055
5.8616429715824188	0.9999488732153755
5.8685739930820704	1.0001293774982074
5.8732863144532903	1.0000198349768645
5.8774602127804725	1.0000416305042925
5.8815402276138453	0.9999975728803390
5.8858378756855787	1.0000577736400880
5.8927742612719953	0.9998637811442541
5.8972834690206044	0.9999887112465732
5.9011441450563451	0.9999370122682855
5.9047868600330817	1.0000200829122825
5.9083952240554680	0.9999602735084641
5.9120465357852812	1.0000202838058760
5.9157987255421949	0.9999786151657792
5.9197182706284002	1.0000112859113846
5.9239607859328380	0.9999482972974522
5.9308931071934081	1.0001293153692974
5.9355967147607647	1.0000196653321758
5.9397629752796064	1.0000417650381419
5.9438383347221411	0.9999976123149584
5.9481347137576988	1.0000576400967944
5.9551183930946365	0.9998723771272952
5.9599186038184433	0.9999766935484742
5.9642389823558544	0.9999615900625931
5.9686161017419233	1.0000423321945107
5.9756289049295646	0.9998583064761497
5.9802549096051782	0.9999815879405562
5.9842476179350257	0.9999436292051338
5.9880460813158045	1.0000100510230499
5.9918561444353191	0.9999731615586150
5.9957973653296737	1.0000085317927334
6.0000477617728638	0.9999466248439004
6.0069305792221748	1.0001393127556593
6.0113021448632846	1.0000052478595349
6.0150004538985336	1.0000736607260594
6.0184616826681232	0.9999672019200323
6.0218504717976744	1.0000563515058856
6.0252250036973818	0.9999582066659756
6.0286060275899747	1.0000481368856753
6.0320027616403697	0.9999571311911419
6.0354177254170454	1.0000433390172458
6.0388548678333045	0.9999588315432767
6.0423154528292189	1.0000393759574739
6.0458046062642801	0.9999621062886350
6.0493259369891872	1.0000347877775571
6.0528885965155874	0.9999672456942723
6.0565023838716883	1.0000280636838508
6.0601869142290790	0.9999758011317527
6.0639707426262754	1.0000169802283634
6.0679133918798049	0.9999862333791747
6.0721604429405653	1.0000507368205418
6.0790673015345895	0.9998655656702731
6.0836494701817436	0.9999860688467918
6.0875929438297547	0.9999407053411863
6.0913007588798918	1.0000188007471966
6.0949474538553332	0.9999605024094714
6.0986023921349073	1.0000229443001689
6.1023099474059137	0.9999737216536284
6.1061071206289030	1.0000154597678503
6.1100570966817020	0.9999854767238622
6.1143062165275781	1.0000505670621904
6.1212318325927324	0.9998691192228735
6.1259445860852271	0.9999808218876700
6.1300800390351613	0.9999532388869328
6.1340453168902176	1.0000044712464775
6.1380609495935081	0.9999791119349354
6.1423325723314735	1.0000481666951790
6.1492597078885520	0.9998647754754849
6.1538892718047977	0.9999841566865367
6.1578833611579631	0.9999431564734839
6.1616443908564138	1.0000159567980853
6.1653516123524588	0.9999644100241778
6.1690817198374912	1.0000182679260954
6.1728919042208217	0.9999798637350388
6.1768465748092876	1.0000114903689927
6.1810985807565748	0.9999471875024956
6.1880069756972693	1.0001322677843398
6.1926324928392100	1.0000139404886397
6.1966240545610463	1.0000553164289512
6.2003856016521537	0.9999827065382217
6.2040917329994985	1.0000343810329737
6.2078224585973771	0.9999805575109449
6.2116315012285650	1.0000190170772283
6.2155869237085755	0.9999874037811487
6.2198378698985612	1.0000516991848256
6.2267428977740806	0.9998656486588233
6.2313287957625789	0.9999863804285292
6.2352702996241378	0.9999403937981328
6.2389715303644948	1.0000193583217183
6.2426089028557303	0.9999599454676121
6.2462534937469139	1.0000234341846936
6.2499511460687120	0.9999733640453122
6.2537401872748060	1.0000156167175658
6.2576849799086096	0.9999854838590569
6.2619327397721607	1.0000503845608468
6.2687805659984566	0.9998542734359913
6.2730237874799872	0.9999995394694512
6.2765667947728847	0.9999127859954037
6.2798623445047443	1.0000422010640178
6.2830818246762306	0.9999288632014139
6.2862812433062647	1.0000526978872555
6.2894855025471639	0.9999373341117190
6.2927015745505877	1.0000541384945028
6.2959361110149432	0.9999426933000508
6.2991901395416408	1.0000523319722054
6.3024679173280127	0.9999471084867264
6.3057701403434869	1.0000490187093034
6.3091013156734146	0.9999516068987960
6.3124631903577288	1.0000445953636186
6.3158618560949726	0.9999568844616185
6.3193016555824979	1.0000387598453611
6.3227925739487656	0.9999638449818232
6.3263452374597335	1.0000304385317702
6.3299801576384240	0.9999742148558474
6.3337270875879188	1.0000176417051931
6.3376472678707350	0.9999862667454974
6.3418882815492532	1.0000499563066683
6.3487742329146526	0.9998605459481350
6.3531834464507018	0.9999918466354248
6.3569274375769949	0.9999280956771094
6.3604305939894212	1.0000294402265193
6.3638604777777568	0.9999452889546675
6.3672724791424677	1.0000385008651100
6.3706906969773724	0.9999531125478751
6.3741210114973041	1.0000398395133492
6.3775686405888514	0.9999574077660337
6.3810335935922380	1.0000386523405920
6.3845192007325773	0.9999606359338361
6.3880259061779716	1.0000362656712134
6.3915584273233979	0.9999640431483316
6.3951197197208653	1.0000326474192045
6.3987183863309358	0.9999687354325533
6.4023635104204866	1.0000267926449060
6.4060739786663241	0.9999765505200044
6.4098774092306412	1.0000166072257204
6.4138321334557480	0.9999861929694479
6.4180824426077274	1.0000511427178276
6.4249884088558398	0.9998659816283711
6.4295920350765758	0.9999861748480254
6.4335456192668428	0.9999401756388793
6.4372419254342894	1.0000212687029013
6.4408471164052665	0.9999558190066321
6.4444189667456699	1.0000307442779608
6.4479834345543132	0.9999614336411365
6.4515470742705840	1.0000332425388512
6.4551149859334647	0.9999636746717886
6.4586863382948341	1.0000336974251469
6.4622630515065307	0.9999647213546002
6.4658433247592235	1.0000335489553209
6.4694286642799135	0.9999653427969881
6.4730172612708028	1.0000332232787466
6.4766106973292308	0.9999658250754919
6.4802073470407198	1.0000328210204035
6.4838090327249693	0.9999663068459191
6.4874144531083342	1.0000323164287894
6.4910258655246160	0.9999669102023040
6.4946425504864420	1.0000315968209585
6.4982675787900011	0.9999678183368234
6.5019013602153759	1.0000304245564506
6.5055486076915043	0.9999693771380876
6.5092121235198750	1.0000283066566349
6.5129002918566492	0.9999723165135856
6.5166216755130293	1.0000241472064599
6.5203943800629922	0.9999782854434096
6.5242445778784317	1.0000158325553132
6.5282281618994489	0.9999861200761475
6.5324863672800282	1.0000521243133245
6.5393947254104496	0.9998677855146135
6.5440804603661675	0.9999845175268570
6.5481202396468170	0.9999442408517146
6.5518920362703481	1.0000189038647911
6.5555608115560071	0.9999588882090531
6.5591854328955703	1.0000288594584543
6.5627930640149668	0.9999633568105754
6.5663912900883314	1.0000320060069141
6.5699862245350813	0.9999647520570534
6.5735781820118317	1.0000329804759744
6.5771705221423131	0.9999653442016746
6.5807632942381353	1.0000329777276467
6.5843604356144505	0.9999660890724572
6.5879633252931376	1.0000320978294210
6.5915777934894493	0.9999676466144906
6.5952079267928934	1.0000299000185298
6.5988634965120632	0.9999708893547545
6.6025545918160322	1.0000252821170941
6.6063009110828528	0.9999775066436815
6.6101303871376400	1.0000161884947396
6.6141008990697463	0.9999861529426989
6.6183555649026982	1.0000516760494695
6.6252525964653062	0.9998650133743745
6.6298353438803028	0.9999876122223311
6.6337488274628393	0.9999371686920744
6.6373916876495782	1.0000245209749516
6.6409341725882340	0.9999516435773891
6.6444375758001089	1.0000346747933746
6.6479313838086673	0.9999573402424590
6.6514263007767491	1.0000366759540409
6.6549322441791974	0.9999608887508521
6.6584542692817230	1.0000351821306914
6.6620015757458813	0.9999648987776587
6.6655818799378919	1.0000309563841827
6.6692097811661348	0.9999711971186482
6.6729027582400215	1.0000228687576873
6.6766936638385319	0.9999820158121806
6.6806389731544709	1.0000126837951302
6.6848880460738407	0.9999480351088689
6.6917898433326570	1.0001337663093250
6.6963676190597603	1.0000125135055866
6.7003002143991228	1.0000588589954909
6.7039975769083453	0.9999795823204114
6.7076320075860272	1.0000390068714105
6.7112771351444147	0.9999755667024807
6.7149746260328707	1.0000255091540236
6.7187655288514723	0.9999833337054386
6.7227101355022691	1.0000134307170048
6.7269590728595494	0.9999484752780440
6.7338510316787401	1.0001359249538428
6.7383616103463284	1.0000098406985183
6.7422038227922112	1.0000651648157264
6.7457935948039411	0.9999730430200993
6.7492979383724050	1.0000488193558166
6.7527802253153952	0.9999641945484568
6.7562662114721643	1.0000411084596890
6.7597701550955547	0.9999639059329781
6.7633002657412975	1.0000353765466741
6.7668677725117501	0.9999677795492216
6.7704839730654349	1.0000283016361675
6.7741694192624697	0.9999759294298105
6.7779534438733720	1.0000170643295920
6.7818960674400097	0.9999862717770510
6.7861431429415129	1.0000507524323703
6.7930408535415010	0.9998638325476505
6.7975666924585072	0.9999881317230445
6.8014385481686279	0.9999362356283908
6.8050690453411562	1.0000226766320985
6.8086331965208391	0.9999552403104975
6.8121978719060117	1.0000280197769202
6.8158019852184681	0.9999674060000470
6.8194716405336235	1.0000222388248337
6.8232440168931099	0.9999808596009937
6.8271776427855384	1.0000122302146408
6.8314236321996304	0.9999482214916353
6.8383647613499718	1.0001268762777074
6.8431722671075290	1.0000228256710917
6.8475019901600618	1.0000374676022898
6.8518824770017153	0.9999561181910466
6.8588759365753358	1.0001427325056562
6.8634466887779180	1.0000139478508783
6.8673375994200736	1.0000633961359695
6.8709880623359911	0.9999785754184495
6.8745793478239934	1.0000416868015740
6.8781874437205568	0.9999746264789516
6.8818550083443322	1.0000266951799246
6.8856236886878897	0.9999830949206143
6.8895547914105686	1.0000134897253303
6.8938000713368819	0.9999489784403625
6.9007314655296410	1.0001291494936320
6.9054631125539894	1.0000200658339111
6.9096543365683951	1.0000412394178508
6.9137451064497428	0.9999974422836129
6.9180456562239376	1.0000580634303149
6.9249809463412904	0.9998640168581217
6.9295035665662645	0.9999893093417201
6.9333585895687824	0.9999350310719616
6.9369643907557581	1.0000247647838749
6.9404920326330828	0.9999519141346074
6.9440003100054977	1.0000330657464263
6.9475160292380354	0.9999595745480943
6.9510474307322188	1.0000336751830352
6.9546024328064551	0.9999644012967225
6.9581845812319401	1.0000311946017557
6.9618025219434658	0.9999693429616739
6.9654648453787180	1.0000259885136611
6.9691898879470067	0.9999769143717699
6.9730045224166162	1.0000163648738116
6.9769662223900824	0.9999861534881647
6.9812184113021276	1.0000513699063023
6.9881360715601781	0.9998685156649965
6.9928314943437906	0.9999827575583572
6.9969144149222515	0.9999484896135034
7.0007730204881478	1.0000119408774397
7.0045877243979628	0.9999705966212477
7.0084449058232687	1.0000123646822501
7.0124268064901258	0.9999840332070987
7.0166852243405726	1.0000507465671618
7.0236131318129340	0.9998698761461940
7.0283816702790949	0.9999800294330334
7.0325723492167089	0.9999549533870340
7.0365802999764417	1.0000042065472909
7.0406220689683776	0.9999792570936011
7.0449008896962573	1.0000491391984132
7.0518482237254112	0.9998697162794368
7.0566692872543291	0.9999777837778761
7.0609403144959026	0.9999591762126299
7.0650787168734901	1.0000020435300732
7.0693937228278330	0.9999396189057063
7.0763736709729725	1.0001247499966459
7.0813014588773004	1.0000223741347141
7.0858843884225671	1.0000807964397316
7.0930246566911670	0.9998681125000275
7.0979069513162365	0.9999818949751219
7.1021396731392423	0.9999556031136227
7.1061607375296161	1.0000048770359060
7.1102057194296915	0.9999795039519314
7.1144860530192817	1.0000492140212778
7.1214430558523736	0.9998708961449827
7.1263056739870017	0.9999756559683964
7.1306746428450660	0.9999614645873508
7.1350646608637209	1.0000440473599963
7.1420551554705156	0.9998568401195645
7.1466635351197052	0.9999853766843879
7.1505711675781685	0.9999348368472949
7.1542041199677531	1.0000237654022905
7.1577435089181547	0.9999516115938716
7.1612542434972815	1.0000331866014611
7.1647665900600668	0.9999589871245640
7.1682900526952338	1.0000344055380004
7.1718319089705442	0.9999631851870170
7.1753929262117628	1.0000331112134611
7.1789762399729913	0.9999662309418670
7.1825810321909689	1.0000310372041858
7.1862098420996370	0.9999689089836645
7.1898621999478616	1.0000285815632191
7.1935419378966596	0.9999717915914239
7.1972512497464400	1.0000253531785543
7.2009989348144794	0.9999759362198455
7.2047961619408740	1.0000198308668238
7.2086689610599137	0.9999835369812889
7.2126658522406251	1.0000129031620681
7.2169288690880498	0.9999463795385651
7.2232527712107037	1.0002363557756795
7.2284183324702243	0.9999375592293871
7.2334216811225494	1.0002990774791694
7.2369810912634884	0.9999421863748743
7.2401377924042398	1.0000665358004084
7.2433091601698827	0.9999141553766149
7.2466719198688798	0.9999924654293311
7.2502505510752231	0.9999512097040073
7.2540741983576353	1.0000213536441640
7.2581994248530570	0.9999987708330242
7.2624442002324319	1.0000464767111799
7.2683414351200630	0.9998499389100071
7.2734230905733419	1.0001800580289522
7.2787179075694715	0.9997693767129029
7.2850700681349903	1.0002728637947078
7.2931128123135460	0.9997218516428070
7.2996419614989234	1.0003396998385981
7.3037445540411561	0.9998980828159452
7.3085196707815010	0.9999330433326403
7.3133605836516162	0.9997329708261961
7.3196736665914575	1.0001578975872631
7.3369172976909409	1.0002760983484420
7.3438145998638191	0.9997694819350849
7.3556581466807867	1.0005341495642250
7.3629404686741999	1.0001175393070734
7.3681481287801711	1.0000630516299653
7.3737206454714990	0.9996382311980185
7.3825233554192371	1.0002642414814111
7.3872085504351048	1.0001126503611979
7.3918520456712056	1.0001333391881835
7.3990240349893073	0.9997859828410292
7.4062468947395521	1.0001997455341016
7.4111524401814135	1.0000280134045332
7.4151491638039744	1.0000691146894269
7.4194871254078931	1.0000091917160345
7.4268996207834226	1.0002014591841459
7.4301098696975778	0.9999724311138114
7.4331493306937677	1.0001077803406759
7.4362603966919298	0.9999619818898018
7.4394767243442876	1.0000628325370415
7.4427905035672755	0.9999612494450099
7.4461902719664241	1.0000422212298630
7.4496699377509792	0.9999657224377286
7.4532286964458363	1.0000296822230217
7.4568773564284552	0.9999746541736506
7.4606388374072639	1.0000166712888681
7.4645690061820620	0.9999855596959522
7.4688124705017529	1.0000495847846278
7.4757181109014414	0.9998641453134597
7.4802705707855850	0.9999858134267120
7.4841875840529024	0.9999390300767084
7.4878804355124338	1.0000176390186619
7.4915292458589411	0.9999612812372672
7.4952114231428695	1.0000189561866164
7.4989855024842162	0.9999786114264918
7.5029180495893177	1.0000110154023976
7.5071641015885540	0.9999476899117922
7.5140191898469055	1.0001433127839936
7.5182912746133725	1.0000013736875404
7.5218762073348531	1.0000823498035758
7.5252266104119814	0.9999614955305001
7.5285098221081777	1.0000646350058329
7.5317851461565031	0.9999530318257194
7.5350747338726851	1.0000548170836270
7.5383898737128456	0.9999535066856273
7.5417355214603834	1.0000478077346742
7.5451186845785472	0.9999576136915472
7.5485443615279122	1.0000408483079475
7.5520227588446520	0.9999643736956370
7.5555647536631403	1.0000318959918690
7.5591910197621672	0.9999748610602083
7.5629315378539461	1.0000186248512717
7.5668478313614260	0.9999870737491325
7.5710878055009481	1.0000505606067678
7.5779842322046429	0.9998629573250973
7.5824463826006347	0.9999897307118298
7.5862659075935150	0.9999347056557353
7.5898658773670711	1.0000229273348897
7.5934219545750299	0.9999564737291583
7.5970023208580981	1.0000256721292555
7.6006506979824247	0.9999720258768321
7.6044043905279786	1.0000163871399919
7.6083280316355939	0.9999857159895696
7.6125700244465273	1.0000498574634042
7.6194956554410052	0.9998680442766315
7.6241474479218851	0.9999817511978892
7.6282245414322398	0.9999513890914838
7.6321461277569025	1.0000048091584117
7.6361355548262599	0.9999790113506746
7.6403999769224598	1.0000472502910018
7.6473718492973930	0.9998720657929847
7.6522469105159487	0.9999746421281008
7.6568172000054240	0.9999191140195953
7.6639319178838337	1.0001379249042865
7.6685068160798879	1.0000078999738651
7.6723470178493027	1.0000663307867212
7.6759165656118622	0.9999713269889766
7.6793960084423247	1.0000505038490146
7.6828505070686548	0.9999621992259323
7.6863032733450725	1.0000437711259458
7.6897639068108097	0.9999603542243524
7.6932341590402311	1.0000404729442047
7.6967164614430370	0.9999606944472101
7.7002098170501370	1.0000383948914142
7.7037162582353229	0.9999618265162851
7.7072350386180224	1.0000365753014007
7.7107690928244903	0.9999634907432393
7.7143189290767697	1.0000344339183378
7.7178893604502505	0.9999659345276208
7.7214835203492838	1.0000313128843068
7.7251101843854366	0.9999699037410441
7.7287785631783796	1.0000260138900718
7.7325075895265947	0.9999770904693028
7.7363247254395082	1.0000163936930828
7.7402878182813577	0.9999861846205883
7.7445404182440782	1.0000514369632740
7.7514457776740358	0.9998662632018815
7.7560645903399843	0.9999859511469241
7.7600322825496644	0.9999408386437582
7.7637403849375843	1.0000208431237287
7.7673568686562904	0.9999566156594174
7.7709421502314875	1.0000297633244484
7.7745255214603830	0.9999630810188073
7.7781178116119847	1.0000308065682741
7.7817298812626312	0.9999674458043052
7.7853688659263600	1.0000281260724497
7.7890483453453960	0.9999729897800590
7.7927842963682705	1.0000215018826457
7.7966079106090600	0.9999825476627959
7.8005734357397136	1.0000127122522047
7.8048279863278323	0.9999473442143392
7.8117359405657956	1.0001316769841777
7.8163972385053260	1.0000145000451652
7.8204210526018700	1.0000543402335196
7.8242014391683909	0.9999823052583956
7.8279080254221087	1.0000356668896191
7.8316141982788539	0.9999774445750544
7.8353611831802921	1.0000238983793814
7.8391891129895512	0.9999838612194685
7.8431564107980840	1.0000134279293791
7.8474115298299125	0.9999476846204695
7.8543064842596966	1.0001343340444619
7.8588828325931406	1.0000111020911766
7.8627854849082874	1.0000624544363481
7.8664176449670817	0.9999736561025284
7.8699446005971421	1.0000485148723068
7.8734291586980474	0.9999626752889009
7.8768956605169294	1.0000437943278737
7.8803559049207816	0.9999593964894097
7.8838142016675494	1.0000417806352739
7.8872757900495660	0.9999589614031797
7.8907426876036810	1.0000401605236060
7.8942201619711998	0.9999601131985415
7.8977110303016858	1.0000378916313875
7.9012222162110959	0.9999627581885319
7.9047589503116606	1.0000341935710342
7.9083319400072254	0.9999674830259693
7.9119523191970114	1.0000278821934590
7.9156408578586017	0.9999758517383365
7.9194270041022969	1.0000169454884642
7.9233708818519633	0.9999862243815112
7.9276183039224977	1.0000507730784263
7.9345131737708448	0.9998633453073458
7.9390238432262308	0.9999890454751769
7.9428695205987987	0.9999339156930646
7.9464600794026898	1.0000259554550257
7.9499642711557632	0.9999497662242648
7.9534399711311687	1.0000355652155359
7.9569130194876507	0.9999562168790100
7.9603901921647831	1.0000376702171712
7.9638769183812279	0.9999593246309949
7.9673728259060566	1.0000374782980892
7.9708802343558771	0.9999612376614224
7.9743977808434874	1.0000365468053203
7.9779273227033354	0.9999627431543211
7.9814674436707271	1.0000353557641202
7.9850200746492019	0.9999641476710504
7.9885840306965514	1.0000340109305779
7.9921616383823979	0.9999656335418251
7.9957523194133646	1.0000324296529388
7.9993593562413503	0.9999674367788625
8.0029836027281309	1.0000303222798002
8.0066305945907743	0.9999700312718754
8.0103046823194362	1.0000269887998028
8.0140171364206303	0.9999745083331029
8.0177819695828276	1.0000207732423874
8.0216283202387899	0.9999830195706437
8.0256081883877322	1.0000127895187483
8.0298666154936598	0.9999468789094550
8.0368058691550495	1.0001251217702283
8.0417208735944641	1.0000229589262781
8.0462993776318079	1.0000811413724140
8.0537184661801167	0.9999188371045464
8.0584915257011751	1.0000197971106286
8.0625775508764033	0.9999970359743714
8.0664389979523374	1.0000220694205026
8.0701866920880629	0.9999470151828299
8.0738189284088708	1.0000061566458265
8.0773731801999684	0.9999290441151003
8.0808933996015195	1.0000050834275527
8.0844541848299922	0.9999428282852382
8.0881264263010415	0.9999970768836198
8.0919963155517127	0.9999686270030026
8.0962247705228965	1.0000354493926000
8.1029977814015961	0.9998291058084126
8.1067652298925079	1.0000075819021004
8.1100223855461007	0.9998994428304677
8.1132424445847366	1.0000286927328621
8.1165819006045545	0.9999492179159968
8.1201069944941437	1.0000158242160504
8.1238950457359582	0.9999829546694698
8.1281018862382783	1.0000438590722678
8.1350656973400408	0.9998679654895314
8.1396339242612594	0.9999764227744915
8.1438029646730730	0.9999601595394675
8.1481397223487733	1.0000368447379109
8.1550282429777639	0.9998296199115660
8.1588162533042468	1.0000102265109325
8.1620484982018180	0.9998941242876980
8.1651864275575896	1.0000408072337277
8.1683646483584020	0.9999303502776179
8.1716157035446173	1.0000412170761226
8.1749548214955343	0.9999524807323809
8.1783885953351732	1.0000328758053370
8.1819342064623495	0.9999702771696745
8.1856182323924447	1.0000183587522051
8.1895013760490301	0.9999862395244481
8.1937323731072240	1.0000487790471109
8.2006465029001081	0.9998642806653532
8.2051495841154445	0.9999861023557169
8.2090471861704462	0.9999404545716264
8.2127568938151594	1.0000148753292248
8.2164584887670244	0.9999664758813093
8.2202352091547972	1.0000127791430835
8.2241690753383079	0.9999834880269979
8.2284142331248642	1.0000486268625493
8.2353555911803280	0.9998699908961144
8.2398734870590378	0.9999948886069656
8.2437192982721026	0.9999379611650772
8.2472704261981598	1.0000377990754161
8.2506824492875470	0.9999454520892965
8.2540147133472423	1.0000522972128096
8.2573034521503583	0.9999447655307525
8.2605694450051779	1.0000543843740053
8.2638321174505300	0.9999441792960956
8.2671022631673399	1.0000503800806038
8.2703904537494015	0.9999448031388127
8.2737002678039637	1.0000444514896563
8.2770362533749111	0.9999462483142227
8.2803978134834963	1.0000389396641685
8.2837865040899228	0.9999483124149628
8.2872001215899846	1.0000347469410822
8.2906393342142781	0.9999510041405902
8.2941018804871742	1.0000319005282992
8.2975887783460500	0.9999543586862740
8.3010986024318161	1.0000299558564336
8.3046336525973672	0.9999584347131985
8.3081942754183302	1.0000281776974633
8.3117854201429182	0.9999635034604800
8.3154112742410558	1.0000254490409244
8.3190829504137689	0.9999704858750594
8.3228147344628240	1.0000197785112199
8.3266362888690058	0.9999814091031277
8.3306008785101611	1.0000121717915527
8.3348551027492022	0.9999473841709776
8.3420507132161656	1.0000775553770820
8.3467453886910743	0.9999793725828985
8.3508080896592478	1.0000062194057857
8.3548777943443966	0.9999884902363987
8.3589678998364825	1.0000019540139344
8.3630182335287628	0.9999947972794848
8.3670696531860855	1.0000386180786411
8.3711727613146962	1.0000152190427685
8.3754479737302763	1.0000793240648103
8.3823601046027054	0.9998562724061426
8.3859336582738599	1.0000482855506925
8.3889994277985842	0.9999007425582620
8.3919996970951392	1.0000608931355501
8.3950595841703954	0.9999304131482968
8.3981960475500976	1.0000551982631145
8.4014111454380984	0.9999472840467193
8.4046967588339836	1.0000469070151807
8.4080477859859393	0.9999563404219832
8.4114562093356060	1.0000387716886692
8.4149182541749479	0.9999608510760420
8.4184281603434368	1.0000304265047633
8.4219851913610952	0.9999622620491154
8.4255884230155242	1.0000257226852574
8.4292391213156019	0.9999681547298553
8.4329397773634902	1.0000214964215430
8.4367027504526337	0.9999759588417013
8.4405494003279813	1.0000140462727067
8.4445319812042108	0.9999848323425653
8.4487896026233020	1.0000513280636623
8.4557112201948126	0.9998702447544351
8.4604936283076491	0.9999811448976480
8.4646741345034311	0.9999525040252741
8.4686173039915786	1.0000109965433175
8.4724899536041587	0.9999715726067100
8.4763616140085656	1.0000155845932412
8.4802821010610749	0.9999827149934577
8.4843062324014689	1.0000126171561332
8.4885771929707676	0.9999457258995306
8.4954876204268164	1.0001295222735895
8.5002877753344634	1.0000173182132119
8.5044559452655921	1.0000494835942042
8.5083547057613256	0.9999851949947992
8.5121446850384785	1.0000343713197648
8.5158939643564331	0.9999768814124815
8.5196353603847239	1.0000281915275080
8.5233927408545700	0.9999773337883151
8.5271875468669425	1.0000215378394488
8.5310531488778203	0.9999842299747381
8.5350439995465646	1.0000136163019533
8.5393056300847743	0.9999471901415009
8.5462303310436614	1.0001280478466652
8.5510607237897300	1.0000209285510813
8.5553400506928430	1.0000396084005374
8.5594857024683684	0.9999970082903193
8.5638013602373348	1.0000597945986556
8.5707746163669967	0.9998733912308245
8.5757896738924781	1.0000278492865653
8.5832343736779233	0.9998308548147372
8.5881549016480392	0.9999759573207004
8.5922266541728352	0.9999346021741188
8.5959488902750518	1.0000202887904281
8.5995376467728821	0.9999517361892581
8.6030709387538433	1.0000329353077491
8.6065842205725467	0.9999574032108720
8.6100890403295178	1.0000365318223772
8.6135940193221980	0.9999597639960117
8.6171013418557845	1.0000370270612311
8.6206159286923842	0.9999614131918992
8.6241392932259267	1.0000360245906228
8.6276767432570836	0.9999634438204744
8.6312311682318370	1.0000337417753444
8.6348101457843320	0.9999666403295535
8.6384201904284499	1.0000296268201274
8.6420747628760015	0.9999722018311842
8.6457902651677720	1.0000220922485008
8.6495984274742916	0.9999822183655206
8.6535544280068279	1.0000125839716831
8.6578063813476653	0.9999475362861636
8.6647511744547216	1.0001250318933761
8.6696466468512625	1.0000231841829053
8.6742200357627084	1.0000804435951243
8.6813785549303013	0.9998712928445525
8.6863740128299831	0.9999771470706232
8.6909813458497638	0.9999179651355109
8.6981422080350814	1.0001322101007759
8.7030035708281961	1.0000169015194142
8.7072076633528290	1.0000442565625960
8.7112079285913904	0.9999939091857932
8.7152386379539166	1.0000194285394080
8.7195162734574794	0.9999500942598631
8.7264511221329517	1.0001322480511508
8.7311543401523757	1.0000170784899440
8.7352463369897304	1.0000494196088956
8.7391334945937764	0.9999897113319345
8.7430082601276311	1.0000236236586850
8.7469902274801274	0.9999896539608242
8.7512503730507500	1.0000532234267181
8.7581876092456152	0.9998710285620614
8.7629625711518706	0.9999788253691624
8.7671932338528009	0.9999586456975016
8.7713064498114246	1.0000018278338971
8.7756145239395327	0.9999402747136351
8.7825725407065161	1.0001296881215656
8.7872926427475555	1.0000169193813435
8.7914166643209768	1.0000459745684722
8.7953697524627401	0.9999939886026040
8.7993751195091612	1.0000196875171108
8.8036454029677209	0.9999509791706584
8.8105779800157826	1.0001332195646853
8.8152416106114959	1.0000175691378088
8.8193151592345114	1.0000483882826952
8.8232307940371921	0.9999941783402826
8.8272138517905407	1.0000200857632324
8.8314780195213025	0.9999519521627668
8.8384474719708148	1.0001273327591227
8.8434503742734201	0.9999741360312848
8.8507894993943328	1.0001877745525447
8.8550236308291499	1.0000055901978266
8.8584088514645298	1.0001102066663667
8.8615442596660383	0.9999526829947043
8.8646245874349994	1.0000842788653168
8.8677088845669267	0.9999413436794631
8.8708142499204534	1.0000702857911268
8.8739458637075401	0.9999400029823515
8.8771023567478142	1.0000626015527692
8.8802837954108753	0.9999415656253601
8.8834870418677969	1.0000578494406354
8.8867122290078857	0.9999438995458654
8.8899565297897460	1.0000544279386321
8.8932207276794077	0.9999463820996941
8.8965026717050293	1.0000515593432509
8.8998039227956252	0.9999489395233756
8.9031231836950973	1.0000487871489339
8.9064629554529215	0.9999517227815531
8.9098230486650412	1.0000457448046784
8.9132072472332275	0.9999550181533972
8.9166169943830837	1.0000420193015773
8.9200581457508825	0.9999592853728667
8.9235350256134005	1.0000369872312387
8.9270576091837537	0.9999653521020565
8.9306365467781728	1.0000294593082755
8.9342923336635209	0.9999749115757312
8.9380545371851259	1.0000174029976396
8.9419839367845526	0.9999862876203999
8.9462274319592474	1.0000503089201147
8.9531050741309883	0.9998594650624297
8.9574862029800126	0.9999933558585603
8.9611913590216190	0.9999252039505996
8.9646517666601611	1.0000319966411766
8.9680380434720899	0.9999422918247864
8.9714081775873122	1.0000408140311616
8.9747892119025625	0.9999511306787568
8.9781905840528822	1.0000408015222995
8.9816219786857285	0.9999575497029251
8.9850890186081571	1.0000368725374351
8.9886025432507974	0.9999645263977242
8.9921735360744925	1.0000295546725837
8.9958228037400598	0.9999745622084182
8.9995801194907568	1.0000174070342056
9.0035065416473277	0.9999862359289822
9.0077492379114368	1.0000501661998533
9.0146432654465070	0.9998623591102426
9.0191122667998354	0.9999896024126874
9.0229265412295980	0.9999329937997463
9.0265052250759847	1.0000248974488544
9.0300202951844764	0.9999520200242227
9.0335338798761171	1.0000310729741204
9.0370789966772271	0.9999632335943662
9.0406736166568731	1.0000272854519898
9.0443412909495802	0.9999743287131166
9.0481120287061625	1.0000167194529024
9.0520466073792001	0.9999859756926138
9.0562914807249033	1.0000503119913269
9.0632449006300977	0.9998738575822653
9.0681199080583408	0.9999753717243003
9.0726896582582803	0.9999192371999888
9.0798281060611323	1.0001330382454294
9.0845814991391194	1.0000145571994707
9.0886629526305072	1.0000502582425645
9.0925257105530033	0.9999886513264427
9.0963779667328790	1.0000241162574572
9.1003452468619486	0.9999898010551826
9.1046015019810671	1.0000528381404146
9.1115566846216858	0.9998737585503361
9.1165558710679608	1.0000260666677809
9.1244760261993161	0.9999063235598268
9.1295143369854017	0.9999817825332812
9.1377859612440240	0.9997345398609233
9.1407789837951743	0.9999913023350607
9.1438179340142263	0.9998555551141961
9.1470214948568440	0.9999797927968155
9.1503624098153100	0.9999031042474676
9.1537889875985421	0.9999936180807194
9.1572618214718275	0.9999241278272791
9.1607418822978470	1.0000127272112826
9.1642146723480646	0.9999372760443472
9.1676734445209629	1.0000268830318839
9.1711215208618615	0.9999463868732203
9.1745618696679365	1.0000357551179770
9.1780008688581223	0.9999531523865823
9.1814406511525046	1.0000405941701040
9.1848854011631413	0.9999578606744932
9.1883349745109637	1.0000428031095530
9.1917919552002942	0.9999608646588964
9.1952553377115436	1.0000432909856587
9.1987275404107951	0.9999627654138384
9.2022079261260199	1.0000425256842922
9.2056996810843987	0.9999642456035077
9.2092032924212130	1.0000406645367974
9.2127234246021033	0.9999659978740348
9.2162625371691185	1.0000375670994055
9.2198280141491047	0.9999688330948396
9.2234262581448903	1.0000326254027809
9.2270707766797155	0.9999740477419780
9.2307780601869052	1.0000242712330900
9.2345800598387129	0.9999837904542311
9.2385322673801777	1.0000140123504724
9.2427831923580328	0.9999488758422774
9.2496860637445124	1.0001340076794256
9.2542852196640109	1.0000134255318895
9.2582363841369517	1.0000587631511322
9.2619433048320623	0.9999795924339984
9.2655750746889520	1.0000403728893514
9.2692013379482425	0.9999735342462168
9.2728570226156286	1.0000295328888047
9.2765706204121123	0.9999780621005544
9.2803745388887062	1.0000175597342760
9.2843289803236893	0.9999867296386293
9.2885793224594604	1.0000514366118460
9.2954642822169866	0.9998621152051211
9.2999374282200371	0.9999911548989031
9.3037266190102876	0.9999297442231372
9.3072492703095051	1.0000302937948999
9.3106771023704091	0.9999442472389394
9.3140703471716275	1.0000408636090334
9.3174574312075116	0.9999505822338526
9.3208484362484683	1.0000427773542264
9.3242527790418439	0.9999547031035909
9.3276748814681358	1.0000410504456425
9.3311228727264570	0.9999590612865120
9.3346026758118921	1.0000367992281751
9.3381256309876726	0.9999651379797784
9.3417034348705936	1.0000294966313266
9.3453574591249495	0.9999747793479138
9.3491179429410121	1.0000174174286620
9.3530461855791085	0.9999862712782872
9.3572893932625334	1.0000502546862540
9.3642133499743370	0.9998680703363699
9.3688704726186938	0.9999816909632001
9.3729512827949346	0.9999514092274810
9.3768749006344816	1.0000047565817549
9.3808653254534669	0.9999789616198079
9.3851300638237340	1.0000472325826260
9.3920431353167082	0.9998610242735146
9.3965354744929215	0.9999879810702539
9.4003767115570653	0.9999346699163694
9.4039909838189875	1.0000219506593153
9.4075564621461503	0.9999563237505308
9.4111429925102872	1.0000251146470001
9.4147953786868790	0.9999717770829082
9.4185515968674860	1.0000160499660504
9.4224766481737170	0.9999854491805803
9.4267190442854947	1.0000496762758955
9.4335930982782781	0.9998582410859784
9.4379400484896632	0.9999944305744142
9.4416098010953426	0.9999227425006625
9.4450368333648473	1.0000338050294022
9.4483897712478573	0.9999396142565709
9.4517241075317191	1.0000433658948027
9.4550643799730345	0.9999477491910936
9.4584173302651724	1.0000445943857668
9.4617895225839703	0.9999527029392568
9.4651825449202818	1.0000427321673528
9.4686017116619023	0.9999570387598817
9.4720498060632323	1.0000390331539015
9.4755344429410542	0.9999622016990336
9.4790623640506251	1.0000332511488299
9.4826473989964359	0.9999696741314804
9.4863066535964276	1.0000238900961891
9.4900729489876934	0.9999816035744424
9.4940033979021390	1.0000126623367465
9.4982484257474713	0.9999485444201333
9.5051304938093999	1.0001381313220703
9.5095597104705440	1.0000072926109631
9.5133156158965857	1.0000702820366167
9.5168270774097792	0.9999696136184080
9.5202615823686365	1.0000531372790757
9.5236813912351561	0.9999611379806145
9.5271115097158496	1.0000443137112396
9.5305657670366610	0.9999615202839246
9.5340522490989716	1.0000375663510157
9.5375821246432135	0.9999661904662185
9.5411667814430423	1.0000295474076557
9.5448269212988226	0.9999751911011544
9.5485922604095776	1.0000174185837232
9.5525235293784725	0.9999863090563877
9.5567675365393416	1.0000503732155783
9.5637192232768822	0.9998734483650276
9.5687152369059607	1.0000254468538348
9.5761620519762207	0.9998292134545472
9.5809694216242676	0.9999760509631801
9.5849526158193878	0.9999318389886080
9.5886355820641871	1.0000179537897835
9.5922398946700618	0.9999560022230266
9.5958512216287204	1.0000236081455549
9.5995207662581397	0.9999718018619074
9.6032886504139103	1.0000156174668207
9.6072205414571368	0.9999853017618474
9.6114648047423721	1.0000498287325810
9.6183443442738348	0.9998595215205377
9.6227344746970989	0.9999928085234401
9.6264514151896048	0.9999261159691040
9.6299266701956512	1.0000307813342213
9.6333324759734698	0.9999440736159213
9.6367288313147466	1.0000385173986068
9.6401452761061144	0.9999542650984603
9.6435944655443961	1.0000367464402118
9.6470905518537542	0.9999629294634326
9.6506458260591010	1.0000298182747058
9.6542820029056085	0.9999738948871431
9.6580294313323396	1.0000174624698837
9.6619498177812169	0.9999861702844659
9.6661909024060577	1.0000499133519589
9.6730409606523136	0.9998538097864508
9.6772564403134247	0.9999995883017528
9.6807908438002208	0.9999132984135102
9.6840963842395915	1.0000401847338667
9.6873407827795610	0.9999316963473334
9.6905776317959464	1.0000489912679400
9.6938306659895623	0.9999418627067747
9.6971065233463705	1.0000489183997063
9.7004123240277149	0.9999488087770628
9.7037504306428488	1.0000453694908076
9.7071274222425501	0.9999552391634592
9.7105477540863365	1.0000395660956460
9.7140216374929569	0.9999628903821833
9.7175598375013763	1.0000309636089377
9.7211830782228255	0.9999737937250267
9.7249213653032527	1.0000177851708505
9.7288363137176788	0.9999862656450574
9.7330759297489671	1.0000497711279668
9.7400109294497064	0.9998695011524371
9.7447089106979572	0.9999791536811823
9.7488734575623557	0.9999570712236544
9.7529463087239510	1.0000012772306046
9.7572433205303017	0.9999413456416792
9.7641630125984573	1.0001382603515740
9.7685745389627421	1.0000062981033626
9.7723134864475227	1.0000703543722325
9.7758230786928966	0.9999707682928226
9.7792749359622153	1.0000505195268543
9.7827344777351062	0.9999653548702682
9.7862313169890118	1.0000380300534850
9.7897867070578286	0.9999701392700227
9.7934212563438869	1.0000256705951567
9.7971689425669108	0.9999817896024479
9.8010880922005494	1.0000129260899890
9.8053300690418119	0.9999490754133742
9.8122033756663516	1.0001403554669868
9.8165604320378694	1.0000049383826191
9.8202417507654740	1.0000751060624364
9.8236847417227260	0.9999661806746448
9.8270545195737107	1.0000578257111432
9.8304097885498454	0.9999570445468697
9.8337720184241739	1.0000493742009531
9.8371513654153784	0.9999562039463142
9.8405514697988536	1.0000440658573642
9.8439776485058541	0.9999585239522892
9.8474328359121568	1.0000392154436117
9.8509243263936170	0.9999629225512203
9.8544586940596606	1.0000331324332716
9.8580494845037148	0.9999700252504728
9.8617135873192936	1.0000237928132281
9.8654835704285926	0.9999817056562278
9.8694162900553835	1.0000126830911640
9.8736619229774156	0.9999484740158919
9.8805708704231989	1.0001329824232099
9.8851668144410869	1.0000140283061369
9.8891402868141878	1.0000553023682006
9.8929045255489712	0.9999845912966481
9.8966407677750254	1.0000310079529289
9.9004409319047024	0.9999859019954875
9.9043865143839689	1.0000149783818182
9.9086362912263475	0.9999494229524419
9.9155355096523756	1.0001356527961658
9.9200627215305026	1.0000110557132909
9.9239338577391436	1.0000628585947402
9.9275642429780930	0.9999760281254951
9.9311223520597807	1.0000445028456257
9.9346744410687826	0.9999693938187731
9.9382508364212931	1.0000341772138091
9.9418730381798639	0.9999725626458120
9.9455612666132360	1.0000239012493637
9.9493486821376944	0.9999824528972380
9.9532919447641781	1.0000129445613308
9.9575404257795608	0.9999482436008261
9.9644708429148885	1.0001285286345394
9.9692293922200577	1.0000202054748804
9.9734449867926873	1.0000406199626179
9.9775509862667278	0.9999972112522649
9.9818556655378785	1.0000584511699839
9.9887974223655771	0.9998658250330171
9.9933905434280952	0.9999872045613313
9.9973256099919503	0.9999398347682542
