0.0000000000000000	0.0000000000000000
1.1978796402913729	0.0010000000000000
1.2093337520716356	0.0008801917713264
1.2149722986318721	0.0013995280925133
1.2190799274653783	0.0015856030770960
1.2231566637850266	0.0018825793413157
1.2274112129190180	0.0021883719027287
1.2320317346384739	0.0026541922521871
1.2388517542057227	0.0030717628139131
1.2649071229435851	0.0081336745303691
1.2693032820269081	0.0097593447827094
1.2742221804110105	0.0116436741654308
1.2817963906026966	0.0154238853209547
1.2857603612885489	0.0175365046545770
1.2896290994589088	0.0200657801108827
1.2937533693413892	0.0230550738353398
1.2981459247841445	0.0268078363531409
1.3028115242784286	0.0314662616086375
1.3075124841062014	0.0368605409795568
1.3214285160695378	0.0578788558473503
1.3258029166397018	0.0669468776010688
1.3297297390695406	0.0759298963765424
1.3334201775192971	0.0855187625104767
1.3371662689701220	0.0961575421559995
1.3409354621808698	0.1081542953500754
1.3448799480102185	0.1219592869912292
1.3488445993828388	0.1374202164766677
1.3528930985649184	0.1547808134893165
1.3568536491966250	0.1735679106614894
1.3607637186699704	0.1937373090049922
1.3645742434239980	0.2152246514991632
1.3683252238479271	0.2379016361174461
1.3720898847318690	0.2624607429925069
1.3758248866910725	0.2882918972161341
1.3796820958193963	0.3167009406963637
1.3834889719212231	0.3461078421306821
1.3874989137304412	0.3786114902926130
1.3914094042775969	0.4114161899856186
1.3956097045355897	0.4477471371310877
1.3996716404956819	0.4835041300919398
1.4041050159553563	0.5228941346517764
1.4083660218987055	0.5606164657566050
1.4129656854517989	0.6007467007367108
1.4173042271377496	0.6375512930463785
1.4217487419463410	0.6738471116407204
1.4258391252078244	0.7055713685498192
1.4298051245081211	0.7347406846340926
1.4335478591612145	0.7604725560734391
1.4372422857169551	0.7843367357053593
1.4409339821252503	0.8063424421203222
1.4446597772499821	0.8269367211518187
1.4484970475449517	0.8462456083523635
1.4523888008094636	0.8641032304119149
1.4564954543522943	0.8809997579635196
1.4608585506860463	0.8970284198600984
1.4693907367639507	0.9226411344115407
1.4730434216493262	0.9320040295741920
1.4764671004374066	0.9395901847961623
1.4798564463642518	0.9464958544120176
1.4833192083905737	0.9526148658663751
1.4867319252665572	0.9581466351380188
1.4901611729440387	0.9629218174632219
1.4935391558788664	0.9672733328211283
1.4969522060092471	0.9710044088816273
1.5003554358577933	0.9744679098340885
1.5038533304386974	0.9774686123166704
1.5074194284827762	0.9802899180168060
1.5111335238616634	0.9827646165775625
1.5150191602757697	0.9850949699076557
1.5192794231534841	0.9872009214934133
1.5258258388651216	0.9901489134110149
1.5305159511762196	0.9916192205524634
1.5344907749589423	0.9928197555215611
1.5382547648412668	0.9936970581875600
1.5420203332525768	0.9945629682021455
1.5459416205611045	0.9952715699931094
1.5501857637193630	0.9960229847673465
1.5573352231960540	0.9967987440886108
1.5620955091951867	0.9974039080028788
1.5666449990355504	0.9977644085640875
1.5738479183525369	0.9984886117062680
1.5786362613253810	0.9986597893948793
1.5828108336196076	0.9988842210255088
1.5867557375491113	0.9989767408988007
1.5906244260560911	0.9991414360176240
1.5945146261456695	0.9992090359459594
1.5985122544651831	0.9993336440256291
1.6027772805271261	0.9993531320368431
1.6093801160194867	0.9996952523660967
1.6135246862177124	0.9996084826840317
1.6170793331608142	0.9997294039770040
1.6206160922902331	0.9996919287326551
1.6243814349741270	0.9997667749220717
1.6285895189102439	0.9997471695646600
1.6355120137433705	0.9999916799992595
1.6394692157381805	0.9998660676898589
1.6429975955136269	0.9999531415647259
1.6465578849244358	0.9998912673245668
1.6503449393847718	0.9999363719646316
1.6545563705150295	0.9998872451505704
1.6614389406463761	1.0000952885786660
1.6655546458050607	0.9999572913705098
1.6690925014188021	1.0000414957032913
1.6724870688798523	0.9999358934537351
1.6758768327207578	1.0000239008203167
1.6793021651077593	0.9999388259734090
1.6827753024659990	1.0000168435877406
1.6863032479128952	0.9999475909608971
1.6898931797990613	1.0000117814716027
1.6935614540404791	0.9999600740368032
1.6973348202249976	1.0000033602486509
1.7012714703874463	0.9999739975997426
1.7055168574943607	1.0000397573132449
1.7124278437845735	0.9998573515831896
1.7170192878868165	0.9999780112576109
1.7209786174741362	0.9999350464446622
1.7247035986228607	1.0000123577354632
1.7283616040961192	0.9999549196833887
1.7320109188274369	1.0000203561492029
1.7356780437702846	0.9999641266588589
1.7393704384585620	1.0000210501563362
1.7430956193976361	0.9999698442844953
1.7468581404953827	1.0000184377985859
1.7506712660536934	0.9999759234917047
1.7545557383225572	1.0000116112609823
1.7585617910141429	0.9999823122306367
1.7628260092472043	1.0000487731036767
1.7697616626842654	0.9998688535828304
1.7745971055374385	0.9999761042794965
1.7788616379403337	0.9999543995670122
1.7829298377881324	1.0000014544156497
1.7870097846577448	0.9999780115917454
1.7912990922516825	1.0000507943177430
1.7976080150043439	0.9997603467845668
1.8027794301920215	1.0000583795602844
1.8077868297102122	0.9996894204320284
1.8113471249560824	1.0000371175650820
1.8150546923378104	0.9999960983302278
1.8186163782913998	1.0000858764175653
1.8221668934947028	1.0000111702568306
1.8258036636471722	1.0000575936208929
1.8296243166441513	1.0000116297044264
1.8335928367590957	1.0000085420674836
1.8378550297247886	0.9999222714803634
1.8448044121084544	1.0001614015939033
1.8485144588012254	0.9999969997669900
1.8519164344554917	1.0000812690498586
1.8553426763875516	0.9999826203465235
1.8588500443639429	1.0000449152200124
1.8624542205774015	0.9999799101530382
1.8661790675899574	1.0000219356074547
1.8700883899344971	0.9999942760992924
1.8743246223306915	1.0000740502732846
1.8808532702474554	0.9998771583748164
1.8924436884993368	1.0004039784761647
1.8995842290853253	0.9997909048130069
1.9060817454356933	1.0003189948543989
1.9114425942272579	1.0001357694594666
1.9160712634828809	1.0000030058730043
1.9203036951190908	0.9999240803758368
1.9244787646980610	0.9999310976875515
1.9287729116199741	0.9998359748085295
1.9345704511011841	1.0001488004646077
1.9512344600866816	1.0002371471944691
1.9568143301449830	1.0000670179920761
1.9687655293275506	1.0002562190858484
1.9735642575687831	1.0000326598763669
1.9771200108378411	1.0001187575730823
1.9804757090447933	0.9999934674029494
1.9838790905795267	1.0000651348963887
1.9873959314403018	0.9999886533361388
1.9910621034211078	1.0000308393191890
1.9949348164750762	0.9999936535377222
1.9991632390453771	1.0000524241777184
2.0060411817052932	0.9998583926043875
2.0102989918693659	0.9999968450918352
2.0139158784399074	0.9999221565615442
2.0173324252827975	1.0000316098263653
2.0207142723377425	0.9999443617912614
2.0241173038970541	1.0000357903334423
2.0275706988060409	0.9999586853218906
2.0310903687289441	1.0000299748725561
2.0346990123356314	0.9999723339896497
2.0384267239325298	1.0000174329017109
2.0423354040515651	0.9999859872317358
2.0465733081590454	1.0000494137580405
2.0535321993825857	0.9998736725295153
2.0585260510093537	1.0000248537794421
2.0660119271791051	0.9998339743209564
2.0709896755974242	0.9999688723892699
2.0752596922105790	0.9999514849103308
2.0793694905661453	0.9999988398797492
2.0836797383452041	0.9999397441723951
2.0906486108282833	1.0001309324788139
2.0952992494050848	1.0000160949090289
2.0993587775522067	1.0000481395154497
2.1032655780193328	0.9999938545829909
2.1072438862553606	1.0000199693013574
2.1115066362448824	0.9999520677249721
2.1184358980126827	1.0001349792772449
2.1230236760044612	1.0000154019623839
2.1270028246799648	1.0000541440473059
2.1307999599381366	0.9999884457240512
2.1346099939599230	1.0000253933542222
2.1385533140936612	0.9999902336233178
2.1428028973252973	1.0000522691783011
2.1497654911607076	0.9998743356431204
2.1546304861565657	0.9999754528742006
2.1591977762016499	0.9999197086231976
2.1663645838242154	1.0001290143475969
2.1712617769171580	1.0000213287077047
2.1756179855901729	1.0000371690222201
2.1800082585240119	0.9999559859190182
2.1870647791541069	1.0001336532574741
2.1921004206793335	0.9999754883584443
2.1996013817362674	1.0001672099029166
2.2046243730361361	1.0000305182483971
2.2089217154602170	1.0000472568431400
2.2130476818080189	0.9999999589121678
2.2173612633595132	1.0000594829473033
2.2243203850297206	0.9998658066616807
2.2288969628966484	0.9999864794413478
2.2328387538485774	0.9999421586200316
2.2365707444881755	1.0000154152242697
2.2402819199168515	0.9999670449522489
2.2440619683243477	1.0000132881667447
2.2479968102771117	0.9999839078689362
2.2522424390157800	1.0000490268873625
2.2590751554544779	0.9998498300592796
2.2631995483974516	1.0000037147465941
2.2666346819812970	0.9999050111210392
2.2698423639151173	1.0000466826187373
2.2729877984888205	0.9999228554581940
2.2761216811456726	1.0000568758476502
2.2792655008884406	0.9999324179322021
2.2824238830763606	1.0000582453088924
2.2856018873067527	0.9999381956363608
2.2887992090332161	1.0000565583823666
2.2920190147530697	0.9999425920651774
2.2952608583213352	1.0000535715994903
2.2985280702665727	0.9999467147894771
2.3018208974523930	1.0000497775701394
2.3051435444831911	0.9999511681403705
2.3084976248950206	1.0000451187471027
2.3118891701149313	0.9999565027872556
2.3153225314589738	1.0000391197287259
2.3188077427767819	0.9999635734416641
2.3223555065233641	1.0000306454712780
2.3259864269486550	0.9999740831216243
2.3297303766919328	1.0000176970136379
2.3336487455479911	0.9999862675369974
2.3378892764717252	1.0000498909637441
2.3448464920484167	0.9998738555557991
2.3497082769098512	0.9999751543215618
2.3542745975489940	0.9999196274137755
2.3613542373967316	1.0001440902638836
2.3657270643510069	1.0000007137362135
2.3693446479123881	1.0000813707647798
2.3727007697738340	0.9999598521283805
2.3759751079947775	1.0000654336729231
2.3792291342528658	0.9999497195619458
2.3824836049867391	1.0000577756640019
2.3857471015842449	0.9999476294691433
2.3890209362600334	1.0000537439908095
2.3923075589709848	0.9999480856820315
2.3956059422755285	1.0000510974516543
2.3989181103085917	0.9999494839148874
2.4022430198783624	1.0000488603979010
2.4055830400087692	0.9999513604996367
2.4089375790781586	1.0000465743442026
2.4123096167717075	0.9999536680720107
2.4156993505031790	1.0000439298363248
2.4191107708401098	0.9999565747903431
2.4225454576713421	1.0000405741242047
2.4260092697817925	0.9999604679438440
2.4295064819059022	1.0000359260834573
2.4330469523090970	0.9999661361150829
2.4366411474016734	1.0000288174093832
2.4403093412110808	0.9999752652041519
2.4440807864039624	1.0000171992934312
2.4480158181639902	0.9999862446679251
2.4522608266835255	1.0000504728976110
2.4591411679543329	0.9998602184986252
2.4635486233331410	0.9999927719041829
2.4672750543500639	0.9999260399079044
2.4707456261755203	1.0000323939539866
2.4741290000668537	0.9999411544705510
2.4774812458999116	1.0000432701029325
2.4808268170988854	0.9999473132303607
2.4841718779943380	1.0000462167104134
2.4875218662988718	0.9999501480280054
2.4908767906171421	1.0000465208472595
2.4942397396424552	0.9999519436368587
2.4976103911826568	1.0000456896532739
2.5009919564740835	0.9999536685717236
2.5043847030506972	1.0000440985674610
2.5077925764427595	0.9999558179432587
2.5112168945382365	1.0000416910005872
2.5146629431111882	0.9999588038759941
2.5181339175517112	1.0000381272280319
2.5216377490083062	0.9999632118237397
2.5251815418549581	1.0000326515010722
2.5287794055121999	0.9999701878392308
2.5324486501828809	1.0000236177272239
2.5362221734895578	0.9999817421498114
2.5401569665343873	1.0000126770255977
2.5444031761901673	0.9999483993433819
2.5513058327400930	1.0001340777674159
2.5558669758666581	1.0000125455871085
2.5597907470743611	1.0000586755199743
2.5634927606869127	0.9999809484794606
2.5671492813423704	1.0000365243113192
2.5708403693527209	0.9999796419595851
2.5746201766395509	1.0000196709387457
2.5785578201623038	0.9999875257026317
2.5828039520962616	1.0000511396992902
2.5896925085164337	0.9998617460500721
2.5941410081370821	0.9999910909091315
2.5979190169885502	0.9999298728153397
2.6014463716532599	1.0000288819645040
2.6048920240372784	0.9999460276831319
2.6083129716629676	1.0000384818977284
2.6117344473727235	0.9999530529245895
2.6151631323135378	1.0000403038592143
2.6186047412197562	0.9999567784109284
2.6220595846107955	1.0000395594464666
2.6255310446785689	0.9999595173420844
2.6290193605725904	1.0000376587253161
2.6325286538451631	0.9999623472260385
2.6360607658925765	1.0000347464646293
2.6396223025702708	0.9999660939554378
2.6432189332551230	1.0000302137501229
2.6468633774973402	0.9999720172338455
2.6505714469160426	1.0000224089710636
2.6543744514590419	0.9999822774263807
2.6583274038740226	1.0000127196358259
2.6625785036992249	0.9999477867421893
2.6695012458476044	1.0001294606695426
2.6742316547010923	1.0000182453947812
2.6783820970708754	1.0000451298568844
2.6823608009001987	0.9999945077048600
2.6863831280633628	1.0000197516748457
2.6906578456914563	0.9999504338913917
2.6975881847873269	1.0001328020498224
2.7022756202069691	1.0000164423194895
2.7063398013833604	1.0000517445691113
2.7101811182313522	0.9999866694797701
2.7139790194666191	1.0000289844769918
2.7178247446250605	0.9999864647538897
2.7217980135814832	1.0000149319835601
2.7260553467564144	0.9999484478943612
2.7329807276286764	1.0001295241954680
2.7377343829020679	1.0000186989654682
2.7419070241718835	1.0000445365980333
2.7459026190512299	0.9999946503245458
2.7499352169480273	1.0000197199869936
2.7542127762676079	0.9999500726057537
2.7611338151941052	1.0001341236669323
2.7657819696555626	1.0000142273934454
2.7697750712167308	1.0000570572774654
2.7735112724737885	0.9999797212695942
2.7771587489055496	1.0000400853931135
2.7807858328978590	0.9999721628937651
2.7844245064217148	1.0000314972446185
2.7880974851688487	0.9999741818537761
2.7918256029252295	1.0000227057510271
2.7956421672404259	0.9999828949726445
2.7996030906998199	1.0000129632935086
2.8038564163470645	0.9999476387329961
2.8107297961484758	1.0001384520372494
2.8151679756509043	1.0000061061063761
2.8189061415403378	1.0000729697202393
2.8223739090331228	0.9999652631912023
2.8257416495498067	1.0000592305611413
2.8290732216512930	0.9999538702901398
2.8323937224949849	1.0000532819871413
2.8357158696516711	0.9999512701624068
2.8390448315335504	1.0000497449707855
2.8423865954341050	0.9999520437129703
2.8457436240975893	1.0000465343892690
2.8491214665945503	0.9999546232885833
2.8525229881910112	1.0000427002308048
2.8559550571331864	0.9999587405233289
2.8594227864118773	1.0000375034905165
2.8629367193526827	0.9999649074949064
2.8665079474982975	1.0000297589024649
2.8701572965450581	0.9999746727184614
2.8739146355425240	1.0000174652593694
2.8778410535845493	0.9999862629376328
2.8820837541311524	1.0000501762610545
2.8889933072115710	0.9998652703125583
2.8935559640192303	0.9999855882040753
2.8974980598640778	0.9999421099122984
2.9012339195258257	1.0000150336154243
2.9049491962133955	0.9999671099175288
2.9087324962154470	1.0000131904126899
2.9126693613075001	0.9999838918719869
2.9169155285678467	1.0000490970790197
2.9238350641474224	0.9998661655827691
2.9284456104661061	0.9999834941056848
2.9324535877256199	0.9999463426884355
2.9362728520050134	1.0000102360812870
2.9401004695585478	0.9999740578794284
2.9440528310158101	1.0000088496798727
2.9483061379120374	0.9999463830939944
2.9552542311362946	1.0001265457630557
2.9600581018012679	1.0000226090786697
2.9643843430510217	1.0000373987495175
2.9687639428249977	0.9999562293191971
2.9757829131433629	1.0001383016637913
2.9805025833343195	1.0000200806311201
2.9846123350604192	1.0000485277077877
2.9885521868115794	0.9999949338144170
2.9925492551021695	1.0000203343393721
2.9968172386769596	0.9999516505355290
3.0037237462082929	1.0001386847352391
3.0082037286887404	1.0000099232069979
3.0120165150125828	1.0000667876568283
3.0155899479761099	0.9999736970076726
3.0190950574129736	1.0000477345654257
3.0225986548278345	0.9999672727661824
3.0261316150536377	1.0000363655100113
3.0297160961693557	0.9999711801340744
3.0333732335746402	1.0000249499076956
3.0371372291109080	0.9999820633692411
3.0410661490730124	1.0000129364137988
3.0453107737836564	0.9999487411929019
3.0522525051634068	1.0001270670832472
3.0570545200349981	1.0000229055596745
3.0613803347030863	1.0000375376372246
3.0657597558182097	0.9999562888650156
3.0727399885255378	1.0001453242533103
3.0772247155972976	1.0000108861866737
3.0810117521562104	1.0000702946216384
3.0845520899207681	0.9999726208604658
3.0880243897756903	1.0000501498964403
3.0914977931241152	0.9999660875868366
3.0950041492444629	1.0000378245173034
3.0985660323314401	0.9999704051890959
3.1022049521983219	1.0000256010780275
3.1059554621451011	0.9999818533114558
3.1098762121054464	1.0000129398210513
3.1141186400847016	0.9999490262040100
3.1210715301053984	1.0001253367285416
3.1259384745239958	1.0000239049764441
3.1305044370185180	1.0000798341674295
3.1376726183991202	0.9998714034456820
3.1426397314082126	0.9999767485229140
3.1472396633915194	0.9999189113307739
3.1543620880231362	1.0001407849447692
3.1588981865941546	1.0000068578817738
3.1626894358761013	1.0000694004654209
3.1662181744985820	0.9999703329122520
3.1696716143029042	1.0000511896153248
3.1731198697878136	0.9999637142471427
3.1765923940356853	1.0000404564362562
3.1801073673094407	0.9999665707905429
3.1836789642683532	1.0000307117313889
3.1873285477036859	0.9999752329442400
3.1910861897995750	1.0000177624857023
3.1950127985796670	0.9999864295822594
3.1992555516044980	1.0000502697648244
3.2062009778644600	0.9998720673114135
3.2109971765444838	0.9999760312842505
3.2153214253506275	0.9999614001799856
3.2196990669205681	1.0000425211339672
3.2267193026244327	0.9998605156128355
3.2314267276108364	0.9999790128913845
3.2355268225623450	0.9999500247177029
3.2394573293472630	1.0000040508419383
3.2434501897217407	0.9999785392269956
3.2477157976607334	1.0000470073404162
3.2546425610387755	0.9998632352710176
3.2592058610717993	0.9999858237014055
3.2631256964741873	0.9999387518009507
3.2668051767796151	1.0000206153079598
3.2704101054970458	0.9999566083808383
3.2739963678889836	1.0000290858839278
3.2775886249422355	0.9999639358041923
3.2811927730630028	1.0000305239715936
3.2848140858780028	0.9999677523571880
3.2884525150926693	1.0000297315237103
3.2921114809116832	0.9999705914166934
3.2957912568966563	1.0000279341188314
3.2994963700072817	0.9999734880487259
3.3032293341482175	1.0000250944385598
3.3069988049698220	0.9999773752255792
3.3108152556878321	1.0000198659901030
3.3147034630828940	0.9999841526229646
3.3187102494990945	1.0000129231908357
3.3229759543910120	0.9999454265348690
3.3298923091023021	1.0001260673905124
3.3348265329345481	1.0000297480456488
3.3394096503874309	1.0000779765313599
3.3475176536254909	0.9999681169174299
3.3527469742417004	1.0003699165219817
3.3577548323541708	1.0001461138768966
3.3626794629666539	1.0003412295957272
3.3675717045381841	0.9999511185917223
3.3724552330852333	0.9999727553442562
3.3780726027100014	0.9995209051543925
3.3882771228853348	1.0002744720065062
3.4020379201075897	1.0001559608666639
3.4156433031480526	0.9995353398337318
3.4199336745084450	0.9998534393446858
3.4232935958638717	0.9997908162624242
3.4267419202953757	0.9999196187601147
3.4304677393149441	0.9999113566063186
3.4346653077741793	0.9999881997199240
3.4416528409127753	0.9998234243176516
3.4455414549414343	0.9999904154053277
3.4488999411746581	0.9998937207760920
3.4521311384004250	1.0000294846261351
3.4553620616140792	0.9999251764804206
3.4586264815445671	1.0000375223678519
3.4619405104220538	0.9999429735466909
3.4653088819141211	1.0000355931556897
3.4687413175957871	0.9999559731690527
3.4722469713711646	1.0000281473956902
3.4758456382253957	0.9999696357985881
3.4795665336409050	1.0000151798095585
3.4834712042162939	0.9999837201701619
3.4877080379101026	1.0000471503624462
3.4946685367816293	0.9998719378824766
3.4995195325018802	0.9999732932814901
3.5040830478382259	0.9999184485930224
3.5112102822486642	1.0001352454757821
3.5158215947255984	1.0000098996135767
3.5197427125465248	1.0000577332205429
3.5234451780275853	0.9999813533217755
3.5271274775180168	1.0000321384197788
3.5308868955468493	0.9999845727476130
3.5348076709773011	1.0000143751733503
3.5390507822630650	0.9999497465695624
3.5459975687629854	1.0001274043163202
3.5507765570743541	1.0000227715562158
3.5550855194915845	1.0000374656372186
3.5594604150498648	0.9999567154124942
3.5663939631444519	1.0001544026182416
3.5705972445516880	1.0000011703579796
3.5741045354391976	1.0000885905376298
3.5774045006863413	0.9999616856787972
3.5806724094610241	1.0000634540407121
3.5839718687094129	0.9999579105683846
3.5873314312276001	1.0000457659375546
3.5907722277734240	0.9999656644133617
3.5943155113968186	1.0000290071275120
3.5979964087598222	0.9999805702303082
3.6018755271863689	1.0000128784892357
3.6061068673922487	0.9999504170012556
3.6130050432218046	1.0001375291735917
3.6174274278260072	1.0000110565747768
3.6212522308001796	1.0000607040608582
3.6249290240136118	0.9999858969172404
3.6286538324318975	1.0000276008332265
3.6325470490559395	0.9999907153627809
3.6367832191661340	1.0000508018448682
3.6437061025385793	0.9998647039903249
3.6482025830123397	0.9999846362897382
3.6521344987764017	0.9999459843671551
3.6559499774701298	1.0000054779664622
3.6598769872733214	0.9999784306760207
3.6641245371724507	1.0000447967810129
3.6710415209269467	0.9998589203128393
3.6754391242034483	0.9999875559138243
3.6792431829623577	0.9999367168298435
3.6829035973956765	1.0000129699798364
3.6866191649231825	0.9999708513918946
3.6905057905341918	1.0000080194169045
3.6947414243995134	0.9999481777345082
3.7017162573082532	1.0001241175898201
3.7067096300857219	0.9999744651682142
3.7141477450503886	1.0001743863658263
3.7187721573261974	1.0000212298266029
3.7226025736650605	1.0000732544550950
3.7262051258358553	0.9999831050326746
3.7298041264238613	1.0000388396329478
3.7335022288894284	0.9999858477107813
3.7373864884092391	1.0000159201614363
3.7416198302901176	0.9999520586000563
3.7485174622396067	1.0001390143604598
3.7529117905148475	1.0000097583373029
3.7566925270742719	1.0000647956099835
3.7603024679665382	0.9999808678937131
3.7639218789784326	1.0000355215377819
3.7676393433238955	0.9999850767176931
3.7715360803023925	1.0000152314942090
3.7757725965675055	0.9999512159787497
3.7827083505187464	1.0001309126813889
3.7873643869636187	1.0000196282030143
3.7914901321332648	1.0000429524616037
3.7955410879686351	0.9999980410986520
3.7998308427411867	1.0000570349290141
3.8068302260815683	0.9998743587822967
3.8116898964130925	0.9999754955687750
3.8162567083163768	0.9999202656114097
3.8233961751580452	1.0001356537857622
3.8280411087821666	1.0000128340477208
3.8320162737314059	1.0000546459195421
3.8357952668925397	0.9999872545361287
3.8395879891816840	1.0000256059447146
3.8435200294403398	0.9999901546547173
3.8477666958376990	1.0000517942792138
3.8546892804352129	0.9998661314015677
3.8592558987131884	0.9999846839115913
3.8632226592935255	0.9999449067390430
3.8670106058812044	1.0000108180724969
3.8708165022388266	0.9999735548301976
3.8747561786772406	1.0000087185399429
3.8790059938443351	0.9999467360410096
3.8859347728120932	1.0001306444159321
3.8905833422908449	1.0000168728074812
3.8946539191369216	1.0000476769065614
3.8985723868452968	0.9999940891622623
3.9025584832989937	1.0000199487182988
3.9068232333600679	0.9999517512695876
3.9137917780015856	1.0001271272290408
3.9186681512685406	1.0000245052650563
3.9232370485420192	1.0000802728848575
3.9303536234495495	0.9998622866143233
3.9349772291030605	0.9999889621440947
3.9388862808740117	0.9999376930221684
3.9425409890825649	1.0000216106063788
3.9461345418151739	0.9999579489732519
3.9497424251582181	1.0000246850057684
3.9534112614675672	0.9999724759398015
3.9571794595072296	1.0000159478097317
3.9611117230475030	0.9999854980308431
3.9653560642773673	1.0000499540332555
3.9723013449022804	0.9998719666603744
3.9771032349703375	0.9999759787577900
3.9814314783102014	0.9999614073404628
3.9858102025708484	1.0000426674853962
3.9928026526416067	0.9998556372204894
3.9973471768670890	0.9999857055514015
4.0012116104650364	0.9999339559729045
4.0048353300007937	1.0000213912117872
4.0084040338466211	0.9999559932062817
4.0119908278231904	1.0000250398601678
4.0156422451820477	0.9999716166915800
4.0193972216598999	1.0000160386880323
4.0233213852134009	0.9999854260821006
4.0275635688247124	1.0000496316719718
4.0344627977957384	0.9998628876662291
4.0389521610934640	0.9999881063153383
4.0428042458318894	0.9999364498129200
4.0464424854327588	1.0000199539726133
4.0500479581048117	0.9999600327908796
4.0536971331047198	1.0000202671854799
4.0574477782187675	0.9999785403617615
4.0613663915250218	1.0000112589711589
4.0656086608170039	0.9999483144227549
4.0725045753457021	1.0001361917261478
4.0769796556328641	1.0000102825818464
4.0808161551489963	1.0000630893253948
4.0844441261660771	0.9999786336470533
4.0880406496561523	1.0000392083686975
4.0916848839362894	0.9999785271077229
4.0954307494828841	1.0000204644221804
4.0993480049099649	0.9999876699237075
4.1035886427887727	1.0000505012941359
4.1104947803469090	0.9998641093350468
4.1150059196378130	0.9999869094713535
4.1188959531696927	0.9999396442536528
4.1225883132594570	1.0000162059832103
4.1262695292909672	0.9999658417421172
4.1300281928992435	1.0000134745026348
4.1339503238735489	0.9999838304390632
4.1381925126975938	1.0000485509989758
4.1450905429741614	0.9998614299582925
4.1495406994260184	0.9999889554853314
4.1533539785613893	0.9999343044247300
4.1569600890762688	1.0000208940756881
4.1605400061585414	0.9999588070439274
4.1641695193104535	1.0000207084805131
4.1679060722313901	0.9999781793722406
4.1718162906485130	1.0000111828854794
4.1760563025211006	0.9999485626725374
4.1829886637722824	1.0001296982744050
4.1876724337326179	1.0000194859971814
4.1918212402360355	1.0000422053960289
4.1958859021806543	0.9999977641700873
4.2001793996217991	1.0000573646081470
4.2071758926713292	0.9998743396243787
4.2120452483305737	0.9999756699653977
4.2166146195196994	0.9999200088218654
4.2237496624200963	1.0001358790347381
4.2283971822659279	1.0000126479083709
4.2323697826520030	1.0000549619300325
4.2361436036261439	0.9999870304149617
4.2399311230914822	1.0000257807210475
4.2438596771925639	0.9999902050725064
4.2481054906742974	1.0000517145615986
4.2550721616614045	0.9998742372717077
4.2599235695370012	0.9999751979254169
4.2644873923049742	0.9999200834267148
4.2716306534434940	1.0001339693329432
4.2763336004981332	1.0000150843235223
4.2803923128383117	1.0000490202054910
4.2842858146367879	0.9999934300594512
4.2882532954323116	1.0000199806438548
4.2925135200301945	0.9999525156881111
4.2992139210059070	1.0001780930513731
4.3027323053877904	0.9999682800523690
4.3056880469198990	1.0001320634815227
4.3085442409914609	0.9999341379993095
4.3114209656428137	1.0000989999212542
4.3143474855142516	0.9999306285471231
4.3173279512599141	1.0000791710265156
4.3203624874805957	0.9999341894911175
4.3234478183486189	1.0000665740410193
4.3265840907832303	0.9999401385191424
4.3297694245095846	1.0000570778956572
4.3330064059279625	0.9999471989686127
4.3362958887429519	1.0000483951148460
4.3396440073949103	0.9999554315318813
4.3430563754333642	1.0000388500289454
4.3465461056474011	0.9999658985334594
4.3501300770120706	1.0000263417656921
4.3538414714676126	0.9999805828333453
4.3577389413976739	1.0000125986235411
4.3619751184578890	0.9999496565048133
4.3689074984011711	1.0001301792753259
4.3735758763426089	1.0000194983782920
4.3777120649449310	1.0000425803868991
4.3817692449700276	0.9999979083175015
4.3860606962621187	1.0000571923608013
4.3929835696294699	0.9998604066082130
4.3973729202951377	0.9999926030021481
4.4011042720148659	0.9999287945703532
4.4046186017962734	1.0000267732967245
4.4080903134327176	0.9999504805484867
4.4115821822530998	1.0000305156876852
4.4151296437635184	0.9999650481974859
4.4187564328574558	1.0000233042370124
4.4224984181323057	0.9999802177061308
4.4264139800200466	1.0000121310090369
4.4306550472381563	0.9999487976706668
4.4375989922689367	1.0001271122514346
4.4423842255827504	1.0000228950459114
4.4466982191345163	1.0000376200717283
4.4510744214554778	0.9999567378036597
4.4580533286083384	1.0001460842544656
4.4625078732805754	1.0000103928320296
4.4662711004923610	1.0000712681440125
4.4697990863535360	0.9999729327661385
4.4732714747523339	1.0000493464177549
4.4767591951464896	0.9999681547623149
4.4802978507921818	1.0000345445128527
4.4839168241437184	0.9999753429805166
4.4876505352442928	1.0000189227708203
4.4915622452031938	0.9999868159735924
4.4958011010467214	1.0000499280885407
4.5027356207914178	0.9998692905383131
4.5074210066377418	0.9999793355370448
4.5115738997582948	0.9999567878064841
4.5156394563201951	1.0000011843041949
4.5199345289098414	0.9999415343965804
4.5268382779215406	1.0001414955990731
4.5311489553426831	1.0000025675628841
4.5347802491747933	1.0000777422987621
4.5381857636922911	0.9999648999465098
4.5415316199461504	1.0000587682300177
4.5448747366665589	0.9999570339826406
4.5482340891564599	1.0000491128276843
4.5516167964597249	0.9999566729992856
4.5550227488552233	1.0000437449626314
4.5584525714375479	0.9999582490252692
4.5619032887194519	1.0000403940727447
4.5653745940326305	0.9999600814018942
4.5688630451329297	1.0000381170859216
4.5723683346769759	0.9999616751966860
4.5758871292776302	1.0000364873081047
4.5794194866937836	0.9999629686769181
4.5829625467432420	1.0000352351839883
4.5865170489025182	0.9999640837304805
4.5900809520329036	1.0000341093522276
4.5936560327654794	0.9999652480851340
4.5972414918717543	1.0000328084716370
4.6008406834454298	0.9999668048171926
4.6044548191090184	1.0000308917576601
4.6080900186382507	0.9999693277878169
4.6117514257634875	1.0000275613082164
4.6154512373351837	0.9999739687358712
4.6192045119449441	1.0000211251847435
4.6230414926846644	0.9999828602537559
4.6270153703731189	1.0000128017702818
4.6312721885424111	0.9999471315325622
4.6381785350439992	1.0001316819717212
4.6428480856911571	1.0000142370916303
4.6468694061210041	1.0000555146937293
4.6506284195387915	0.9999798519684713
4.6542864162797333	1.0000405578032070
4.6579049508229851	0.9999700419738531
4.6615069499702484	1.0000359045295353
4.6651023389164576	0.9999669019293310
4.6686928518091415	1.0000345712371073
4.6722808831848281	0.9999656826461057
4.6758650919060916	1.0000343536990097
4.6794471526330454	0.9999650687438106
4.6830256700782833	1.0000344327662933
4.6866027306087394	0.9999647523292331
4.6901774686822204	1.0000344392806895
4.6937526264440708	0.9999647485287216
4.6973280588804567	1.0000341354444902
4.7009073415070830	0.9999652021217245
4.7044913170583307	1.0000332795523896
4.7080848275253153	0.9999663771885438
4.7116904126485553	1.0000315019814972
4.7153153646660515	0.9999687785524080
4.7189658733769555	1.0000280690425991
4.7226550604641941	0.9999735030230753
4.7263988379346475	1.0000213452956137
4.7302282530793116	0.9999826228898214
4.7341973378938258	1.0000126562896119
4.7384528654225671	0.9999471312297141
4.7453606356022382	1.0001314419019456
4.7500283337096230	1.0000143240095101
4.7540549339937996	1.0000544656351031
4.7578300686857711	0.9999812036516353
4.7615187954063014	1.0000375301361815
4.7651878055014105	0.9999739071679474
4.7688674457299935	1.0000294349140633
4.7725786372677650	0.9999754885497386
4.7763401165821948	1.0000215658999743
4.7801829264710172	0.9999832603588193
4.7841603710810512	1.0000129335185759
4.7884181575462232	0.9999470295740409
4.7953528876586624	1.0001261391328760
4.8002234305802123	1.0000226364373990
4.8045996003731855	1.0000370950475848
4.8089926697919037	0.9999543449805696
4.8160283940187254	1.0001329056243216
4.8209871983057830	1.0000253131063568
4.8255801100949327	1.0000826882531295
4.8327389490592294	0.9998709152677396
4.8377265883743057	0.9999783756355015
4.8421496731222895	0.9999625278304580
4.8465569819175967	1.0000456270842806
4.8535752724887224	0.9998607164174711
4.8583338551023223	0.9999812393544784
4.8624242554048012	0.9999451528055813
4.8662457355242745	1.0000155646922371
4.8699764052471179	0.9999630919527328
4.8736854648801877	1.0000227126800449
4.8774124618442540	0.9999722612288579
4.8811823892254003	1.0000196240322883
4.8850300758592606	0.9999823607431262
4.8890099929966198	1.0000124929401157
4.8932685738467576	0.9999467748611935
4.9001799277909752	1.0001304636799722
4.9048935284296125	1.0000158441613793
4.9089801731598817	1.0000510924937831
4.9128267709397759	0.9999851419288908
4.9166048612869426	1.0000315467955179
4.9203938756552192	0.9999818970071592
4.9242464698164392	1.0000181499483758
4.9282286643683495	0.9999872634881966
4.9324869203242603	1.0000525752588139
4.9393966109446534	0.9998677634937744
4.9440719336701200	0.9999847399489493
4.9481018804724641	0.9999439267386467
4.9518665349314910	1.0000190417927741
4.9555306959066536	0.9999587551836033
4.9591525616458894	1.0000289102334283
4.9627584776024589	0.9999632810594485
4.9663551101933203	1.0000321348391381
4.9699475411088780	0.9999645004542328
4.9735349006240028	1.0000334387270646
4.9771191434873794	0.9999646000021318
4.9806986042245294	1.0000341485406923
4.9842750284012043	0.9999643596991935
4.9878469393330134	1.0000346239242375
4.9914162787530083	0.9999640728512238
4.9949817913849932	1.0000349515550944
4.9985455602131514	0.9999638480199875
5.0021064227910941	1.0000351562495906
5.0056664809557203	0.9999637136112696
5.0092245488724556	1.0000352580871834
5.0127826668494873	0.9999636639799238
5.0163395792478740	1.0000352766156968
5.0198972642187476	0.9999636889384780
5.0234544375817727	1.0000352176315921
5.0270131032147694	0.9999637973385798
5.0305720791011455	1.0000350553228197
5.0341335730461791	0.9999640382588408
5.0376967310066147	1.0000347120521933
5.0412642511230272	0.9999645246746093
5.0448359658185744	1.0000340303310538
5.0484155317975103	0.9999654708834906
5.0520040895181308	1.0000327199505243
5.0556071362417017	0.9999672720660161
5.0592284116556794	1.0000302333555817
5.0628772926785670	0.9999707065749460
5.0665634858069470	1.0000254333372947
5.0703063264558121	0.9999774451325925
5.0741334618550766	1.0000162308727014
5.0781026095401520	0.9999861635940357
5.0823568857976422	1.0000516342044068
5.0893017464086254	0.9998739429323441
5.0942044397604018	0.9999758827887183
5.0987814667734721	0.9999184212497972
5.1059185723657086	1.0001315107637530
5.1107541999692936	1.0000156233361732
5.1149183967576075	1.0000471439558674
5.1188480562596528	0.9999896517600997
5.1227488496474907	1.0000229679280725
5.1267453079412322	0.9999894769332522
5.1310095908518019	1.0000536533357058
5.1379545579719723	0.9998729978742373
5.1428100762399902	0.9999764511917468
5.1471761013574486	0.9999618617124170
5.1515651748835900	1.0000441829419615
5.1586063641507591	0.9998661815355239
5.1635527239871903	0.9999735404681062
5.1681441423954615	0.9999168905429903
5.1753071161316342	1.0001288470720175
5.1803898341487296	0.9999708247153659
5.1879124192288435	1.0001679400792767
5.1928999742046553	1.0000258712911987
5.1970671558628920	1.0000580053402681
5.2009213860230510	0.9999869365100803
5.2046835417475741	1.0000344181448433
5.2084511957937920	0.9999821137613301
5.2122849775969540	1.0000190880599698
5.2162547871983866	0.9999876235461209
5.2205097677670294	1.0000523298573993
5.2274417931092207	0.9998713901673787
5.2322344129703149	0.9999787000305900
5.2364831682905448	0.9999591860706090
5.2406082232648936	1.0000021114302504
5.2449194810237483	0.9999400916490310
5.2519018898925651	1.0001247944783986
5.2568200447028586	1.0000225857340190
5.2614004319557450	1.0000805484907731
5.2685374173185320	0.9998669630194604
5.2733649751779881	0.9999834519383151
5.2775207035422342	0.9999513701670479
5.2814404419874741	1.0000094751751354
5.2853351394816848	0.9999758409711798
5.2893262762928934	1.0000094689519474
5.2935904062142791	0.9999454840526614
5.3003733906180548	1.0001561429494408
5.3043201912025264	0.9999849794119960
5.3075620414834850	1.0001106946678953
5.3105871925373940	0.9999391675063044
5.3135563710931830	1.0000922566335944
5.3165217728590655	0.9999289046825381
5.3195002844439401	1.0000810140212246
5.3224995724607034	0.9999280449971272
5.3255206447708083	1.0000738079711800
5.3285660039076399	0.9999303150244256
5.3316343348613540	1.0000684890524891
5.3347273937952853	0.9999336356281650
5.3378434570508553	1.0000640460092569
5.3409842462770536	0.9999372695070680
5.3441481222809584	1.0000600012742313
5.3473370376409157	0.9999410080982551
5.3505497131952708	1.0000560750012140
5.3537885661576512	0.9999448805419920
5.3570529650876919	1.0000520277245486
5.3603461239912003	0.9999490595115440
5.3636685097681047	1.0000475666854938
5.3670247437374980	0.9999538700057612
5.3704172876699534	1.0000422386477206
5.3738535166711250	0.9999599037620381
5.3773400367249451	1.0000352093373603
5.3808905982970048	0.9999683501030381
5.3845224062725512	1.0000247642273139
5.3882685483599113	0.9999812379583315
5.3921868267757809	1.0000126370539046
5.3964285756369677	0.9999489533431289
5.4033222761084936	1.0001365023543147
5.4077954685903729	1.0000099344531099
5.4116220853960231	1.0000643634952509
5.4152287419728200	0.9999765976532351
5.4187880990831125	1.0000426868959811
5.4223721357477634	0.9999736876537634
5.4260216084048185	1.0000271715247511
5.4297774318725631	0.9999828437066134
5.4337008801992654	1.0000134574730617
5.4379440768637357	0.9999492235386815
5.4448758957100489	1.0001293906602151
5.4495935599797560	1.0000199630295419
5.4537724994547636	1.0000415357262424
5.4578557179870391	0.9999975474560465
5.4621542139625090	1.0000578661578459
5.4690672633724917	0.9998596096154851
5.4734477153686800	0.9999944950040156
5.4771401297602571	0.9999243387698182
5.4805849960458710	1.0000331581198458
5.4839541824172766	0.9999409669187787
5.4873048189632101	1.0000423544586805
5.4906623649901141	0.9999491382886616
5.4940343007625811	1.0000432322074901
5.4974278968804642	0.9999543649444698
5.5008456183559105	1.0000408899559035
5.5042939092364982	0.9999592543910020
5.5077771747096289	1.0000364025266455
5.5113054468213676	0.9999654560121627
5.5148892860825063	1.0000291520805162
5.5185491063851480	0.9999749648204910
5.5223143330080227	1.0000172901835662
5.5262455817068235	0.9999862396601775
5.5304895712087516	1.0000503359163571
5.5373814670856021	0.9998621957815379
5.5418481313398829	0.9999900485988134
5.5456526887476629	0.9999319104112170
5.5492131971925529	1.0000265394241523
5.5527000706264449	0.9999494469248447
5.5561729606423933	1.0000344437281574
5.5596609227512914	0.9999585034228348
5.5631757846520751	1.0000335024606546
5.5667306822285951	0.9999658038263164
5.5703367872128862	1.0000278172629740
5.5740146611157435	0.9999752593857718
5.5777933101602706	1.0000168981291169
5.5817327561944952	0.9999861423803200
5.5859789458441966	1.0000505741654606
5.5928805441279943	0.9998643938977931
5.5974227543335129	0.9999875188367645
5.6013147134293693	0.9999373361888231
5.6049632695206686	1.0000221621682543
5.6085396238394551	0.9999554206732195
5.6121065985631908	1.0000288691164207
5.6156977221148132	0.9999654051429818
5.6193310658277484	1.0000259283339770
5.6230299730383217	0.9999753310859701
5.6268239030513723	1.0000163403321929
5.6307726230442219	0.9999859626009645
5.6350213215329150	1.0000508038868430
5.6419189082527730	0.9998640358453837
5.6464561099010639	0.9999883303269786
5.6503291984627282	0.9999353587349836
5.6539430069779799	1.0000251382468603
5.6574659511728926	0.9999507588774016
5.6609566035657455	1.0000349625971199
5.6644419475735948	0.9999569148407759
5.6679303739561684	1.0000369921929153
5.6714295692369285	0.9999603228506452
5.6749422682492803	1.0000360058399460
5.6784750605297676	0.9999635703161496
5.6820324365844268	1.0000329487488200
5.6856245023689018	0.9999682306671750
5.6892617392308411	1.0000271533988232
5.6929643590860231	0.9999762448301903
5.6967611928374717	1.0000167291760789
5.7007116640210214	0.9999861960745692
5.7049608606932871	1.0000509912022086
5.7118789039569986	0.9998680124516229
5.7165497169163810	0.9999826948764311
5.7206177880261633	0.9999488860485999
5.7244853540256013	1.0000095159615976
5.7283478663328165	0.9999749538580457
5.7323210909214710	1.0000090971094455
5.7365801038655153	0.9999458058123605
5.7435160121500983	1.0001280235260401
5.7482822571832015	1.0000199304197923
5.7525027698803815	1.0000403964485403
5.7566114157975763	0.9999970992472712
5.7609168691180619	1.0000584738161213
5.7678961787859180	0.9998728304433789
5.7727399296279991	0.9999768085646213
5.7770915378154921	0.9999618726517994
5.7814770984543644	1.0000435629622946
5.7884694826735696	0.9998560617136533
5.7930374362462596	0.9999859695022412
5.7969098419434655	0.9999332505481179
5.8005184715952316	1.0000241094620486
5.8040440853161837	0.9999513114327608
5.8075522950245437	1.0000322864028532
5.8110766011106154	0.9999608785195884
5.8146329284392957	1.0000306155138246
5.8182394936320332	0.9999695267653771
5.8219148809687642	1.0000229347903709
5.8256927016595572	0.9999815279796759
5.8296300071813576	1.0000125314911279
5.8338769200872767	0.9999482405790830
5.8407702387388101	1.0001357015222441
5.8452791631042373	1.0000101709348239
5.8491284460905728	1.0000640869462778
5.8527365544501597	0.9999749013245529
5.8562729000710130	1.0000457642136995
5.8598042867181661	0.9999683988567541
5.8633615743848022	1.0000351151598235
5.8669668204348016	0.9999719111561477
5.8706408533363472	1.0000243695610533
5.8744174651969505	0.9999822656106057
5.8783540738327060	1.0000129368590578
5.8826007684938872	0.9999484730317869
5.8894793825788989	1.0001385666156406
5.8939000265666754	1.0000066503186498
5.8976399244607132	1.0000717021674299
5.9011296248993759	0.9999680013433836
5.9045372079147311	1.0000553439241464
5.9079250649840267	0.9999587892148257
5.9113180379027703	1.0000471335082770
5.9147295289270030	0.9999584675615668
5.9181666788499170	1.0000411034091017
5.9216388911365749	0.9999621827854482
5.9251543514455127	1.0000343254017434
5.9287277369373506	0.9999694006862132
5.9323769827538593	1.0000243586929001
5.9361355478465123	0.9999815226472482
5.9400612269270887	1.0000126868858037
5.9443049859349468	0.9999487212920571
5.9512358452089771	1.0001292009580844
5.9559573990669472	1.0000199068783655
5.9601394829633456	1.0000414275374023
5.9642245455629643	0.9999975009788928
5.9685235594698627	1.0000579041527953
5.9754613854455654	0.9998642485881319
5.9799889583904120	0.9999882749456057
5.9838675708833433	0.9999379140681297
5.9875249767253695	1.0000196511371404
5.9911448967613126	0.9999607920433315
5.9948050118057985	1.0000200857358428
5.9985634720034176	0.9999787658619274
6.0024867465392342	1.0000113159085191
6.0067302712656749	0.9999481844657993
6.0136623348407063	1.0001292068989058
6.0183724329808630	1.0000197118892615
6.0225442702609655	1.0000416282492979
6.0266230139719150	0.9999975631694256
6.0309203152874415	1.0000577265714012
6.0379035235021448	0.9998724170585194
6.0427078949748623	0.9999767038067846
6.0470312024155310	0.9999616179503772
6.0514091153453986	1.0000424482082648
6.0584216197941378	0.9998583873120013
6.0630521173029743	0.9999815517768932
6.0670484959920392	0.9999437665595216
6.0708494119508503	1.0000100362222040
6.0746610011211919	0.9999732037984135
6.0786030626712622	1.0000085464337110
6.0828536996450771	0.9999466045873511
6.0897302736463805	1.0001404549374378
6.0940686699912447	1.0000039226627202
6.0977298859725337	1.0000762428756711
6.1011552749747002	0.9999652632539201
6.1045098118537737	1.0000588117114990
6.1078514812100666	0.9999562459175680
6.1112009411913855	1.0000502615511793
6.1145675066381546	0.9999553330730022
6.1179538386329932	1.0000451095906466
6.1213640875493045	0.9999573022372493
6.1247996953712152	1.0000407796404400
6.1282659790400205	0.9999609152672866
6.1317667344391369	1.0000358035635379
6.1353112822533848	0.9999664413361223
6.1389096244938948	1.0000286639740885
6.1425815933582557	0.9999754192259618
6.1463560536229949	1.0000171504158391
6.1502929797582908	0.9999862462211341
6.1545384870654889	1.0000505407817941
6.1614439501920506	0.9998650273299798
6.1660047311406636	0.9999865688648477
6.1699259977878649	0.9999395951975086
6.1736144699262718	1.0000194164046650
6.1772449380192560	0.9999597396564179
6.1808865497645309	1.0000233435891817
6.1845835393436124	0.9999733701491181
6.1883729432360193	1.0000155663966546
6.1923182007936131	0.9999854718959497
6.1965660362517117	1.0000503983311710
6.2034918166359612	0.9998689269250887
6.2081945939473933	0.9999809358936211
6.2123204843619320	0.9999529243884132
6.2162785902205524	1.0000045047963086
6.2202899091201784	0.9999790803870549
6.2245603402322685	1.0000480028453116
6.2314871730687962	0.9998645312211077
6.2361058758613943	0.9999843529407930
6.2400891421168376	0.9999426671242111
6.2438411763677619	1.0000161830651901
6.2475412520839377	0.9999641197675588
6.2512658676135997	1.0000183787061596
6.2550721007071344	0.9999797770665397
6.2590243949416227	1.0000114719477788
6.2632757478796224	0.9999472598581703
6.2701842708099020	1.0001323416717216
6.2748055682781692	1.0000138850110918
6.2787933737283872	1.0000554635469270
6.2825521820102130	0.9999826621163497
6.2862564331349597	1.0000344475601872
6.2899859067291999	0.9999805436482638
6.2937941511844109	1.0000190343042377
6.2977491230895790	0.9999874086512908
6.3019999395328448	1.0000516863419320
6.3089069254182482	0.9998660012295698
6.3135040592867320	0.9999859865459957
6.3174598869288534	0.9999412192918036
6.3211758793939534	1.0000187401293537
6.3248274258034494	0.9999606697521092
6.3284849265674117	1.0000229656349888
6.3321936125374290	0.9999737444289925
6.3359911645320208	1.0000154783313031
6.3399412390776915	0.9999854826938200
6.3441904129584588	1.0000505711155430
6.3510515680613411	0.9998570272843126
6.3553761406117530	0.9999966029407961
6.3589988592869187	0.9999182049125785
6.3623612236523552	1.0000389601189219
6.3656357780271398	0.9999328221968381
6.3688805609595125	1.0000502554363400
6.3721219386803458	0.9999398463865630
6.3753680548892246	1.0000525168611303
6.3786264624396418	0.9999441548258517
6.3818990640612885	1.0000513880252897
6.3851908793789161	0.9999478630529736
6.3885033574698644	1.0000485617263397
6.3918416726922684	0.9999519213941269
6.3952082069761467	1.0000444410243827
6.3986096094770266	0.9999569591146815
6.4020507323612330	1.0000387559903827
6.4055419994174168	0.9999638228640799
6.4090944190370971	1.0000304752334070
6.4127288196303853	0.9999741868648074
6.4164752095279516	1.0000176569587156
6.4203950201103810	0.9999862681663385
6.4246359440147822	1.0000499437277304
6.4315154901853155	0.9998593221613209
6.4358877795971168	0.9999932700193455
6.4395899490289761	0.9999252538309756
6.4430521321349277	1.0000316233766071
6.4464421775768450	0.9999424748662935
6.4498151734972602	1.0000408199157578
6.4531950659319826	0.9999505482684179
6.4565877501141991	1.0000420942858697
6.4599986395731950	0.9999551215577576
6.4634279691328285	1.0000407108465290
6.4668793658920585	0.9999586697155869
6.4703536030740514	1.0000380182843567
6.4738557323763839	0.9999624644076271
6.4773890977232620	1.0000339898456241
6.4809626901782806	0.9999676305552847
6.4845860440958170	1.0000276220907645
6.4882785300062871	0.9999760094544444
6.4920683816271652	1.0000168487354895
6.4960147420450891	0.9999862123438606
6.5002627908427000	1.0000508564971213
6.5071653959006790	0.9998649455601640
6.5117291869878384	0.9999872486925793
6.5156383051681068	0.9999377535443891
6.5192924576639601	1.0000229759466779
6.5228584623606194	0.9999535831319912
6.5263937393761031	1.0000324734357098
6.5299238610275774	0.9999595399860342
6.5334551685279632	1.0000348469931883
6.5369926290733620	0.9999620672195173
6.5405353543228255	1.0000351280186184
6.5440852053038832	0.9999633515949948
6.5476403509835732	1.0000347941030738
6.5512022405544839	0.9999641785158900
6.5547690263231591	1.0000342889026530
6.5583422221841374	0.9999648422665737
6.5619201518536672	1.0000337204708516
6.5655045628550512	0.9999654855639090
6.5690940971952587	1.0000330648409403
6.5726909386983303	0.9999662339527797
6.5762943147200223	1.0000322074161838
6.5799072339278846	0.9999672752548873
6.5835300670845252	1.0000309057605858
6.5871674870427341	0.9999689618706938
6.5908222825038463	1.0000286596095775
6.5945028320965795	0.9999720323177046
6.5982177269285023	1.0000243634942956
6.6019851278888453	0.9999781455638639
6.6058313275052782	1.0000158970966928
6.6098124334054047	0.9999861274127703
6.6140699565196277	1.0000520408395825
6.6209786037817082	0.9998677252931139
6.6256603952617477	0.9999845380967535
6.6296970637770540	0.9999441693910167
6.6334674899540804	1.0000188277721014
6.6371367931819254	0.9999590250111711
6.6407638759709791	1.0000285985081316
6.6443759336333299	0.9999637157432676
6.6479805544698305	1.0000315424120860
6.6515838250130557	0.9999653156967405
6.6551859659370551	1.0000323316418469
6.6587901859176641	0.9999660705809269
6.6623962961583700	1.0000321988824088
6.6660079337073856	0.9999669021505068
6.6696260895540878	1.0000312825487794
6.6732561568067865	0.9999684359616311
6.6769017138170161	1.0000291728993591
6.6805719980414526	0.9999715207052222
6.6842765149625558	1.0000247826599657
6.6880343621499367	0.9999778437786147
6.6918728012061059	1.0000160344518316
6.6958489360896474	0.9999861388557413
6.7001051263733125	1.0000518686862792
6.7070062444814447	0.9998660557801852
6.7116276593181565	0.9999864739178713
6.7155866862023466	0.9999397402072355
6.7192743631147147	1.0000225729765055
6.7228594603304490	0.9999541531228783
6.7264029799924927	1.0000326933588790
6.7299342984313677	0.9999594480574819
6.7334639341653268	1.0000349400720223
6.7370016292085602	0.9999625370760534
6.7405522599664103	1.0000338270497491
6.7441249056424457	0.9999660693410719
6.7477271680498250	1.0000300478250705
6.7513735586533281	0.9999718792386841
6.7550814139044437	1.0000224392434476
6.7588833572091040	0.9999822091240722
6.7628353988589698	1.0000127009751418
6.7670863047333425	0.9999478087941295
6.7739886506046538	1.0001333611490248
6.7785843150246867	1.0000128583134476
6.7825343332530910	1.0000580503005720
6.7862458393068774	0.9999799587383748
6.7898912856650959	1.0000385203227558
6.7935448553608397	0.9999757804132139
6.7972486460242072	1.0000253065053970
6.8010439864383416	0.9999833844227588
6.8049912282114491	1.0000134251077841
6.8092408954181129	0.9999483808892893
6.8161327810352725	1.0001358266291283
6.8206481795911760	1.0000099295466842
6.8244946741374717	1.0000649479231640
6.8280878114459540	0.9999731557545156
6.8315949295277543	1.0000486490260114
6.8350797026714920	0.9999643172844906
6.8385680687777146	1.0000409579212342
6.8420743699799793	0.9999640340402594
6.8456068171977114	1.0000352449661214
6.8491765877482198	0.9999678879649199
6.8527948866233350	1.0000282111645813
6.8564821539994263	0.9999759877496112
6.8602675970122791	1.0000170365837282
6.8642111045069409	0.9999862693037250
6.8684584153743353	1.0000507824614502
6.8753583629204158	0.9998642966624012
6.8798996548890816	0.9999876290202231
6.8837895188163651	0.9999372849958491
6.8874374557786391	1.0000219391720735
6.8910177487282525	0.9999561316477197
6.8945969563745821	1.0000274239386404
6.8982137215538195	0.9999679528638972
6.9018938263353702	1.0000219378136064
6.9056740773127752	0.9999810214614409
6.9096125281027909	1.0000122506371256
6.9138598128969431	0.9999480639146558
6.9208003067921045	1.0001267747621019
6.9256149814689429	1.0000228053355613
6.9299499173124994	1.0000374203220326
6.9343318072167994	0.9999559157564719
6.9413263744556444	1.0001422887300206
6.9459146875703244	1.0000143021965753
6.9498227146607094	1.0000625423391036
6.9534870423639017	0.9999789634450462
6.9570891086975175	1.0000411789500547
6.9607054522757750	0.9999748430745816
6.9643791559426980	1.0000264864822968
6.9681521458400848	0.9999831450030957
6.9720857969703287	1.0000134827920444
6.9763317781415859	0.9999488862945725
6.9832627807904792	1.0001291133764494
6.9879975159441114	1.0000200723066510
6.9921912284436356	1.0000411811651722
6.9962834623626300	0.9999974185711348
7.0005844236318850	1.0000580990273600
7.0075141538681249	0.9998630353632876
7.0120065221140866	0.9999904781257434
7.0158239506006863	0.9999325817164074
7.0193905345804417	1.0000267917374088
7.0228785005833165	0.9999493179341159
7.0263470573638731	1.0000352634841780
7.0298233741866660	0.9999572054473164
7.0333162290127227	1.0000357288146540
7.0368341500789251	0.9999624232760330
7.0403813974655076	1.0000328635735438
7.0439673533942377	0.9999679150109879
7.0476014258982307	1.0000270603464114
7.0513028102284228	0.9999761990238163
7.0550993962492647	1.0000166831911939
7.0590499124181143	0.9999861796055142
7.0632990798325030	1.0000509872582590
7.0702154005202322	0.9998677185590639
7.0748755251274948	0.9999834297571922
7.0789207270931005	0.9999468733392803
7.0827462546155324	1.0000127225819806
7.0865340212735166	0.9999696970942492
7.0903710679874861	1.0000125797747097
7.0943406167881458	0.9999840002255037
7.0985956510623076	1.0000502970074350
7.1055242107456111	0.9998694196658973
7.1102677826076501	0.9999802815001188
7.1144338990035223	0.9999541808243410
7.1184230258026409	1.0000042902033199
7.1224533012052085	0.9999791822086557
7.1267289327480476	1.0000487057596779
7.1336776344151085	0.9998694703376796
7.1384817290173892	0.9999778284774744
7.1427375730919689	0.9999588356424233
7.1468664780530728	1.0000019021082076
7.1511788488461612	0.9999398591973448
7.1581607879337774	1.0001247181307256
7.1630817272934149	1.0000224878429287
7.1676628228955028	1.0000805942303219
7.1748056450801529	0.9998681377809496
7.1796819229926045	0.9999818048442656
7.1839110949202469	0.9999555565885445
7.1879308813006171	1.0000048187786541
7.1919755239178569	0.9999794804350280
7.1962556804135938	1.0000491932180504
7.2032132144292298	0.9998710383687104
7.2080804602949708	0.9999756520388168
7.2124532758062303	0.9999614908164803
7.2168442663377705	1.0000441961912916
7.2238422211913136	0.9998584305867276
7.2285064926645868	0.9999839268339047
7.2324768910866144	0.9999380898640206
7.2361649697248662	1.0000220014315448
7.2397476512839853	0.9999535408444010
7.2432884044883359	1.0000325997993154
7.2468170014991058	0.9999591232245794
7.2503430381363128	1.0000352293099875
7.2538743527414988	0.9999618062352454
7.2574127398035326	1.0000351160500380
7.2609626958611893	0.9999638086449069
7.2645251076193667	1.0000337774265666
7.2681044297199389	0.9999659898871135
7.2717023899784614	1.0000315050982254
7.2753251837942132	0.9999689735208325
7.2789776616499333	1.0000278348598628
7.2826714684504008	0.9999738725836498
7.2864209737846428	1.0000211989587922
7.2902557335974780	0.9999828407200108
7.2942284201138570	1.0000127811897668
7.2984848747716651	0.9999471327462977
7.3056886228078239	1.0000749623889857
7.3103955201413378	0.9999795846695113
7.3148932758805500	0.9999917612339739
7.3222693792941111	0.9998856505203875
7.3261148657979609	1.0000336196015764
7.3293810770786978	0.9999144810959422
7.3325003895696117	1.0000668621364430
7.3357033727622900	0.9999679539084230
7.3391122306591372	1.0000460979505481
7.3428315367279335	1.0000066775955230
7.3470219097697615	1.0000602061317889
7.3538807203573651	0.9998534371194518
7.3620875214013788	1.0001480944591254
7.3671748333350635	1.0001441984712482
7.3717753930213172	1.0001895448127716
7.3799438337452195	0.9999691695716478
7.3867925168363433	1.0002054980434369
7.3923132592538883	0.9999419044199169
7.4079495284882153	1.0003477129102647
7.4178016371551356	1.0002337935274630
7.4216487256188479	1.0000608246412770
7.4254229710448971	1.0000686688238454
7.4296655372550129	0.9999871355016424
7.4366435710853276	1.0001726399674302
7.4405529077147001	1.0000100657217355
7.4440259260353292	1.0000819800185874
7.4474695856889319	0.9999786076090704
7.4509858867253280	1.0000361500691084
7.4545874229228373	0.9999654979361370
7.4582623712311067	1.0000127454498327
7.4619959592163223	0.9999579938489969
7.4657729411231273	1.0000027734335410
7.4695853747653649	0.9999575949848564
7.4734295609104118	1.0000011082340770
7.4773122584047558	0.9999649332955340
7.4812513955114506	1.0000007752938622
7.4852916879904452	0.9999742713920513
7.4895658617468550	1.0000424755137731
7.4963903346485665	0.9998370804961155
7.5186217587493687	0.9998080954131910
7.5244317760955077	1.0001211581540683
7.5296934819474322	0.9996818382543523
7.5342616200191426	0.9997791040979660
7.5385913205105206	0.9998551528588400
7.5428470329264226	0.9999108715460802
7.5470698436999282	0.9999301402757914
7.5512766845833870	0.9999848360857966
7.5554975959751909	0.9999660631427950
7.5598169086971598	1.0000518836698962
7.5664062605578524	0.9998685966718573
7.5710280325760682	1.0000121985012469
7.5749035077679494	0.9999602058353781
7.5785470721152031	1.0000411299482652
7.5822235876290343	0.9999925015509743
7.5860802617679237	1.0000281437177265
7.5903097270710154	0.9999657226696762
7.5971628163029790	1.0001602605012658
7.6012729794605294	1.0000074329615134
7.6047501029913276	1.0000951158208906
7.6080432097717452	0.9999666996430351
7.6112997400779667	1.0000701262535305
7.6145653696419506	0.9999564640782266
7.6178541213187119	1.0000566620706746
7.6211725410647881	0.9999550459437792
7.6245229898968860	1.0000478889866653
7.6279110463224802	0.9999577624870167
7.6313410940126722	1.0000400828630691
7.6348230621264266	0.9999636910867893
7.6383678435963436	1.0000307694504802
7.6419961548188304	0.9999737862537523
7.6457380973304190	1.0000174233778960
7.6496552152452972	0.9999859037693071
7.6538954252036726	1.0000494732126737
7.6607899062037381	0.9998616632098407
7.6652426776694451	0.9999892221588350
7.6690510783712638	0.9999332481817569
7.6726402105269091	1.0000227246544995
7.6761863144172384	0.9999553333348347
7.6797579003400918	1.0000254891308993
7.6833989711628812	0.9999713201196584
7.6871471492119881	1.0000161133010230
7.6910674186269610	0.9999854154268525
7.6953085170538404	1.0000495019646412
7.7022336271715162	0.9998676240589692
7.7068741744070266	0.9999818283308011
7.7109402090218619	0.9999509184561600
7.7148533771003889	1.0000048207800718
7.7188377307486364	0.9999789516249521
7.7231007783850085	1.0000470536778476
7.7300737698245090	0.9998720610102887
7.7349447437577368	0.9999745937578344
7.7395139789098444	0.9999192652597838
7.7466215544683230	1.0001394610433458
7.7511435716511166	1.0000062835863757
7.7549258254192672	1.0000699506264839
7.7584410115099800	0.9999687908063136
7.7618699086965099	1.0000538592854544
7.7652768702369377	0.9999596414607685
7.7686845832253475	1.0000466433437856
7.7721023996841136	0.9999579784651883
7.7755320222496538	1.0000429176823016
7.7789759031420118	0.9999585918108054
7.7824331338454655	1.0000404522869124
7.7859058046110654	0.9999600421720506
7.7893932627937525	1.0000382614672816
7.7928984918147712	0.9999620467976680
7.7964220718544217	1.0000357532630093
7.7999688510738823	0.9999648431487175
7.8035420235332644	1.0000322626541751
7.8071504098022944	0.9999691771846624
7.8108033120429328	1.0000265818231375
7.8145197893504124	0.9999767483624877
7.8183275536203638	1.0000165647888748
7.8222848916575423	0.9999862092550916
7.8265359215426171	1.0000512500074219
7.8334407573399858	0.9998659011601664
7.8380431863888811	0.9999862952981109
7.8419941144884309	0.9999400355428569
7.8456878376905355	1.0000213028646514
7.8492923649929009	0.9999560250256748
7.8528677440548451	1.0000301295222696
7.8564429189132019	0.9999627043141296
7.8600284479968066	1.0000310618211636
7.8636349783410973	0.9999672203884277
7.8672694758145107	1.0000282820925717
7.8709453837972330	0.9999728728872277
7.8746785818427796	1.0000215722195409
7.8785002093714489	0.9999825165760408
7.8824645345197393	1.0000127097866565
7.8867187521054039	0.9999473851951364
7.8936267803895710	1.0001317144051047
7.8982859477938723	1.0000144727217046
7.9023077774771071	1.0000544204725301
7.9060866327661508	0.9999822755133948
7.9097920916500390	1.0000357108988445
7.9134974483125449	0.9999774294305684
7.9172438550507334	1.0000239154779764
7.9210713931007524	0.9999838583348739
7.9250384622364072	1.0000134288898763
7.9292935161725877	0.9999476930880249
7.9361909308652052	1.0001338819540579
7.9407821610231784	1.0000116792703873
7.9447046557017016	1.0000611757922198
7.9483588473141280	0.9999748339517169
7.9519092889186860	1.0000469486977441
7.9554184784041198	0.9999641269959499
7.9589104363113394	1.0000421638920995
7.9623965891051105	0.9999609312922128
7.9658808038645343	1.0000402090209801
7.9693678977774001	0.9999604275365228
7.9728594619467303	1.0000387512069475
7.9763604065560783	0.9999613923990727
7.9798732163822628	1.0000367281114337
7.9834045585195916	0.9999637671370729
7.9869594305225506	1.0000333357233309
7.9905483615855806	0.9999681673191644
7.9941823048865315	1.0000273706658938
7.9978818536811032	0.9999761769508382
8.0016762043680920	1.0000167988435387
8.0056250983177222	0.9999862116228642
8.0098738792589685	1.0000509433771285
8.0167675164375574	0.9998633531844313
8.0212816529241380	0.9999891732096557
8.0251267753797109	0.9999336380728807
8.0287123411678767	1.0000265270371900
8.0322075105910447	0.9999489607119644
8.0356705711752898	1.0000365559946982
8.0391276804531859	0.9999550208263573
8.0425859336076968	1.0000389926657376
8.0460510455605938	0.9999578485105436
8.0495229499268071	1.0000390458609472
8.0530042425637802	0.9999595679099114
8.0564938583985448	1.0000382776619341
8.0599939228909836	0.9999609563107783
8.0635033193847931	1.0000371714583640
8.0670242568137294	0.9999623200096304
8.0705558779162860	1.0000358294746430
8.0741008314849498	0.9999638509972775
8.0776589340310068	1.0000341549507004
8.0812338781684847	0.9999658059811402
8.0848270226693408	1.0000318329510154
8.0884444435548897	0.9999686889473812
8.0920911424836746	1.0000281312836135
8.0957790973068793	0.9999736226278777
8.0995231666584928	1.0000213708874377
8.1033534726559111	0.9999827510802123
8.1073233033643248	1.0000127653209807
8.1115789959113656	0.9999472200259005
8.1185205849413880	1.0001251473403474
8.1234274570316618	1.0000231230576084
8.1280038220987176	1.0000809223997644
8.1348937698446893	0.9998258730652329
8.1505954302865664	0.9996509812226608
8.1558541952000390	0.9999184133405256
8.1597876748667613	0.9998854634708002
8.1634582803745417	0.9999871920796966
8.1671537727042196	0.9999534866304834
8.1709485558304920	1.0000055859481520
8.1749008780582351	0.9999819227347175
8.1791493569018368	1.0000492728854768
8.1860434004314619	0.9998624162511505
8.1904387090517528	0.9999943459938910
8.1941794968417945	0.9999323455916069
8.1977211665897602	1.0000245432806574
8.2012689467139399	0.9999620987865333
8.2049246347632927	1.0000172626923920
8.2087841147907401	0.9999856715496036
8.2130101192949851	1.0000482692187525
8.2199633678241320	0.9998704139138885
8.2246144515884509	0.9999773976564310
8.2288358985270467	0.9999617093246973
8.2331866308231074	1.0000397195961430
8.2399804277696713	0.9998154407214004
8.2434943934579454	1.0000247869520498
8.2465078912095393	0.9998759560599298
8.2494743308482086	1.0000503513062271
8.2525119592199303	0.9999188477499467
8.2556451949270091	1.0000472593315479
8.2588857555071851	0.9999459592619283
8.2622386656088462	1.0000360088846794
8.2657208086839358	0.9999674183521464
8.2693589740698581	1.0000189312328864
8.2732149210446142	0.9999859436691897
8.2774388127943919	1.0000475542037119
8.2843372843521603	0.9998597396837546
8.2886893352694120	0.9999901944630565
8.2924404325104071	0.9999329639374992
8.2960297421765539	1.0000184448235174
8.2996375295871534	0.9999629794062076
8.3033464974675510	1.0000138867397947
8.3072399532317256	0.9999836420216571
8.3114743009011445	1.0000474792272906
8.3183530854829186	0.9998565762705359
8.3226398587319270	0.9999955167161516
8.3262652370532848	0.9999203788663015
8.3296622471175130	1.0000349205967913
8.3329909003828444	0.9999377123347821
8.3362997524590732	1.0000454660078759
8.3396083244362966	0.9999449048483151
8.3429196290685734	1.0000484510519325
8.3462373878988352	0.9999480939897603
8.3495606918307725	1.0000488409265049
8.3528923088484781	0.9999500428821037
8.3562317687362260	1.0000480339229241
8.3595821601973359	0.9999518294088192
8.3629433369386295	1.0000465159239866
8.3663184431551567	0.9999537891535260
8.3697073421181383	1.0000445102587352
8.3731131068631495	0.9999559947235477
8.3765356363770067	1.0000421105366657
8.3799781579187673	0.9999584996153449
8.3834410232764025	1.0000392642805358
8.3869282908557476	0.9999614892699871
8.3904417249235923	1.0000356852280143
8.3939877129570135	0.9999654543544412
8.3975716818255322	1.0000306383973414
8.4012060620623252	0.9999715491979146
8.4049064205549655	1.0000224206689170
8.4087038998415302	0.9999819293947647
8.4126535357603114	1.0000123946856398
8.4169037196059104	0.9999475259258700
8.4238091440855740	1.0001324124057369
8.4283516858200684	1.0000079544870599
8.4322258632998146	1.0000606882379572
8.4358394925130042	0.9999705668058598
8.4393645617559319	1.0000436195044342
8.4428768113528267	0.9999639836863996
8.4464199391737740	1.0000314835631405
8.4500322837030151	0.9999715827653356
8.4537560826072990	1.0000168151729667
8.4576604984552635	0.9999853539961314
8.4618976980169318	1.0000495343873568
8.4688341584308375	0.9998719048609618
8.4735765081026617	0.9999794703788584
8.4778594372879628	0.9999665209960904
8.4822265424072256	1.0000488573774187
8.4891776669301873	0.9998575401723807
8.5125131353136823	0.9995655505164373
8.5378917905529423	1.0000002331500311
8.5409473961202149	1.0002350180452950
8.5440524226156604	1.0000285015295136
8.5470912345583798	1.0001575579532587
8.5501414545296299	0.9999914942021927
8.5532664814559674	1.0000973160315765
8.5565081128744556	0.9999790787905395
8.5598954044474524	1.0000480731737387
8.5634647649888471	0.9999831500947979
8.5672787982783092	1.0000120749072636
8.5714930468520834	0.9999479371665791
8.5784081389054911	1.0001300998496190
8.5827905884033715	1.0000023013957173
8.5865793832655690	1.0000562563974156
8.5901918398740076	0.9999713727841308
8.5937780026600539	1.0000340074203204
8.5973874704314603	0.9999671589060192
8.6010375769609624	1.0000239184186852
8.6047386815255233	0.9999706188053546
8.6085013781296844	1.0000164531116527
8.6123498911029301	0.9999792549583550
8.6163323321106020	1.0000092399308580
8.6205911975437264	0.9999436501206366
8.6275196566528010	1.0001244159894647
8.6323643144987248	1.0000187277863397
8.6366616388499278	1.0000370619969168
8.6408203279951472	0.9999950955777068
8.6451393316531657	1.0000587110872807
8.6521078464676950	0.9998721838321184
8.6571240002455134	1.0000273549688572
8.6645742653035924	0.9998320367047483
8.6695708241198766	0.9999742745424053
8.6737332896341233	0.9999388586021433
8.6775410470638921	1.0000171709129901
8.6812058814363038	0.9999556278831467
8.6848055961320068	1.0000301309963253
8.6883763200321482	0.9999603103931349
8.6919303527939658	1.0000343981313398
8.6954770919324602	0.9999618305661516
8.6990194699170402	1.0000355652000281
8.7025631669431895	0.9999628345597654
8.7061104091352046	1.0000351263660423
8.7096672055547693	0.9999643878673640
8.7132370836997879	1.0000332713043134
8.7168282293784962	0.9999672465360901
8.7204476926024590	1.0000294563932297
8.7241094171059839	0.9999725795882459
8.7278301909135525	1.0000221242555203
8.7316420248153737	0.9999824389579309
8.7356001984839331	1.0000127561308496
8.7398527610246166	0.9999476321127880
8.7467970714345675	1.0001252068273605
8.7516940686759792	1.0000233292667347
8.7562678695723974	1.0000806607418931
8.7634258372404830	0.9998714631511539
8.7684226432180346	0.9999773494027865
8.7730303415034125	0.9999181037438728
8.7801906566770693	1.0001324000426068
8.7850530833048825	1.0000170627292753
8.7892577254445516	1.0000444302277856
8.7932581267785501	0.9999940753058844
8.7972888333599641	1.0000196006490556
8.8015664844803645	0.9999502666307967
8.8085017309826128	1.0001323527451040
8.8132071885899688	1.0000173140865345
8.8173021263233498	1.0000494404139051
8.8211922174583108	0.9999899406504467
8.8250694285144053	1.0000237144467232
8.8290529615377853	0.9999897848467584
8.8333135196163859	1.0000534069470652
8.8402512501473041	0.9998713210499902
8.8450333084161734	0.9999788554743178
8.8492711120394034	0.9999589208007654
8.8533890192338252	1.0000019815401302
8.8576983402365848	0.9999402350557265
8.8646592770649306	1.0001290172411497
8.8694081958815776	1.0000175123731345
8.8735638047166514	1.0000448962776098
8.8775427410686873	0.9999942467788654
8.8815642615940984	1.0000196372244825
8.8858388931868522	0.9999504120244807
8.8927761528589446	1.0001316145276267
8.8975045046317458	1.0000186232104014
8.9016448707487914	1.0000459810014715
8.9056129733910776	0.9999945416865724
8.9096281166530620	1.0000198625895960
8.9139009699458427	0.9999507387839306
8.9208610279330074	1.0001276502725347
8.9258668824422838	0.9999733918981716
8.9332271486948063	1.0001827296422459
8.9376217140501026	1.0000090942311224
8.9411253882901747	1.0001021985427663
8.9443329816943251	0.9999541022190123
8.9474539715317150	1.0000813842021474
8.9505577220765904	0.9999408805560345
8.9536677971375216	1.0000702201937923
8.9567937867763021	0.9999385828112800
8.9599374451942388	1.0000637934607504
8.9631012491641560	0.9999397580553128
8.9662838787018178	1.0000594582193569
8.9694869086554743	0.9999420674517672
8.9727085935076598	1.0000560226610173
8.9759505622120379	0.9999447390877739
8.9792112628884713	1.0000529339460089
8.9824927012361240	0.9999475890658784
8.9857938490501290	1.0000498635208679
8.9891173771068296	0.9999506914139610
8.9924631422137544	1.0000465192141905
8.9958349164086080	0.9999542833687221
8.9992340515114240	1.0000425286805943
9.0026662872046170	0.9999587991419141
9.0061357928778065	1.0000372849187353
9.0096523893479574	0.9999650609131053
9.0132265798971662	1.0000295962013594
9.0168787336607483	0.9999747711344272
9.0206383455165717	1.0000174165811648
9.0245661981961813	0.9999862614761849
9.0288092721463471	1.0000502294090023
9.0356878231731681	0.9998595415166889
9.0400709892483260	0.9999932025760943
9.0437793877149169	0.9999254435414402
9.0472435408130849	1.0000317458930339
9.0506337190510049	0.9999425561654265
9.0540077013582891	1.0000405707973352
9.0573923885689762	0.9999513492302566
9.0607971221594852	1.0000406070560273
9.0642315216811564	0.9999577048412827
9.0677011794453470	1.0000367387841924
9.0712169228220603	0.9999646198790485
9.0747897376772499	1.0000294796766631
9.0784404376917909	0.9999746014007748
9.0821987940333955	1.0000173844043452
9.0861258423387685	0.9999862315791314
9.0903687078271407	1.0000501853040962
9.0972607388154803	0.9998620131759965
9.1017194450173857	0.9999900068293268
9.1055211609694204	0.9999321756342409
9.1090870638941155	1.0000255307593107
9.1125896597916327	0.9999512451328765
9.1160913759782112	1.0000316530856117
9.1196255190921018	0.9999626712034900
9.1232103952846888	1.0000276696547956
9.1268699067510415	0.9999740527119039
9.1306344432296260	1.0000168310702937
9.1345652092981311	0.9999859811785869
9.1388090649903262	1.0000501804855628
9.1457634231173479	0.9998738458203997
9.1506352061551386	0.9999753153498179
9.1552041236312345	0.9999193330561159
9.1623416774289499	1.0001334010695710
9.1670792608516027	1.0000142695673826
9.1711440775134001	1.0000509464364382
9.1749928828170653	0.9999883911826913
9.1788347687469773	1.0000243693618340
9.1827957642788984	0.9999898621111473
9.1870503213407577	1.0000526539519299
9.1940073984901574	0.9998738404834925
9.1990059917503011	1.0000259143077126
9.2064566998135824	0.9998300571104782
9.2188380746460439	0.9995544393506041
9.2220842567408052	0.9998574472183042
9.2254177587651327	0.9998110995192725
9.2288709083645077	0.9999428987845811
9.2323890070104184	0.9999018976811580
9.2359109718120784	1.0000004380512924
9.2394157552755889	0.9999353056346543
9.2428951833955573	1.0000262951217960
9.2463583082211098	0.9999481445701928
9.2498098414239145	1.0000359410899087
9.2532576792205266	0.9999532739305224
9.2567031210691795	1.0000392342745050
9.2601498646381675	0.9999555384889600
9.2635972207098352	1.0000404337628606
9.2670476546472624	0.9999569915085551
9.2705003749392141	1.0000409218238493
9.2739579366182383	0.9999584171990726
9.2774199161998432	1.0000409660191836
9.2808892701482790	0.9999600503666187
9.2843660676777979	1.0000404700439556
9.2878539141348302	0.9999620066457526
9.2913537199516174	1.0000392005210399
9.2948703185077477	0.9999645200434027
9.2984063264179557	1.0000367701227937
9.3019691402699873	0.9999681236416891
9.3055651797358045	1.0000324296234848
9.3092079164774013	0.9999739833094691
9.3129138181748505	1.0000245437711557
9.3167148205271246	0.9999842077452564
9.3206664233736038	1.0000146049718071
9.3249171844348417	0.9999496141573310
9.3318198458105091	1.0001348941658463
9.3364169184291015	1.0000142380127317
9.3403658379328789	1.0000597422285797
9.3440707344189313	0.9999803739209678
9.3477007406335417	1.0000412863330586
9.3513254987991719	0.9999742746891750
9.3549799201319459	1.0000303370057950
9.3586925055857808	0.9999787458943072
9.3624956691664281	1.0000182363926813
9.3664496517059437	0.9999873427069045
9.3706998660112344	1.0000519778577643
9.3775896648459138	0.9998634702643986
9.3820905198636719	0.9999904913470777
9.3859138396785866	0.9999323955626601
9.3894717148325899	1.0000287425403018
9.3929347112782562	0.9999469744750776
9.3963625929314496	1.0000390997067714
9.3997833913933313	0.9999530249028162
9.4032067478081416	1.0000411112179701
9.4066416175155538	0.9999567319663093
9.4100920527571699	1.0000396682663328
9.4135658546234069	0.9999606090436204
9.4170686949747378	1.0000358054401792
9.4206117278443848	0.9999661735431479
9.4242064714513472	1.0000289434150140
9.4278741302924196	0.9999752954258839
9.4316446911262677	1.0000173139903710
9.4355790511886948	0.9999863276866430
9.4398239060336753	1.0000505225330019
9.4467479382417796	0.9998684222746098
9.4514197599010998	0.9999815302510703
9.4555145242466132	0.9999519198854828
9.4594485068742777	1.0000047263993910
9.4634451124576788	0.9999790302090130
9.4677115456193199	1.0000474850544656
9.4746256060390177	0.9998614929648982
9.4791358334846443	0.9999876061811945
9.4829938315766071	0.9999355206549341
9.4866213162018713	1.0000215839880520
9.4901968880430729	0.9999568127513362
9.4937910407169781	1.0000249174955445
9.4974490554802582	0.9999719756968295
9.5012091987055509	1.0000160068412134
9.5051365627040525	0.9999854580629547
9.5093795931919836	1.0000497619078079
9.5162516809322799	0.9998579781828398
9.5205921747596474	0.9999947710162070
9.5242533352977912	0.9999220788578675
9.5276711296975449	1.0000343749588070
9.5310146447091455	0.9999389052303991
9.5343396087458103	1.0000439607678770
9.5376707358547090	0.9999471154463482
9.5410149131065545	1.0000451325864939
9.5443788347640623	0.9999521796828812
9.5477641785646004	1.0000431740110554
9.5511763335417150	0.9999566364694726
9.5546181246425288	1.0000393621284238
9.5580971993082535	0.9999619214111303
9.5616203204349031	1.0000334630908614
9.5652013326505365	0.9999695132989647
9.5688573679562232	1.0000239856019970
9.5726212903500709	0.9999815565612598
9.5765503018218148	1.0000126555736757
9.5807949417610008	0.9999485894313326
9.5876767814800310	1.0001382362382061
9.5921018400353049	1.0000071961070336
9.5958541127272845	1.0000704653098444
9.5993629605363964	0.9999695420135658
9.6027957063206504	1.0000532208967088
9.6062144058019374	0.9999611144013151
9.6096439031901042	1.0000443312820715
9.6130978974221346	0.9999615249271682
9.6165843676493541	1.0000375548566667
9.6201143918062897	0.9999662039615131
9.6236992813604640	1.0000295313672682
9.6273596734924745	0.9999751991137197
9.6311252310798192	1.0000174112934253
9.6350566415732590	0.9999863062858976
9.6393006849873828	1.0000503757405201
9.6462523204999329	0.9998734446437912
9.6512483465993153	1.0000254486102269
9.6586955247257507	0.9998292788476083
9.6635054926003647	0.9999759893028782
9.6674916902935664	0.9999320059881677
9.6711774638240460	1.0000178506157194
9.6747842680797476	0.9999561315037038
9.6783977344801695	1.0000235350064881
9.6820690305228023	0.9999718640561690
9.6858382266049272	1.0000155967950781
9.6897709182918970	0.9999853018845359
9.6940153961439748	1.0000498567599947
9.7008978110847721	0.9998600988923437
9.7053058058528840	0.9999921649248251
9.7090422572666437	0.9999273887997997
9.7125357313518546	1.0000298901710956
9.7159582454551447	0.9999451824900530
9.7193698841173930	1.0000377133932685
9.7228002078787625	0.9999550933180313
9.7262618348091969	1.0000361353610547
9.7297688195412846	0.9999634666805997
9.7333333425674979	1.0000294543570178
9.7369769937009405	0.9999741420712136
9.7407299557070566	1.0000173621740800
9.7446536968406861	0.9999861659730255
9.7488956794399506	1.0000500298349588
9.7557494361555737	0.9998546651700810
9.7599901719504203	0.9999987256313515
9.7635474235788866	0.9999148093418240
9.7668709329238368	1.0000393948521988
9.7701293882510356	0.9999326776421458
9.7733773299149078	1.0000484545356061
9.7766391270110748	0.9999424310106401
9.7799218860499284	1.0000485845799953
9.7832330638629994	0.9999491184459390
9.7865753137670026	1.0000451814135904
9.7899554466577268	0.9999553955782609
9.7933781254653169	1.0000394721868489
9.7968537297665392	0.9999629609895796
9.8003931686262113	1.0000309244635535
9.8040172783014725	0.9999738186141381
9.8077561448252819	1.0000177766272527
9.8116714267268996	0.9999862656834748
9.8159111353554600	1.0000497829447876
9.8228460565043694	0.9998695004515488
9.8275442610744808	0.9999791553308096
9.8317089448470760	0.9999570741476100
9.8357818627242146	1.0000012788507808
9.8400788957368892	0.9999413443690510
9.8469969856524706	1.0001385560818794
9.8513996197418265	1.0000059720779282
9.8551287635896880	1.0000709887821493
9.8586291754826636	0.9999703337620586
9.8620726689217904	1.0000510460435561
9.8655246803836416	0.9999649967039045
9.8690148706248504	1.0000383780179343
9.8725645665916542	0.9999699184533761
9.8761944838067723	1.0000258319268580
9.8799387220879940	0.9999817289462553
9.8838557798764448	1.0000129246516898
9.8880971979935506	0.9999491475463236
9.8949664199352103	1.0001412181947125
9.8992970445395905	1.0000039941782317
9.9029510257186821	1.0000769238898817
9.9063693826522403	0.9999649595222432
9.9097170089508122	1.0000593755004807
9.9130521055199861	0.9999559100223118
9.9163958126224472	1.0000505974277545
9.9197581384653795	0.9999552315738754
9.9231426491879020	1.0000450091849253
9.9265546517448815	0.9999577500282977
9.9299970811998133	1.0000399065750787
9.9334772580602451	0.9999623676975137
9.9370017968265287	1.0000335813305197
9.9405842894291343	0.9999697018664077
9.9442417079231209	1.0000240004814172
9.9480067390038442	0.9999816149282659
9.9519364510427231	1.0000126760331407
9.9561812730481254	0.9999485750595974
9.9630895226253315	1.0001332504724361
9.9676746770209892	1.0000137952189838
9.9716371035111440	1.0000558132256363
9.9753919924710601	0.9999843561241637
9.9791208455188229	1.0000312747225140
9.9829156151401790	0.9999858424236886
9.9868579503614345	1.0000149898683739
9.9911068439817843	0.9999495403833730
9.9980040640634886	1.0001361717344315
