0.0000000000000000	0.0000000000000000
1.2904953231720455	0.0010000000000000
1.3024638594231746	0.0005962820519809
1.3074948922778467	0.0008796205740793
1.3111737528837817	0.0008860592086810
1.3147770266558321	0.0011159968951960
1.3185786454776505	0.0012549019958019
1.3226855248740095	0.0015120713728652
1.3272674676124538	0.0017742955410572
1.3350855731323523	0.0025978512530310
1.3403647167925430	0.0031492436352848
1.3452881207315912	0.0037280950408437
1.3579639519361055	0.0056917154006031
1.3688867876417079	0.0091477613544654
1.3752489086414295	0.0110968874133240
1.3790878410237257	0.0127624232040307
1.3822705122741841	0.0140316914465898
1.3854115331912582	0.0157730777078640
1.3887162361627758	0.0175266472414120
1.3921666079651513	0.0198107005012191
1.3957857130621509	0.0223209914545363
1.3994959160076834	0.0253723999658617
1.4033271360986650	0.0288079136720815
1.4071885799340200	0.0328381355877709
1.4111339531661871	0.0373990607957856
1.4150617516037776	0.0426374958384345
1.4190515245560087	0.0485616776982619
1.4229921136233090	0.0552674778271640
1.4269882549060915	0.0628408914928922
1.4309210226266786	0.0713265824443730
1.4349164209428442	0.0809102532191080
1.4388495311453731	0.0915762027679327
1.4428591957468204	0.1036316564717499
1.4468179125890670	0.1169885327546611
1.4508636302667446	0.1320689315916229
1.4548758564696778	0.1487190194994539
1.4589704607055087	0.1673948252096894
1.4630541139280662	0.1879432026384251
1.4671886140937167	0.2106327660786405
1.4713397398726562	0.2354875074212765
1.4754739492888520	0.2621806420442355
1.4796537442683688	0.2912191127930047
1.4837172038694975	0.3211994057161838
1.4878517609612740	0.3534802876919253
1.4917740793686549	0.3854072634100167
1.4957984635802948	0.4194485008538823
1.4995679587640480	0.4520477978745183
1.5034871266332797	0.4866368846412420
1.5071709783639953	0.5192596470345020
1.5110538261421012	0.5537248700259106
1.5147565956428009	0.5861177497770785
1.5186865438117740	0.6199360218851337
1.5225097630916533	0.6517776031237054
1.5265758200433843	0.6844037428402702
1.5306112140360475	0.7151358881530319
1.5348483393230132	0.7455364731743682
1.5391308121000613	0.7740996868074734
1.5436940180691010	0.8021444395119260
1.5500704988166574	0.8364959033118508
1.5547927526375243	0.8590941529779121
1.5586139223606252	0.8752834229242491
1.5621483407654349	0.8889853338687261
1.5657469165759339	0.9014368500688619
1.5693659279129664	0.9128224886647789
1.5731719318866411	0.9234202000913783
1.5771042425688917	0.9331884795026016
1.5814578300899995	0.9425524518719941
1.5862782845722345	0.9519979669423754
1.5916792515080824	0.9600123367574696
1.5960666366670053	0.9659607287951676
1.6005950678248495	0.9711070747023395
1.6070431382297705	0.9772625618143026
1.6211230343253495	0.9860155044216885
1.6261951425571095	0.9886015368877206
1.6301280509618343	0.9901181547283588
1.6339877965421457	0.9915095381249233
1.6382462150965533	0.9927353451973202
1.6453611170224143	0.9946115620188585
1.6503478862627059	0.9954087438809551
1.6575347905823721	0.9966861135971413
1.6625288597583174	0.9971336036839263
1.6666982087598534	0.9975895458653317
1.6704871746262835	0.9978309882101521
1.6740569089381379	0.9981737391094415
1.6775321203759064	0.9983131115149450
1.6810202867885444	0.9985860639288783
1.6846280696856337	0.9987111351386265
1.6884551970863324	0.9989135254196970
1.6926770335079691	0.9990122194253103
1.6995074986898615	0.9994206832864824
1.7036640186901362	0.9993849727839628
1.7073033889248630	0.9995242820897573
1.7109209114665134	0.9995190300801686
1.7147352104383675	0.9996119922300807
1.7189550420495805	0.9996085848362491
1.7257280770628298	0.9998984450482908
1.7293934795119774	0.9997465613208532
1.7325518287755894	0.9998992477302517
1.7356435948929301	0.9997695242953394
1.7387854599889137	0.9999062205619369
1.7420047272263322	0.9998093800783042
1.7453065498055187	0.9999210377091406
1.7486936697157915	0.9998489308822071
1.7521703728036642	0.9999354099241017
1.7557509416942056	0.9998869141884055
1.7594612085190633	0.9999435575569381
1.7633601390213900	0.9999217798993737
1.7675953745527884	0.9999942479257629
1.7745039088405585	0.9998213509024545
1.7789903570005139	0.9999525357488567
1.7828421652230284	0.9999053024854485
1.7864686423414045	0.9999955326640514
1.7900341421845380	0.9999317119146387
1.7935939463102017	1.0000090610003134
1.7971732970590415	0.9999462637067874
1.8007803606694253	1.0000134230817579
1.8044243837185803	0.9999567009386423
1.8081125893190486	1.0000129487774143
1.8118613219443060	0.9999674109803701
1.8156951607701088	1.0000071615646997
1.8196691102871254	0.9999785077838989
1.8239245839838207	1.0000452689888057
1.8308523477801584	0.9998658875668647
1.8356408249950946	0.9999755558605876
1.8398559577287610	0.9999522345417340
1.8438851989982845	1.0000008723785774
1.8479407725119534	0.9999765626352426
1.8522233154462726	1.0000472907535647
1.8585250335271435	0.9997519782718584
1.8636951358463796	1.0000462394707257
1.8689742269996021	0.9997202834910990
1.8746522314990852	1.0002692243114271
1.8798330179927099	0.9999822743491904
1.8845171826190150	1.0000511547766502
1.8889639093986608	0.9999848071642666
1.8936505441142615	1.0003772498373065
1.8971400120845341	0.9999789704739578
1.9008480364833058	1.0000044716649279
1.9044795204823712	0.9999157286157409
1.9080396038858425	0.9999913766361148
1.9115198637990001	0.9999103676805946
1.9149476448612051	1.0000062864118064
1.9183654446226444	0.9999260298117940
1.9218191340568787	1.0000114220308005
1.9253548783609551	0.9999506649174736
1.9290206082477668	1.0000048073905092
1.9328899569429399	0.9999757803868927
1.9371179860340872	1.0000413408548430
1.9440065781395157	0.9998562031953350
1.9485176130398807	0.9999811195139906
1.9523770505530822	0.9999282395196093
1.9559837759456147	1.0000196771975367
1.9595021361314864	0.9999467623379369
1.9629952627963356	1.0000319659545187
1.9664997327060407	0.9999606626266717
1.9700344010922750	1.0000360759456448
1.9736139250787246	0.9999745324409228
1.9772430512385148	1.0000382063384976
1.9809238746947362	0.9999864393757966
1.9846497882176239	1.0000407381273919
1.9884129517085489	0.9999938541806850
1.9921987671159813	1.0000435619479313
1.9959950343433555	0.9999956571046332
1.9997871245485142	1.0000450694494891
2.0035681542832662	0.9999928092539029
2.0073324178525502	1.0000435082016110
2.0110832549357442	0.9999874798953463
2.0148231255979381	1.0000385313920912
2.0185596640740058	0.9999813344126444
2.0222956289049838	1.0000315987943815
2.0260360281768821	0.9999751504774976
2.0297802350804366	1.0000247121850754
2.0335306110191413	0.9999697693445453
2.0372865946550545	1.0000187774213067
2.0410538958687279	0.9999668411549028
2.0448396429277098	1.0000128093767970
2.0486618839385149	0.9999688968926210
2.0525476053378111	1.0000043052179912
2.0565526161921714	0.9999749027916953
2.0608169450258367	1.0000419713661983
2.0676854488104417	0.9998515605227100
2.0721733755887817	0.9999829012312951
2.0759603129218207	0.9999215503215767
2.0794797500913162	1.0000226634193952
2.0829195330401813	0.9999406743122837
2.0863529729707802	1.0000303231753107
2.0898203130450126	0.9999545443266588
2.0933447457397913	1.0000263913839955
2.0969534701693209	0.9999691063477677
2.1006796005649875	1.0000149702115102
2.1045868674479911	0.9999839719441863
2.1088245018922289	1.0000478186302413
2.1157843251550492	0.9998727482749599
2.1207780978132305	1.0000241686011206
2.1282642763116826	0.9998335077102034
2.1332332299827028	0.9999687456423785
2.1374949817736622	0.9999511910543127
2.1415996189028923	0.9999987330231364
2.1459084923657135	0.9999398813417345
2.1528765133109875	1.0001313112330710
2.1575125199604992	1.0000159185287711
2.1615581369454238	1.0000486952948018
2.1654546131064403	0.9999938426261652
2.1694267929578963	1.0000200667816814
2.1736878767740868	0.9999523437335741
2.1806161565129520	1.0001354608524191
2.1851860298541257	1.0000151030389521
2.1891479669074867	1.0000549118099678
2.1929315574592092	0.9999882383833358
2.1967319551405522	1.0000256678510857
2.2006695736915569	0.9999903156314345
2.2049176126145098	1.0000521220185563
2.2118814594863450	0.9998743450361318
2.2167420083352405	0.9999753894537394
2.2213081426035015	0.9999198474174086
2.2284760047294672	1.0001291103556917
2.2333655477021077	1.0000213646642757
2.2377162649020454	1.0000372248005340
2.2421050554116801	0.9999562012733015
2.2491631986615093	1.0001335981598420
2.2541983304556705	0.9999756148065726
2.2616999965448699	1.0001673915557812
2.2667130332930858	1.0000305332291433
2.2710013192590797	1.0000474991027946
2.2751217273834690	1.0000000576794732
2.2794337966201623	1.0000593518612821
2.2863922700575321	0.9998654777303112
2.2909540194900520	0.9999867756659273
2.2948817153588146	0.9999415236902733
2.2986025338330607	1.0000156710392718
2.3023053269772555	0.9999667396606410
2.3060794853453204	1.0000133436922480
2.3100108508332040	0.9999838894411721
2.3142555289316702	1.0000488964599326
2.3210911026414092	0.9998502025880951
2.3252237844602650	1.0000032465549169
2.3286687179956349	0.9999058383014182
2.3318859669690317	1.0000460601018448
2.3350403127502859	0.9999235880183889
2.3381822600436859	1.0000563464270433
2.3413331685290015	0.9999329431948123
2.3444975907688841	1.0000578721942524
2.3476805565666532	0.9999385179453379
2.3508817891844545	1.0000563435468621
2.3541045136045300	0.9999427494085511
2.3573483781282052	1.0000534861756643
2.3606168211706215	0.9999467549905503
2.3639102131025269	1.0000497804409636
2.3672328834968863	0.9999511384724050
2.3705865726777171	1.0000451681085805
2.3739774332913188	0.9999564445776555
2.3774099312031978	1.0000391795579340
2.3808942053601854	0.9999635190640001
2.3844410524955886	1.0000306890582371
2.3880711595727004	0.9999740539043379
2.3918144724737651	1.0000177101030787
2.3957324460769072	0.9999862682915730
2.3999728734852463	1.0000498772669322
2.4069301876112825	0.9998738533639165
2.4117916178292877	0.9999751479392502
2.4163578482930403	0.9999196377251219
2.4234343759665493	1.0001446524356341
2.4277898637648820	1.0000000739407791
2.4313897114965628	1.0000826253310133
2.4347299222987573	0.9999589864872486
2.4379898521383714	1.0000665401543314
2.4412305651286523	0.9999488760412923
2.4444725538031138	1.0000587057180728
2.4477242709023166	0.9999468480112907
2.4509869497724281	1.0000545371704337
2.4542630010285231	0.9999473803948392
2.4575513609743362	1.0000517818110990
2.4608540357662454	0.9999488585933183
2.4641699591814108	1.0000494517781573
2.4675014933736139	0.9999508154438295
2.4708480348170689	1.0000470800350967
2.4742125675672981	0.9999532041348256
2.4775952891757296	1.0000443510957422
2.4810002059081686	0.9999561950223914
2.4844289095812360	1.0000409079935026
2.4878872843571926	0.9999601776793384
2.4913796295747863	1.0000361671428821
2.4949158338488040	0.9999659422135601
2.4985064037328275	1.0000289589676832
2.5021716587659015	0.9999751736702983
2.5059409190670072	1.0000172386785802
2.5098746197222863	0.9999862468815558
2.5141192699207249	1.0000504266618861
2.5209985841181832	0.9998599611741610
2.5253974981145046	0.9999930350166086
2.5291153794107339	0.9999255199344872
2.5325787071300776	1.0000326988468637
2.5359561225757035	0.9999407808407956
2.5393035498183951	1.0000434878398512
2.5426453399266160	0.9999471008614306
2.5459875787340400	1.0000463285537593
2.5493356468266501	0.9999500691724463
2.5526894852390170	1.0000465321800496
2.5560521124388269	0.9999519683215168
2.5594231215564580	1.0000456199822536
2.5628056325491055	0.9999537654166013
2.5661998127877301	1.0000439755698580
2.5696095030566628	0.9999559544411559
2.5730359145760677	1.0000415454845979
2.5764842255344735	0.9999589482642162
2.5799575268260808	1.0000379890071580
2.5834636498416312	0.9999633354987814
2.5870096027331804	1.0000325464132598
2.5906094068959380	0.9999702678954889
2.5942802871694397	1.0000235647306035
2.5980550586588351	0.9999817654929117
2.6019906205982002	1.0000126786342105
2.6062370359093121	0.9999483732314164
2.6131401041913325	1.0001339640413067
2.6177054216703715	1.0000126525724975
2.6216336608495951	1.0000584474782670
2.6253396428424760	0.9999810750153749
2.6289994987109262	1.0000363765276468
2.6326932652884318	0.9999797071622528
2.6364750522654807	1.0000196259667178
2.6404138986306367	0.9999875177327520
2.6446603545088383	1.0000511777453507
2.6515473525496391	0.9998615104226360
2.6559892872561930	0.9999914166646567
2.6597581725752484	0.9999291861418199
2.6632749706871230	1.0000295482253903
2.6667088623259110	0.9999451388285473
2.6701169375279110	1.0000393402668264
2.6735245237126968	0.9999520686173675
2.6769384467566684	1.0000412666149219
2.6803646168165209	0.9999557618242292
2.6838035597810301	1.0000405473581830
2.6872588981826380	0.9999585331267521
2.6907311384561328	1.0000385920709678
2.6942246706091968	0.9999614667397371
2.6977416335279312	1.0000355439999469
2.7012889273577509	0.9999653939904921
2.7048725419216217	1.0000307944721594
2.7085055159968010	0.9999715743831346
2.7122040150654994	1.0000226997144572
2.7159997371447795	0.9999821471795545
2.7199481919088035	1.0000127087141466
2.7241980766918128	0.9999479385755279
2.7311206623523048	1.0001296984492134
2.7358396260810451	1.0000180954709685
2.7399785981304148	1.0000455113477655
2.7439484070211351	0.9999944555261256
2.7479652950977203	1.0000197850066590
2.7522385188153558	0.9999506351990558
2.7591679373941727	1.0001332068277811
2.7638380760278745	1.0000161089936161
2.7678837152201212	1.0000525559941362
2.7717087206123003	0.9999862766538347
2.7754933270856408	1.0000294361603035
2.7793291066127455	0.9999863562554460
2.7832962852009913	1.0000149474847766
2.7875519518087164	0.9999486659563628
2.7944773625267794	1.0001297898162507
2.7992174546013726	1.0000185423221510
2.8033765720799857	1.0000449725722085
2.8073617002676157	0.9999945948006224
2.8113878914036716	1.0000197582449000
2.8156636808520394	0.9999503091236236
2.8225853294737933	1.0001342804604736
2.8272241035931094	1.0000141814811250
2.8312100799165543	1.0000572525416833
2.8349428653865405	0.9999798284461068
2.8385901859201907	1.0000399611712099
2.8422195872328935	0.9999724182495491
2.8458622355251779	1.0000312468568415
2.8495400213681714	0.9999744226357274
2.8532729739060883	1.0000225352730743
2.8570936387714037	0.9999829772672399
2.8610572211683656	1.0000129708592618
2.8653112455748135	0.9999475491132835
2.8721927878112847	1.0001367882078478
2.8766847023841962	1.0000079616662054
2.8804830576575533	1.0000691446974028
2.8840070532913331	0.9999679865829989
2.8874254820904928	1.0000558562763706
2.8908022345623818	0.9999563284421028
2.8941626336173902	1.0000507416408302
2.8975195967960010	0.9999532015921807
2.9008785810307622	1.0000479574142467
2.9042458934178716	0.9999534274952280
2.9076244102725863	1.0000453466188082
2.9110200991889794	0.9999555403753957
2.9144362827133472	1.0000419581295987
2.9178802495225309	0.9999593019079639
2.9213575223988237	1.0000370758934154
2.9248790027681828	0.9999652141861733
2.9284560840141882	1.0000295489879738
2.9321098341055594	0.9999747981789556
2.9358702733001794	1.0000174114962332
2.9397985296952238	0.9999862590981262
2.9440417330259869	1.0000502388914621
2.9509510018527765	0.9998652993183732
2.9555158673171733	0.9999855748657124
2.9594595357322748	0.9999421593526684
2.9631962460580454	1.0000150392832130
2.9669119057089306	0.9999671193228763
2.9706953451705176	1.0000131966708652
2.9746322546518051	0.9999838944986849
2.9788784420773244	1.0000490993751989
2.9857976072750230	0.9998660921460051
2.9904058048125277	0.9999835571791548
2.9944110891705709	0.9999462176540506
2.9982279531246676	1.0000102898365071
3.0020537170905346	0.9999740105223971
3.0060049389386747	1.0000088386861805
3.0102579428476686	0.9999464158975978
3.0172061458068509	1.0001265748997445
3.0220081344706320	1.0000226119090581
3.0263330005424711	1.0000374100671603
3.0307122337195431	0.9999562814544228
3.0377309483369519	1.0001384122961130
3.0424459519373128	1.0000200132083459
3.0465510212099152	1.0000486956551742
3.0504872661714724	0.9999949104051934
3.0544821499670061	1.0000203488920989
3.0587495402296270	0.9999517308854167
3.0656558061757253	1.0001388235059649
3.0701302667611872	1.0000098256056438
3.0739384287451847	1.0000669937843574
3.0775088600232938	0.9999736600852300
3.0810123511427916	1.0000477822150615
3.0845153649992576	0.9999673069565882
3.0880484579196730	1.0000363345647971
3.0916334960940457	0.9999712273451314
3.0952913589824251	1.0000249184218921
3.0990560285254878	0.9999820800817181
3.1029853955272566	1.0000129375471301
3.1072301326000340	0.9999487258262808
3.1141718612083125	1.0001270421312991
3.1189750006193768	1.0000229037646551
3.1233016622098373	1.0000375300908584
3.1276813049519769	0.9999562564967077
3.1346637391029608	1.0001448819772809
3.1391628837222041	1.0000113333258973
3.1429654569588301	1.0000693538746774
3.1465198090935145	0.9999732079406813
3.1500043292065807	1.0000494257829478
3.1534882608753572	0.9999665418925278
3.1570035399931475	1.0000373813546930
3.1605728010288918	0.9999706723068579
3.1642175596965703	1.0000254067315402
3.1679723378856912	0.9999819269184793
3.1718956579679500	1.0000129443964945
3.1761387786159436	0.9999489413688176
3.1830910881573704	1.0001253345811394
3.1879600816462035	1.0000238733620326
3.1925265764079329	1.0000798978887675
3.1996940636178293	0.9998714156264130
3.2046631838354318	0.9999767972976371
3.2092636389602589	0.9999188665699374
3.2163849016969692	1.0001408738835342
3.2209200081682137	1.0000067345295292
3.2247083206132503	1.0000696794479760
3.2282328528863213	0.9999700482105240
3.2316813602666099	1.0000515578612592
3.2351243528622042	0.9999634109964927
3.2385916012433422	1.0000407820289221
3.2421015568231910	0.9999663391026676
3.2456686355064353	1.0000309263096436
3.2493144102847826	0.9999751254223049
3.2530691549971191	1.0000178370644937
3.2569939838632735	0.9999864510698137
3.2612362640942480	1.0000502260612025
3.2681819366044826	0.9998720416227450
3.2729753369447443	0.9999760409564510
3.2772975592353344	0.9999613972063329
3.2816746588476087	1.0000424567495227
3.2886954813231308	0.9998605384157808
3.2934021084192002	0.9999789858930872
3.2975021907150515	0.9999500513612225
3.3014330980522204	1.0000040424054615
3.3054263152546102	0.9999785563369921
3.3096919973151464	1.0000470529920771
3.3166087904429649	0.9998614765756073
3.3211177012112474	0.9999877576473629
3.3249700025996778	0.9999345245350167
3.3285796697285970	1.0000238003708304
3.3321152440035502	0.9999523073424447
3.3356336752327391	1.0000322836823015
3.3391601328582623	0.9999600613155352
3.3427007923081620	1.0000333692909407
3.3462608379762306	0.9999642014403668
3.3498399240396783	1.0000321797802769
3.3534410268415629	0.9999671975666353
3.3570641526845035	1.0000299913916939
3.3607138969180448	0.9999703094078980
3.3643934826848962	1.0000266182945987
3.3681130012912246	0.9999748850065719
3.3718852057538404	1.0000205613230635
3.3757379791249891	0.9999832005796088
3.3797220841772955	1.0000128607338503
3.3839816282773816	0.9999467888387338
3.3909208878590729	1.0001249261616578
3.3958392659922594	1.0000224456936646
3.4004186489537886	1.0000802847868675
3.4075641639512475	0.9998684045518093
3.4121366267927962	0.9999987384767078
3.4159952496508947	0.9999457536504325
3.4196199318578810	1.0000318461819593
3.4232278334136921	0.9999754371734515
3.4269251278201200	1.0000285724888478
3.4308085921854805	0.9999982401995312
3.4350409415244316	1.0000615442257106
3.4418906533175546	0.9998626064440478
3.4459650881260608	1.0000140180737129
3.4494239203547026	0.9999224372331460
3.4527248760847629	1.0000442282422577
3.4560248028745368	0.9999466695036673
3.4593676082355653	1.0000438045743887
3.4627694741769255	0.9999587734774116
3.4662293463277924	1.0000372319008382
3.4697470065184564	0.9999648054393370
3.4733178581899153	1.0000299747969275
3.4769428206857480	0.9999689304738366
3.4806232134969490	1.0000223118963945
3.4843707007329741	0.9999745427405486
3.4882062331827557	1.0000118759786014
3.4921819867309600	0.9999813811541657
3.4964378111440078	1.0000464087013978
3.5032863608564067	0.9998498114411013
3.5075800527023264	0.9999918857624881
3.5111666905222991	0.9999095526727920
3.5145052318505483	1.0000320275700176
3.5177786172679673	0.9999276360335557
3.5210521880322649	1.0000382873456581
3.5243583342926592	0.9999402134762859
3.5277111795478149	1.0000342590787452
3.5311254640152132	0.9999515468165836
3.5346135237573080	1.0000252504216158
3.5381968961032300	0.9999650605741951
3.5419061147647142	1.0000112994051285
3.5458036050310557	0.9999796158894286
3.5500385915202979	1.0000428973405042
3.5570007961044245	0.9998682362492369
3.5618455948143124	0.9999698139084162
3.5664075295241449	0.9999155553003555
3.5735332349855344	1.0001333069101617
3.5781176457972612	1.0000070576843134
3.5820132829109093	1.0000568725857686
3.5856957190874925	0.9999790239040462
3.5893631233242318	1.0000310477989478
3.5931121316894425	0.9999829984238940
3.5970268102686322	1.0000131116774400
3.6012682602006083	0.9999488460291017
3.6082158447923187	1.0001266266357194
3.6129869327998980	1.0000220433927003
3.6172903461622194	1.0000368763264915
3.6216637443012321	0.9999563794145891
3.6286099328847148	1.0001519269966814
3.6328674984842042	1.0000030185571462
3.6364297693593457	1.0000842527160514
3.6397779196718081	0.9999638365398140
3.6430874886155213	1.0000602347167731
3.6464227555122486	0.9999594755691648
3.6498126781163505	1.0000437924274805
3.6532785139001049	0.9999664942489911
3.6568415223464656	1.0000280892825246
3.6605367015251304	0.9999806831901993
3.6644243107245718	1.0000127473200717
3.6686578930643825	0.9999500090532496
3.6755592805889563	1.0001364347720354
3.6800166400832222	1.0000117779076523
3.6838733560285535	1.0000591231657225
3.6875742601035273	0.9999862803739171
3.6913156976529091	1.0000270525119681
3.6952185351180566	0.9999905386754976
3.6994572748353418	1.0000510159335505
3.7063811682327144	0.9998652516866102
3.7109024407747149	0.9999841675702521
3.7148558489866090	0.9999467689776708
3.7186862553294606	1.0000053585836697
3.7226217960675472	0.9999784834072538
3.7268716584710977	1.0000450967666292
3.7337890246762711	0.9998593303017698
3.7382039697774383	0.9999872193348102
3.7420218668412222	0.9999373031864799
3.7456916052251263	1.0000128272649347
3.7494130865522637	0.9999710076103208
3.7533029904881512	1.0000080473542770
3.7575395248982213	0.9999480707850875
3.7645135114198518	1.0001241451194729
3.7695072109250618	0.9999743741721435
3.7769413318954133	1.0001748257889869
3.7815517016247955	1.0000207964913361
3.7853667444030399	1.0000741673485416
3.7889558497258791	0.9999826565005581
3.7925440300359785	1.0000393178832865
3.7962342146870727	0.9999857378186100
3.8001137694734615	1.0000159429104165
3.8043458804627921	0.9999522311456559
3.8112379596286909	1.0001402846574314
3.8155930852099771	1.0000086303766218
3.8193362172101901	1.0000668621094171
3.8229156953533239	0.9999799913557852
3.8265117577788952	1.0000365196866132
3.8302125998757344	0.9999848982085594
3.8340995469823080	1.0000153067451401
3.8383334579683255	0.9999516014380693
3.8452689468739050	1.0001314368901058
3.8499026766022149	1.0000194407014085
3.8540092407948454	1.0000434979843444
3.8580486176501156	0.9999982448666619
3.8623352746504964	1.0000567742207340
3.8693370543388186	0.9998743835592507
3.8741876104037511	0.9999753864071397
3.8787520842093546	0.9999205676403657
3.8858889972390642	1.0001366914082910
3.8904926390970633	1.0000120718070975
3.8944283206647059	1.0000564188609582
3.8981765284918297	0.9999867257381456
3.9019475179525371	1.0000262253142411
3.9058667883235332	0.9999903285723969
3.9101100208595043	1.0000514614476286
3.9170302250821400	0.9998651721464374
3.9215567350007485	0.9999855208054297
3.9254851925331566	0.9999432659534465
3.9292431040108871	1.0000113760607807
3.9330276471446446	0.9999730064304424
3.9369547165961736	1.0000085923194868
3.9412011238168030	0.9999471031323426
3.9481292047172665	1.0001312900052621
3.9527478056744023	1.0000164448269551
3.9567904331623915	1.0000486709461747
3.9606883618767661	0.9999939816768912
3.9646623056751218	1.0000200524389933
3.9689237297690498	0.9999522162161759
3.9758946955311938	1.0001271810827923
3.9807618307113901	1.0000246892876641
3.9853283283911480	1.0000800289120850
3.9924434934462987	0.9998614907689223
3.9970323647090873	0.9999896522312791
4.0009085353153315	0.9999360851744573
4.0045373108562599	1.0000223363177350
4.0081110449610744	0.9999570157581785
4.0117039370504495	1.0000250808072475
4.0153616753152175	0.9999720959760722
4.0191221133049426	1.0000160379920451
4.0230497942174566	0.9999854840757935
4.0272928773227257	1.0000497858423538
4.0342389578736837	0.9998719105755753
4.0390355351435847	0.9999759549225525
4.0433600450640146	0.9999613669166627
4.0477377478390943	1.0000425154216939
4.0547324722441722	0.9998558784174493
4.0592826273092379	0.9999853940254483
4.0631558234715550	0.9999345493314657
4.0667893939550854	1.0000208976049068
4.0703679418825383	0.9999565400994657
4.0739638446104083	1.0000246746146733
4.0776230710283574	0.9999719004816805
4.0813840479321293	1.0000159323032791
4.0853119099435995	0.9999854243833656
4.0895550725335630	1.0000497612675545
4.0964561571255977	0.9998634247519133
4.1009646430792674	0.9999876166194547
4.1048360116115834	0.9999374507168012
4.1084904726887874	1.0000194510099851
4.1121089730148510	0.9999606247690327
4.1157682218270191	1.0000200297976505
4.1195261118706945	0.9999787130215605
4.1234490530176373	1.0000112911534986
4.1276924892902942	0.9999481812884073
4.1345890258333871	1.0001358874702302
4.1390763562174255	1.0000105463619640
4.1429240456246053	1.0000625427949350
4.1465606310556620	0.9999788551122466
4.1501635530250010	1.0000389247297035
4.1538124391171740	0.9999786174039597
4.1575615038638709	1.0000203846674471
4.1614806310056247	0.9999876520281118
4.1657217800620412	1.0000505566463451
4.1726281411829431	0.9998642291007591
4.1771443706382421	0.9999868006638776
4.1810391806258851	0.9999398680381588
4.1847353134629026	1.0000161149495608
4.1884193639829421	0.9999659484336654
4.1921800220778467	1.0000134540789307
4.1961033285737646	0.9999838360654192
4.2003458368533400	1.0000485941299426
4.2072452610358075	0.9998617441602992
4.2117057393380080	0.9999886463750913
4.2155297841374422	0.9999349064827543
4.2191453051959122	1.0000205618208384
4.2227330658255582	0.9999591838446921
4.2263688282698677	1.0000205438451302
4.2301099640475428	0.9999782902422231
4.2340229390554667	1.0000112007333317
4.2382636850777962	0.9999484757535997
4.2451960849862083	1.0001295658893874
4.2498861750550718	1.0000195425250631
4.2540405647412305	1.0000420597810582
4.2581086522427629	0.9999977127326078
4.2624030694490562	1.0000574501673074
4.2693988380630463	0.9998743389673610
4.2742709117645905	0.9999757112099110
4.2788409835421888	0.9999199261535121
4.2859768680556281	1.0001355618843162
4.2906374469097672	1.0000128942568238
4.2946228300173921	1.0000544021128128
4.2984067600415949	0.9999872145246581
4.3022014735749945	1.0000255874148973
4.3061342717113460	0.9999901567989526
4.3103812269426935	1.0000518337515714
4.3173469724819027	0.9998742406064476
4.3222017513513551	0.9999752512650679
4.3267664434070285	0.9999199831155945
4.3339099189996402	1.0001337226429399
4.3386243914098399	1.0000152424261708
4.3426938725605764	1.0000486337319263
4.3465952152280956	0.9999934760141089
4.3505672909071951	1.0000199437336332
4.3548287677198330	0.9999523442703089
4.3615383804391348	1.0001762178592564
4.3650926775593213	0.9999699356455568
4.3680707145493249	1.0001304066224217
4.3709397950789493	0.9999345967069556
4.3738237320044151	1.0000984502619783
4.3767537284782492	0.9999305910998438
4.3797350379207565	1.0000791795364359
4.3827685062461228	0.9999339288341267
4.3858513728006558	1.0000668339683683
4.3889841988108627	0.9999397902801733
4.3921654396561465	1.0000574165331413
4.3953979748738607	0.9999468542366849
4.3986829067245594	1.0000487092750350
4.4020265923491566	0.9999551548202565
4.4054348346080126	1.0000390774453658
4.4089209162883600	0.9999657307753751
4.4125018622711973	1.0000264508216441
4.4162109881510441	0.9999805373274112
4.4201070837039129	1.0000125974790162
4.4243428995244889	0.9999497046652005
4.4312751771935917	1.0001302663122831
4.4359398330544666	1.0000194617473812
4.4400727146727244	1.0000426699633911
4.4441278645612750	0.9999979394702954
4.4484187748098929	1.0000571422466924
4.4553365231715274	0.9998593775149823
4.4596941018572842	0.9999936905361403
4.4633927133212845	0.9999267510585502
4.4668780480333012	1.0000280300732556
4.4703245710416093	0.9999489749847844
4.4737947800960027	1.0000314258880052
4.4773240221750799	0.9999642024534269
4.4809361512114281	1.0000237356230703
4.4846673088668849	0.9999799780124061
4.4885763278931901	1.0000121012240324
4.4928156517923767	0.9999490106693598
4.4997604020216064	1.0001272614705126
4.5045357205698409	1.0000229150419224
4.5088426218739963	1.0000376868744107
4.5132169256238086	0.9999570118711705
4.5201966572350543	1.0001462570493884
4.5246423979047226	1.0000103954257524
4.5284011439128209	1.0000713292562735
4.5319290409410691	0.9999732124675664
4.5354043330145464	1.0000490708131518
4.5388966586105459	0.9999684996418013
4.5424405714505696	1.0000342715881183
4.5460645815123630	0.9999755451807735
4.5498023920082913	1.0000188383729538
4.5537166811513305	0.9999868167028151
4.5579562019904056	1.0000500248271376
4.5648910873382995	0.9998695124453064
4.5695854959237190	0.9999792421253689
4.5737467115681110	0.9999570109240578
4.5778174723162666	1.0000012631688002
4.5821139277950200	0.9999414075457380
4.5890145924999715	1.0001418621710909
4.5933176487456331	1.0000018959463342
4.5969339677463177	1.0000792610548366
4.6003181956888408	0.9999631480761534
4.6036368376790113	1.0000612217579283
4.6069471705135472	0.9999545027476460
4.6102686052180220	1.0000521418639725
4.6136089283061725	0.9999536603259255
4.6169687955977707	1.0000470568040996
4.6203497538972327	0.9999550529883868
4.6237497690160794	1.0000437250181202
4.6271695464989895	0.9999569750733371
4.6306066201375131	1.0000412400147036
4.6340616052640184	0.9999588768682758
4.6375320358413745	1.0000392300244261
4.6410186678363408	0.9999606181239936
4.6445192375895239	1.0000374978694395
4.6480348696240226	0.9999622357807452
4.6515637785315862	1.0000358674505780
4.6551077965920387	0.9999638825950127
4.6586660738063275	1.0000340961776040
4.6622417734805870	0.9999658535500159
4.6658358696480260	1.0000317723188070
4.6694541863297134	0.9999687086367064
4.6731015918725038	1.0000280960390679
4.6767900266888942	0.9999736153940442
4.6805343784770184	1.0000213514282870
4.6843648315642543	0.9999827351881709
4.6883347340785919	1.0000127492720512
4.6925904501870681	0.9999472020817251
4.6994960413460971	1.0001318983292360
4.7041520413422013	1.0000138095549023
4.7081581500176259	1.0000561395694763
4.7119028830008078	0.9999792151386944
4.7155480956221307	1.0000410441910967
4.7191555390234710	0.9999694827673605
4.7227483578216791	1.0000361365705606
4.7263367011775435	0.9999665507845213
4.7299225248529737	1.0000345254604273
4.7335083640072764	0.9999656029141774
4.7370929283857421	1.0000340456915189
4.7406778198324888	0.9999652607534948
4.7442614542560957	1.0000339213290683
4.7478456219006588	0.9999651605110017
4.7514290729792119	1.0000338187517002
4.7550141153104102	0.9999652822396083
4.7586001401334732	1.0000335129059790
4.7621902786328683	0.9999657643416923
4.7657849590968935	1.0000327476958593
4.7693886808306170	0.9999668899781156
4.7730037050392928	1.0000311202015157
4.7766371331767967	0.9999691951791086
4.7802950244852580	1.0000278609673741
4.7839904315117128	0.9999738024625240
4.7877392118320587	1.0000213126001201
4.7915723462947932	0.9999827950080341
4.7955437122253741	1.0000127821414271
4.7997998682478462	0.9999471796518925
4.8067064871755170	1.0001316840495300
4.8113719761733513	1.0000142782483687
4.8153937663686408	1.0000549324579775
4.8191621820591779	0.9999809402814541
4.8228429011554796	1.0000381091246677
4.8265031631124389	0.9999735769723925
4.8301738554756284	1.0000299457726995
4.8338764554393290	0.9999752388365012
4.8376302871623151	1.0000218684153541
4.8414670037549383	0.9999832081918929
4.8454405836007242	1.0000129631096284
4.8496973274330211	0.9999471846720180
4.8566326086922480	1.0001262211502371
4.8614972910491847	1.0000226470099667
4.8658690375711213	1.0000371045597249
4.8702609089167694	0.9999544784228281
4.8772976680770581	1.0001328739932840
4.8822528012951691	1.0000253329735669
4.8868447521951444	1.0000825239415339
4.8940044674213876	0.9998707646462692
4.8989854960104520	0.9999782571486608
4.9034035295762797	0.9999624071506465
4.9078094664935845	1.0000453501373363
4.9148280284729307	0.9998604400354624
4.9195760895121916	0.9999812703561488
4.9236564025322256	0.9999447011295591
4.9274702689660854	1.0000156052598133
4.9311957972295639	0.9999628674238962
4.9349017488501667	1.0000226643137207
4.9386271562806563	0.9999721845132025
4.9423964922143018	1.0000195514595149
4.9462441096054901	0.9999823183329238
4.9502240951411736	1.0000124501932846
4.9544826728409328	0.9999467358595328
4.9613945439584812	1.0001303227224592
4.9661120328796260	1.0000159224679834
4.9702034787146321	1.0000508539215360
4.9740547357948586	0.9999852671613048
4.9778369473191528	1.0000313798326448
4.9816293757520569	0.9999819677495049
4.9854845530958123	1.0000180969992432
4.9894683499704424	0.9999872540471559
4.9937270451777431	1.0000526292403600
5.0006357711889020	0.9998676620336228
5.0053086716913882	0.9999848855552735
5.0093343031368551	0.9999436614685284
5.0130936822110383	1.0000193002752473
5.0167523604030491	0.9999584839311190
5.0203691793247174	1.0000291090284883
5.0239710399867619	0.9999631563013039
5.0275650770496423	1.0000321584924781
5.0311567175715055	0.9999645922167927
5.0347452921653773	1.0000332420383922
5.0383328018962539	0.9999649090335055
5.0419174741106172	1.0000337547315441
5.0455008215746773	0.9999648299107365
5.0490810279148057	1.0000341056423845
5.0526596401800354	0.9999646162596936
5.0562349749709270	1.0000343996518535
5.0598087098553295	0.9999643761164869
5.0633793103215101	1.0000346488749994
5.0669485835787089	0.9999641631139216
5.0705151205621881	1.0000348408153266
5.0740808345964377	0.9999640089472751
5.0776444188980721	1.0000349577442125
5.0812078832517926	0.9999639383534294
5.0847700296758216	1.0000349763228344
5.0883329979510368	0.9999639825528498
5.0918957625645316	1.0000348568111503
5.0954606991838913	0.9999641965218417
5.0990271081924510	1.0000345238180308
5.1025978216090220	0.9999646842531087
5.1061727676103539	1.0000338345856479
5.1097556598519374	0.9999656414542754
5.1133476472669912	1.0000325197695517
5.1169541942736574	0.9999674420597312
5.1205789633652907	1.0000300517237706
5.1242312231729290	0.9999708473892427
5.1279205411692059	1.0000253058378885
5.1316660965142482	0.9999775214997356
5.1354953582872316	1.0000161906015435
5.1394658433250404	0.9999861600243988
5.1437204805552534	1.0000516827501094
5.1506650051312759	0.9998739538246368
5.1555688264220318	0.9999759150169895
5.1601461482402664	0.9999184026229885
5.1672833977330432	1.0001314324398434
5.1721237588019964	1.0000157216563148
5.1762931797000329	1.0000469695259038
5.1802273906327176	0.9999897594325301
5.1841316659777679	1.0000229192703638
5.1881302774961284	0.9999894880563160
5.1923951473930181	1.0000537493476362
5.1993397980841287	0.9998730663832581
5.2041983488606096	0.9999764963430646
5.2085666294786677	0.9999619141763808
5.2129563144570392	1.0000443048722636
5.2199969516013951	0.9998662222138193
5.2249451563587845	0.9999736106036150
5.2295370595726016	0.9999168694165635
5.2366992144802946	1.0001289024531661
5.2417821151118922	0.9999707948283514
5.2493046767499196	1.0001678252027850
5.2542989549718584	1.0000259610587379
5.2584735214051381	1.0000576974550235
5.2623342275777629	0.9999871012061414
5.2661017107365931	1.0000342182193105
5.2698735730986730	0.9999822066546442
5.2737104419433809	1.0000190306126391
5.2776821329172083	0.9999876159796293
5.2819376303955954	1.0000523928975309
5.2888694282852766	0.9998714317029662
5.2936650013642215	0.9999786868859580
5.2979163987387707	0.9999592428894835
5.3020431035929363	1.0000021319327901
5.3063548177169153	0.9999400452527402
5.3133368886107117	1.0001247926200720
5.3182562469494528	1.0000225583955862
5.3228369547950258	1.0000805756235658
5.3299739138937339	0.9998670231530303
5.3348051462504502	0.9999833946057626
5.3389647336394708	0.9999515061978229
5.3428877036106011	1.0000094150854959
5.3467848109658895	0.9999758875129716
5.3507774169755091	1.0000094755202571
5.3550419504197011	0.9999454341542707
5.3618539882573808	1.0001507071906013
5.3659367558216724	0.9999907970765401
5.3692963082824727	1.0001014790768239
5.3724122775038197	0.9999441060151874
5.3754521855206203	1.0000861989359306
5.3784733647721312	0.9999322626359316
5.3814960327610448	1.0000774049954269
5.3845300735548447	0.9999301676352006
5.3875781643042489	1.0000717897458342
5.3906441341531934	0.9999315213320087
5.3937277730705597	1.0000674732398112
5.3968317589153338	0.9999341997194673
5.3999551546224831	1.0000636507376821
5.4031003427837101	0.9999374104753314
5.4062662522960636	1.0000599778686212
5.4094553161608028	0.9999408917524347
5.4126666694744507	1.0000562580844483
5.4159030837456177	0.9999446286388508
5.4191642329419532	1.0000523047234078
5.4224535960802900	0.9999487600522136
5.4257718673827968	1.0000478597310336
5.4291238684545107	0.9999535857381817
5.4325122312541030	1.0000424938677361
5.4359444830876402	0.9999596782967847
5.4394273586206818	1.0000353906204240
5.4429747248306635	0.9999682118010541
5.4466038926054443	1.0000248506901972
5.4503480515231510	0.9999811979902505
5.4542651216844895	1.0000126332939292
5.4585065490079927	0.9999489931722944
5.4653992338649413	1.0001367491875797
5.4698640368731244	1.0000096901136208
5.4736819387406896	1.0000648520863413
5.4772809502637996	0.9999763161582003
5.4808338363634652	1.0000430230882427
5.4844125138703888	0.9999735089228385
5.4880577233417167	1.0000273251369549
5.4918104135865056	0.9999827967445610
5.4957319713333437	1.0000134596715133
5.4999746596338346	0.9999492903053881
5.5069065466390255	1.0001294647500003
5.5116203913754775	1.0000199340800131
5.5157959499943496	1.0000416201116029
5.5198770849564651	0.9999975775564013
5.5241750170766410	1.0000578126060833
5.5310862072489995	0.9998591835772972
5.5354526164036351	0.9999949533173579
5.5391310608235402	0.9999234530798846
5.5425638696676645	1.0000337140767963
5.5459226551020917	0.9999402632934817
5.5492641733025510	1.0000428397538921
5.5526136328244515	0.9999486158165047
5.5559783474545021	1.0000436293041324
5.5593654970452526	0.9999539802413789
5.5627774765193081	1.0000411954537332
5.5662206932268798	0.9999589813932129
5.5696995231584516	1.0000366165673378
5.5732239842240840	0.9999652824462083
5.5768046370990110	1.0000292748276001
5.5804619069500561	0.9999748853095189
5.5842252543150055	1.0000173239520420
5.5881553637921391	0.9999862416040008
5.5923990462912991	1.0000502965420306
5.5992894134526079	0.9998618543198646
5.6037447813961787	0.9999904232034171
5.6075368635959117	0.9999311397822523
5.6110855792822036	1.0000270853882429
5.6145614900195095	0.9999487556901191
5.6180241987420985	1.0000349580799712
5.6215027476847670	0.9999579671341496
5.6250090222550737	1.0000339110862204
5.6285562520651027	0.9999654406252803
5.6321557327896690	1.0000280710954510
5.6358281652680828	0.9999750857860107
5.6396027293337481	1.0000169705611137
5.6435396736861954	0.9999861465027760
5.6477851906110796	1.0000504877588856
5.6546851170769985	0.9998639579900486
5.6592117127941135	0.9999879694842860
5.6630864864480168	0.9999363728295987
5.6667190536382881	1.0000228034037870
5.6702809482342316	0.9999546183888641
5.6738349790152576	1.0000294144169515
5.6774146816511042	0.9999648665950303
5.6810382202780838	1.0000262765771930
5.6847290930171797	0.9999750739674746
5.6885169886329576	1.0000164395365598
5.6924620054567532	0.9999859663217537
5.6967097032771576	1.0000506748234275
5.7036063391798519	0.9998636777098264
5.7081296463094233	0.9999886641862695
5.7119888002565009	0.9999346340611851
5.7155910161718557	1.0000255234428193
5.7191047762141576	0.9999502844691978
5.7225883914797517	1.0000352012697480
5.7260685872783599	0.9999566919044139
5.7295535223096685	1.0000370790017414
5.7330506585902121	0.9999602758913720
5.7365624965369895	1.0000359808985466
5.7400953818088567	0.9999636222403677
5.7436535521990084	1.0000328704934922
5.7472468622218678	0.9999683105805037
5.7508855476242449	1.0000270810154210
5.7545895913232483	0.9999762958728956
5.7583876129776872	1.0000167050133659
5.7623388475231616	0.9999861942164879
5.7665882440300127	1.0000510176086526
5.7735066899380270	0.9998681298205174
5.7781819918407757	0.9999825976216976
5.7822550581375776	0.9999490977280399
5.7861270155743698	1.0000094282613223
5.7899929056173551	0.9999750346179851
5.7939682138133497	1.0000091165450120
5.7982277885119595	0.9999457449631610
5.8051636843670806	1.0001279365393279
5.8099345463629026	1.0000199671314500
5.8141593547956338	1.0000402953634342
5.8182707267498275	0.9999970628621100
5.8225769171159456	1.0000585464178560
5.8295558780050225	0.9998728793239922
5.8344036012841265	0.9999768209094098
5.8387581301874620	0.9999618980596124
5.8431444774860237	1.0000436778060264
5.8501386243717111	0.9998565244816098
5.8547235400696005	0.9999855257405925
5.8586142079442736	0.9999342743868482
5.8622392748461749	1.0000234738254863
5.8657792336071575	0.9999521248456129
5.8692998668855241	1.0000317598424275
5.8728348496881262	0.9999614159175320
5.8764002179584152	1.0000302613950507
5.8800142557510640	0.9999698219622735
5.8836955694360631	1.0000227703937035
5.8874777369001627	0.9999816109314345
5.8914176746291602	1.0000125411492027
5.8956653025547086	0.9999481538472825
5.9025588348487839	1.0001355443779265
5.9070744696099258	1.0000103058848291
5.9109298790757219	1.0000637902478113
5.9145426459606361	0.9999750250011689
5.9180823898425903	1.0000456009590666
5.9216162205241849	0.9999684641810376
5.9251752393453678	1.0000350444419219
5.9287816927840247	0.9999719379969211
5.9324565469207862	1.0000243457190447
5.9362336943974663	0.9999822707217944
5.9401706079939975	1.0000129360686416
5.9444173894884367	0.9999484620929079
5.9512977801284661	1.0001382226234832
5.9557291875353151	1.0000070616271097
5.9594815117410924	1.0000708631492479
5.9629835270302962	0.9999686581062130
5.9664031032716816	1.0000545049270890
5.9698026110117617	0.9999594709041567
5.9732068311433748	1.0000464039193273
5.9766290380290945	0.9999590766607186
5.9800762268824936	1.0000405262658756
5.9835576409049223	0.9999626515745731
5.9870813069436153	1.0000339330146644
5.9906617571195238	0.9999696842688935
5.9943167712766661	1.0000241733274131
5.9980796433540222	0.9999816029616709
6.0020079445954595	1.0000126926964918
6.0062524069214449	0.9999486330509788
6.0131831902495314	1.0001290944253853
6.0179102574032832	1.0000199502152982
6.0220972747840467	1.0000413058404445
6.0261853956319467	0.9999974578363274
6.0304852364151937	1.0000579836043337
6.0374243147027169	0.9998646033902416
6.0419653975131835	0.9999879362064241
6.0458577446879245	0.9999386165685158
6.0495268133346993	1.0000192877917475
6.0531561955658422	0.9999612189576608
6.0568236973734537	1.0000199100378189
6.0605875104501683	0.9999788924140653
6.0645139963137975	1.0000113398176489
6.0687583867488808	0.9999480861778787
6.0756903048842599	1.0001290958757969
6.0804065692928537	1.0000197596095377
6.0845838137511814	1.0000414950726735
6.0886658732727144	0.9999975158726999
6.0929640738380861	1.0000578120610968
6.0999468501727439	0.9998724658793297
6.1047556159619498	0.9999767141695995
6.1090820502034475	0.9999616472643542
6.1134608060619673	1.0000425717365309
6.1204735088923492	0.9998585707379128
6.1251120204610903	0.9999814311903634
6.1291159631580268	0.9999440839541596
6.1329227048468722	1.0000099495333674
6.1367383739783703	0.9999733128169838
6.1406828290682762	1.0000085767461653
6.1449341200406069	0.9999465399467239
6.1518075725588846	1.0001409466280569
6.1561330062714621	1.0000033065643548
6.1597782598567807	1.0000774552369784
6.1631869704515569	0.9999642452244031
6.1665245207945691	1.0000601096552644
6.1698490405154685	0.9999551329840753
6.1731813337227193	1.0000514772519855
6.1765309257768992	0.9999542566597361
6.1799006875365441	1.0000461809887169
6.1832949985648691	0.9999563508044471
6.1867155038627928	1.0000416619143013
6.1901677290723010	0.9999601536278728
6.1936556570892511	1.0000364575815506
6.1971887882373355	0.9999659185617753
6.2007773137493247	1.0000290551496778
6.2044412543054310	0.9999751695243524
6.2082097102464076	1.0000172614979286
6.2121429674965931	0.9999862542355816
6.2163874888751005	1.0000504149185634
6.2232916076765390	0.9998645960388777
6.2278360527510808	0.9999869799665466
6.2317401263631158	0.9999387062486267
6.2354134073491894	1.0000199268141989
6.2390309526936347	0.9999591152057445
6.2426618233303666	1.0000236791704622
6.2463502187342197	0.9999730786496788
6.2501332676805657	1.0000156568668357
6.2540746590617227	0.9999854682069960
6.2583214468383153	1.0000502600721362
6.2652472531450938	0.9998687464115319
6.2699411361712221	0.9999810461680411
6.2740584246243456	0.9999526360052450
6.2780100396748164	1.0000045381846985
6.2820174457695455	0.9999790520679607
6.2862868006821557	1.0000478542806492
6.2932130839050595	0.9998642556911221
6.2978202243727184	0.9999845845055616
6.3017916829554688	0.9999421143945750
6.3055336627131124	1.0000164560843203
6.3092255706489890	0.9999637797302753
6.3129437925582339	1.0000185163384454
6.3167453664714657	0.9999796742418258
6.3206948427108109	1.0000114510903364
6.3249454259126221	0.9999473463153256
6.3318537525963752	1.0001324976430492
6.3364678161152534	1.0000137491462697
6.3404484416712803	1.0000557838202191
6.3442013068244041	0.9999825119924572
6.3479008643127273	1.0000346358591141
6.3516267464182077	0.9999804710717498
6.3554324184260373	1.0000190898675183
6.3593858451088909	0.9999874199317431
6.3636362369239521	1.0000516382412921
6.3705437875694235	0.9998660403056076
6.3751410793544530	0.9999859241450499
6.3790981856774582	0.9999413331556704
6.3828162667271044	1.0000186096231467
6.3864703401998337	0.9999608140970111
6.3901304734250735	1.0000228518405292
6.3938416019258595	0.9999738312943472
6.3976411301806975	1.0000154420325542
6.4015924578445871	0.9999854810838971
6.4058419626681093	1.0000506149506623
6.4127109665616704	0.9998585598019205
6.4170815017323850	0.9999948769687452
6.4207530417386067	0.9999215517850181
6.4241595363016906	1.0000366659933690
6.4274732170463027	0.9999356604927403
6.4307526261283146	1.0000482310707912
6.4340245109755836	0.9999419633641392
6.4372973245477212	1.0000509240733380
6.4405788438203269	0.9999456518720286
6.4438712569809855	1.0000502332380443
6.4471798523366619	0.9999488723783825
6.4505064005897568	1.0000477821266709
6.4538563743508908	0.9999525669201856
6.4572324727623744	1.0000439509022525
6.4606416261480026	0.9999573456965690
6.4640889608603906	1.0000384739282153
6.4675851328938112	0.9999640311498985
6.4711413518427419	1.0000303377736979
6.4747786045680842	0.9999742715837293
6.4785269997227859	1.0000176226855038
6.4824479967453561	0.9999862667692531
6.4866892440375246	1.0000499850898776
6.4935650737615269	0.9998586811098263
6.4979190224943730	0.9999940523029760
6.5015995995309543	0.9999237034997764
6.5050398883375236	1.0000328824741265
6.5084080076666799	0.9999408524848287
6.5117590116868227	1.0000422052586162
6.5151168758479292	0.9999490125567672
6.5184876018538196	1.0000434721437110
6.5218767979671188	0.9999537201991739
6.5252848980988256	1.0000419854210714
6.5287157741746036	0.9999574493001653
6.5321704346969653	1.0000391096282288
6.5356541813139568	0.9999614809452066
6.5391706253551476	1.0000348253398816
6.5427290180981501	0.9999669441402322
6.5463391837558662	1.0000281353639411
6.5500207937617043	0.9999756756150839
6.5538024522601024	1.0000169969683139
6.5577437796901936	0.9999862235129877
6.5619904724337257	1.0000506839606356
6.5688901015547616	0.9998641420626344
6.5734245149756267	0.9999881056427363
6.5773006872365078	0.9999358719161467
6.5809233235536899	1.0000243374242546
6.5844596491579672	0.9999518024665589
6.5879668016188226	1.0000338858011362
6.5914700695476833	0.9999579815118761
6.5949756537152693	1.0000361983420787
6.5984884456044384	0.9999606960849092
6.6020075445945832	1.0000363746910490
6.6055348001258327	0.9999621391006037
6.6090683969651511	1.0000359187100567
6.6126097807853412	0.9999631089108593
6.6161571190457904	1.0000352864612612
6.6197119181105002	0.9999639065255705
6.6232725107742274	1.0000345914813877
6.6268406325887979	0.9999646777781461
6.6304149297340444	1.0000338115523610
6.6339975727195570	0.9999655503320920
6.6375877920848989	1.0000328314384153
6.6411885869419054	0.9999667146489692
6.6448003362410537	1.0000314060503821
6.6484277142881592	0.9999685271741360
6.6520735318563942	1.0000290303403891
6.6557461917938703	0.9999717325400926
6.6594543383580325	1.0000245916043429
6.6632162082619129	0.9999779975595614
6.6670582323114118	1.0000159650168701
6.6710367497983167	0.9999861347592559
6.6752935616258817	1.0000519532957568
6.6822022108434869	0.9998676051314610
6.6868779265239446	0.9999846360990878
6.6909084886057837	0.9999439134640397
6.6946739621801203	1.0000189396172467
6.6983396151437962	0.9999588913549254
6.7019643183111404	1.0000286227888533
6.7055752277055003	0.9999637232841694
6.7091798983583617	1.0000314570127105
6.7127843828722140	0.9999654494492695
6.7163888490648187	1.0000321394690141
6.7199964307983944	0.9999663073165765
6.7236068291545905	1.0000319227190695
6.7272235407869116	0.9999672055203253
6.7308473751337070	1.0000309646177687
6.7344835151385460	0.9999687535679215
6.7381352914673194	1.0000288723417701
6.7418116745472902	0.9999717869571931
6.7455218750358057	1.0000245684720328
6.7492846838104965	0.9999779899720677
6.7531270246276671	1.0000159671436690
6.7571056225234916	0.9999861325390476
6.7613624795499767	1.0000519531118159
6.7682659644911860	0.9998666218701971
6.7729082597503769	0.9999858324802496
6.7768931078556589	0.9999412084742544
6.7806074316947287	1.0000213756021996
6.7842190378414102	0.9999557194367231
6.7877886008197761	1.0000313741532152
6.7913452693284926	0.9999608775004001
6.7948992669905142	1.0000336992925640
6.7984600355903186	0.9999637404786954
6.8020321323149640	1.0000327963323361
6.8056243536452454	0.9999669779916559
6.8092440199879007	1.0000293210357121
6.8129053891498961	0.9999724334493784
6.8166255122074961	1.0000220835976006
6.8204366756245447	0.9999823700724576
6.8243943827671210	1.0000127157278453
6.8286468296173517	0.9999476183775136
6.8355502099766454	1.0001329101566401
6.8401647208940153	1.0000132689268386
6.8441343185064643	1.0000571039641268
6.8478627932749596	0.9999804754656230
6.8515223309817426	1.0000378762696631
6.8551873574346711	0.9999761119636109
6.8589001392852946	1.0000250131638870
6.8627020497062663	0.9999834722154151
6.8666532665782691	1.0000134216156757
6.8709040217696069	0.9999482409478416
6.8777964718647455	1.0001355443095143
6.8823234189135620	1.0000101881937784
6.8861810472864677	1.0000643718708369
6.8897832452506975	0.9999734548683857
6.8932975641553957	1.0000482579701031
6.8967880916412359	0.9999645384814830
6.9002810858655561	1.0000407211268951
6.9037911307740591	0.9999641830458181
6.9073266042351325	1.0000351069827504
6.9108988109030545	0.9999679776493667
6.9145190417461055	1.0000281402631328
6.9182077965924531	0.9999760271725857
6.9219943088576192	1.0000170172404304
6.9259384588154083	0.9999862671225300
6.9301859456998161	1.0000508038657849
6.9370867660653612	0.9998644891749994
6.9416347048866953	0.9999874183269681
6.9455322895390399	0.9999377308240620
6.9491877337225203	1.0000216227847534
6.9527750324685140	0.9999565178073420
6.9563606108781215	1.0000271617856926
6.9599829786432252	0.9999681948144423
6.9636677517913741	1.0000218028953440
6.9674515446128833	0.9999810939414520
6.9713921739259614	1.0000122598546737
6.9756400434595127	0.9999479928202457
6.9825802575857034	1.0001267273209704
6.9873982313666501	1.0000227959651755
6.9917355785610091	1.0000373988778366
6.9961181170967572	0.9999558223939077
7.0031139048268400	1.0001419540401895
7.0077146988215162	1.0000146052593126
7.0116359717882446	1.0000618422150005
7.0153119951677105	0.9999793567455153
7.0189239533541103	1.0000406905145967
7.0225484661082485	0.9999750988306882
7.0262286536151271	1.0000262619377656
7.0300064083026461	0.9999832128288494
7.0339429415578989	1.0000134797459987
7.0381897035280767	0.9999487846215726
7.0451205099836356	1.0001290196716333
7.0498605106797054	1.0000201059165230
7.0540588758445208	1.0000410684126271
7.0581539810933522	0.9999973771040800
7.0624557247634465	1.0000581729353599
7.0693831493922907	0.9998627211365301
7.0738675096858703	0.9999909045473780
7.0776729599736932	0.9999316876443735
7.0812253646824637	1.0000276589894657
7.0846976191796269	0.9999481999260807
7.0881493675890663	1.0000362960487759
7.0916081682036749	0.9999560832957380
7.0950832469276879	1.0000367467668771
7.0985835934841495	0.9999614363941592
7.1021139657195702	1.0000337144486520
7.1056842373933318	0.9999671856642400
7.1093043297447789	1.0000276118770699
7.1129939490069258	0.9999758322116845
7.1167815478783867	1.0000168466363728
7.1207265034337848	0.9999861923200628
7.1249741764023975	1.0000507968324082
7.1318892136201084	0.9998672032420951
7.1365280827885931	0.9999838799514247
7.1405503474675385	0.9999458450477409
7.1443555904139933	1.0000132349716344
7.1481267352371756	0.9999691224730527
7.1519513232976690	1.0000127208402507
7.1559132360825188	0.9999839790617655
7.1601661920244988	1.0000500185408729
7.1670947359207284	0.9998690529911857
7.1718201953308993	0.9999805015840375
7.1759682093980048	0.9999535866720775
7.1799433199015414	1.0000043657706914
7.1839650112082465	0.9999791270275117
7.1882382815815244	1.0000483823039410
7.1951876353120774	0.9998692073362165
7.1999764633785812	0.9999779031755077
7.2042182992244497	0.9999585107159120
7.2083383488021964	1.0000017737474471
7.2126482939898731	0.9999400845972281
7.2196320544218660	1.0001247095690515
7.2245462293442326	1.0000226073281364
7.2291255432784487	1.0000804031837374
7.2362690866147901	0.9998678503359626
7.2411281610456566	0.9999819514679704
7.2453401562898607	0.9999550288003701
7.2493467813831671	1.0000048766921599
7.2533834091021925	0.9999794290923543
7.2576613405557486	1.0000488918984576
7.2646201396781667	0.9998709275575463
7.2694776398679641	0.9999755953870062
7.2738433162654692	0.9999614210987866
7.2782323519266034	1.0000439090650228
7.2852328008807259	0.9998585436786774
7.2898963674132462	0.9999836614323760
7.2938710635811734	0.9999385253058423
7.2975673145473356	1.0000214240205150
7.3011603370058458	0.9999541923181772
7.3047120572743847	1.0000320252117971
7.3082509523472492	0.9999596163688372
7.3117855287892040	1.0000349183844812
7.3153227947611272	0.9999619409333881
7.3188639793138446	1.0000351908473881
7.3224132987487707	0.9999635428384924
7.3259716378215956	1.0000342164611697
7.3295437102999639	0.9999654159983938
7.3331317512417078	1.0000321631932760
7.3367426669401139	0.9999682876636055
7.3403822072400455	1.0000284811264164
7.3440630380696126	0.9999733283828888
7.3478006552296193	1.0000215779943566
7.3516257838471715	0.9999826618277047
7.3555923261437410	1.0000127622914763
7.3598471370876171	0.9999473373141077
7.3670531575138831	1.0000748117615013
7.3717402034965271	0.9999742835653518
7.3757736462127657	1.0000075836575764
7.3794941133701801	0.9999569586465893
7.3829783084516878	1.0000694937357157
7.3862773874063619	0.9999687360907464
7.3894915332598838	1.0000917065004340
7.3927063593526370	0.9999786586317866
7.3959903185889395	1.0000756437315150
7.3993970932586537	0.9999925592941149
7.4029723684343338	1.0000438459050116
7.4067897410841601	1.0000035352863226
7.4110038112867169	1.0000584700177344
7.4179981621178230	0.9998819926052209
7.4222215274262782	0.9999238891869435
7.4263046527496632	0.9999184871184321
7.4306070565091611	1.0000003565753519
7.4377791371252213	0.9998324812378045
7.4475459628529990	1.0002342207717594
7.4533023733902377	0.9998559799658802
7.4585249114039351	1.0001616098688069
7.4635328020026428	0.9999996752928135
7.4684622651034811	1.0003981003384181
7.4718816018219920	1.0000005086560100
7.4751880115613600	1.0000956610233733
7.4783806314800145	0.9999295523855594
7.4816600560011004	1.0000134966421670
7.4851264775979152	0.9999389973302990
7.4888786853034164	0.9999758351844499
7.4930784316190264	0.9999197780178254
7.4998715990225424	1.0001322677248201
7.5038343839578419	0.9999772073692375
7.5072233840173386	1.0000768982366810
7.5104909762942338	0.9999527264364869
7.5137742444986841	1.0000520246427587
7.5171107010878790	0.9999543737045887
7.5205084046645734	1.0000394051796266
7.5239683901107783	0.9999607004132516
7.5274880984996679	1.0000319083110552
7.5310688769655183	0.9999677640706849
7.5347127222472770	1.0000250954121894
7.5384312945017067	0.9999761582139358
7.5422455968535198	1.0000152964236007
7.5462083948008489	0.9999850723088509
7.5504606320726548	1.0000501140596725
7.5571728720469373	0.9998287694687995
7.5733286196056762	0.9996527832440165
7.5766357271324178	0.9999666377826923
7.5801101779750004	0.9999435340618500
7.5838008285674192	1.0000175471225388
7.5877035036414480	1.0000024135471157
7.5917567462794864	1.0000287113261157
7.5960214939952593	0.9999423702465726
7.6016660236819202	1.0002675485215877
7.6124866293046889	0.9994641378850673
7.6162308264636218	0.9997496529081659
7.6200043732292899	0.9997310417030737
7.6242862705298426	0.9998298218170628
7.6320855512180872	0.9999320079848973
7.6398125374135040	1.0000995076407004
7.6528668152583972	0.9997147800852215
7.6718827168560191	0.9998649257391378
7.6786086279084307	1.0001971523643121
7.6832944909069028	1.0000070746935503
7.6868523602525363	1.0000969424998349
7.6902008694596802	0.9999766843509434
7.6935631029237612	1.0000580143587825
7.6969917487445176	0.9999714637817366
7.7005018146879625	1.0000351501479028
7.7041080755813551	0.9999759373077766
7.7078359485415238	1.0000165804068923
7.7117421440486993	0.9999852605901074
7.7159676055037671	1.0000522696827272
7.7228120818074597	0.9998640250965091
7.7272988958787483	0.9999919628504099
7.7311190388540290	0.9999346929795232
7.7347151458430190	1.0000238849290364
7.7382647278390193	0.9999563727083001
7.7418377057373249	1.0000263410053829
7.7454791067729225	0.9999719538685274
7.7492271655938598	1.0000166587140584
7.7531472968442436	0.9999858217386256
7.7573883574909068	1.0000498250388299
7.7643127346883078	0.9998676852929854
7.7689502404065980	0.9999820060125008
7.7730129123798894	0.9999508551647462
7.7769233671892799	1.0000048809640327
7.7809060432107113	0.9999789510690354
7.7851686479121662	1.0000469779926773
7.7921420556793555	0.9998720175442649
7.7970115850305914	0.9999745237136448
7.8015804536513738	0.9999192604729228
7.8086828258173480	1.0001404110811560
7.8131712756610776	1.0000051009988022
7.8169166074098397	1.0000723045785731
7.8203968107241559	0.9999669792936011
7.8237927161724583	1.0000561020595464
7.8271681626389826	0.9999577765448930
7.8305455004222120	1.0000486257322818
7.8339339733069666	0.9999561993290738
7.8373352663697933	1.0000446636640414
7.8407519038379396	0.9999569692025211
7.8441830549598697	1.0000419748866938
7.8476309090347236	0.9999586211620346
7.8510949286597080	1.0000395552799817
7.8545781931019460	0.9999608594789383
7.8580814062591040	1.0000368004464304
7.8616095216959057	0.9999639183948231
7.8651658671221520	1.0000330373361956
7.8687593896694574	0.9999685458531448
7.8723995568464744	1.0000270512948028
7.8761056169510733	0.9999764439572794
7.8799055611616735	1.0000167018040660
7.8838580910157683	0.9999862223899058
7.8881078154684046	1.0000510881369455
7.8950116389152880	0.9998654844454726
7.8995968493189244	0.9999867053599648
7.9035294785475596	0.9999391032771452
7.9072068146235130	1.0000218890640844
7.9107970561755225	0.9999552750408448
7.9143600062355208	1.0000306402045627
7.9179243673038915	0.9999621759274037
7.9215005284328850	1.0000314502815022
7.9250990132302919	0.9999668727430956
7.9287267016965215	1.0000285385147547
7.9323969749984320	0.9999726785689450
7.9361256883915177	1.0000216942204134
7.9399440047790790	0.9999824631497415
7.9439063079891215	1.0000127061151907
7.9481599696206091	0.9999474548817383
7.9550679767948331	1.0001318087280693
7.9597225361455841	1.0000143969516460
7.9637397644885111	1.0000546215728976
7.9675147863256734	0.9999821802663904
7.9712171815993775	1.0000358395183164
7.9749201295071028	0.9999773707257915
7.9786646943777306	1.0000239723965523
7.9824909075505603	0.9999838438759977
7.9864571784240255	1.0000134305590525
7.9907120104493234	0.9999477219277457
7.9976105992068867	1.0001336963247558
8.0022075171688556	1.0000119348273584
8.0061383308717957	1.0000606122250524
8.0098024364912135	0.9999754012245335
8.0133640649748923	1.0000461830559191
8.0168855606104774	0.9999648806481909
8.0203907835482671	1.0000412989623735
8.0238909655509225	0.9999617837317678
8.0273897284245326	1.0000393134607135
8.0308916344675314	0.9999612955923592
8.0343979946506359	1.0000378941979642
8.0379134557287557	0.9999621962973860
8.0414402327039110	1.0000359783504269
8.0449847520320841	0.9999644355062385
8.0485517721358146	1.0000327554325188
8.0521516109272842	0.9999686402958251
8.0557950057447592	1.0000270120031771
8.0595023393169285	0.9999764083210829
8.0633025526708284	1.0000166942185920
8.0672550520932429	0.9999862025579414
8.0715048085571830	1.0000510660793478
8.0783986038373179	0.9998635564098113
8.0829215675117130	0.9999890306217359
8.0867741036397280	0.9999339385812873
8.0903641439967053	1.0000265266781687
8.0938608980041131	0.9999489121448525
8.0973228874514582	1.0000368173947389
8.1007764671708316	0.9999546547844542
8.1042289153298288	1.0000395029220035
8.1076861111666894	0.9999572314390996
8.1111481665304179	1.0000397662873328
8.1146178507352040	0.9999587601029143
8.1180942923567621	1.0000391582072772
8.1215798064107787	0.9999600158485581
8.1250734906332038	1.0000381554440474
8.1285777658119223	0.9999613075846295
8.1320920188280734	1.0000368535267941
8.1356191445084818	0.9999628342386112
8.1391592463010607	1.0000351462727888
8.1427163112558905	0.9999648633896239
8.1462920401020273	1.0000327063971857
8.1498928626561824	0.9999679120427545
8.1535241847602524	1.0000287890999127
8.1571984061504033	0.9999731132854174
8.1609308690104747	1.0000217110596727
8.1647522391029312	0.9999825971712394
8.1687164997707065	1.0000127509449577
8.1729706795417680	0.9999474078749115
8.1799135584882237	1.0001251614528186
8.1848158995830840	1.0000232120507853
8.1893910767650944	1.0000807985320033
8.1962719482949797	0.9998240495011477
8.2120205986497439	0.9996476923410665
8.2171262029682595	0.9999074305945689
8.2210000753626389	0.9998740481905183
8.2246965843263258	0.9999669723336824
8.2285403089241935	0.9999473041972338
8.2327698321298382	1.0000147196492124
8.2398390102661576	0.9998514253590889
8.2442288554002428	0.9999739531426280
8.2480870991934534	0.9999314917095270
8.2517934441622796	1.0000071792521865
8.2554882202811584	0.9999589229499539
8.2592150444150398	1.0000158710635740
8.2629994263505981	0.9999757284587317
8.2668634854195862	1.0000157001742678
8.2708574384540530	0.9999891933317122
8.2751180774220625	1.0000579846659214
8.2820520911643385	0.9998814175094588
8.2869282995521729	0.9999860292964253
8.2913106257670126	0.9999720880034675
8.2957040923569121	1.0000551197247141
8.3025226083520192	0.9998367640838578
8.3063255679058923	1.0000238946609188
8.3094838541317877	0.9998921185600623
8.3125113809335431	1.0000582103012983
8.3155690471476333	0.9999270616916911
8.3187022672801998	1.0000554429480708
8.3219335041206701	0.9999514280349270
8.3252737912165777	1.0000425510969777
8.3287435541666994	0.9999718505726339
8.3323717440510627	1.0000235439455580
8.3362215557140669	0.9999897111369409
8.3404439084224613	1.0000505164115900
8.3473300603107763	0.9998594598057504
8.3516048166991030	0.9999945506123014
8.3552828902055474	0.9999304903953968
8.3588134608689177	1.0000216193364790
8.3623763114195064	0.9999622082133935
8.3660533504893877	1.0000152463634902
8.3699280286246243	0.9999843248153002
8.3741574093885767	1.0000474057422941
8.3810104085509813	0.9998512696924153
8.3851355536837850	1.0000014815244040
8.3886137532211542	0.9999108589701908
8.3918931898426514	1.0000401861163581
8.3951287498116081	0.9999314639617258
8.3983640355227376	1.0000489129056018
8.4016152525225003	0.9999413250295212
8.4048827021084751	1.0000503737375246
8.4081678197760041	0.9999461831289630
8.4114673671907170	1.0000497342784351
8.4147819492846665	0.9999489923674724
8.4181090085960228	1.0000484296670291
8.4214498209039181	0.9999510657169739
8.4248026861354131	1.0000468359947552
8.4281695448636640	0.9999529828767665
8.4315493780404367	1.0000449998141985
8.4349447080286772	0.9999550324496344
8.4383551663101226	1.0000428458942596
8.4417839717363137	0.9999574275538909
8.4452316752413790	1.0000401963102010
8.4487027000230661	0.9999604514442479
8.4521993199219985	1.0000366865044434
8.4557285084509104	0.9999646377680096
8.4592963636095355	1.0000315443648544
8.4629160069329270	0.9999711392634184
8.4666037391110471	1.0000230710152060
8.4703914517174983	0.9999820513962502
8.4743350165336970	1.0000127343557770
8.4785835733232684	0.9999481322046007
8.4854803150292053	1.0001347858231313
8.4900216300530467	1.0000110165628520
8.4939059461120578	1.0000619556437615
8.4975474850475088	0.9999763175883536
8.5011175606893090	1.0000432554595049
8.5046868682492534	0.9999706868150438
8.5082917555354332	1.0000312527904351
8.5119624705106300	0.9999763413163802
8.5157335773220879	1.0000177567896209
8.5196677258277749	0.9999863432739954
8.5239126331304274	1.0000503051217158
8.5308562523622076	0.9998717219352552
8.5356578027057601	0.9999757698597597
8.5399854721653075	0.9999611936611340
8.5443641104616415	1.0000425043657879
8.5514144631874736	0.9998661803351220
8.5562563515593659	0.9999757156851689
8.5605975815093540	0.9999628721495101
8.5649807529387001	1.0000455812672622
8.5720263437658790	0.9998693369863325
8.5769471969247277	0.9999773779743474
8.5815321754621596	0.9999229773832342
8.5887580464424875	1.0001280631949161
8.5935494933914622	1.0000198737761592
8.5978345863569192	1.0000369371353814
8.6022047053937580	0.9999574631833147
8.6092609365121540	1.0001232663808237
8.6140642254759872	1.0000248966994907
8.6183263955439511	1.0000307627738998
8.6223222557015564	0.9999595251420129
8.6260985343337602	1.0000211720484540
8.6297078022206115	0.9999492549818522
8.6332578525523189	1.0000285953793309
8.6368393615617602	0.9999723364520052
8.6405092184399805	1.0000337437698974
8.6442982510152859	1.0000090325879181
8.6482111358579559	1.0000566753232287
8.6522415287976600	1.0000330789454392
8.6565152311100206	1.0000758907264473
8.6645009505602797	0.9999418898568003
8.6696627205436307	1.0002940169294408
8.6746423532076591	1.0000354856386746
8.6795573844893870	1.0002010131129624
8.6844473446325843	0.9997935320115492
8.6892956037544824	0.9998169233962330
8.6937003223069471	0.9997919321556993
8.6983881253779476	1.0001576998653341
8.7031336799952648	0.9999252559314366
8.7079386802892760	1.0000071365935332
8.7159698448698943	0.9998676476394143
8.7210688450120148	0.9999866276753109
8.7293006612687396	0.9997106803238316
8.7324641763361335	0.9999612823763884
8.7356057147485142	0.9998514605312950
8.7388971797958330	0.9999716725457137
8.7423282968081946	0.9999064725545381
8.7458511305065905	0.9999866758623570
8.7494290484013018	0.9999276498302303
8.7530301575957292	0.9999992111995256
8.7566379977255266	0.9999378086442501
8.7602416477704406	1.0000088022461919
8.7638402399015778	0.9999447127486257
8.7674340965651485	1.0000155078852528
8.7710292318837926	0.9999509244602960
8.7746302852013045	1.0000193006922293
8.7782465205438651	0.9999575170226653
8.7818860964379954	1.0000198194943990
8.7855636978307370	0.9999657259582930
8.7892966910473689	1.0000157724444636
8.7931173184746640	0.9999776938831680
8.7970808015446700	1.0000088691953157
8.8013348371658466	0.9999444114579897
8.8082777654282740	1.0001232125779216
8.8131788250336065	1.0000217906708029
8.8177536992917034	1.0000796954192364
8.8249100796121702	0.9998707693911967
8.8299108056135918	0.9999769434997625
8.8345195582251943	0.9999176423933980
8.8416790784417039	1.0001320952526722
8.8465497058768978	1.0000169806463608
8.8507620554007698	1.0000441097275758
8.8547681087123511	0.9999940312885385
8.8588021699204038	1.0000195387757111
8.8630807651703432	0.9999501228773972
8.8700158215931921	1.0001322628297344
8.8747266380347032	1.0000173778981882
8.8788265603459777	1.0000492780732002
8.8827204502956718	0.9999900043748727
8.8866003019253554	1.0000236757505785
8.8905853903429790	0.9999897919383637
8.8948463839012621	1.0000534774731833
8.9017839370724960	0.9998713741975646
8.9065681596966719	0.9999788754501524
8.9108078507404187	0.9999589921670761
8.9149269194883214	1.0000020279765074
8.9192365632440751	0.9999402352734533
8.9261977589951957	1.0001289584978865
8.9309506752553638	1.0000176073443594
8.9351105593665192	1.0000447773289376
8.9390929619544988	0.9999943007006747
8.9431166455482174	1.0000196526041103
8.9473918636773568	0.9999503586113617
8.9543301426897131	1.0001313513023529
8.9590697401737920	1.0000188451030714
8.9632224109010004	1.0000455644748591
8.9672006024201778	0.9999946431788548
8.9712220665888420	1.0000198493863979
8.9754966249171471	0.9999505261857546
8.9824547797290037	1.0001277370955308
8.9874612088145476	0.9999732699927252
8.9948405985794633	1.0001794057844922
8.9993456373590259	1.0000120366052596
9.0029480692065231	1.0000952519341479
9.0062297947719312	0.9999570940969047
9.0094054313362566	1.0000772199704244
9.0125491425993083	0.9999426321041720
9.0156877763980230	1.0000682336075570
9.0188332387759989	0.9999393226410401
9.0219890690944116	1.0000631356044392
9.0251592217822640	0.9999397949443352
9.0283436177969740	1.0000595460147070
9.0315448904861437	0.9999416829811186
9.0347621850087645	1.0000564840914987
9.0379978811642356	0.9999441518198726
9.0412510447446746	1.0000535381726559
9.0445241932260689	0.9999469502705761
9.0478167044183735	1.0000504722777948
9.0511315788850890	0.9999500957485441
9.0544689212658565	1.0000470548769078
9.0578327002673671	0.9999537834974693
9.0612244040095362	1.0000429525150836
9.0646498783185478	0.9999584197410832
9.0681133593185379	1.0000375814387676
9.0716247201388196	0.9999648107736631
9.0751945049362792	1.0000297617991318
9.0788431209574778	0.9999746509674757
9.0826001234537497	1.0000174553320234
9.0865263946643857	0.9999862550765487
9.0907690435831796	1.0000501655166412
9.0976475258796512	0.9998594426176639
9.1020271150760177	0.9999932598131657
9.1057327694041241	0.9999253082583569
9.1091953144196633	1.0000317487140045
9.1125847704389731	0.9999425304906295
9.1159586690592604	1.0000405228188114
9.1193437218379412	0.9999513820450967
9.1227491184792129	1.0000405392788256
9.1261843588234068	0.9999577542621207
9.1296549366695210	1.0000366748776364
9.1331715994747089	0.9999646606183927
9.1367452670202383	1.0000294353698567
9.1403966987897700	0.9999746196939002
9.1441556177046763	1.0000173674386530
9.1480830132726485	0.9999862253329533
9.1523259707878974	1.0000501921778897
9.1592173137644561	0.9998618975466648
9.1636727893935213	0.9999901396657186
9.1674704133710829	0.9999318959381460
9.1710320199108768	1.0000257512155277
9.1745303155799238	0.9999509679394969
9.1780278601602348	1.0000318610067060
9.1815580897702169	0.9999624640564795
9.1851394551602805	1.0000278085979046
9.1887960055327067	0.9999739488300048
9.1925582843079834	1.0000168700608580
9.1964876610306501	0.9999859810613261
9.2007311469177768	1.0000501306015472
9.2076858473266068	0.9998738394400349
9.2125564445208283	0.9999752931795755
9.2171250565342309	0.9999193670103282
9.2242621563538290	1.0001335554055681
9.2289931855958720	1.0000141433931176
9.2330510686905960	1.0000512374673816
9.2368940391261720	0.9999882783925260
9.2407315814245372	1.0000244758514356
9.2446899453722065	0.9999898869127086
9.2489437935224235	1.0000525761641306
9.2559016676688746	0.9998738740999353
9.2609000134192865	1.0000258499175569
9.2683688722960387	0.9998327734701375
9.2733829259897522	0.9999697354846450
9.2776261213011839	0.9999435994763021
9.2815694848390962	1.0000075019606143
9.2854080404527650	0.9999637124186550
9.2892009270246767	1.0000192198873661
9.2929653817125786	0.9999676164991014
9.2966955459481539	1.0000263296060181
9.3003861372743959	0.9999658609772687
9.3040306171302483	1.0000326048060528
9.3076308677575046	0.9999627921197366
9.3111897271580233	1.0000375158767703
9.3147160268560434	0.9999604800902628
9.3182161605324918	1.0000404601891464
9.3216992790725417	0.9999593583057191
9.3251701632823725	1.0000416831393404
9.3286355023374270	0.9999590801848223
9.3320976145638497	1.0000417416804195
9.3355611385498900	0.9999592931286400
9.3390269221756217	1.0000410478441422
9.3424987179497681	0.9999598905098155
9.3459770206617012	1.0000397704221795
9.3494657085105484	0.9999609862681343
9.3529658520477081	1.0000378530277760
9.3564823988784251	0.9999628791664729
9.3600180764024365	1.0000349859586790
9.3635803546410461	0.9999661307974234
9.3671757612884132	1.0000304287068043
9.3708178241716737	0.9999718877456787
9.3745231137108949	1.0000225179117870
9.3783236077198247	0.9999822103263715
9.3822749004131811	1.0000127116422692
9.3865255727215438	0.9999478630246710
9.3934281030904003	1.0001334295656163
9.3980234040132959	1.0000128554823116
9.4019703698127461	1.0000586548625463
9.4056734710717986	0.9999792577912822
9.4093019031983900	1.0000404391610727
9.4129252996571768	0.9999734200133852
9.4165785799070889	1.0000296883913877
9.4202902413359837	0.9999781323553861
9.4240927202372085	1.0000177573384881
9.4280462820613096	0.9999869425933832
9.4322963836471683	1.0000516473019774
9.4391884803580055	0.9998636768291101
9.4437020752526770	0.9999898386358351
9.4475416693996035	0.9999333920540207
9.4511169588954491	1.0000277221612324
9.4545979662175252	0.9999481862777612
9.4580442086320637	1.0000379865795714
9.4614834901164997	0.9999542423845701
9.4649251540175463	1.0000400508918881
9.4683778462622534	0.9999578439324273
9.4718453003307452	1.0000387688461954
9.4753350314183624	0.9999615284441439
9.4788524369261626	1.0000351460629702
9.4824084379418725	0.9999668330298872
9.4860143229494724	1.0000285770093953
9.4896910811765327	0.9999756493114906
9.4934684386671719	1.0000172615759857
9.4974069497522837	0.9999863896569632
9.5016529212790406	1.0000507336524231
9.5085770904714177	0.9998687129334620
9.5132595257580199	0.9999814448626374
9.5173645648038896	0.9999523298668436
9.5213062892020961	1.0000047350806609
9.5253075479953289	0.9999791130388701
9.5295752544193597	1.0000477063358746
9.5364907582267140	0.9998620082415651
9.5410188214408169	0.9999872100694004
9.5448946635709326	0.9999364843979048
9.5485371542028954	1.0000211285431890
9.5521249229567946	0.9999574396236173
9.5557288153636204	1.0000246475344707
9.5593943661269609	0.9999722599063631
9.5631599426441447	1.0000159517307021
9.5670905622222975	0.9999854806515480
9.5713344757366059	1.0000498938586362
9.5782063319416633	0.9998581005389452
9.5825518256825024	0.9999947271711309
9.5862159787482355	0.9999221765017842
9.5896345952242772	1.0000344839701738
9.5929773164577377	0.9999387877927486
9.5963003444884567	1.0000441749436642
9.5996287425175701	0.9999468959348975
9.6029696734848056	1.0000453848009792
9.6063300508937530	0.9999519366133113
9.6097117303180362	1.0000434168592782
9.6131202479259965	0.9999564165201721
9.6165585460729730	1.0000395637125514
9.6200343704702558	0.9999617523863874
9.6235545652493197	1.0000336032731036
9.6271330427437469	0.9999694114521037
9.6307869998487678	1.0000240528386124
9.6345493661636201	0.9999815281208456
9.6384774285473860	1.0000126540119627
9.6427218139753208	0.9999486218780713
9.6496031830435633	1.0001383688160812
9.6540236537105173	1.0000070671673043
9.6577714647353279	1.0000707225434333
9.6612766293291159	0.9999694013593227
9.6647064041905750	1.0000533967577567
9.6681227086652743	0.9999610134856967
9.6715502799389981	1.0000444351527209
9.6750027348276522	0.9999614609712709
9.6784879870482179	1.0000376113348890
9.6820170595905033	0.9999661685917542
9.6856012200594730	1.0000295577320697
9.6892610696169825	0.9999751845101850
9.6930262479118632	1.0000174177330243
9.6969574341106952	0.9999863065546393
9.7012014158775060	1.0000503677576063
9.7081531183229366	0.9998734469824129
9.7131491222499289	1.0000254424552624
9.7205964847781683	0.9998292937249080
9.7254068884917046	0.9999759692895344
9.7293937532647146	0.9999320483730255
9.7330802719481611	1.0000178150850920
9.7366878205905483	0.9999561719344995
9.7403019784146139	1.0000235076559891
9.7439738705792642	0.9999718852475790
9.7477435272838306	1.0000155884663164
9.7516765040261753	0.9999853014240343
9.7559210574842279	1.0000498664121089
9.7628050283581782	0.9998604044204004
9.7672224669635401	0.9999918198815463
9.7709694427869191	0.9999280761358326
9.7744729162349007	1.0000293956216222
9.7779047374088055	0.9999457983215412
9.7813249945281697	1.0000372566587783
9.7847632312762958	0.9999555634214647
9.7882320143467059	1.0000357823843866
9.7917453187921009	0.9999637766405445
9.7953152396073939	1.0000292414403567
9.7989632755375595	0.9999742861229102
9.8027194963616076	1.0000173027875514
9.8066452177965910	0.9999861629736935
9.8108877305907694	1.0000500982603850
9.8177445795314568	0.9998553398377042
9.8220051808352569	0.9999980195480123
9.8255812354158181	0.9999160786771408
9.8289202584280382	1.0000386600606617
9.8321914970532749	0.9999335923779217
9.8354501103312142	1.0000478862178297
9.8387208739884606	0.9999430341674378
9.8420111871252125	1.0000481749471608
9.8453287054496581	0.9999495052095563
9.8486762563963683	1.0000449055369285
9.8520607846362349	0.9999556336308357
9.8554870772918566	1.0000393022506429
9.8589656104024197	0.9999630944223288
9.8625073761056221	1.0000308368136201
9.8661332701702005	0.9999738745340777
9.8698734103062300	1.0000177540990602
9.8737894504814143	0.9999862647646186
9.8780293640252950	1.0000498093133734
9.8849642113415577	0.9998695221199827
9.8896636916601715	0.9999791473183109
9.8938294580509716	0.9999571012556435
9.8979030279248086	1.0000012889620733
9.9022002393290443	0.9999413284025034
9.9091176855261640	1.0001386523472635
9.9135178354330158	1.0000058582503146
9.9172438356824202	1.0000712117474655
9.9207409986086361	0.9999701587203990
9.9241813114683950	1.0000512556108803
9.9276303065948674	0.9999648417400776
9.9311177312127317	1.0000385265252980
9.9346649946546268	0.9999698195091812
9.9382928965227659	1.0000259030442302
9.9420356180153320	0.9999817012620130
9.9459517513774642	1.0000129237917075
9.9501929237791842	0.9999491793332962
9.9570592256416610	1.0001418085477207
9.9613722372477866	1.0000033387416176
9.9650079022379892	1.0000781724560268
9.9684096248247727	0.9999641071553680
9.9717421627721166	1.0000604553369057
9.9750634074261377	0.9999551101320279
9.9783943056640858	1.0000514600805190
9.9817447920521509	0.9999545410838195
9.9851184047600086	1.0000456795903949
9.9885204628340674	0.9999571981996030
9.9919539166642242	1.0000403995772722
9.9954261189766882	0.9999619713412412
9.9989437184489436	1.0000339017337108
