0.0000000000000000	0.0000000000000000
0.0618241379043520	0.0010000000000001
0.0660720423365278	0.0015032793773752
0.0706456962579205	0.0028729129934354
0.0753987893592083	0.0052130051848331
0.0802184556010668	0.0093332994258442
0.0851821707570548	0.0157572048303328
0.0897940694764472	0.0244158570945515
0.0947388892942312	0.0372112254722239
0.0997399501322378	0.0550787505679441
0.1116435948882765	0.1204954142088162
0.1160672576814884	0.1540571175591015
0.1205586661612244	0.1935270907543750
0.1248132680279151	0.2356695012773516
0.1294100191028721	0.2859545287723332
0.1333743333574911	0.3325752123895872
0.1376770581694883	0.3859109912873355
0.1411883779909708	0.4306089659733525
0.1450407159244468	0.4804273202830850
0.1482905625183540	0.5221039581460247
0.1519037828874365	0.5679147791755860
0.1551531320817602	0.6076818159195185
0.1587118854882081	0.6496715735751234
0.1620963339881442	0.6872675830935916
0.1656867235097301	0.7247377335528229
0.1692660926255911	0.7590346166496696
0.1729543704845532	0.7913511698267350
0.1768070101373175	0.8215434141107696
0.1807056189335372	0.8486572216457605
0.1848784208844886	0.8739088459501552
0.1889315369351838	0.8950302322920924
0.1931373437971845	0.9136225528599008
0.1970132252375513	0.9282180376492656
0.2008626531069901	0.9404017431809324
0.2044549970840367	0.9501715717914000
0.2081269390641788	0.9585128879250647
0.2117055905086322	0.9655029451779013
0.2154112202320639	0.9714744270088400
0.2190543886465213	0.9764948920199126
0.2227759713636425	0.9806595172616742
0.2264165447932174	0.9841557956873662
0.2300868494507834	0.9869629273171669
0.2336890156320675	0.9893638888663636
0.2373235186505218	0.9912465418700582
0.2409346960031934	0.9929066341801840
0.2446018273682389	0.9941813491728870
0.2482832017215323	0.9953328905316665
0.2520333978909479	0.9961947196596938
0.2558163271650538	0.9969861229937237
0.2596691285012873	0.9975598686304209
0.2635638704644748	0.9980957867377913
0.2675357062661497	0.9984734827869846
0.2715920817200287	0.9988357835948422
0.2758775235513226	0.9990487779504245
0.2834238805495987	0.9994636118331632
0.2885547704952252	0.9991930229252247
0.2925456873764978	0.9996490260176699
0.2965113082018153	0.9997663833211445
0.3005831050285885	0.9998572179970494
0.3048612389217633	0.9998397534332913
0.3121790737961658	0.9999816130828340
0.3165615394429174	0.9999403515252366
0.3204476565637553	1.0000324936501979
0.3240366691769330	0.9999639277785232
0.3274565329406191	1.0000725511545545
0.3308104481444605	0.9999800144672699
0.3341633711807910	1.0000775038653014
0.3375567754544801	0.9999893827551279
0.3410062916764715	1.0000665754310694
0.3445226918139334	0.9999921858308646
0.3481065747204530	1.0000518551153239
0.3517630233753845	0.9999928857524465
0.3554967063817685	1.0000373506565492
0.3593277996614429	0.9999970637934503
0.3633005586868575	1.0000253847712599
0.3675565523820064	0.9999591216166248
0.3745194455050498	1.0001337845788467
0.3792079968752056	1.0000214072057869
0.3833193301956357	1.0000493938637147
0.3872653010317163	0.9999965775063316
0.3912670256744810	1.0000217530224547
0.3955362364663008	0.9999526493567008
0.4023838941397875	1.0001497837227433
0.4065932462741418	1.0000045293804547
0.4101748120906213	1.0000788607738496
0.4136071311017670	0.9999739270878540
0.4170594179487404	1.0000462808490604
0.4205878109881461	0.9999717360247653
0.4242163780411431	1.0000217769192068
0.4279684403741941	0.9999725079105375
0.4318933961661049	0.9999943009168157
0.4361359096131491	0.9999163497261808
0.4421561507394295	1.0002304554866861
0.4490674789707306	0.9998097195326984
0.4680368417767288	0.9998440587357582
0.4731990791193216	0.9999667265768191
0.4777917389472361	0.9998686820734480
0.4825180396727080	1.0001719648035745
0.4873150883742416	0.9999263196465814
0.4921489949097257	1.0001048190229695
0.4970096118380601	0.9997259285683588
0.5014817711796377	0.9998757467052360
0.5052571728124207	0.9998695893577365
0.5086516992599458	1.0000199424231744
0.5119710543270372	0.9999409106743063
0.5153512865435962	1.0000386782787836
0.5188563781954171	0.9999755206388151
0.5225149138976273	1.0000242184097450
0.5263843799015570	0.9999880925804275
0.5306114255098724	1.0000441978880192
0.5376278467461056	0.9998665056575661
0.5447697061475680	1.0002966186199571
0.5514049923302115	0.9997225124752382
0.5718259339803424	0.9997860321727889
0.5746527369480646	1.0000362144412689
0.5777610146470518	0.9999040944190054
0.5811216244024486	0.9999929414603164
0.5846831983726894	0.9999390787918151
0.5884165659070075	0.9999862726952593
0.5923402672243162	0.9999627170288674
0.5965796588041729	1.0000354104803100
0.6028252317674788	0.9997485922739520
0.6131637088389371	1.0001089589434105
0.6166565190373047	0.9998068595442162
0.6203912127828257	0.9998760748779195
0.6243777995068240	0.9998556056686458
0.6285708762273023	0.9999036653874604
0.6328384672631121	0.9999882135099580
0.6423115197742175	1.0002946927202561
0.6472789182451840	1.0002051390475042
0.6517902674853205	1.0002641323303121
0.6564912645075515	0.9999480705386330
0.6612724256551917	1.0002051220605344
0.6661038544053660	1.0000785706035078
0.6728928711754480	1.0002145166644256
0.6775855666923464	1.0000765488356964
0.6817277596024126	1.0000865070553189
0.6857820293037762	1.0000307951894591
0.6900754880178268	1.0000749231640707
0.6973479754202868	0.9998901841619847
0.7051564748355164	1.0002212429297364
0.7092728723163900	1.0000585246624949
0.7130928279329459	1.0000984415020888
0.7170673738262728	1.0000163406323643
0.7212327567171024	0.9999598105796794
0.7255059684377061	0.9998660947997925
0.7323567178397377	1.0000959233788220
0.7445523384417642	0.9997011961915848
0.7595476311017666	0.9997750901749753
0.7728683321809484	1.0004430755112299
0.7783992710473471	1.0000987507705466
0.7819369875993928	1.0001823423822112
0.7853110375545264	1.0000458963496874
0.7887603590388876	1.0000988166259710
0.7923175662712713	1.0000201940924092
0.7959681350316098	1.0000613780872922
0.7997052960978557	1.0000076140835155
0.8035437599729257	1.0000344348502557
0.8075207781015341	0.9999967420779912
0.8117689542754669	1.0000581414754346
0.8187106177995761	0.9998780059228208
0.8233382024511413	0.9999888417085564
0.8274260750673149	0.9999598321510543
0.8314516615160856	1.0000021268094985
0.8357349562494606	0.9999370305814678
0.8423530074884270	1.0001724306946556
0.8460937474462098	0.9999879894850634
0.8492934627440937	1.0001053477591337
0.8524676883567514	0.9999695659685883
0.8557727559909323	1.0000526040126136
0.8592768170068306	0.9999836510936051
0.8630516970790620	1.0000167003149563
0.8672564187165729	0.9999561573324577
0.8741419350216942	1.0001476463684962
0.8780158915149965	0.9999825834046157
0.8813741917067813	1.0000784302924564
0.8846518566268572	0.9999540271914609
0.8879804959884218	1.0000403874715407
0.8914017982669270	0.9999542028328025
0.8949379794481869	1.0000146931308367
0.8986179232615870	0.9999639870609429
0.9024979394491979	0.9999937317069267
0.9067290595895109	0.9999282044732394
0.9133373900517960	1.0001623949624965
0.9175996351978950	1.0000211549676987
0.9212013137841417	1.0000977887312144
0.9246740347240811	1.0000047282025559
0.9282024715857857	1.0000720022268283
0.9318427948855740	1.0000198611134594
0.9355825645371899	1.0000671960934691
0.9394101678451228	1.0000279231075579
0.9433258814726637	1.0000616386545955
0.9473526504823526	1.0000283609730933
0.9516257644858622	1.0000738115170968
0.9589091404992900	0.9998585975118691
0.9625371340375364	1.0000234050034094
0.9657916717631386	0.9999040181586772
0.9690424142406006	1.0000164971209347
0.9723944284855187	0.9999263297078339
0.9758669718845872	0.9999968863676195
0.9794671249586270	0.9999377713561435
0.9832049561661608	0.9999789768840415
0.9871234967779923	0.9999456064626138
0.9913636614162107	1.0000051377912955
0.9984377338582731	0.9998385753751640
1.0027474870992992	0.9999662653168553
1.0064912354364028	0.9999095435845192
1.0100712011261788	0.9999963151253337
1.0136489378890237	0.9999344488784228
1.0172888237595836	0.9999924445616183
1.0210382689462736	0.9999468628945632
1.0249582790420373	0.9999721745056720
1.0292002470174848	0.9998969727762064
1.0346130105920452	1.0003171615184190
1.0398469694982342	0.9997811758486671
1.0430559843303013	1.0000832995449809
1.0463145285303794	0.9999582428450815
1.0496707122138456	1.0000617841514887
1.0531810505933463	0.9999939527810611
1.0568243608545864	1.0000372385938652
1.0605959224642030	0.9999854067117827
1.0644815809163917	1.0000135944617361
1.0684947221730263	0.9999829524136102
1.0727626588325099	1.0000427881991150
1.0794797017552937	0.9997840838092020
1.0847201278416507	1.0002502860981832
1.0888359648125487	0.9999974246897191
1.0928594485687979	0.9999550004895494
1.0969263262509381	0.9999080246158093
1.1011759023254386	0.9998792764432238
1.1054386124545121	0.9998813376632134
1.1096214590226205	0.9999564901509178
1.1136816224258945	0.9999491559071585
1.1177576711451691	1.0000011395563326
1.1220334815808815	0.9999492899531018
1.1291023370221018	1.0001272824199670
1.1336526210586970	1.0000198764701522
1.1377999079126540	1.0000392220998113
1.1421413096383461	0.9999667801332485
1.1491225902705491	1.0001574777700641
1.1532511013616218	1.0000097915113657
1.1568022663203059	1.0000854639834891
1.1602188373878002	0.9999798674422371
1.1636515393833708	1.0000567578654309
1.1671512110489357	0.9999805415195181
1.1707451243555091	1.0000375074768351
1.1744652240727378	0.9999902648647212
1.1783687106802412	1.0000193592647617
1.1826061207495904	0.9999520089787202
1.1891439455449972	1.0001948602341233
1.1936121894503224	1.0000395883249540
1.1973768266085143	1.0000806341756392
1.2010423187205514	0.9999941511930661
1.2048699808817653	1.0000174598463392
1.2090975372541812	0.9999641077350304
1.2164627843516547	1.0001491903052040
1.2199568995267756	0.9999699674226373
1.2232200696249182	1.0000777029372359
1.2265582224867191	0.9999783612468776
1.2300372170848881	1.0000464749809030
1.2336584280598086	0.9999901644019366
1.2374091647178769	1.0000318847871281
1.2412772510254926	0.9999948314422877
1.2452764260857390	1.0000162693700090
1.2493706715097925	1.0000060969273448
1.2536619882788498	1.0000848122146870
1.2605328050176303	0.9998397673668794
1.2647657615290369	0.9999937373070942
1.2683822645035561	0.9999313141146601
1.2718698730299929	1.0000341862217337
1.2753782494868302	0.9999710853305178
1.2789439949668613	1.0000436685585423
1.2825804847698334	0.9999889649151019
1.2862869266108043	1.0000403298268052
1.2900701767968576	0.9999958223744255
1.2939402556763351	1.0000302556679945
1.2979407170218873	1.0000007904222619
1.3022022835545213	1.0000696353075023
1.3091244140815412	0.9999005173155098
1.3141126433283157	1.0000602445450248
1.3211155274478621	0.9998215583402041
1.3258644175331908	0.9999717436745780
1.3298670486360038	0.9999406404797834
1.3338063527885644	0.9999980975536906
1.3380712658125109	0.9999447257212478
1.3448691596590874	1.0001479382657119
1.3491712426947953	1.0000414061355489
1.3530307147943519	1.0000933923439586
1.3569218928924851	1.0000422038045687
1.3611576680475972	1.0000620071632140
1.3654477974681929	1.0000078436034427
1.3718930250549879	1.0001356064922546
1.3756081708600785	0.9999986068295043
1.3791396178887245	1.0000573373797259
1.3827105316516572	0.9999751524996369
1.3864058521852718	1.0000084720496758
1.3902935099718547	0.9999632803231073
1.3945258304011945	1.0000114523739811
1.4012136780528557	0.9997579469455709
1.4063830204205572	1.0001173536002870
1.4113966359393202	0.9998801672187820
1.4163359397533148	1.0000874130487845
1.4212084520380539	0.9997414736003974
1.4259830812159093	0.9998578211103128
1.4301805212209628	0.9999222120843175
1.4339315848498226	1.0000409531449481
1.4374823849162552	0.9999783048890154
1.4410073015459008	1.0000569336317893
1.4446120712843737	0.9999988510174669
1.4483400321648341	1.0000420907676097
1.4522502020355081	1.0000090878980108
1.4564884418733546	1.0000714671186577
1.4632845438835871	0.9998662558536910
1.4676757243685206	1.0000068244336708
1.4714420373042187	0.9999537895525462
1.4750735106701207	1.0000326710199792
1.4787719752565385	0.9999885579991331
1.4826506937319952	1.0000216823834631
1.4868828862926973	0.9999506370799114
1.4934519526614676	1.0001630831743071
1.4981831342342442	1.0000329993482806
1.5024009017481652	1.0000456939407452
1.5067612698669721	0.9999713084868347
1.5142061368716127	1.0001416268828409
1.5179747270646324	0.9999765192801299
1.5213862103787508	1.0000608927182340
1.5247927893355666	0.9999605677237670
1.5282846536081254	1.0000275579862263
1.5318744294264279	0.9999645094669953
1.5355553698737512	1.0000168455842766
1.5393163072355862	0.9999723370734285
1.5431458189376555	1.0000149593235979
1.5470395842268756	0.9999804878701856
1.5510008143594018	1.0000132596894136
1.5550602810666156	0.9999861734677964
1.5593386067490707	1.0000550026259658
1.5663161646523578	0.9998829742953417
1.5710646958217964	0.9999931938353783
1.5752232668773249	0.9999648872864394
1.5791704837257388	1.0000182793191796
1.5830912060274946	0.9999809019008040
1.5870520607649634	1.0000043964306375
1.5911124429860075	0.9999650320859849
1.5953846970138008	1.0000372104604764
1.6014035809590510	0.9997563280269063
1.6369370778485437	0.9997608461768173
1.6480589228833769	0.9997767302724615
1.6517405631295374	0.9999441278233512
1.6554539280057798	0.9999254601956320
1.6596744279082849	0.9999922030383837
1.6669951551334321	0.9998588877345874
1.6714919668482449	0.9999661150371093
1.6759589629597016	0.9999417937199249
1.6833447961512829	1.0001719210143192
1.6878530186022949	1.0000670293371658
1.6918052424685475	1.0001068694260462
1.6955672222110603	1.0000264804058729
1.6992236870348874	1.0000796949818376
1.7027973266857674	0.9999894070010421
1.7063058172423360	1.0000577036192666
1.7097797358377638	0.9999641268350065
1.7132463099830473	1.0000370243332433
1.7167303529575977	0.9999522718360416
1.7202457624509990	1.0000210658462889
1.7238021057445096	0.9999496642225104
1.7274015264219242	1.0000118437655403
1.7310449039671192	0.9999522919448844
1.7347286784972085	1.0000084051576481
1.7384506979764838	0.9999573433470428
1.7422064794802159	1.0000083408304037
1.7459958039527852	0.9999634251795912
1.7498189520192495	1.0000087139846996
1.7536852803553942	0.9999709725503226
1.7576121836099832	1.0000060470134269
1.7616454601116454	0.9999786646635400
1.7659172124931566	1.0000474225234259
1.7726029626885540	0.9998232387473053
1.7889910093350483	0.9996337743755783
1.7941324100266629	0.9999032312526097
1.7979908656336838	0.9998693767936434
1.8016212221346004	0.9999750639765735
1.8053174279789623	0.9999460327859518
1.8091918378890897	0.9999941235212307
1.8134259783249160	0.9999444750976995
1.8205039193267434	1.0001162029786983
1.8251425875676779	1.0000154731596331
1.8292762209262747	1.0000407786891672
1.8332613197459300	0.9999911199085131
1.8372417819957492	1.0000167828928861
1.8413013780864607	0.9999845693296036
1.8455794636827456	1.0000558174336687
1.8523286933536474	0.9998679888193682
1.8570957901665754	0.9999978949980826
1.8611514036883188	0.9999576455431578
1.8649136221638041	1.0000341638632460
1.8685849989614700	0.9999746870826984
1.8722384779476273	1.0000371139405935
1.8758997902687209	0.9999750850081007
1.8795647092569239	1.0000327770315085
1.8832275175276800	0.9999686240753454
1.8868809240422155	1.0000280192011533
1.8905294319968973	0.9999636196454275
1.8941822937164992	1.0000223418265395
1.8978591330426005	0.9999644625651045
1.9015835992871422	1.0000133370014694
1.9053937359658377	0.9999725603693154
1.9093495777785141	1.0000026112416924
1.9136018017905272	0.9999376520974267
1.9205429204543818	1.0001175524658676
1.9253295950308071	1.0000133800981381
1.9296419753634331	1.0000293355222272
1.9340183155380051	0.9999502933312153
1.9410866980529897	1.0001276491414066
1.9461140069622622	0.9999758398183691
1.9536542135800088	1.0001692266450759
1.9583476318580015	1.0000284150913896
1.9623705321955456	1.0000553949133668
1.9663356464891864	1.0000030605412753
1.9706066040507537	1.0000542477917647
1.9776831056370485	0.9998736805970230
1.9821848067460803	0.9999783976723421
1.9863147123835554	0.9999569732880668
1.9906409989794263	1.0000268244871553
1.9977309503499425	0.9998492370716023
2.0024979693748932	0.9999379446688286
2.0070404281632515	0.9998572431891514
2.0128016165585692	1.0002262033222602
2.0217130493056290	0.9997861078943862
2.0265623589952542	0.9998598274679579
2.0311730748854768	0.9998094299077678
2.0381299796447809	1.0001366799721643
2.0419235887708500	0.9999912578537402
2.0453929485931828	1.0000800336692701
2.0490709425382190	1.0000389658497320
2.0532491064320078	1.0001045814565219
2.0601138676184330	0.9999523932623511
2.0650429265124632	1.0000794985550805
2.0723489873384375	0.9998323555920984
2.0771279388374895	0.9999617564105207
2.0812831892695791	0.9999487417026908
2.0853338332753228	0.9999764803975135
2.0894416890510166	0.9999545383357612
2.0936179604098681	0.9999890708014633
2.0978350863214215	0.9999849533085757
2.1020641565601585	1.0000246858047819
2.1062802710975963	1.0000090724979827
2.1104699468457264	1.0000450986676852
2.1146404871540119	1.0000234384416309
2.1188030915533376	1.0000522481606224
2.1229726463219980	1.0000258998684519
2.1271531543449966	1.0000471965141413
2.1313479871835064	1.0000177179922780
2.1355495934711413	1.0000364386924763
2.1397557570872952	1.0000055758835720
2.1439633840546746	1.0000248691967153
2.1481854064429395	0.9999932962901845
2.1525116968480917	1.0000628753967056
2.1591654363826063	0.9998241004874703
2.1773895293306542	0.9996226781449703
2.1816571927680148	0.9998855390632082
2.1850857155070673	0.9998249722983112
2.1884331289200394	0.9999679266823696
2.1918498049113357	0.9999122774109067
2.1953583775513628	1.0000010480770574
2.1989744196429313	0.9999563125081068
2.2027146192725020	1.0000069625613373
2.2066335287163485	0.9999796892844358
2.2108733696007135	1.0000448869093248
2.2174530717415624	0.9997983968035649
2.2227198178163330	1.0003810539280216
2.2261987128935234	1.0001151745699786
2.2307121516549278	1.0000803303720727
2.2381280698628365	0.9998155998197650
2.2415430224966739	1.0000041854405881
2.2451302265286768	0.9999639963348280
2.2491903249154661	1.0000294949483948
2.2534280264783231	0.9999420399326785
2.2580014960390629	1.0002482397915069
2.2627489608885054	1.0000587131098082
2.2675706646286016	1.0003237818789883
2.2723916849992625	1.0000835945556370
2.2772237058978391	1.0003173696864958
2.2820526086863082	1.0000398025629118
2.2863454551807858	0.9998516270111909
2.2902102907567565	0.9997297700900857
2.2938587007992162	0.9997993473962680
2.2974213444932761	0.9997473876769030
2.3010219223913788	0.9998372540679070
2.3047283807254781	0.9998200608277590
2.3086196788612496	0.9998800475755052
2.3128551996845039	0.9998412037203988
2.3198662244215194	1.0000312371406423
2.3246796071640232	0.9999856780206645
2.3291997004066531	0.9999438716278962
2.3404037610371420	0.9998300935239246
2.3439710033878485	1.0000664990861470
2.3474874716384573	1.0000358199790977
2.3512024224521868	1.0000856133959226
2.3551312591294424	1.0000412044905236
2.3592036096896813	1.0000292091926224
2.3633762993049228	0.9999788952232114
2.3675977967884001	0.9999806503274473
2.3718452541074142	0.9999463195929197
2.3761786812660106	1.0000219927348262
2.3829272117984082	0.9998170281325475
2.3876475628814635	0.9999543890827753
2.3915862596271595	0.9999057256916536
2.3952279612841032	0.9999964965611525
2.3988264335217435	0.9999414955175058
2.4025088658121989	0.9999999310891929
2.4063813643386580	0.9999732210391742
2.4106114035138235	1.0000408610672653
2.4175450767287647	0.9998657470423303
2.4223792636329495	0.9999698833296652
2.4269402415561196	0.9999174494972742
2.4341138798196158	1.0001352030595621
2.4387883538378143	1.0000153053612388
2.4427737810157990	1.0000605874547353
2.4464945471801074	0.9999812040537021
2.4501121205837415	1.0000459962846915
2.4536900403166921	0.9999711294546375
2.4572627408029990	1.0000378862617230
2.4608609868492488	0.9999720949021343
2.4645163439225382	1.0000260263766017
2.4682722813102065	0.9999807613238451
2.4721947658974832	1.0000093106764358
2.4764378267987177	0.9999406838604328
2.4835012570528687	1.0000830288913141
2.4882557266135912	1.0000489519327704
2.4927570579723408	1.0000480575347039
2.5015047580965661	0.9998113546999191
2.5050926548246260	1.0000003851893280
2.5089158329112875	0.9999145156294051
2.5129699904580844	0.9998946869324630
2.5172210184741246	0.9998461433825497
2.5245989211889732	1.0000519293494379
2.5291639720682411	1.0000534142601358
2.5335171473770717	1.0000274964702305
2.5378349593252247	1.0000073244046941
2.5421498331660288	1.0000318256199916
2.5464331327503156	1.0000040854404042
2.5506702770184391	1.0000330719085901
2.5548977897769727	1.0000009289997547
2.5592251416200651	1.0000702929253331
2.5664083423171249	0.9999181141520488
2.5704680717493180	1.0000115221712864
2.5740975256179564	0.9999528928177421
2.5776778052639435	1.0000279103851548
2.5813487656818466	0.9999787553008513
2.5851440218364847	1.0000159561283004
2.5890680600291747	0.9999842028742277
2.5931028652370909	1.0000063239190644
2.5972256099790934	0.9999819641094612
2.6014098233438174	1.0000054568046162
2.6057216432179771	0.9999284110142498
2.6124558557470463	1.0001298698939212
2.6172172729559886	0.9999873729322530
2.6213328339674855	1.0000032850752905
2.6252900026907549	0.9999465412686355
2.6292933737318491	0.9999904233039646
2.6334319156241199	0.9999346050807439
2.6372906659710931	0.9999756486186909
2.6408914866691235	0.9999069487096484
2.6443425600410579	1.0000127991974437
2.6477804576040898	0.9999470090351184
2.6513383170182139	1.0000193728445370
2.6551365230282258	0.9999916795510562
2.6593479999448664	1.0000554607080505
2.6661445767786862	0.9998428990543818
2.6699540220185969	1.0000091524761989
2.6732879558438096	0.9999094484233320
2.6765825342304512	1.0000260882620338
2.6799546025030292	0.9999439901098096
2.6834186993313729	1.0000237038610975
2.6869701649219184	0.9999599274174765
2.6905927468313360	1.0000214471249782
2.6942751957842233	0.9999686812608982
2.6980053725823336	1.0000213432577578
2.7017784538493173	0.9999759142705651
2.7055894546370767	1.0000225751530334
2.7094398513481033	0.9999837729832930
2.7133284718024160	1.0000252915667400
2.7172567722801362	0.9999923680332070
2.7212228573453983	1.0000282297562477
2.7252281392743867	0.9999987988890480
2.7292699968625453	1.0000291240796793
2.7333532230574802	1.0000033195498519
2.7374922668367372	1.0000316337334383
2.7417945346197037	0.9999617640400108
2.7480236127787609	1.0002694982628910
2.7532595342413941	0.9998396521914532
2.7583039037854307	0.9999458335876874
2.7650726076981260	0.9998671401766124
2.7695252431106376	0.9999760017262840
2.7734579738517078	0.9999368369524707
2.7772309200469603	1.0000063100276697
2.7809711711441127	0.9999612293193421
2.7846958720325663	1.0000257921234443
2.7884093780181458	0.9999761729676954
2.7921352224806344	1.0000321241291725
2.7959282096896336	0.9999912190052122
2.7998686152516195	1.0000205312021586
2.8041175970822270	0.9999502200715583
2.8101209234106612	1.0002820498677827
2.8153834690402979	0.9997300396824923
2.8186048619934603	1.0000664783622928
2.8219979660990151	0.9999473380408894
2.8254417595859174	1.0000331661158128
2.8290366973402481	0.9999663154750406
2.8327022309352015	1.0000110849670905
2.8364166059802272	0.9999595853928924
2.8401725664213751	1.0000134257829576
2.8439712385869407	0.9999753403754932
2.8478217508903141	1.0000216513036839
2.8517420488869925	0.9999930355802380
2.8557706479595040	1.0000252510306662
2.8600423808959312	0.9999601518716423
2.8669783328915042	1.0001410296802364
2.8715396222224765	1.0000186394613146
2.8754645261451310	1.0000628207744506
2.8791928422518045	0.9999903604324534
2.8829399404994382	1.0000316654199926
2.8868426034986436	0.9999953688841858
2.8910819807907715	1.0000569155010466
2.8979447326399863	0.9998627378378314
2.9024447836429785	0.9999850712871429
2.9063612948524344	0.9999440304537056
2.9101600830110437	1.0000042467490671
2.9140757538578188	0.9999755648620007
2.9183206782859239	1.0000393722677823
2.9253146325714474	0.9998613378537928
2.9295693088622632	0.9999954757272719
2.9332710493180936	0.9999380692563840
2.9368624613258563	1.0000205501136707
2.9405328761216789	0.9999765076075765
2.9443941229583408	1.0000153798671132
2.9486229748950556	0.9999573732048858
2.9555995229308549	1.0001347060801935
2.9605907400327447	0.9999877139005132
2.9681199332802848	1.0001778459687083
2.9725973171964295	1.0000233959705231
2.9763385869592067	1.0000799929871080
2.9798927546169058	0.9999860099688954
2.9834663052726533	1.0000423638557239
2.9871508540635254	0.9999873782531248
2.9910286194917632	1.0000151394009560
2.9952597799427907	0.9999470536426626
3.0016338432063439	1.0002182017844492
3.0059328200565560	1.0000650923030745
3.0095083333386725	1.0001408618454801
3.0129652030699452	1.0000444435397884
3.0165030494120471	1.0001066598713861
3.0201820744163133	1.0000569780239221
3.0240640568227053	1.0000837644965235
3.0282931281861778	1.0000031832204472
3.0348739003149197	1.0001815560893075
3.0395314359334069	1.0000329516949302
3.0435745407417407	1.0000477645424573
3.0475557595067753	0.9999868460153017
3.0518301291422656	1.0000361251411738
3.0587448470440446	0.9998340607804199
3.0635924612186836	0.9999361045535786
3.0681589345004880	0.9999018226321148
3.0762223141152769	1.0000654659685080
3.0814384015004785	0.9997341376834522
3.0864369697007286	1.0000465391637483
3.0913530306370132	0.9999610078556274
3.0980745464695674	1.0001900156602335
3.1020081853057935	1.0000252004970482
3.1055287157241849	1.0000902913749878
3.1092226048954594	1.0000273753412339
3.1134138135212419	1.0000502802683819
3.1206695038352614	0.9998235831435882
3.1239078367166249	1.0000277281544112
3.1270581011908853	0.9999084454593909
3.1304172186719272	0.9999942593024922
3.1341004114122519	0.9999577999455225
3.1382690436107508	1.0000131784931650
3.1452154332258044	0.9998543029593027
3.1496996151674805	0.9999674446092518
3.1538186131069965	0.9999571337115623
3.1581160191298969	1.0000475798846211
3.1647701652258791	0.9998584207900235
3.1695580129734711	0.9999958024496343
3.1737096608747564	0.9999732262936403
3.1777518198483352	1.0000153722351470
3.1820229947568683	0.9999491692078237
3.1884781056000362	1.0001923607181713
3.1927971076631296	1.0000571686492128
3.1965515930934645	1.0001057733900516
3.2003679034631354	1.0000484083655676
3.2045915844159469	1.0000817329162983
3.2116246828423507	0.9998431673065384
3.2168710632343949	1.0002662393120529
3.2215093939756909	1.0000675862112072
3.2253372518826704	1.0000587221906527
3.2285856512893556	0.9998709359323403
3.2316230200905163	1.0000058391176467
3.2346384560927595	0.9998494716710716
3.2377038288994950	0.9999855895003236
3.2408305003660014	0.9998613074726418
3.2440142590826730	0.9999828838246969
3.2472485025101827	0.9998771349742677
3.2505280478633414	0.9999854711721514
3.2538537935585796	0.9998932007993161
3.2572283793426542	0.9999875854332384
3.2606610939100458	0.9999106741970907
3.2641635644297282	0.9999869413960706
3.2677570848839519	0.9999316358776758
3.2714732407588203	0.9999814968316409
3.2753746106394499	0.9999538150358405
3.2796107780314290	1.0000208687276944
3.2865457365003095	0.9998453793076528
3.2908755238806222	0.9999809721850353
3.2946217126317574	0.9999291354149191
3.2982353178291532	1.0000128453920689
3.3019161465477604	0.9999713355817403
3.3057822377184909	1.0000117561448181
3.3100125552433033	0.9999544778311120
3.3169429645968256	1.0001397361383166
3.3215017006075969	1.0000226285308995
3.3255032521803476	1.0000531611589831
3.3293787120546163	0.9999923376149292
3.3333419675024176	1.0000098596380615
3.3375997261870598	0.9999286400003427
3.3442297305416142	1.0001342768903312
3.3568623464907676	0.9996241335878007
3.3677363098687905	1.0003583523025463
3.3750325345318508	0.9998588333998617
3.3809585268702933	1.0003011262331987
3.3857746411851442	1.0001065154241549
3.3904123793720107	0.9999842715309637
3.3991033129880854	0.9997702850545974
3.4043969479396594	1.0002319587700932
3.4089299089386809	1.0000303601892140
3.4126444970794978	1.0000601114973786
3.4159313989966331	0.9999053795972437
3.4191509115993073	1.0000141982677389
3.4224477086846332	0.9999187173759797
3.4258743838346222	1.0000020799822971
3.4294374521699016	0.9999485990231527
3.4331288790718504	1.0000051115774919
3.4369496989812380	0.9999787861480779
3.4409203189557438	1.0000252308992053
3.4451760481746816	0.9999887065640723
3.4527782604466202	1.0001265253061773
3.4561383120800131	0.9999495811353011
3.4592734667794005	1.0000926534419872
3.4624782959168341	0.9999728042257540
3.4658794661052887	1.0000415394783260
3.4694860014921303	0.9999833389233960
3.4733113287292090	1.0000139931562269
3.4773035540528827	1.0000054814711319
3.4815591651806499	1.0000911753699810
3.4876852880013414	0.9997762572253462
3.5117705112634567	0.9996249120117713
3.5153823354584275	0.9999638433798426
3.5199634180635333	0.9998540893501160
3.5246750447091642	1.0000806592995173
3.5294571146790106	0.9997089601597550
3.5335850281572170	0.9998930892864532
3.5380311344303137	0.9998307444314480
3.5426864636180611	1.0001290512858065
3.5474398817877670	0.9998548526350094
3.5520030685366946	1.0000199179691209
3.5561223991121165	1.0000743119445534
3.5598124716139807	1.0001766397883083
3.5632530737930721	1.0000708896306663
3.5666052442457281	1.0001443201468936
3.5700205930180990	1.0000402962818082
3.5735770217265737	1.0000739414297131
3.5773788164346665	1.0000142303339234
3.5815874329715252	1.0000537399750051
3.5885437370542967	0.9998570620239899
3.5930799902179733	0.9999648181302386
3.5970846513077053	0.9999300632540853
3.6009486522163496	0.9999891122528654
3.6048152201945953	0.9999559677545028
3.6087239777820104	0.9999981042661643
3.6126878435673202	0.9999706347616154
3.6167094960772213	1.0000028990191219
3.6208104586639824	0.9999781219843519
3.6251001739138720	1.0000495269262579
3.6320689967008075	0.9998768420510613
3.6367805697975650	0.9999928033089671
3.6408503009556306	0.9999559906016033
3.6446611357618530	1.0000256930019131
3.6484017644794324	0.9999760764328377
3.6521569157367688	1.0000275756130654
3.6559859816021820	0.9999892715296743
3.6599521727200495	1.0000192698921804
3.6642073452931250	0.9999528145678912
3.6711098696930464	1.0001354218369627
3.6754318583328427	1.0000982788802093
3.6795677982921156	1.0001018142832627
3.6838841949698535	1.0000195522796931
3.6910129302698937	1.0002012025972236
3.6962274075118460	0.9997844066063211
3.7012260378082171	0.9999495178120812
3.7061303755917314	0.9996437179424517
3.7100077384824681	1.0000651657998270
3.7145854524021993	1.0000801569173883
3.7193294405144033	1.0003133769880113
3.7246640409957967	0.9998393858754118
3.7346007319002017	1.0004553593856489
3.7376046008614026	1.0001077398615092
3.7406318007413653	1.0002113368980596
3.7438569341770247	1.0000524074692816
3.7472540602258606	1.0000963002515324
3.7507959857245514	1.0000051453646368
3.7544895775667895	1.0000301118160564
3.7583811073318851	0.9999829149488313
3.7626139161513121	1.0000354008387302
3.7695571839521254	0.9998523961564934
3.7745531897942506	1.0000092079430252
3.7822548291992470	0.9998724092592609
3.7873481332207932	1.0000081020838680
3.7948514066363503	0.9997753868663399
3.7994619601087165	0.9999256039246769
3.8033909594118103	0.9998952389498391
3.8071999991988594	0.9999659043258495
3.8110638012050333	0.9999419594339467
3.8150499159417501	0.9999826709647496
3.8193098570424633	0.9999294864106327
3.8268020929452224	1.0000352014855780
3.8354861635519040	0.9998154361543881
3.8406550898492045	0.9999329681934417
3.8488975437892790	0.9999019680134384
3.8537753218695943	1.0000174183613433
3.8579989737909517	1.0000629127938794
3.8619827647102913	1.0000964999465369
3.8658447056078646	1.0000304538877069
3.8695875919393008	1.0000737765963101
3.8732449150579304	0.9999922403002980
3.8768527369899219	1.0000490716932207
3.8804503174711709	0.9999742554555249
3.8840672273032357	1.0000317214056522
3.8877278024739268	0.9999714969033600
3.8914524681508285	1.0000176329125883
3.8952706350238939	0.9999759862963272
3.8992334073151138	1.0000038743649213
3.9034873210836261	0.9999372852703484
3.9104920550823299	1.0001052759572540
3.9152473787852977	0.9999989693079445
3.9194699691480976	1.0000190565408484
3.9235221157178035	0.9999710544049063
3.9275337101176215	1.0000023747248892
3.9315274483204785	0.9999671226927416
3.9354871937175053	1.0000114104237172
3.9393913135563583	0.9999698879580960
3.9432313124822773	1.0000234658807241
3.9470191321790904	0.9999732471998605
3.9507758409626490	1.0000280925955434
3.9545317079118241	0.9999779331722607
3.9583160619092221	1.0000243701153972
3.9621695970129154	0.9999867431219444
3.9661515567846339	1.0000168178806403
3.9704110481461958	0.9999512249863499
3.9773763735683696	1.0001258913380648
3.9823758725382512	0.9999695145149107
3.9882418926263652	1.0003883998002665
3.9937029639183046	0.9998612287932830
3.9982644203141389	0.9999340447173862
4.0026018671185399	0.9999770941626519
4.0069572272032214	1.0000819681295490
4.0125005112418668	0.9997010943543460
4.0177587479339252	1.0002529299586418
4.0212846072309114	1.0000179343725453
4.0250754340120931	1.0000435688002927
4.0293532916874035	0.9999833244409425
4.0367108198053305	1.0001393821673794
4.0414656689094315	1.0000447946041329
4.0459626822126289	1.0000534503495766
4.0519219377759450	0.9997574838732821
4.0570626271509331	1.0000294376350478
4.0642103949191037	0.9998317223224261
4.0680164137049148	1.0000172351253545
4.0717058582856067	0.9999834468920891
4.0759114005689376	1.0000493391566370
4.0833287110700462	0.9999616046386325
4.0877114953520906	1.0000746066244024
4.0921422347976284	0.9999971885856892
4.0979634182255156	1.0002527863027348
4.1116495504424293	1.0004377502673747
4.1314054426387834	1.0001484590032172
4.1377898112056393	0.9997440563839992
4.1461767167340744	1.0001438688580040
4.1573960353601400	0.9996766940822627
4.1627884605121723	0.9998985840203308
4.1670252083180577	0.9999146318578854
4.1709050103094221	0.9999874622535133
4.1746748492068351	0.9999385660960961
4.1784124158513682	0.9999938218700022
4.1822040228073751	0.9999541008199232
4.1861396267933442	0.9999922487701101
4.1903887530148998	0.9999420101893761
4.1977271395070161	1.0000913439917678
4.2019100296232068	0.9999792533147697
4.2058812238367933	0.9999993524646069
4.2101674023288655	0.9999243194683987
4.2166637520349273	1.0001706014395735
4.2201732101200600	0.9999739042031613
4.2233240570524249	1.0000916570133869
4.2265570523327325	0.9999704447077677
4.2299679103025909	1.0000352559053967
4.2335704812135404	0.9999661358722397
4.2373515332650298	0.9999929319960242
4.2411931992849787	0.9999511783953592
4.2449486056658055	1.0000181738665443
4.2485039116606762	0.9999308486421974
4.2518694528125431	1.0000365490223992
4.2551414821425038	0.9999258381220592
4.2584094925305926	1.0000334703852729
4.2617339378517061	0.9999406112197081
4.2651476235031840	1.0000250089615996
4.2686762115408712	0.9999638848789203
4.2723487698131821	1.0000170856388539
4.2762249612766912	0.9999899590843070
4.2804542636310217	1.0000581463022589
4.2873573823830391	0.9998808060911039
4.2919499673906563	0.9999956891266575
4.2961197881718070	0.9999779837708201
4.3004624161921345	1.0000374882441638
4.3081620594162660	0.9998826346551243
4.3117027591519372	1.0000417825720871
4.3148005551540916	0.9998772051430730
4.3177827481253255	1.0000456174502965
4.3208280066846498	0.9999130270544517
4.3240116424486006	1.0000303995944249
4.3273664248958630	0.9999531059215941
4.3309185139973794	1.0000164726322829
4.3347242690358341	0.9999855063266704
4.3389357756952114	1.0000459949954061
4.3466312457585765	1.0000011061712148
4.3513447031453900	1.0001253759996522
4.3561332397398873	0.9998513204151529
4.3609375714129737	1.0001760189275621
4.3652145821662440	1.0000010715518728
4.3691416840163519	0.9999690946850891
4.3731515420907101	0.9999288497617695
4.3774038861039504	0.9999934957430094
4.3843811667492387	0.9998437492344605
4.3892209907705997	0.9998990339099765
4.3936630824934788	0.9999421055325769
4.3980140227185771	0.9999581392000626
4.4023913136369446	0.9998630998819796
4.4094546094675016	1.0000838479199630
4.4145277434485379	0.9999226364036162
4.4210128210435542	1.0001937897968072
4.4255946323299185	1.0000125561616258
4.4292364177671351	1.0000877610915830
4.4326754957244852	0.9999858304359759
4.4361305173104473	1.0000627494004191
4.4396556751588472	0.9999910507863317
4.4432532343683517	1.0000524360310539
4.4469148715496916	0.9999956351409985
4.4506289715812777	1.0000467851746120
4.4543903387442869	0.9999974783057078
4.4581950218131263	1.0000401982413010
4.4620499732963532	0.9999982738735906
4.4659699950740332	1.0000294671223158
4.4699996628218326	0.9999977365420912
4.4742701902134385	1.0000617027303256
4.4812479139042285	0.9998840399466404
4.4859128501087255	0.9999954519962987
4.4899749965556506	0.9999585556149215
4.4938205360141898	1.0000195033350723
4.4976246973465299	0.9999736252647693
4.5014528957748299	1.0000159960502775
4.5053364447023210	0.9999774250199263
4.5092812538060327	1.0000090669304784
4.5132895384993637	0.9999798776876795
4.5173552645258130	1.0000082968623580
4.5214888930457482	0.9999859266317459
4.5257872761675983	1.0000651125824866
4.5320804204473220	0.9997899181361223
4.5388049411708700	1.0002534158444820
4.5444743612275431	0.9999212474849130
4.5502861825327550	1.0002801479849139
4.5559805367067714	0.9996795546616180
4.5600684104433133	0.9999412286934908
4.5647355128558260	0.9997219276131283
4.5684118999273613	0.9999860038394532
4.5722331076526865	0.9999987936096162
4.5760926572539038	1.0000563808164704
4.5800964190450602	1.0000341696834676
4.5843514029637609	1.0000969691789008
4.5909839882479746	0.9998592405177837
4.6079124589172960	0.9996150437364519
4.6125594226738151	0.9998860527776283
4.6160932044221896	0.9998314566700200
4.6194858267060273	0.9999704681903732
4.6229428655416598	0.9999205504984233
4.6264913818226336	1.0000063291985546
4.6301300956805687	0.9999625145642682
4.6338427004671532	1.0000208228546930
4.6376228329588809	0.9999801686159980
4.6414653254535763	1.0000217003643823
4.6453831558878838	0.9999879843784907
4.6494114736391605	1.0000147650308724
4.6536826659659658	0.9999436572274568
4.6602958399673149	1.0001730942554483
4.6647174934761226	1.0000292008619902
4.6683621395007044	1.0001071275576900
4.6717692671164874	0.9999958220239007
4.6751543766342945	1.0000797726753712
4.6786003018557105	0.9999954345340463
4.6821467529853615	1.0000548147066926
4.6858311755836937	1.0000025720669556
4.6897127074005009	1.0000299162675927
4.6939445694754109	0.9999612633032376
4.7009604746362719	1.0001136713420606
4.7056689242727474	1.0000012857585898
4.7098790583923176	1.0000194658187511
4.7139864039095203	0.9999776877954795
4.7182947042603294	1.0000278961523279
4.7265189830364278	1.0000000836665839
4.7362722644980648	1.0002570691810810
4.7461978811978511	0.9995759463408289
4.7496615754689051	0.9998693427837620
4.7528272636758446	0.9997696112345479
4.7560797406759088	0.9999173922570613
4.7594295009945684	0.9998551925844412
4.7628521499135035	0.9999575418063019
4.7663274283775925	0.9998960403850012
4.7698538903239545	0.9999791441379912
4.7734373840363222	0.9999245822328724
4.7770829299735400	0.9999890820913557
4.7808036984623055	0.9999457397933550
4.7846206751018991	0.9999881226782613
4.7885851564443982	0.9999589775392524
4.7928379808952251	1.0000219208965082
4.8002152840143317	0.9999141726901191
4.8037591599274627	1.0000742471741841
4.8069695696031571	0.9999463510837852
4.8101584237353530	1.0000764206387798
4.8134284279488666	0.9999773113899659
4.8167962082812794	1.0000653803095008
4.8202535999757323	0.9999844638072751
4.8237766778595548	1.0000496849699152
4.8273511490637402	0.9999761461065192
4.8309704857080158	1.0000289494549701
4.8346516139640547	0.9999676933391042
4.8384270698673051	1.0000021116623752
4.8423631948641628	0.9999643482680379
4.8466087851362829	1.0000230889592279
4.8533836926038294	0.9998084368637814
4.8572062541203351	0.9999832767092852
4.8604517050352349	0.9998680002871166
4.8635952308999508	1.0000138832804129
4.8667833286649822	0.9999065557616066
4.8700535462711780	1.0000154543428021
4.8734201726308033	0.9999328164156520
4.8768866340590868	1.0000110057372704
4.8804648164972830	0.9999539872059086
4.8841761400555148	1.0000022384581240
4.8880765139581834	0.9999731243213282
4.8923118923719970	1.0000389601354585
4.8992499336218778	0.9998640436619842
4.9041396042387815	1.0000063933807009
4.9086713130399131	1.0000065185229210
4.9130282401384848	1.0000824796868453
4.9176656309933993	0.9996898533298051
4.9210698332494713	1.0000741000235889
4.9242355021910624	0.9999422094978335
4.9276878638054180	1.0000420051350900
4.9313240300571186	0.9999981363262381
4.9349951272731589	1.0000618824792298
4.9385981906241483	0.9999850915966836
4.9421046947254119	1.0000624109275553
4.9455622665517183	0.9999717322675352
4.9490319291970666	1.0000439359657038
4.9525738283580409	0.9999722498736752
4.9562415399188859	1.0000167766045904
4.9601114362004317	0.9999796110706585
4.9643397888025387	1.0000385709221247
4.9713098799048510	0.9998626408828131
4.9759430209964126	0.9999748577073289
4.9800234234952150	0.9999466436262998
4.9839332587905734	1.0000044904930023
4.9878448967008753	0.9999765136626337
4.9918523922288003	1.0000154547465163
4.9961205293843074	0.9999621537104160
5.0035676530968658	1.0000811179707660
5.0082848849993971	1.0000474236899841
5.0146323510174335	1.0001921792888866
5.0571811515510285	0.9992695780948454
5.0608689574151766	0.9998010423142288
5.0637550885148377	0.9996315227034860
5.0664470089735856	0.9999434304560598
5.0691320825005803	0.9997687636208895
5.0719230112935856	0.9999891090050782
5.0748899399713636	0.9998697500660753
5.0780648698187347	0.9999988201923685
5.0814876647070122	0.9999463503583313
5.0852171092686840	1.0000002204240945
5.0894113389402120	0.9999570930526060
5.0964036322953978	1.0001488289337961
5.1001726304995634	0.9999822260097916
5.1035073158517212	1.0000784320880067
5.1068049400749027	0.9999587795487948
5.1101753407814812	1.0000375913381909
5.1136444840249418	0.9999562520317015
5.1172137840797909	1.0000143764359677
5.1208803176779192	0.9999586941765843
5.1246394138481826	1.0000025355175677
5.1284998457087330	0.9999688672574018
5.1324936617627239	1.0000038879175395
5.1367551145670518	0.9999487477585138
5.1444240529351699	1.0000188394647971
5.1524085347092630	0.9997045691572513
5.1604321393439649	1.0002552064532806
5.1645564543479372	1.0000579388522108
5.1679455647850050	1.0001599595296811
5.1713716958009606	1.0000607790717728
5.1749295095334986	1.0001132910982107
5.1786002775671935	1.0000498583710697
5.1823474660488662	1.0000868247987935
5.1861470673619570	1.0000308336140344
5.1899900322409973	1.0000606267478813
5.1938971012054527	1.0000153197173787
5.1979141557297677	1.0000360825251930
5.2021836121542293	0.9999648468358359
5.2086363068595274	1.0002389012414732
5.2138107901704149	0.9999124607716687
5.2188228011094235	1.0002182458617881
5.2230481863590885	0.9999456292178807
5.2275281102584135	0.9998888426429804
5.2322353443764289	0.9994593552376130
5.2359774056458015	0.9998365428999625
5.2401574666422750	0.9999046615736223
5.2441506850221531	0.9999498583504722
5.2480445269956446	0.9999155747873352
5.2518949816737530	0.9999747912313260
5.2557749069603616	0.9999636268298451
5.2597694455587556	1.0000300853099660
5.2640298288866259	1.0000009220908532
5.2712664424646478	1.0001622037358684
5.2760314498015939	1.0001019904325177
5.2820825442655011	1.0002993553098818
5.2965681205652899	0.9995695467407606
5.3117272332428840	0.9998273488526536
5.3214010958417379	1.0003977454705761
5.3439382138449014	0.9999866776526294
5.3468758779981176	0.9998246657756930
5.3503085987494012	0.9999445316304184
5.3544803261003198	0.9999463076863971
5.3616335660870771	1.0001761958661384
5.3667530714727087	0.9998327641869916
5.3717433765170828	1.0000581780880735
5.3766733180755759	0.9998196471615963
5.3815400451057052	1.0001115941018057
5.3863920560201093	0.9999392877837443
5.3912469744018496	1.0002921037256025
5.3958048299698991	1.0001048248300550
5.4002707437418307	1.0000292871476886
5.4069769658431088	0.9999374953178614
5.4149659435447921	1.0000996667726083
5.4183920267899444	0.9999456423438399
5.4217121390380481	1.0000593795185766
5.4251857579130647	0.9999928625920202
5.4289366383730231	1.0000284830050283
5.4331367468255509	0.9999551465833046
5.4397183085757748	1.0001471247603155
5.4446355465766771	1.0000301168759638
5.4492191344230561	1.0000886413179964
5.4562757340154366	0.9998414530777129
5.4601104388635786	1.0000245280493449
5.4633104169634992	0.9998975347614503
5.4663826983655719	1.0000546776986912
5.4694814055660093	0.9999280968249973
5.4726558849276543	1.0000465454242533
5.4759390381477484	0.9999482539872584
5.4793551034461867	1.0000237389599682
5.4829439706651906	0.9999664128345143
5.4867683798444924	0.9999988380864542
5.4909858000631440	0.9999372872616511
5.4979640659291045	1.0001123147751956
5.5022030239454098	0.9999821182027795
5.5059479016694439	1.0000339211553706
5.5096480400704504	0.9999718360905704
5.5135124399649973	1.0000062626543513
5.5177431020852685	0.9999480368061137
5.5247313182689357	1.0001249774346035
5.5291822538953097	1.0000098236831088
5.5331275816041421	1.0000438383992731
5.5369527685089137	0.9999851146376283
5.5407950370691372	1.0000227341531256
5.5447006481496919	0.9999844606210293
5.5486874213926702	1.0000040188185737
5.5527665958627415	0.9999532511509955
5.5570500904877482	0.9999791825429567
5.5656264743387309	0.9999849252896142
5.5737052435758017	1.0001409397546970
5.5766489177652971	0.9998898608481656
5.5797429008658908	1.0000208532414054
5.5830771942865880	0.9999309779908896
5.5866449022793807	0.9999905644022417
5.5904671080842965	0.9999677473045392
5.5946805490290261	1.0000482376133415
5.6010855536246087	0.9998201461063555
5.6120105170389945	1.0002842385184241
5.6200751236061279	0.9997757118193644
5.6313832812368014	0.9997834142661197
5.6366682485727750	1.0002248330714811
5.6417019082095541	1.0000454167919643
5.6466275941860964	1.0003316972814082
5.6515255828237327	1.0000891121439897
5.6564108297608469	1.0003275049835623
5.6613009627996176	1.0000596094754126
5.6671507646956520	1.0000439263452250
5.6851229253279492	0.9994720959937133
5.6899260634210984	0.9997691716290508
5.6935551702229121	0.9997403694523783
5.6970409101589876	0.9998828509285763
5.7005741334102913	0.9998527299158646
5.7041677550463037	0.9999474212929808
5.7078131857878107	0.9999113681132044
5.7114925447433729	0.9999850124289449
5.7152001285641543	0.9999430356612745
5.7189289176984905	1.0000048874519616
5.7226795133600508	0.9999604482048406
5.7264484917163392	1.0000145213904033
5.7302366495102106	0.9999696873544411
5.7340403015055168	1.0000186477647608
5.7378600782883833	0.9999743664887927
5.7416934844432630	1.0000198019059192
5.7455439308450407	0.9999773884723724
5.7494140572209673	1.0000189474894916
5.7533160727183921	0.9999819813996675
5.7572683912769387	1.0000157417673647
5.7613173767650165	0.9999891293818166
5.7655935329105219	1.0000603454632220
5.7719310353627709	0.9997796437170551
5.7795651345220245	1.0001123275524655
5.7856640031843591	0.9995323232073126
5.7971075584153251	1.0004024466082915
5.8002748360045047	1.0000954746807906
5.8036884212915618	1.0001853823937563
5.8078174805279028	1.0001464164962877
5.8120351717778380	1.0002348221898398
5.8166079790398104	0.9999533384300527
5.8213479988646606	1.0002139183976981
5.8261718066797545	1.0000819150757017
5.8327769816631880	1.0001956110558101
5.8550676355274387	1.0005251302123703
5.8590749695715001	1.0001877234965473
5.8629750717669404	1.0002336576852531
5.8666692762376762	1.0001034530052879
5.8705682765403902	1.0000547452464912
5.8748188976090550	0.9999663446358805
5.8833905183816304	1.0000104304164172
5.8911282425125462	0.9998298508354290
5.8947051595995124	1.0000189517335825
5.8982045381547987	0.9999578813626717
5.9016631171078711	1.0000689847971820
5.9050519345194949	0.9999823234445355
5.9083887843050977	1.0000875957223114
5.9117303456757258	0.9999922425029600
5.9151181465972256	1.0000779003474536
5.9185814360456197	0.9999984061715631
5.9221281201323492	1.0000608911677735
5.9257616735441756	0.9999999460356681
5.9294756878634196	1.0000458902282943
5.9332656587154142	0.9999990141926525
5.9371220280906902	1.0000351759242125
5.9410391620444472	0.9999977470755395
5.9450082627498055	1.0000283456112560
5.9490259851313709	0.9999971626207745
5.9530901241430749	1.0000233567314352
5.9572189042264307	0.9999952522823042
5.9615167401408877	1.0000652258706864
5.9677511873094380	0.9997589590683897
5.9729324937882851	1.0000557063200171
5.9779452267352990	0.9996853674029553
5.9816190991872897	1.0000064464729166
5.9854020078223984	1.0000317263685243
5.9892283224703400	1.0001020620204386
5.9932055820619174	1.0000691416916683
5.9974579823360141	1.0000935914065334
6.0049470928777495	0.9998929755308652
6.0100696535077889	1.0001821481364213
6.0150287515576002	0.9998370432810118
6.0196537857581864	0.9999532673820224
6.0241404635526417	0.9999906365458691
6.0316331554124956	1.0001144090493967
6.0361032522924338	1.0000700183042259
6.0405344966734065	1.0000883638328297
6.0487062447344515	0.9999691617445637
6.0594137916403499	1.0002963235530824
6.0691128377852674	0.9997505616606964
6.0750810237493544	1.0000602780236136
6.0802576183500845	0.9999249091336228
6.0842962822922280	0.9999597709535514
6.0878048910392488	0.9998566131566740
6.0912139094737228	0.9999555636416221
6.0946958873864219	0.9999034445196403
6.0983293733124446	0.9999694580188595
6.1021769451189236	0.9999522741758503
6.1063950071581656	1.0000193057810565
6.1134354485493407	0.9998452347488372
6.1184563357845114	1.0000114242369527
6.1262874382389363	0.9998968590948473
6.1311659567202517	1.0000235931669013
6.1357294235333741	1.0000147851455214
6.1434215310233009	1.0000306044799210
6.1474362896469792	0.9999305686422617
6.1515001020930065	0.9999648730314703
6.1557682391709756	0.9998971099823822
6.1611868254513293	1.0002202852814202
6.1665177633843475	0.9997112661509024
6.1709329371051025	0.9999584856769034
6.1754432724672279	0.9999596776062514
6.1801726015347942	1.0001963365078197
6.1866777060610385	0.9998584463928714
6.1910260510024182	1.0000228400563951
6.1945493662816906	0.9999342182238584
6.1979690553306748	1.0000343731586612
6.2014675152033147	0.9999672840132910
6.2050806102433675	1.0000260821408131
6.2088298315478285	0.9999847057674167
6.2127543384492174	1.0000159412747154
6.2169968027921376	0.9999524066100285
6.2239405928790354	1.0001309143019956
6.2286901330555215	1.0000220313564383
6.2328588285073216	1.0000496733644539
6.2368095043347251	0.9999921588625840
6.2406879530520678	1.0000315636914598
6.2445437017943668	0.9999825809924536
6.2483887422921791	1.0000255295066276
6.2522243817880057	0.9999769097196173
6.2560468712965003	1.0000227143148113
6.2598588089009706	0.9999729999835760
6.2636645005332259	1.0000195940123719
6.2674780153324852	0.9999725007157058
6.2713172695327764	1.0000139628918294
6.2752152926334386	0.9999781538722797
6.2792258413474489	1.0000076179858219
6.2834930876370532	0.9999415912227054
6.2903847552626573	1.0001319287554669
6.2949611331434490	1.0000092132022225
6.2988547492407259	1.0000626829471519
6.3024864082378205	0.9999765348552681
6.3060423851618568	1.0000458082636468
6.3096077284884995	0.9999748701271437
6.3132331174968481	1.0000315075421966
6.3169670593901879	0.9999859262455150
6.3208760998164015	1.0000173214170880
6.3251157371724105	0.9999539384518344
6.3320415662457608	1.0001364225420970
6.3363569181980521	1.0000022401307902
6.3400844721539507	1.0000579342909268
6.3436842642116869	0.9999746815824323
6.3473537137196363	1.0000185623593418
6.3512145401453033	0.9999793987271117
6.3554422884771773	1.0000378605913880
6.3623783114761805	0.9998550923163189
6.3669284124135750	0.9999733028379110
6.3709269619026614	0.9999436752456770
6.3747997651349779	1.0000053360465182
6.3787632095618694	0.9999885138734484
6.3830197325480453	1.0000701954945013
6.3896871553531449	0.9998714723188451
6.4026646028317202	1.0003834511615022
6.4357024511893579	0.9998821318611963
6.4425034410658810	0.9995786110980435
6.4535322892577627	1.0003155293305652
6.4572823714075005	1.0000477407236532
6.4605604584780991	1.0001449606869877
6.4638313735742594	1.0000032035690747
6.4671237742321379	1.0000881964355859
6.4704311011302496	0.9999743509069646
6.4737371548078029	1.0000658851376378
6.4770453498456888	0.9999571981502984
6.4803575954902719	1.0000502735934893
6.4837088845683306	0.9999572193870498
6.4871049809591224	1.0000391663306161
6.4905690656750243	0.9999647570664847
6.4941272352546529	1.0000276448038294
6.4978165760131938	0.9999814006822463
6.5017004959369338	1.0000162702818192
6.5059310641434642	0.9999564572580091
6.5128513204625804	1.0001441871774683
6.5172052341117430	1.0000149070383269
6.5209436632150544	1.0000758046464520
6.5244948924073940	0.9999836236475450
6.5280133245202050	1.0000540632064723
6.5315480351035333	0.9999775801088288
6.5351103677102511	1.0000440041054566
6.5386999559527768	0.9999759133796257
6.5423102593088416	1.0000388952595891
6.5459384999574501	0.9999747835427814
6.5495822274776367	1.0000346124208199
6.5532473629164283	0.9999748949922191
6.5569428937244716	1.0000278907398958
6.5606894843214505	0.9999784095338617
6.5645171960691897	1.0000156344459337
6.5684860150744946	0.9999835413791545
6.5727403650387783	1.0000465452229719
6.5797032125894273	0.9998672588499100
6.5840631511133925	0.9999988675172488
6.5877972872150794	0.9999383616127002
6.5913309347620297	1.0000336654615924
6.5948342065941414	0.9999624006847747
6.5983650391590194	1.0000376298347284
6.6019501431482643	0.9999752589140851
6.6055987712631081	1.0000321810083161
6.6093243771242696	0.9999831647889713
6.6131459382375555	1.0000201667954467
6.6171138959614284	0.9999877915774823
6.6213673570024456	1.0000498932286164
6.6283560361467027	0.9998737481950721
6.6329266115345513	0.9999885173674229
6.6369015901568646	0.9999472700414455
6.6406730075246809	1.0000155951806313
6.6444110828696008	0.9999667481524344
6.6481826429545130	1.0000151778349529
6.6520329041996291	0.9999780320685048
6.6560152142830393	1.0000067190505089
6.6602739718489294	0.9999378467464103
6.6671351303342608	1.0001211059007171
6.6717622871661781	1.0001015559863156
6.6760818729160976	1.0000867929314774
6.6804416856566355	1.0000070251048208
6.6847802409090349	0.9999438576219949
6.6931796798344463	0.9996363410342020
6.6970290909989014	0.9998269870203822
6.7009639375704850	0.9998482144545462
6.7052311585321451	0.9999327478121233
6.7129882058120032	0.9999025347250063
6.7172817334479413	1.0000195160828613
6.7216931011223551	1.0000263168299752
6.7290266105600605	1.0000817506106274
6.7323738498760424	0.9999208132936740
6.7355166814565512	1.0000729278620832
6.7386663053977358	0.9999568378200312
6.7419150535790378	1.0000688471846506
6.7453093120354835	0.9999949186544674
6.7488836293892964	1.0000535904958867
6.7527022061790047	1.0000182083999336
6.7569162776310927	1.0000743465324868
6.7639082599834897	0.9998914062525742
6.7681498467196342	1.0000215549554936
6.7718087638330973	0.9999515682068463
6.7752911862150720	1.0000490629220637
6.7787482912265586	0.9999696659175343
6.7822299146747937	1.0000489825445242
6.7857619190827849	0.9999791566666771
6.7893564333424603	1.0000407550926051
6.7930312813360469	0.9999870398554578
6.7968113090069888	1.0000263886457563
6.8007524404736550	0.9999927247302574
6.8049990081023042	1.0000524143515610
6.8116650125426750	0.9998110628520959
6.8168200544622017	1.0001508848973999
6.8218271525011103	0.9998695130566897
6.8267639314453863	1.0000034330954479
6.8331625426659768	0.9998251005206006
6.8548412535674572	1.0005472081660511
6.8619305213242434	1.0001532055907212
6.8667792995948060	1.0000740749856625
6.8710073175431816	0.9999544344089749
6.8751184705757229	0.9999123998751176
6.8792630074080616	0.9998628114715469
6.8835398249048980	0.9999857252572560
6.8881258023920022	0.9995892540148699
6.8939757200212943	1.0002089784643284
6.9099649136635310	1.0003251109252975
6.9132617522150666	1.0000651599174719
6.9176692299843934	1.0001337396053442
6.9223254956015028	0.9997468123625862
6.9260161593223302	1.0000783817714780
6.9305574691323972	0.9999931382375203
6.9352949344645420	1.0001634241428532
6.9419351306762547	0.9998799524425124
6.9467316520870597	0.9999964858195807
6.9509319274561099	0.9999822221702672
6.9552929161037298	1.0000623475403689
6.9623604260590302	0.9998240400220235
6.9665935950937925	0.9999732691097906
6.9703521353825559	0.9999408762629634
6.9741019326016040	1.0000170582730412
6.9780012142873273	1.0000026559244617
6.9822418262340937	1.0000689591374736
6.9894527575967320	0.9998959643426849
6.9940396828906808	0.9999965576444531
6.9981451618398456	0.9999713789078649
7.0021312979853167	1.0000205720277844
7.0061752937329524	1.0000070020316691
7.0104509575888931	1.0000998994996479
7.0156552821896083	0.9996748509960522
7.0249284232123754	1.0003091770900907
7.0289248717562778	1.0000798191769205
7.0322485369584129	1.0001759035391415
7.0355988712709925	1.0000503867575528
7.0390862356573969	1.0000968668502674
7.0427430106542710	1.0000295869656075
7.0466108846838775	1.0000511873360005
7.0508391737620890	0.9999897752431192
7.0592037482751042	0.9999251519213160
7.0639372855270075	0.9999402218091579
7.0683216350610385	0.9999947513085620
7.0725944225819308	0.9999811072336234
7.0769079415143690	1.0000541294779879
7.0839208179660398	0.9998303307446731
7.0891103158179414	1.0001577470914067
7.0941019712182820	0.9998412513119290
7.0989828134804061	0.9999322215520815
7.1067207571845312	0.9999403481628873
7.1115116464640451	1.0000307761223768
7.1159685097885621	0.9999759121907407
7.1206409956114074	1.0003467921407618
7.1245269235439643	1.0000244228640793
7.1280466014722395	1.0000655049078919
7.1314647972616925	0.9999463743702156
7.1350216605421330	1.0000239500034234
7.1387608818662063	1.0000329725260333
7.1427039835050561	1.0001027109289029
7.1469406406464158	1.0000398502813606
7.1525718585011937	1.0003451634086702
7.1603103458490587	0.9999440873844193
7.1721210370152724	1.0001851457827553
7.1960673595210665	0.9999989072118594
7.2009679942455955	1.0000327996337990
7.2054008465489661	1.0000246041130045
7.2098091037709207	0.9999284614115784
7.2184200915614856	1.0000777055312982
7.2219859031920874	0.9999439694015992
7.2263488526894273	1.0000136342632731
7.2324129749557660	0.9997471103980078
7.2414936551524214	1.0001511148722007
7.2459568681658251	1.0000739856698635
7.2504999682414093	1.0001271819876341
7.2574157471941625	0.9998598081998561
7.2606345921239681	1.0000745723685414
7.2637620954132878	0.9999540848564950
7.2671101523992574	1.0000441679299983
7.2707927269681099	1.0000020011256197
7.2749760655078424	1.0000530848054421
7.2820483014180075	0.9998840300844549
7.2870163884247097	1.0000181072275103
7.2946034674615685	0.9998242050000309
7.2994070243853635	0.9999523430583540
7.3034362681597811	0.9999083578780399
7.3070819015658133	1.0000112395153076
7.3105387031526448	0.9999326238161581
7.3139479452160474	1.0000315121033569
7.3174142625855882	0.9999623064534705
7.3210179163705433	1.0000177886162689
7.3248474255205114	0.9999764176679260
7.3290661770445205	1.0000199128626439
7.3362285519830071	0.9998269565185904
7.3414271985050723	1.0002867916630678
7.3455481765130672	1.0000216972436407
7.3499319418650337	0.9999408829647348
7.3542327950983601	0.9999143593697885
7.3616859801024379	1.0001196715800982
7.3660601796755989	1.0000996950576746
7.3701674273968134	1.0001080047839761
7.3743903608158652	1.0000476582863229
7.3786637328650935	1.0000542902215350
7.3858589674396509	0.9999121427326041
7.3945604968504623	1.0000830758396693
7.3990943059653320	0.9999757801956058
7.4030105608796415	1.0000045955871342
7.4069776806592129	0.9999718153700629
7.4111450064486322	1.0000017236009049
7.4154289982949271	0.9999902543886230
7.4230805040805716	1.0001551272360545
7.4264349742869067	0.9999736972201649
7.4301394272129428	1.0001014011882867
7.4338209157691661	1.0000377966527121
7.4374418072728394	1.0000692572224947
7.4411472269884635	1.0000008739275539
7.4450373471563953	1.0000200306864599
7.4492711464923334	0.9999556748823775
7.4567623843606041	1.0000531374328356
7.4620533437317063	0.9996332655914221
7.4677382636596503	1.0003009994120511
7.4714016367330673	0.9999542953892588
7.4755586994210947	1.0000530401088397
7.4794113551437142	1.0000394992561710
7.4831417393026447	1.0001028308265489
7.4868485535871745	1.0000471789425736
7.4905506478252120	1.0000993316463558
7.4942565425348171	1.0000369999619405
7.4979653697427846	1.0000858340737822
7.5016904493401233	1.0000264442854192
7.5054507056119499	1.0000684748823598
7.5092861591147368	1.0000260666304124
7.5132560410792939	1.0000562899580354
7.5175128445505175	0.9999969100797187
7.5249185376759584	1.0001153323480976
7.5320109615507267	0.9997629136576835
7.5450280490571329	0.9995190720586430
7.5527742799108371	1.0002696602101016
7.5629328014307964	0.9997460043000145
7.5850320563010731	0.9997331395876745
7.5888866650121969	0.9999161320364610
7.5924148790996790	0.9998606992749057
7.5960589961098925	0.9999387549232075
7.5999088214621091	0.9999236762619242
7.6041158596501450	0.9999937300912488
7.6110992041529002	0.9998418998174794
7.6159076509276993	0.9999353489497953
7.6202304370098242	0.9999130781960166
7.6243912981409405	0.9999599448773245
7.6285245589654131	0.9999537948609084
7.6326815637796557	1.0000031832893435
7.6369827521305913	0.9999514378127523
7.6440699219303516	1.0001259333931440
7.6481330817164013	1.0000382113575341
7.6518441947517442	1.0000739278791697
7.6556938491050142	1.0000150549477971
7.6599263520380276	1.0000520535997843
7.6671836344591879	0.9998847283334785
7.6722462410821191	1.0001265695952417
7.6776513102544550	0.9997970446275786
7.6832168445151314	1.0003342136210251
7.6883600734813600	1.0001154627622695
7.6933352726630924	1.0002241250377486
7.6988853649669160	0.9997015563538491
7.7313020597748210	1.0001240713356792
7.7360660259792482	1.0001234512549251
7.7406380968505664	1.0000225601107890
7.7483558388961447	1.0002088872708874
7.7518592195618536	1.0000017385725639
7.7550482951170734	1.0001106580615704
7.7582511751028429	0.9999758363256510
7.7615360350196809	1.0000626998127251
7.7649220880066991	0.9999731330518632
7.7684330016938379	1.0000326743513550
7.7720897552751023	0.9999790194742859
7.7759549645068429	1.0000095030403473
7.7801806878052897	0.9999461281170006
7.7871198859007036	1.0001256343271563
7.7916339019082459	1.0000063145230731
7.7955586809588553	1.0000492608245730
7.7993002710227177	0.9999778046896840
7.8030151576434683	1.0000277309951315
7.8067607293601968	0.9999754398003452
7.8105624875976272	1.0000172629744646
7.8144440470557281	0.9999812298738370
7.8184485143058682	1.0000097891552298
7.8227131920597088	0.9999420317058336
7.8289831857497187	1.0002381602172636
7.8341624034756832	0.9999107789597241
7.8391734437835003	1.0002163690962484
7.8441131004285323	1.0001127218746164
7.8513846943697025	1.0001943316318063
7.8571382945362700	0.9997378955275933
7.8672105829508103	1.0004518703220235
7.8809891923498947	1.0001995220988953
7.8884518614600845	0.9997609705425103
7.8928336775119732	0.9999310271090864
7.8964544648715496	0.9998614831131279
7.9000762475388076	0.9999407630063677
7.9038969176238183	0.9999164862418612
7.9081175567510238	0.9999838765805670
7.9152219946672133	0.9998377177427139
7.9199568635583866	0.9999440018375527
7.9244908182550562	0.9999040936863455
7.9316978467179755	1.0001194949942600
7.9360487385719560	0.9999899242980628
7.9397489036810027	1.0000581232072296
7.9432564388415097	0.9999633702881098
7.9467510259681697	1.0000355560680161
7.9503125332942401	0.9999686203141982
7.9539972333900169	1.0000151807392048
7.9578775117879221	0.9999809797155910
7.9621086374698384	1.0000409788327906
7.9686379991242360	0.9997792634601020
7.9738962292926230	1.0003365253631427
7.9771885033972687	1.0000012968978607
7.9809142452056054	1.0000287291590486
7.9847911508537637	0.9999849956739030
7.9889159828794769	1.0000216153738326
7.9931853154910870	1.0000248974152806
8.0011192871817620	1.0001615459824302
8.0044784187829237	0.9999819583271247
8.0082492053140744	1.0000933995660399
8.0124954860846120	1.0000598120839770
8.0187096821839141	1.0001670993425116
8.0303824897322862	0.9995713581547059
8.0426103067632244	0.9997081382870969
8.0467492762859063	0.9999325243858261
8.0504541171094779	0.9999224146262441
8.0541637376370847	0.9999854444082885
8.0580112066177421	0.9999602197385351
8.0619929241941772	1.0000097854550676
8.0661456113510681	0.9999683678715737
8.0701887124379468	0.9999730759211517
8.0742093381450015	0.9999714659597693
8.0783000628297952	1.0000074202147993
8.0824613901991462	1.0000017874937221
8.0867694105430168	1.0001046591677176
8.0929333622018866	0.9998354459566238
8.0973465183361935	0.9999798422941972
8.1011079297979371	0.9999261773945729
8.1049126746795324	0.9999844765375675
8.1091491040826149	0.9999515401574629
8.1165919963941349	1.0001490660603518
8.1201340116235468	0.9999803301122452
8.1235726460660800	1.0000517905073869
8.1272667040917774	0.9999924579036915
8.1314644887924050	1.0000328759355415
8.1392140021024755	0.9999768137843789
8.1484363437312304	1.0002755673944874
8.1528512285446872	1.0000199045852542
8.1563594179547430	1.0000867927280619
8.1596443485319998	0.9999488010169681
8.1630203776712591	1.0000255746798274
8.1665722471874513	0.9999654934873321
8.1703045493350341	1.0000071407349946
8.1742290393892123	0.9999759212800969
8.1784667537354121	1.0000408333635205
8.1853125426743212	0.9998620042051896
8.1902595417047852	0.9999599108754442
8.1947229753638968	0.9999402188658602
8.1990151393824942	0.9999846474263459
8.2033601479602574	0.9999150490327881
8.2089028656921936	1.0003012877365676
8.2141550619621082	0.9997937713691932
8.2181653228669855	0.9999807889558652
8.2223273106689074	1.0000021001384987
8.2266420550121495	1.0001031935637894
8.2320792343464699	0.9997946070681436
8.2418452779189373	1.0004213304444785
8.2449952133906290	1.0001137855552105
8.2484216204622420	1.0001406503824788
8.2526238526448434	1.0000332419543212
8.2594794710019812	1.0001802492197893
8.2644204839870063	1.0000769859206666
8.2688870989585777	1.0000039988946841
8.2731910040021202	0.9999625598399050
8.2774199301379330	0.9999957059914312
8.2815306263797215	0.9999582176206138
8.2855104949832921	1.0000074205942759
8.2894037724622134	0.9999648360596991
8.2932920100777849	1.0000056974532401
8.2972830537110411	0.9999756932564112
8.3015467847359297	1.0000409122421152
8.3085386961869183	0.9998659232501669
8.3129871559556623	0.9999893336452234
8.3168482985970691	0.9999421217561070
8.3205322843905485	1.0000178837665838
8.3242029325332307	0.9999640696799837
8.3279105589800384	1.0000188441918669
8.3316735209019779	0.9999722689562017
8.3354899244548513	1.0000150821482587
8.3393588461265438	0.9999759005717017
8.3432776637962007	1.0000113221637315
8.3472562868563873	0.9999806524659862
8.3513244877895243	1.0000086943513542
8.3556066320156717	0.9999393259527992
8.3623787565463275	1.0001454201367936
8.3668183897770732	1.0000106057690439
8.3705610308755638	1.0000743383391777
8.3741260848699355	0.9999891449867857
8.3777536583896097	1.0000407511608718
8.3815861957831235	1.0000035455262242
8.3858075269511918	1.0000639717576632
8.3927350701316481	0.9998817202269337
8.3974508451171843	0.9999847898697293
8.4017176855989124	0.9999632121239374
8.4060743464256777	1.0000517606792094
8.4122152761800617	0.9997819314092300
8.4527625738481564	0.9998276517390806
8.4581183794791439	0.9999528772915521
8.4628064127220881	0.9999215816853699
8.4676660017725798	1.0003197088890146
8.4752600134281391	0.9997043189845768
8.4838812599614073	0.9994631156383982
8.4871195749885970	0.9998205794647756
8.4915298994872455	0.9997747721668671
8.4962033813960289	1.0000298009490913
8.5011795611155776	0.9996443761531342
8.5088219169636208	1.0002005269625716
8.5137070136607296	1.0000295305009732
8.5174429566845689	1.0001020208144540
8.5210816005940355	1.0000223938729191
8.5248958782999473	1.0000484004212122
8.5291203136339782	0.9999818491824487
8.5360405694752046	1.0001647212133729
8.5404970928399866	1.0000398803689587
8.5443971094747884	1.0000779778050810
8.5481956193462896	1.0000161877585969
8.5521124971996194	1.0000424665831074
8.5563582893779628	0.9999759330860833
8.5633569089913895	1.0001462609057166
8.5679999079500000	1.0000390048813117
8.5720911400124074	1.0000684249506657
8.5760070160543442	1.0000086203296230
8.5798993165844273	1.0000363656090960
8.5838274078113646	0.9999893531931840
8.5877949801498339	1.0000081891386099
8.5917917136314887	0.9999587861425544
8.5958023313629859	0.9999802306040912
8.5998373482968891	0.9999436678787343
8.6039393980299508	0.9999661721085537
8.6082303091737682	0.9998865843920433
8.6135031921522760	1.0003251629510892
8.6187293411762305	0.9998730330714712
8.6231731230455022	0.9999773920130154
8.6276175911387707	0.9998163394772770
8.6319322880218810	0.9999815849715701
8.6356744171370465	0.9999525706012626
8.6390521585175293	1.0000850931760472
8.6423406567853593	0.9999841440894031
8.6456630410688273	1.0000796900786975
8.6490658536865599	0.9999905561255747
8.6525446436496090	1.0000598851441089
8.6560878056250701	0.9999847449252931
8.6596758793713864	1.0000445135116047
8.6632966494917358	0.9999770617290814
8.6669392609023568	1.0000342239845790
8.6706016036695335	0.9999719376587118
8.6742831185150582	1.0000265317618617
8.6779904117718729	0.9999704154616598
8.6817310651748727	1.0000189593612430
8.6855216598395604	0.9999730437657638
8.6893867123071065	1.0000084787362720
8.6933798369956818	0.9999776872990976
8.6976406682327596	1.0000425330351903
8.7045968723134735	0.9998644383134269
8.7092645478343069	0.9999779309898399
8.7133493064900858	0.9999478763304080
8.7172692050691705	1.0000021521888267
8.7212555401187046	0.9999766519366476
8.7255195588987746	1.0000452819044832
8.7323671078834249	0.9998475413642061
8.7365218799316917	0.9999957370334678
8.7400661129069555	0.9999181835151958
8.7434733516384995	1.0000257134320676
8.7469107759022826	0.9999520425036180
8.7504278743308017	1.0000275571810622
8.7540501130754400	0.9999769658059280
8.7577965122004944	1.0000263809486065
8.7617195745628234	1.0000042866218790
8.7659602801079508	1.0000817519333114
8.7713916076412808	0.9996667213770378
8.7766252354466339	1.0002073124233770
8.7798124471944377	0.9999015310560037
8.7830757415118690	1.0000264522606646
8.7864436985307623	0.9999250880641863
8.7899632931203637	0.9999919231142406
8.7936283589020867	0.9999537758376702
8.7974293088057429	1.0000079604920791
8.8013521792330938	0.9999927692865364
8.8053869422538629	1.0000439665887362
8.8095688693685066	0.9999955139805508
8.8134962595977857	1.0000233794481528
8.8171062133696303	0.9999403187653892
8.8204901310029715	1.0000512303476574
8.8237987155316606	0.9999554371568469
8.8271675710084647	1.0000467105771875
8.8306975628804221	0.9999874357265969
8.8344823946889584	1.0000229608131814
8.8386913180130389	0.9999592707983115
8.8453710168162711	1.0001756269604194
8.8493092585895141	1.0000104217280592
8.8526535437186151	1.0001128974466227
8.8558808094957779	0.9999801320211719
8.8591285311718941	1.0000821491221470
8.8624297464108874	0.9999773970599259
8.8657876548712213	1.0000665367325456
8.8692001324308176	0.9999796589730406
8.8726637376713935	1.0000565575877889
8.8761817702562578	0.9999833513455486
8.8797604863046544	1.0000455072015426
8.8834177662201519	0.9999890506862524
8.8871816932653420	1.0000287723066479
8.8911123622747699	0.9999944569159666
8.8953561198449194	1.0000544299821335
8.9023334113175014	0.9998742889526060
8.9073431846970426	1.0000392204203088
8.9141282061305276	0.9997689793354857
8.9186736645048335	0.9999509572191999
8.9223652768851007	0.9998974452963961
8.9258796483337566	1.0000066768196891
8.9294084019223767	0.9999527208498437
8.9329901220192554	1.0000314288029988
8.9366464075414829	0.9999872289482645
8.9404067464175245	1.0000371823531933
8.9443350540782660	1.0000103416763853
8.9485779321682131	1.0000761449324942
8.9553831813342324	0.9998699593749482
8.9594577813004257	1.0000209213771234
8.9629172908929462	0.9999289968109996
8.9662361980936272	1.0000455562264781
8.9695744546826504	0.9999536791816779
8.9729736542362275	1.0000410669619815
8.9764467642158507	0.9999652340003869
8.9799900995541790	1.0000324021261238
8.9836025664401316	0.9999709671821823
8.9872814809819612	1.0000236488462835
8.9910342234935676	0.9999765769204160
8.9948772450356085	1.0000132440574325
8.9988586873804692	0.9999829670946520
9.0031158712129713	1.0000482649712397
9.0097853620331314	0.9998189174749675
9.0255351096556211	0.9995643955960908
9.0286686352168886	0.9998811847908277
9.0316981548380895	0.9997636009534792
9.0348603785755390	0.9999251453249921
9.0382123574655253	0.9998738138148913
9.0417622720385129	0.9999632874081217
9.0455056610708073	0.9999425983014042
9.0493627718375969	0.9999766603931561
9.0533041330459536	0.9999466813431191
9.0572917739174965	0.9999881590206648
9.0613081469893118	0.9999664850329363
9.0653554432978307	1.0000067565657547
9.0694682807275289	0.9999919747724275
9.0737614816827037	1.0000797351105084
9.0803104432255157	0.9998693367764078
9.0917514568568407	1.0004152163732760
9.0977806222714435	0.9998221702311143
9.1012862845654414	1.0000857075118816
9.1057012691411234	1.0000673052430626
9.1099862035158630	1.0000117869058660
9.1139725792292889	0.9999247817005106
9.1176264314291089	1.0000020457359486
9.1210743450740956	0.9999109353301776
9.1244645363486416	1.0000093392062577
9.1278877679949062	0.9999341123895163
9.1314010841522766	1.0000100557361269
9.1350541714105695	0.9999669312579664
9.1389154371272756	1.0000060330817004
9.1431424046238483	0.9999482149443119
9.1498230576407700	1.0001762818865720
9.1584369016607372	0.9999186034113031
9.1621556160020088	1.0000657688536938
9.1654229847079005	0.9999283545081097
9.1685786268745328	1.0000652403246981
9.1717331307501144	0.9999387458137272
9.1749336351285979	1.0000511999004940
9.1782088082490851	0.9999452173036653
9.1815656273100270	1.0000300736850605
9.1850032210940125	0.9999438900828477
9.1885090926562114	1.0000101854589365
9.1920733254405764	0.9999372801849264
9.1956860271961300	0.9999936473872583
9.1993490898172041	0.9999326615503675
9.2030728833312487	0.9999784264134937
9.2068871353059212	0.9999366823126584
9.2108469383451794	0.9999662268679262
9.2150999622127383	0.9999020860616898
9.2213180678749413	1.0002162197502877
9.2265857373254718	0.9996708095926993
9.2299881099667900	0.9999764691413737
9.2338943091343868	0.9999293227547125
9.2381487207215436	0.9999752572450681
9.2423756208435410	0.9999352564676190
9.2469669463285378	1.0002478552186020
9.2517103150082551	0.9999612123299129
9.2564987170994470	0.9999864958816557
9.2642850117853328	0.9997489094951872
9.2674413015433732	1.0000053239824815
9.2705994738979260	0.9999017796907176
9.2738348636110235	1.0000412515426020
9.2771358449713457	0.9999562865374325
9.2804927497904455	1.0000566058160349
9.2839248228701976	0.9999806965656997
9.2874539720852116	1.0000481099831509
9.2911224791987621	0.9999995582509121
9.2949927323183275	1.0000334965931783
9.2992224262300986	0.9999748226064973
9.3063082077453014	1.0001402438646894
9.3108082064927427	1.0000233640388223
9.3148674152247590	1.0000411311910327
9.3189010482215906	0.9999917834906105
9.3231749144347980	1.0000639189367366
9.3286575884185687	0.9997018131276986
9.3387923453333439	1.0002594952184358
9.3442083360714747	1.0000349219953217
9.3483608743528581	1.0000577059579767
9.3519968487484260	0.9999754940843002
9.3555561651303716	1.0000496766113769
9.3592058870777244	1.0000041434148508
9.3630591037541500	1.0000416898333702
9.3672848037576859	0.9999765604323254
9.3741247642231951	1.0001471436240315
9.3797081532285915	0.9996589639990325
9.3901616514595965	1.0004533236487472
9.4123379875670565	0.9999656013132252
9.4162416217531195	0.9999055872731375
9.4197579211877169	1.0000196142362137
9.4232609663272555	0.9999577540279780
9.4268439268469315	1.0000287528916119
9.4305278337936205	0.9999822513399159
9.4343079130664584	1.0000264128473604
9.4381895739742223	0.9999917898723129
9.4421983988759344	1.0000192966120718
9.4464635173898390	0.9999506618519513
9.4533868559634655	1.0001285573535754
9.4582584972125545	1.0000202084125887
9.4625314776808853	1.0000454138941119
9.4665496227473476	0.9999908532971066
9.4704707600693769	1.0000295253037668
9.4743715499677847	0.9999871507977872
9.4783049416869485	1.0000209212542090
9.4823363141650514	0.9999919551885880
9.4866084353963043	1.0000600581214953
9.4935262846292723	0.9998788053266428
9.4984795382372909	0.9999869870061384
9.5030719933928367	0.9999368716276512
9.5106497965826264	1.0001050040046429
9.5154659359105747	1.0000644151713953
9.5218461280002415	1.0002487547071839
9.5269275398917319	1.0000149531170204
9.5355952610253407	1.0001949654465829
9.5411325247356338	0.9998652615067654
9.5463093825064167	1.0002593430495401
9.5505481243452319	1.0000688647304228
9.5545531983700229	1.0000392073150535
9.5583757885756651	0.9999575179890949
9.5621162023341881	1.0000037535484276
9.5658411325989015	0.9999495705210469
9.5696274378423247	0.9999955418384879
9.5735634978673421	0.9999696407642632
9.5778102783633567	1.0000416062078328
9.5848180996178733	0.9998896920377860
9.5895926826567823	0.9998690605456120
9.5940921812732913	0.9997749922322412
9.6002547180285660	1.0001384105890105
9.6157820854996903	0.9994820281152031
9.6211818935609479	0.9999166537331053
9.6249379810529607	0.9999153904901573
9.6285078036731111	1.0000627106472821
9.6322974592563533	1.0000636619811742
9.6365191562111949	1.0001118730134444
9.6441802296327310	0.9999089855794006
9.6491455874948127	0.9999851563325066
9.6565270365818030	0.9997677610328283
9.6616670624419445	0.9999226567475578
9.6661067562241616	0.9999114972371441
9.6704911687569943	0.9999789762760926
9.6747805888581393	0.9999497557514578
9.6793783906409114	1.0003627201463208
9.6827485965424280	0.9999710007053667
9.6859672698451096	1.0000779853995945
9.6895684267149864	0.9999983265426490
9.6934247419524961	1.0000032742195146
9.6974393054289099	0.9999665251076841
9.7015261316382926	0.9999862534148539
9.7056425822696379	0.9999579882809954
9.7098038945805136	0.9999864497199948
9.7141124805184447	0.9999159867865102
9.7210362119677853	1.0000971601976367
9.7258672995903019	0.9999886104015199
9.7300666410068306	1.0000187245869960
9.7340441040860473	0.9999667651158434
9.7379885124596175	0.9999937191057158
9.7420052793773859	0.9999506448378337
9.7462547361827259	0.9999908658919614
9.7505123832472531	0.9999897173085347
9.7570079747437433	1.0001835905834842
9.7601666957105273	0.9999420049597004
9.7629872103001798	1.0001239975953147
9.7658708810571149	0.9999406656846065
9.7689204541931201	1.0000635276141392
9.7721509012725569	0.9999542241261906
9.7755512070893715	1.0000276566257420
9.7791102079260561	0.9999642247192704
9.7828246691269598	1.0000068214942026
9.7867323993296100	0.9999777850106993
9.7909679389973849	1.0000500590746757
9.7969452491553888	0.9997272498175483
9.8033831997688079	1.0002148236312567
9.8310659952562407	1.0001423493108086
9.8386868395307854	0.9997583069737597
9.8441873956563946	0.9999810230127804
9.8482818221471629	0.9999498897321966
9.8522055334196299	1.0000289225739027
9.8564684016785726	0.9999949925739603
9.8630818689352662	1.0002513594277500
9.8682117107342879	0.9999490061515739
9.8731877147373002	1.0002973357030458
9.8770683173416316	1.0000050622375714
9.8816065118321568	1.0001873458147901
9.8852596763948082	0.9999069472704472
9.8893126644764600	0.9999294360907558
9.8935332139683165	0.9999373194072514
9.8977034955310295	0.9999492167745023
9.9016623927722058	0.9999252155642872
9.9055197577217360	0.9999834375377784
9.9094799467799941	0.9999678035981828
9.9137336445713888	1.0000641721417269
9.9202731844744072	0.9999038249098463
9.9300616838518074	1.0002690751937033
9.9354454040659732	0.9998105711865956
9.9390596242206382	1.0000383355239177
9.9425270395323793	0.9999757705142845
9.9461342299024196	1.0000656169951758
9.9499320417752095	1.0000566041155243
9.9538149975721453	1.0000940851858371
9.9576301565729732	1.0000215518785118
9.9612543376024298	1.0000845883338025
9.9647659350870246	0.9999937251269508
9.9683356869353350	1.0000456018248181
9.9721317925198321	1.0000024065876973
9.9763449560450610	1.0000594589961624
9.9830643220366664	0.9998397368628972
9.9875845974842914	0.9999549996622051
9.9916903730826832	0.9999369237841270
9.9960153877467146	1.0000180100498453
