0.0000000000000000	0.0000000000000000
1.3557622176954303	0.0010000000000000
1.3758986635020023	0.0015123800323981
1.3870004195761438	0.0016029034305909
1.3904563168018107	0.0021596925535548
1.3942080889165653	0.0024543820165807
1.3987889890276335	0.0029703948320366
1.4065695453369222	0.0037022189622772
1.4106254500670352	0.0044788980875631
1.4146603943356870	0.0051962767553286
1.4192596499503174	0.0062436847753068
1.4268165817482226	0.0080495978565089
1.4347464606842348	0.0110043839593785
1.4393478575641183	0.0126931589685061
1.4429893991713718	0.0144723662122747
1.4465342892080357	0.0162289662490912
1.4501484199379524	0.0184309133623847
1.4538828131801773	0.0208533322383476
1.4576804654831157	0.0237678812025646
1.4615743150435940	0.0270416875175120
1.4654811530242944	0.0308672354723647
1.4694592978353820	0.0351884282230994
1.4734184279978455	0.0401548623202506
1.4774445849717150	0.0457883525149625
1.4814363407448996	0.0521951450343030
1.4855034327063643	0.0594934491091326
1.4895284535575259	0.0677270111462255
1.4936400981277398	0.0771336777125713
1.4977035105955139	0.0876660142052163
1.5018590449313785	0.0996915467824390
1.5059591517585826	0.1130456656785785
1.5101421042773335	0.1281906153391379
1.5142623978119625	0.1448490430248719
1.5184335868650629	0.1634554422855473
1.5225404220742618	0.1837094037827423
1.5266439728525585	0.2057939367708914
1.5306987569265944	0.2296245909367546
1.5346894801438247	0.2548672482060458
1.5386768986547654	0.2820202280894650
1.5425518439140127	0.3099874523554914
1.5464968108569326	0.3401705270836585
1.5502957386682046	0.3704950394258421
1.5542454981127192	0.4033747577348212
1.5580242115747751	0.4356652843722802
1.5620239554602839	0.4706866600816538
1.5658471285056299	0.5044658079034551
1.5699617883513459	0.5409976008269005
1.5739530606810432	0.5760979310226371
1.5783689716691411	0.6142458447481834
1.5829191841022496	0.6522556733403276
1.6025750020141540	0.7930885319885851
1.6072547140322408	0.8199017289778840
1.6138852397685024	0.8531667306012768
1.6238710433529084	0.8941746420735397
1.6305333736232737	0.9150338735533368
1.6446269095889485	0.9484319084138688
1.6476505589506063	0.9534037955450382
1.6507324159491890	0.9583599778252758
1.6541499136636888	0.9630718966432172
1.6578651597326046	0.9677314372751357
1.6621152022343260	0.9722834195225029
1.6688812018308454	0.9784829925701566
1.6734081396821106	0.9816841149507118
1.6774331404948690	0.9842373474407566
1.6814506214132687	0.9863675822572142
1.6856924334384622	0.9883981212302191
1.6899661620469744	0.9900771274381744
1.6945624349398800	0.9920455046803303
1.6978218805501966	0.9925725156725228
1.7010729989813653	0.9935294209407192
1.7042000450112245	0.9940664408006809
1.7073470997799156	0.9948211481069390
1.7105934863755901	0.9952986069827924
1.7139568297372689	0.9959255293302602
1.7174593323987586	0.9963574462361870
1.7211148642513645	0.9968658054698730
1.7249864114408529	0.9972573614792486
1.7292145155467917	0.9977176040337981
1.7361999689624350	0.9980699365496223
1.7405413996712387	0.9984671959986241
1.7443461137863396	0.9986236951040294
1.7480729162329292	0.9988618092080145
1.7519516340669259	0.9989895155374312
1.7561863015195236	0.9992000000998673
1.7629476348176554	0.9991701983056064
1.7664834690185354	0.9994535311336511
1.7695319950202073	0.9993719123182976
1.7725280242070973	0.9995950905752704
1.7755866038307639	0.9995155533079437
1.7787290589292106	0.9996883862814623
1.7819638649814913	0.9996260379083814
1.7852903343977979	0.9997589651709061
1.7887170983557630	0.9997150636191561
1.7922556604135789	0.9998109861404535
1.7959365226821107	0.9997917320949706
1.7998162347109024	0.9998501204686884
1.8040479108725103	0.9998118600120389
1.8109388161636817	1.0000314936434382
1.8153437439978461	0.9999183247900535
1.8191095579363503	0.9999897307617841
1.8226615593933313	0.9999055068668925
1.8261604688514470	0.9999879684038629
1.8296625940656106	0.9999147057893383
1.8331889686905321	0.9999919314103789
1.8367499443968971	0.9999281448903038
1.8403516207016177	0.9999957897313997
1.8440045033944701	0.9999427295834494
1.8477224367423428	0.9999959692445298
1.8515342579212837	0.9999598518751874
1.8554931251793545	0.9999932262843333
1.8597457427833441	0.9999309560989311
1.8666700991561749	1.0001159585148340
1.8714296863541289	1.0000080566758409
1.8756119666405346	1.0000349207794865
1.8796168605034806	0.9999868741791558
1.8836556940275346	1.0000129476986217
1.8879348823729036	0.9999441104220900
1.8951687739125049	1.0000700611221893
1.8998545324345932	0.9999673772651098
1.9038676727258690	1.0000051514984838
1.9076314695313235	0.9999700952420228
1.9112565035553020	1.0000599211362018
1.9147796803690529	0.9999936001405053
1.9182582614097807	1.0000789463685307
1.9217354515950100	0.9999998001475388
1.9252437122914172	1.0000711287998783
1.9287981016502265	0.9999980745991647
1.9323922577216872	1.0000577542171005
1.9360162637355049	0.9999894084743626
1.9396519834989145	1.0000472313089706
1.9432872539434458	0.9999787309118404
1.9469120115785374	1.0000399204402299
1.9505287257413935	0.9999709010012864
1.9541461360822048	1.0000323598738377
1.9577855960966524	0.9999698069051818
1.9614742854854692	1.0000208639243626
1.9652548439418462	0.9999775410129529
1.9691918963966080	1.0000075468309455
1.9734391194959677	0.9999425841301295
1.9803289436121976	1.0001308293737181
1.9847772437952989	1.0000017735969753
1.9885629297076568	1.0000613356949397
1.9921127708473885	0.9999661170603100
1.9955935792328030	1.0000437905592938
1.9990664221500491	0.9999593861286200
2.0025543598593663	1.0000358489112642
2.0060678581203089	0.9999607747024334
2.0096097401425270	1.0000317826052705
2.0131828959149187	0.9999646758998144
2.0167859019824514	1.0000296230521315
2.0204191877388755	0.9999690428196242
2.0240790390602883	1.0000287758770219
2.0277640741976235	0.9999729182206196
2.0314689476280736	1.0000289541963461
2.0351912423562464	0.9999758472058887
2.0389250755363797	1.0000297691437918
2.0426682537407510	0.9999777082903805
2.0464156771319701	1.0000307001081934
2.0501665246286951	0.9999786049224442
2.0539173288035881	1.0000312407341638
2.0576690914362374	0.9999787628350583
2.0614201357484854	1.0000310182851881
2.0651733199261426	0.9999785171896420
2.0689289922587406	1.0000297258276281
2.0726925987365310	0.9999784664533613
2.0764681462933132	1.0000268181044176
2.0802667416015082	0.9999798402957616
2.0841016979508820	1.0000209026301914
2.0880009546053908	0.9999849147234827
2.0920136763070007	1.0000131976240965
2.0962812460729405	0.9999453128750910
2.1031666085996292	1.0001322542700888
2.1077880750410523	1.0000088486410765
2.1117191964031012	1.0000589453227080
2.1153663671594130	0.9999711719267308
2.1189088377471945	1.0000435086003272
2.1224246661031816	0.9999631543208464
2.1259540455372488	1.0000337207590433
2.1295264967032641	0.9999669382030697
2.1331687833772137	1.0000223743526664
2.1369193469817196	0.9999786560713265
2.1408394741263979	1.0000099944938290
2.1450818706478851	0.9999463312410587
2.1520349024966161	1.0001231165565705
2.1570318336708971	0.9999714534422091
2.1645050266142078	1.0001638174776935
2.1694977900854804	1.0000285254620591
2.1737744681926165	1.0000461762493669
2.1778888729425439	0.9999990043816431
2.1821992175107110	1.0000583756472430
2.1891698557823287	0.9998671806251177
2.1938077298713163	0.9999826068270599
2.1978563296513181	0.9999499631726890
2.2017525897358126	1.0000048613862298
2.2057259116821317	0.9999786762500844
2.2099861097795506	1.0000464036265413
2.2169167852946154	0.9998633090132439
2.2214769856404524	0.9999839483356406
2.2254318771023538	0.9999436381889524
2.2292079665681461	1.0000108025238963
2.2330043912462743	0.9999731239535624
2.2369381707387519	1.0000085764349429
2.2411864502846464	0.9999468732991613
2.2481477425120318	1.0001248007506331
2.2530084281249354	1.0000237327106263
2.2575728944153708	1.0000794375353748
2.2647355025980724	0.9998696890970914
2.2696232917142969	0.9999776517833701
2.2739741957793833	0.9999617458488437
2.2783618377104600	1.0000427180225986
2.2854241890951599	0.9998653284355152
2.2904576592329380	1.0000227600500622
2.2979750787464193	0.9998321517544949
2.3029713662863087	0.9999682740798392
2.3072510677637506	0.9999512837326290
2.3113655265579776	0.9999986983080125
2.3156771713759126	0.9999395042314404
2.3226289752481115	1.0001338326101059
2.3271842644136056	1.0000118816637900
2.3311019836098517	1.0000578295229541
2.3348159391674161	0.9999830033840909
2.3385117920274427	1.0000323723022722
2.3422824417901307	0.9999854883423788
2.3462102802071727	1.0000149983096960
2.3504552459531278	0.9999500431786837
2.3572882347668349	1.0001488194231891
2.3614211567447381	0.9999956590573782
2.3648652063440019	1.0000929950560979
2.3680843309419726	0.9999529844472165
2.3712396441375017	1.0000751256988685
2.3743846367984722	0.9999427303630776
2.3775370086898082	1.0000657541549762
2.3807045949320860	0.9999411815774660
2.3838888534434708	1.0000602112886279
2.3870928718839282	0.9999426650917370
2.3903164080064827	1.0000560264758991
2.3935625001127363	0.9999454753357143
2.3968312042377264	1.0000520655007026
2.4001262727514319	0.9999491431384622
2.4034487228074948	1.0000477173908149
2.4068036425790331	0.9999537317206704
2.4101939362742719	1.0000424360280873
2.4136273618260655	0.9999597117130443
2.4171108690061085	1.0000353773962896
2.4206585038496433	0.9999682046826339
2.4242877296876792	1.0000248477904292
2.4280318546341531	0.9999811876290486
2.4319488835431491	1.0000126253945048
2.4361903042232109	0.9999489870558859
2.4431439186815003	1.0001252809103320
2.4480081281954673	1.0000239245319993
2.4525733703021362	1.0000797431474273
2.4596422901561499	0.9998539520368798
2.4639921885838110	0.9999991240487222
2.4675857393637384	0.9999156776275301
2.4709174198582780	1.0000404197222550
2.4741705950678532	0.9999317946993952
2.4774032495276574	1.0000505331150336
2.4806391771878533	0.9999397035995100
2.4838834606676361	1.0000525271878016
2.4871406813544521	0.9999439361142770
2.4904098927922136	1.0000519495908007
2.4936933668954993	0.9999467462467089
2.4969897838451680	1.0000504224796010
2.5003013866288653	0.9999491266591639
2.5036272437359073	1.0000484161156684
2.5069700316836889	0.9999515477427519
2.5103294761181916	1.0000459782060445
2.5137090230185795	0.9999543273118597
2.5171094601110120	1.0000429383462743
2.5205355920370351	0.9999578240689869
2.5239901267509546	1.0000389064607953
2.5274805526685422	0.9999626214178815
2.5310135786673507	1.0000330891661240
2.5346029637047667	0.9999698869821100
2.5382657545061291	1.0000238011786828
2.5420346820807151	0.9999816631252747
2.5459667345708237	1.0000126707028172
2.5502121934523410	0.9999484914918209
2.5570879909594195	1.0001392300555700
2.5614841421298373	1.0000057158581366
2.5651962533253734	1.0000737200737593
2.5686560418387447	0.9999660153976960
2.5720289234700884	1.0000583821901765
2.5753739595422878	0.9999552680255528
2.5787122790927044	1.0000519766937033
2.5820531441947248	0.9999524787137203
2.5853986746089088	1.0000489379331186
2.5887520157315769	0.9999523263348313
2.5921129261508153	1.0000469835270123
2.5954841850562573	0.9999532829323664
2.5988656596741873	1.0000451463871034
2.6022606767339420	0.9999549608311719
2.6056698392251563	1.0000429331220571
2.6090974891022056	0.9999574117882779
2.6125455893901877	1.0000399307856487
2.6160203445023580	0.9999609756719687
2.6195263643252011	1.0000355474554725
2.6230738181906861	0.9999664121309330
2.6266734373383009	1.0000286286776900
2.6303457139510740	0.9999753774659751
2.6341200396753353	1.0000171495442465
2.6380567836162729	0.9999862397006061
2.6423022625384194	1.0000505298833438
2.6492084491862751	0.9998651373533233
2.6537731791036210	0.9999862110825211
2.6577040331733408	0.9999405793376207
2.6614108009432416	1.0000177784245536
2.6650729895470273	0.9999626077916820
2.6687671274291986	1.0000191761145285
2.6725507090899199	0.9999793110689554
2.6764891965433528	1.0000113995518718
2.6807368149767030	0.9999476996312501
2.6876204892666702	1.0001376104863378
2.6920621589510247	1.0000073562828027
2.6958267654056671	1.0000700092484029
2.6993401710088341	0.9999690744924089
2.7027683749358546	1.0000541542861261
2.7061717399076954	0.9999591928515725
2.7095725061628886	1.0000472820856496
2.7129807213977011	0.9999572131669645
2.7163992272055331	1.0000436162976065
2.7198318118956308	0.9999579170650724
2.7232790655633030	1.0000408402778191
2.7267447755760119	0.9999598957259137
2.7302303013804963	1.0000378643650845
2.7337411124471189	0.9999630064561068
2.7372810437956265	1.0000338553044323
2.7408594814714577	0.9999678575364934
2.7444863359682672	1.0000275551967097
2.7481812760794284	0.9999760882534646
2.7519727669994722	1.0000168365690332
2.7559200749968524	0.9999862170023274
2.7601683921422011	1.0000508922692228
2.7670937048855984	0.9998692487723208
2.7718048942429050	0.9999808924164354
2.7759391673450149	0.9999532436461082
2.7799037050248430	1.0000044893170359
2.7839189308956498	0.9999791187371750
2.7881904345949611	1.0000481572670537
2.7951222951965509	0.9998656484195088
2.7997811744297869	0.9999829818893592
2.8038180137030841	0.9999459546072873
2.8076336470769991	1.0000128458770043
2.8114122904318228	0.9999692499766355
2.8152420739631174	1.0000126175174953
2.8192070605406894	0.9999839595300244
2.8234608693913401	1.0000501138304156
2.8303891446641662	0.9998691260986224
2.8351195021446172	0.9999804595506784
2.8392720097165913	0.9999537246032690
2.8432503846272699	1.0000043561792995
2.8472740112749793	0.9999791422738259
2.8515478248882755	1.0000484561605130
2.8584720154173859	0.9998645815436731
2.8630995822965142	0.9999848872855137
2.8670774729014603	0.9999412818626020
2.8708021285485206	1.0000192654032600
2.8744447896277197	0.9999587222789798
2.8780692916427917	1.0000265960910404
2.8817098761869211	0.9999675682403166
2.8853848151243024	1.0000245308129636
2.8891173071884175	0.9999763496693000
2.8929362498490199	1.0000159463448892
2.8969002923103324	0.9999859453954862
2.9011531659704066	1.0000513367724273
2.9080408926529655	0.9998629168819312
2.9125517800682617	0.9999901411892277
2.9163766761334857	0.9999314590759545
2.9199258539414803	1.0000295609129335
2.9233703256619963	0.9999447681032611
2.9267703382834425	1.0000411962981479
2.9301540762501994	0.9999496353636423
2.9335310784401925	1.0000444970008777
2.9369098168224892	0.9999521144863510
2.9402933261256941	1.0000445220913414
2.9436876716745277	0.9999544280915790
2.9470956851556882	1.0000426685026371
2.9505239746724454	0.9999575565299449
2.9539767809518591	1.0000391398732340
2.9574629348000889	0.9999622242469517
2.9609902869155191	1.0000334224392706
2.9645735737207146	0.9999695747462388
2.9682306661750189	1.0000239998367646
2.9719949911088097	0.9999815632888628
2.9759241423779836	1.0000126602193762
2.9801688418120365	0.9999485870123807
2.9870750815361222	1.0001336681496362
2.9916463579362942	1.0000134013733690
2.9955930142820173	1.0000566099374888
2.9993334764839346	0.9999839236172077
3.0030502832140784	1.0000317253887827
3.0068359535452793	0.9999857223721087
3.0107727301728060	1.0000150038226572
3.0150201335252413	0.9999497389390580
3.0219358600276425	1.0001329585231529
3.0265473554217794	1.0000153472967159
3.0305525143413403	1.0000526942679437
3.0343706435207154	0.9999886136808390
3.0381956310405105	1.0000249031250981
3.0421478130624875	0.9999900726754881
3.0463998101700129	1.0000524865196523
3.0533506611812067	0.9998724723811553
3.0581502027752521	0.9999762996918834
3.0624757541114054	0.9999615279927639
3.0668538401220546	1.0000426096792827
3.0738748972621588	0.9998606344549281
3.0785863851026156	0.9999789325198690
3.0826909494223287	0.9999502014895798
3.0866251350578375	1.0000040235938294
3.0906202910707630	0.9999785679441104
3.0948865070383911	1.0000471227969745
3.1017956987172464	0.9998601386216204
3.1062641868862277	0.9999891823815776
3.1100695318029734	0.9999317492182463
3.1136362199009078	1.0000253496521441
3.1171382891070585	0.9999510218047925
3.1206387825812887	1.0000316701082006
3.1241713724995743	0.9999625279209123
3.1277546037210779	1.0000277217003879
3.1314125881626396	0.9999739805822554
3.1351758929355644	1.0000168464737706
3.1391058837830523	0.9999859768260559
3.1433495364616051	1.0000501500051511
3.1502945161651845	0.9998720337157112
3.1550948367593956	0.9999760095461606
3.1594220006303133	0.9999614126989971
3.1638004335738370	1.0000426313159936
3.1707860830342058	0.9998543487123127
3.1752881384372746	0.9999874105197505
3.1790974024929297	0.9999299621937445
3.1826565948235825	1.0000254524766792
3.1861472257937717	0.9999498312595350
3.1896351904959017	1.0000321613226204
3.1931555662762530	0.9999617680965237
3.1967276940423552	1.0000281167781337
3.2003762931637527	0.9999736250981194
3.2041324429106464	1.0000169612983718
3.2080580362323592	0.9999859747187727
3.2123005186838309	1.0000499942926468
3.2192561613160020	0.9998738236680413
3.2241234824105818	0.9999752356949607
3.2286912533837615	0.9999194644841869
3.2358653123044663	1.0001273103934751
3.2408322809655838	1.0000220030360549
3.2454303187979492	1.0000796162474375
3.2525552525475856	0.9998585055286171
3.2570877166687064	0.9999922575474365
3.2608777087260812	0.9999294203329664
3.2644019544025062	1.0000289828837932
3.2678512617136373	0.9999474280176883
3.2712929891812124	1.0000356521596161
3.2747602236601940	0.9999581581528194
3.2782683972031945	1.0000327162689491
3.2818352775392681	0.9999680146439544
3.2854792856895614	1.0000238930673586
3.2892341550241007	0.9999811261405435
3.2931576062695540	1.0000125157807596
3.2974007692396827	0.9999487241084390
3.3043432844176475	1.0001270898672487
3.3091383887184027	1.0000229107504002
3.3134593093758062	1.0000375834032398
3.3178374011239402	0.9999564868849363
3.3248557133573313	1.0001386105873689
3.3295630030025878	1.0000199421610121
3.3336606961382378	1.0000489733858513
3.3375914273693490	0.9999948966927363
3.3415830198095033	1.0000203867929578
3.3458495087528863	0.9999518647044806
3.3527592281606484	1.0001383250813225
3.3572475210248838	1.0000103286683066
3.3610713184350223	1.0000662159441107
3.3646531308114001	0.9999736706949343
3.3681586991938586	1.0000485455472610
3.3716482947055626	0.9999650038378481
3.3751438925742527	1.0000407200831321
3.3786550124421910	0.9999639003443570
3.3821838224651035	1.0000364622783267
3.3857334855829673	0.9999651867003266
3.3893040354813575	1.0000332947309742
3.3928991454793853	0.9999675836477117
3.3965205574451813	1.0000299192697151
3.4001753903665275	0.9999713023570261
3.4038710269506516	1.0000249374603176
3.4076244562343319	0.9999778730914394
3.4114610689377995	1.0000160557726194
3.4154365157820790	0.9999861664038557
3.4196924287461479	1.0000518736014119
3.4266352203513586	0.9998739388166430
3.4315442547088661	0.9999759168553600
3.4361229030507419	0.9999180667422081
3.4432309402643719	1.0001358120591495
3.4479664326112163	1.0000132635049059
3.4519847001805255	1.0000569377425230
3.4557472219445149	0.9999845832928276
3.4594633682058245	1.0000343042364270
3.4632409134365747	0.9999879566010237
3.4671707234028384	1.0000180915278429
3.4714166416468935	0.9999535877719646
3.4782547313898928	1.0001522805505680
3.4824170182218719	1.0000032219212460
3.4859178189322857	1.0000911574007452
3.4892246487842451	0.9999665275965275
3.4925013471954771	1.0000675731591482
3.4958023483029614	0.9999614725272213
3.4991453582480188	1.0000534712754512
3.5025373804762956	0.9999638637816671
3.5059792376033720	1.0000439026365959
3.5094740420584474	0.9999683742442387
3.5130235657375923	1.0000355768946081
3.5166362291681641	0.9999745411069081
3.5203238631634020	1.0000255445650919
3.5241143587862931	0.9999843177573441
3.5280604246590470	1.0000143308776346
3.5323094950024116	0.9999490553379480
3.5391735872656969	1.0001407884888436
3.5435377807542334	1.0000036298387514
3.5472054665109245	1.0000762316285752
3.5506210371158997	0.9999628769023688
3.5539588463018466	1.0000585729338614
3.5572862790248849	0.9999543219096945
3.5606331292949900	1.0000471785355474
3.5640181376212965	0.9999564614337275
3.5674545439432248	1.0000366834683125
3.5709596377004824	0.9999644023206732
3.5745533596372221	1.0000237345176497
3.5782706870701926	0.9999780098551703
3.5821714295959088	1.0000097481511097
3.5864085305221276	0.9999465627303976
3.5933659585472997	1.0001222874459865
3.5982163410928982	1.0000211179344991
3.6027780526451574	1.0000763471516700
3.6098950124718008	0.9998585658356254
3.6144770950198684	0.9999859365319023
3.6183682827304744	0.9999359416077255
3.6220431245466358	1.0000149328669068
3.6257051191119904	0.9999627798680735
3.6294483758660601	1.0000115677373977
3.6333609269098592	0.9999817501405113
3.6376006087479245	1.0000462607312230
3.6445526698076578	0.9998693593378687
3.6493157868331916	0.9999741908340262
3.6536160992391831	0.9999596561885559
3.6579873335019215	1.0000402508540858
3.6649399547769641	0.9998459654749305
3.6692092192002277	0.9999937359227840
3.6727881994742257	0.9999145549277338
3.6761509742324843	1.0000329965020165
3.6794757439379584	0.9999386244127851
3.6828233053663388	1.0000377491606041
3.6862256685723804	0.9999549085844019
3.6897005949205743	1.0000312070817170
3.6932724095629350	0.9999704177792437
3.6969726255704538	1.0000174867687637
3.7008646627546686	0.9999855945386399
3.7050981827917826	1.0000484812874952
3.7120048975691171	0.9998627119794715
3.7164764600191926	0.9999863976094413
3.7203496269133338	0.9999402515128634
3.7240618687471709	1.0000121205060686
3.7278128196713927	0.9999718738020059
3.7317198120475199	1.0000082176240186
3.7359609111207175	0.9999475373385918
3.7428824215034782	1.0001332767068196
3.7474211004376783	1.0000148750442865
3.7513872392451288	1.0000515256097233
3.7552281540533787	0.9999934989155769
3.7591682933891164	1.0000202633666413
3.7634206273499569	0.9999534368016780
3.7703350687517054	1.0001392058727312
3.7747693067193557	1.0000119785396242
3.7786009829850138	1.0000609050166362
3.7822820475891583	0.9999862044421105
3.7860096067596536	1.0000276565943109
3.7899043544630304	0.9999907631609060
3.7941409430502882	1.0000508708172193
3.8011165816481935	0.9998746959828431
3.8061088783793475	1.0000242902834142
3.8135499192788904	0.9998244867776315
3.8181581060120133	0.9999781229789294
3.8219746348510202	0.9999248097619675
3.8255630774515286	1.0000162824271144
3.8291519154608249	0.9999595779691008
3.8328409500480718	1.0000131743095200
3.8367211723265116	0.9999829413099963
3.8409522563279870	1.0000465844459734
3.8478458458700526	0.9998582606047911
3.8521841483848234	0.9999907206965274
3.8559138829943880	0.9999312568569750
3.8594809226640461	1.0000192642108190
3.8630688660550918	0.9999619986625889
3.8667624569364945	1.0000140775871671
3.8706465238868892	0.9999835540768184
3.8748784550917250	1.0000470828735233
3.8818178246795378	0.9998674027703974
3.8864389675589925	0.9999795600259114
3.8905376877766953	0.9999552048881645
3.8945708881332894	1.0000005967340329
3.8988571980648827	0.9999422836777807
3.9058574871089471	1.0001246999736537
3.9107061966909100	1.0000237038761208
3.9152684955954116	1.0000785662412255
3.9223991099770679	0.9998616778060725
3.9269839721506465	0.9999872707928439
3.9309024905651810	0.9999416298250293
3.9346349858158245	1.0000125096683841
3.9383961505512368	0.9999724117546190
3.9423081638182462	1.0000085413382038
3.9465507266987032	0.9999476511631512
3.9534668203996004	1.0001344541038324
3.9579727218193979	1.0000129061787846
3.9618788647543446	1.0000566258942583
3.9656209040599371	0.9999872281010673
3.9693926685658525	1.0000262384581537
3.9733136453018174	0.9999904030271114
3.9775571520126314	1.0000515972883277
3.9844874617898891	0.9998673486418451
3.9890857076768120	0.9999827406044849
3.9931122856643109	0.9999496432714402
3.9969969149015085	1.0000049916740159
4.0009645139489471	0.9999787814737766
4.0052229668659081	1.0000463516451674
4.0121995950616771	0.9998719449234799
4.0170580566979410	0.9999742919950860
4.0216240189753751	0.9999195520474992
4.0287440238293719	1.0001379975747335
4.0333026286973084	1.0000086482410029
4.0371497402928744	1.0000642037626430
4.0407575767279695	0.9999759461132859
4.0443136225067908	1.0000427480980676
4.0478942453502995	0.9999734765211372
4.0515411787878444	1.0000271951242157
4.0552953618477581	0.9999828041554828
4.0592178846853884	1.0000134528689717
4.0634608146268141	0.9999492595308952
4.0704041806115132	1.0001272539804009
4.0751978469531798	1.0000229884350005
4.0795177733093482	1.0000376260785890
4.0838955783042836	0.9999565406592370
4.0908883772820825	1.0001433097316521
4.0954350267395343	1.0000134966662735
4.0993033299463706	1.0000645488863245
4.1029356564964647	0.9999780589029641
4.1065126227068935	1.0000424043235276
4.1101094205383157	0.9999743082506918
4.1137682749923963	1.0000270111788501
4.1175306658301141	0.9999830178278847
4.1214580006232229	1.0000135017848766
4.1257022565578847	0.9999491159354189
4.1326012723128409	1.0001354043089534
4.1371196892213673	1.0000115239146627
4.1409986509192800	1.0000610311851188
4.1446614961576280	0.9999797227985470
4.1482854769446362	1.0000380043833066
4.1519506473599179	0.9999790190155858
4.1557114183248371	1.0000201178397417
4.1596375441098870	0.9999876077222897
4.1638805792333846	1.0000507792761966
4.1707807656952882	0.9998633913897945
4.1752746476854750	0.9999881467317620
4.1791316303027637	0.9999368168512147
4.1827743028064059	1.0000198465783818
4.1863835444556106	0.9999602376932173
4.1900357644024053	1.0000202003906908
4.1937886604995711	0.9999785996911237
4.1977086360218321	1.0000112695948982
4.2019512683393483	0.9999482712450706
4.2088548129752539	1.0001346966418410
4.2133782364427610	1.0000122009585994
4.2172768635161209	1.0000588437862510
4.2209774453964570	0.9999828676941296
4.2246632302580034	1.0000328648350958
4.2284265414845743	0.9999854653595451
4.2323499784109675	1.0000150533269903
4.2365937657220485	0.9999502212967052
4.2434903137449691	1.0001371475673995
4.2479585969516274	1.0000103965892628
4.2517873127192383	1.0000637244294159
4.2554082243007789	0.9999784833413300
4.2589987681911801	1.0000395536342486
4.2626381760631924	0.9999784303843885
4.2663804800125638	1.0000205664342159
4.2702955814661436	0.9999876912584291
4.2745356472063651	1.0000504352173076
4.2814712516256073	0.9998695449023530
4.2861615006704605	0.9999793407385836
4.2903189114665086	0.9999569406857985
4.2943873201710749	1.0000012422369475
4.2986831421758716	0.9999414734172879
4.3056767119211248	1.0001247328759817
4.3105517586322604	1.0000232933470772
4.3151208799305527	1.0000793135554094
4.3222531236392765	0.9998635212734501
4.3269212883276422	0.9999859375778468
4.3309152731668252	0.9999448343218368
4.3347037211454236	1.0000116618052028
4.3385029717853358	0.9999734671433416
4.3424369404068317	1.0000088328915475
4.3466854898408505	0.9999470702813142
4.3536481848851558	1.0001248891006915
4.3585067955398795	1.0000237975061825
4.3630707677959055	1.0000793681304105
4.3702095017571114	0.9998653232787766
4.3749321191294737	0.9999836524222414
4.3790101857763934	0.9999505501353534
4.3829155003650939	1.0000054705211021
4.3868911979402112	0.9999790079173334
4.3911524558782631	1.0000465954919939
4.3978725031217065	0.9998240190542184
4.4014480862211709	1.0000279251130431
4.4044422778934527	0.9998697887278674
4.4073202373006417	1.0000639200373469
4.4102114498859626	0.9999010473725747
4.4131445908642819	1.0000682107347265
4.4161293072147680	0.9999199469637133
4.4191631968893841	1.0000650017974890
4.4222474403078147	0.9999321081254287
4.4253792350103041	1.0000591977682192
4.4285607675414012	0.9999414441185718
4.4317915609256611	1.0000521487085736
4.4350762988899373	0.9999501296686824
4.4384180311222812	1.0000438365244133
4.4418260066376494	0.9999597762456379
4.4453102707294230	1.0000332350056234
4.4488911854543272	0.9999724368622247
4.4525988156885461	1.0000183924015551
4.4564954213633454	0.9999863095914558
4.4607301386993177	1.0000491476742046
4.4676659687664015	0.9998687774661262
4.4723267277902021	0.9999794646695862
4.4764591098517634	0.9999562466785790
4.4805124536427590	1.0000009861659762
4.4848041905928264	0.9999418308448584
4.4917177791255734	1.0001401011173152
4.4960628453642437	1.0000047155002443
4.4997460311845305	1.0000730942099434
4.5032193402659448	0.9999703136939955
4.5066539224187414	1.0000506212227993
4.5101153450030615	0.9999670828278943
4.5136357316443583	1.0000350972598384
4.5172422183138838	0.9999749919391508
4.5209677492712270	1.0000190481477020
4.5248747984275868	0.9999868234901917
4.5291123569176071	1.0000497736165612
4.5360608474901589	0.9998717454675770
4.5408291071256830	0.9999759860804723
4.5451334802518062	0.9999612166324993
4.5495057770988003	1.0000417375058996
4.5564873645843926	0.9998525258558932
4.5609205556028156	0.9999887431838612
4.5646711201590104	0.9999271403860375
4.5681917233065095	1.0000258686892964
4.5716633965138422	0.9999496357530275
4.5751519597973482	1.0000304876108232
4.5786947494368153	0.9999645787672897
4.5823166992191355	1.0000233957752196
4.5860546209198478	0.9999800688758341
4.5899675891912981	1.0000120961116019
4.5942079942356466	0.9999488725517016
4.6011398108549999	1.0001295328918927
4.6058373744765531	1.0000196920254971
4.6099986514540339	1.0000419207792981
4.6140710303306536	0.9999976755415396
4.6183665934902587	1.0000575758400956
4.6252672609364973	0.9998568959424393
4.6295616865300060	0.9999973871121516
4.6331697353988384	0.9999188823304603
4.6365425183361690	1.0000365458774703
4.6398496523273751	0.9999366242137092
4.6431450792308224	1.0000454930624307
4.6464514114659545	0.9999454878793034
4.6497732237291105	1.0000465575878728
4.6531146102391103	0.9999504268698116
4.6564740688716473	1.0000452992117084
4.6598530625199936	0.9999536892526757
4.6632493601655165	1.0000434227253776
4.6666639881997520	0.9999561828979747
4.6700946909193934	1.0000414848628043
4.6735424648135249	0.9999582721253788
4.6770051951821676	1.0000396371347773
4.6804840629530879	0.9999601402010475
4.6839772537874005	1.0000378589755481
4.6874864021887666	0.9999619476173316
4.6910103080533396	1.0000360158990493
4.6945515032278653	0.9999639209284742
4.6981100165545389	1.0000338293198421
4.7016901736028869	0.9999664590013029
4.7052945676093252	1.0000307504182944
4.7089314281373538	0.9999703560158261
4.7126093899136512	1.0000256143237212
4.7163468113041658	0.9999773321582177
4.7201705471919695	1.0000162594966533
4.7241377941724068	0.9999861596814786
4.7283915109915791	1.0000515656259832
4.7352992007049766	0.9998668965819271
4.7399425927806078	0.9999853035067059
4.7439382674284181	0.9999422278891122
4.7476718884417650	1.0000200256103644
4.7513090136130183	0.9999574112867504
4.7549078498736499	1.0000297262660482
4.7584947788924294	0.9999624560433389
4.7620766126771219	1.0000325819946341
4.7656586048595431	0.9999642001709974
4.7692400222947251	1.0000334322706836
4.7728228810133224	0.9999648088026066
4.7764054998007053	1.0000336704434578
4.7799895620688266	0.9999650527088151
4.7835735231136827	1.0000336754747254
4.7871593419636707	0.9999652543583778
4.7907459313191350	1.0000334814209193
4.7943358395532876	0.9999656273743271
4.7979287555400161	1.0000329598467925
4.8015282410369178	0.9999664207513217
4.8051353274328630	1.0000318314500352
4.8087554231149578	0.9999680362614809
4.8123921482225764	1.0000295586134178
4.8160547589551870	0.9999712468214864
4.8197527954495110	1.0000250147258343
4.8235053951334956	0.9999777160494333
4.8273399124407188	1.0000161097649147
4.8313136309563927	0.9999861565189435
4.8355691566464953	1.0000517974430900
4.8424779889629450	0.9998674000918274
4.8471431955719266	0.9999846413427068
4.8511670372059648	0.9999440171388717
4.8549348159852084	1.0000180207272855
4.8586158895933886	0.9999607442793577
4.8622742057567043	1.0000254141011267
4.8659442428877187	0.9999688728590770
4.8696443039061332	1.0000237377973731
4.8733973610849857	0.9999769742080645
4.8772318076107029	1.0000157143704997
4.8812054267573579	0.9999859346552837
4.8854609176850037	1.0000516674547459
4.8923988614165692	0.9998727905448965
4.8972597511009992	0.9999762409530676
4.9016311921074669	0.9999618170175787
4.9060216245322916	1.0000443846333227
4.9130606645817991	0.9998662144443692
4.9180126910134119	0.9999736621698253
4.9226055800041619	0.9999167204548023
4.9297700841879539	1.0001281644802373
4.9347474212545528	1.0000208007079785
4.9391608135518892	1.0000366341924485
4.9435667495636748	0.9999538091760655
4.9505821365967115	1.0001388056071840
4.9553260849143976	1.0000175949977821
4.9593988048435920	1.0000546004221302
4.9632074743300345	0.9999831874499302
4.9669267806313950	1.0000363467017774
4.9706290310202714	0.9999761682318808
4.9743498024266559	1.0000269222532088
4.9781170077351797	0.9999793516003483
4.9819615090764033	1.0000166943212381
4.9859410686032684	0.9999865312816281
4.9901982491705636	1.0000521880103606
4.9971127065906051	0.9998687672719894
5.0018268384693769	0.9999830308233391
5.0059183323300731	0.9999481136992900
5.0097683643387967	1.0000136724421971
5.0135515904924839	0.9999676010704567
5.0173434820850940	1.0000169731753732
5.0211999433120544	0.9999808744234731
5.0251830753241800	1.0000117114409239
5.0294428622797316	0.9999463222818251
5.0363493471480023	1.0001314096366103
5.0410245458235563	1.0000140497425680
5.0450493561856948	1.0000553109154402
5.0488094070656064	0.9999796105098775
5.0524667150832254	1.0000404991073850
5.0560836710198975	0.9999697890258574
5.0596839646908860	1.0000358161625067
5.0632781902182522	0.9999667579750141
5.0668686184983267	1.0000343390336262
5.0704580093944029	0.9999657210006734
5.0740451810567402	1.0000339589732028
5.0776317293400446	0.9999652706698272
5.0812159184288284	1.0000339681018560
5.0847992198186871	0.9999649815585518
5.0883798597550554	1.0000341210849946
5.0919593689213780	0.9999647342933793
5.0955360517806270	1.0000343216393741
5.0991115425823548	0.9999645084586765
5.1026842576942535	1.0000345205451859
5.1062559481553471	0.9999643159768900
5.1098251530728263	1.0000346831307654
5.1133937479440910	0.9999641803632892
5.1169604072115664	1.0000347767677027
5.1205271535571573	0.9999641338463066
5.1240928352701793	1.0000347610670897
5.1276596860147796	0.9999642245239856
5.1312268230700582	1.0000345739163412
5.1347968331609630	0.9999645329007186
5.1383693022475390	1.0000341081791841
5.1419474570782961	0.9999652025017780
5.1455317534132909	1.0000331692523752
5.1491266411880803	0.9999664996824001
5.1527342920709858	1.0000313873216593
5.1563616754603165	0.9999689472602407
5.1600147094525433	1.0000280061590721
5.1637062989792870	0.9999736658589191
5.1674521780280624	1.0000213656985724
5.1712832417648311	0.9999827476692584
5.1752533630231969	1.0000127653992434
5.1795091709027634	0.9999472109088390
5.1864507155828141	1.0001251663117250
5.1913573806302722	1.0000231334927943
5.1959337167363477	1.0000809228847878
5.2030653065319132	0.9998674600955350
5.2079101926435696	0.9999832493130487
5.2120850249313300	0.9999520919639787
5.2160210067199291	1.0000092013155730
5.2199278966916847	0.9999760965021975
5.2239264912000811	1.0000095224981880
5.2281926708168944	0.9999452536534558
5.2351361068824973	1.0001259834594729
5.2399972718790053	1.0000224740384609
5.2443651318933213	1.0000370757611101
5.2487560359349033	0.9999546479536955
5.2557940731452311	1.0001329301300925
5.2607451761036197	1.0000254585834247
5.2653360786452961	1.0000824648034579
5.2724958671838271	0.9998705969750460
5.2775773096454515	1.0000295024851316
5.2850737533651975	0.9998301505329820
5.2900887204741656	0.9999732296858299
5.2942772571787700	0.9999415723505446
5.2981438730031414	1.0000119550418862
5.3019162971840412	0.9999650053686158
5.3056900160720799	1.0000168434254344
5.3095296830934089	0.9999800966509319
5.3135015707563396	1.0000114789758068
5.3177584080903140	0.9999466586250427
5.3246882510498610	1.0001276919772826
5.3294876923254906	1.0000203582808140
5.3337399368566309	1.0000397706166744
5.3378688639386143	0.9999969079641411
5.3421798288482956	1.0000590822162332
5.3491622898693363	0.9998743210195289
5.3540813629171362	0.9999765223077471
5.3586637445184495	0.9999185571615909
5.3658035386023277	1.0001319805729403
5.3706369782112633	1.0000156798855873
5.3747969658191046	1.0000474375482566
5.3787225850897054	0.9999896540962100
5.3826202331317941	1.0000231046061763
5.3866147347534845	0.9999895500963205
5.3908784854537490	1.0000536401172671
5.3977054198786796	0.9998509183698563
5.4018545683167227	1.0000053569406431
5.4052774570841180	0.9999022854575534
5.4084431086903999	1.0000520814768168
5.4115247002327731	0.9999161883494933
5.4145783959610778	1.0000646149232371
5.4176293586289122	0.9999237630973219
5.4206849317156180	1.0000673391661221
5.4237521021412611	0.9999285227459109
5.4268317899703051	1.0000664918349742
5.4299278658742445	0.9999322620864360
5.4330399554721600	1.0000641895068665
5.4361710455842331	0.9999357024373742
5.4393203790912299	1.0000612405242790
5.4424906753163373	0.9999391281740053
5.4456811738594579	1.0000579301809742
5.4488946853829425	0.9999426952617605
5.4521307618985784	1.0000542957008192
5.4553926523637388	0.9999465630363316
5.4586806128858392	1.0000502166489478
5.4619988203419538	0.9999509708155924
5.4653488895499498	1.0000454080056622
5.4687368446107119	0.9999563346576623
5.4721670395965001	1.0000393090654460
5.4756495134720566	0.9999634609903671
5.4791949796084243	1.0000307531720700
5.4828240582825067	0.9999740350949345
5.4865666528860801	1.0000177323056814
5.4904842029154270	0.9999862774885644
5.4947245147901542	1.0000498702611103
5.5016198252280342	0.9998621739811606
5.5060782459415805	0.9999893375362505
5.5098926000765021	0.9999338301406324
5.5134869711805781	1.0000227306954825
5.5170374989416482	0.9999557242681441
5.5206127201440625	1.0000254915245643
5.5242566624669349	0.9999715114317230
5.5280069357007315	1.0000161378340304
5.5319284661168178	0.9999854435804493
5.5361699032685010	1.0000495469431279
5.5431051744724797	0.9998695647733150
5.5478144167344672	0.9999789932763360
5.5519888285611554	0.9999572820636335
5.5560677230707327	1.0000013467719107
5.5603663713833926	0.9999411848522931
5.5672749121456384	1.0001400918228802
5.5716341336109458	1.0000036591765944
5.5753029436529582	1.0000760269430706
5.5787290159615788	0.9999648452629862
5.5820804890612044	1.0000591009479280
5.5854170694589174	0.9999557664522902
5.5887606152410818	1.0000506316978566
5.5921215876588271	0.9999550343892899
5.5955038704137339	1.0000451786490698
5.5989130476268993	0.9999575296862695
5.6023522946340130	1.0000401079266676
5.6058291566267213	0.9999621710942141
5.6093504524116682	1.0000337465218263
5.6129299595327176	0.9999695719826643
5.6165848221343735	1.0000240860310943
5.6203478863377851	0.9999815769649066
5.6242763839522549	1.0000126736483057
5.6285208832594806	0.9999486165090855
5.6354074936765794	1.0001373688962492
5.6398591836502865	1.0000082901816199
5.6436440736865752	1.0000681848522099
5.6471876014776399	0.9999715441331537
5.6506571128464049	1.0000505143701723
5.6541154453830043	0.9999636962168836
5.6575884574018804	1.0000412204769202
5.6610912351501241	0.9999648024987238
5.6646338405402048	1.0000336591927499
5.6682308668993011	0.9999707226582475
5.6718997729940313	1.0000239197290701
5.6756732012031659	0.9999819129691382
5.6796080012106280	1.0000127665569631
5.6838541943006557	0.9999484446233107
5.6907503052595745	1.0001353151692092
5.6952711694935427	1.0000107010938675
5.6991364100533604	1.0000630515091657
5.7027616773742604	0.9999757688557290
5.7063153099817638	1.0000447140761262
5.7098634726974078	0.9999692112972586
5.7134364528187804	1.0000343280579984
5.7170557535884283	0.9999724549851042
5.7207416259018089	1.0000239744583790
5.7245272819714863	0.9999824231527482
5.7284694693387603	1.0000129433502216
5.7327176593792126	0.9999482808774653
5.7396107049254761	1.0001355980363302
5.7441275275424042	1.0000100055127259
5.7479768532463646	1.0000647866096981
5.7515719805114420	0.9999730745773902
5.7550781240745525	1.0000490120311347
5.7585567795808670	0.9999634608377549
5.7620313672764079	1.0000424712781339
5.7655131366449330	0.9999616648700403
5.7690062824242601	1.0000387856017856
5.7725164138294280	0.9999628355320923
5.7760465775772252	1.0000353685749155
5.7796041495984420	0.9999659984494872
5.7831956310669517	1.0000306372084213
5.7868344643045475	0.9999718186274427
5.7905372012986573	1.0000226308690281
5.7943358187863110	0.9999822092540873
5.7982859714729544	1.0000127214390098
5.8025363324266417	0.9999478849929182
5.8094521785365103	1.0001308980474970
5.8141305336188127	1.0000163360809102
5.8182038398028002	1.0000497871771574
5.8220777746140611	0.9999895112381448
5.8259435657470906	1.0000238703029150
5.8299203123046164	0.9999898037410596
5.8341789928865442	1.0000531927996763
5.8411172112266243	0.9998711425410263
5.8458873725315357	0.9999789423805076
5.8501143996727434	0.9999586906385509
5.8542255504959195	1.0000019057384859
5.8585330223274008	0.9999404285077603
5.8655109416779068	1.0001261351055215
5.8703612964170580	1.0000221234477567
5.8747154254265563	1.0000370655735364
5.8791029876420557	0.9999552479053323
5.8860959472960346	1.0001423169826542
5.8906909752910313	1.0000136410299474
5.8945900005754348	1.0000641443797120
5.8982246466456170	0.9999758192925025
5.9017716996060949	1.0000463552019285
5.9053002553550975	0.9999674914066823
5.9088407459306831	1.0000371954385026
5.9124124396820239	0.9999688960870479
5.9160303098970521	1.0000289247281171
5.9197162406870376	0.9999762692884531
5.9235003329068343	1.0000172668534613
5.9274428976383717	0.9999863800745253
5.9316899787152604	1.0000508071427974
5.9385866773052571	0.9998636526643496
5.9431057816888639	0.9999884749322404
5.9469675192005171	0.9999354292362106
5.9505839978739230	1.0000237384272583
5.9541282593756444	0.9999535113612303
5.9576642374471307	1.0000303497407030
5.9612264161150126	0.9999639793672623
5.9648338717780041	1.0000269253067471
5.9685109576080482	0.9999746170119067
5.9722882160218109	1.0000166339697907
5.9762266338852763	0.9999859786536907
5.9804725702784411	1.0000504478393197
5.9873566658058124	0.9998609963496978
5.9917917385128430	0.9999916373742391
5.9955513162179255	0.9999284842487114
5.9990587360955656	1.0000299313640948
6.0024850689562621	0.9999448186525696
6.0058894961683160	1.0000391190799740
6.0092999405432561	0.9999528595389612
6.0127264901289283	1.0000395531662798
6.0161792565571659	0.9999586652403883
6.0196642521705845	1.0000360476587573
6.0231926243120144	0.9999651733663339
6.0267756115560758	1.0000291034082893
6.0304342097900676	0.9999748361806956
6.0341982627207509	1.0000172797376699
6.0381287281217428	0.9999862200266950
6.0423725208035330	1.0000502969382767
6.0493063985540259	0.9998700274065490
6.0540335813812209	0.9999789478919434
6.0582236265965630	0.9999577049104438
6.0623120711411733	1.0000015106834745
6.0666133263041031	0.9999409579675658
6.0735517494829931	1.0001342313315817
6.0781012600619402	1.0000111556180005
6.0819997538474055	1.0000599431698753
6.0856758868504430	0.9999798297751376
6.0893095499502277	1.0000374712452285
6.0929819534736547	0.9999791087126396
6.0967478600070351	1.0000199590920309
6.1006770491673832	0.9999875643084883
6.1049209111844212	1.0000508634265353
6.1118557485744871	0.9998700338878402
6.1165731357412643	0.9999791304445201
6.1207542254756051	0.9999575327335573
6.1248370952769573	1.0000014578852701
6.1291368424251047	0.9999411148471065
6.1361179162773114	1.0001265400353907
6.1409308702264607	1.0000222131745520
6.1452579684156428	1.0000372900650178
6.1496382208799991	0.9999562822384497
6.1566485263306880	1.0001403805157674
6.1612946938042512	1.0000175866239935
6.1653031172503763	1.0000546409174169
6.1691149809889554	0.9999890488112855
6.1729327261651870	1.0000255460936887
6.1768798560564484	0.9999903353088377
6.1811306014969878	1.0000524290250763
6.1880053621509070	0.9998579375754225
6.1923255537527835	0.9999958147853280
6.1959666572387606	0.9999210542302214
6.1993687078044752	1.0000350785726246
6.2027005768794599	0.9999382912701493
6.2060173653354953	1.0000442689630464
6.2093432370540222	0.9999469082271711
6.2126846075142801	1.0000451527910441
6.2160477623085857	0.9999522415263241
6.2194339796083336	1.0000430163685321
6.2228482680454293	0.9999568361426250
6.2262930775919871	1.0000391340783141
6.2297756976361605	0.9999621466996602
6.2333025488974210	1.0000332594176364
6.2368871612495047	0.9999696765147023
6.2405463743040910	1.0000238763599059
6.2443127876588864	0.9999816065571158
6.2482433494831824	1.0000126596967545
6.2524883990609785	0.9999485375858412
6.2593887261756516	1.0001346948043874
6.2639266614319942	1.0000116978443847
6.2678206673687722	1.0000607145501643
6.2714865388297181	0.9999786937400820
6.2750960989736280	1.0000401529720226
6.2787218096914321	0.9999750419151935
6.2824045352901159	1.0000260016864551
6.2861848848183364	0.9999832048295798
6.2901231836762008	1.0000134434768346
6.2943703881476516	0.9999487009308041
6.3012931189140522	1.0001304224921426
6.3059842236410208	1.0000177938712984
6.3100957582973880	1.0000464670655842
6.3140446088606934	0.9999943531516213
6.3180488010257942	1.0000198764654891
6.3223185350980824	0.9999511103481127
6.3292413051073142	1.0001349872731691
6.3338434108435226	1.0000141645380878
6.3378064824934270	1.0000571802733900
6.3415427947314971	0.9999822650662075
6.3452284059876254	1.0000353662895014
6.3489431760684516	0.9999802999236057
6.3527407057056413	1.0000193110346978
6.3566891877196126	0.9999874769251734
6.3609382345210399	1.0000514943133152
6.3678489584922797	0.9998664166096174
6.3724552363105724	0.9999852686272249
6.3764309570416451	0.9999428778157456
6.3801780640219281	1.0000165247307244
6.3838745942727497	0.9999641182868152
6.3875965994982717	1.0000185038281084
6.3914009707123345	0.9999797762378158
6.3953521532611495	1.0000114841187211
6.3996031996613194	0.9999473034347971
6.4065082688082242	1.0001330379438875
6.4111054413610677	1.0000129508679274
6.4150598348528920	1.0000576608285836
6.4187775538650964	0.9999802810866039
6.4224300019374319	1.0000381220663586
6.4260905488524163	0.9999760574187514
6.4298006158290475	1.0000250829073092
6.4336009447044429	0.9999834702583563
6.4375513220209193	1.0000134276369845
6.4418018229804535	0.9999482723054509
6.4486717978603565	1.0001397725519725
6.4530653471193649	1.0000048317982144
6.4567594410350182	1.0000757554605482
6.4601888116939188	0.9999634240746128
6.4635220901006010	1.0000617651042838
6.4668210720042172	0.9999518112229887
6.4701093370243328	1.0000557395730774
6.4733986130004100	0.9999489465047160
6.4766933750326166	1.0000523269380952
6.4799991405712802	0.9999494282496266
6.4833179504834400	1.0000493507220596
6.4866549477683169	0.9999516780080792
6.4900124240005326	1.0000458608321765
6.4933964478100945	0.9999553369655151
6.4968108184459306	1.0000412482362291
6.5002639862286768	0.9999606761468218
6.5037635029659251	1.0000346966849032
6.5073238677749865	0.9999687017286271
6.5109628664791694	1.0000245626502353
6.5147139834551364	0.9999813230907223
6.5186351797482018	1.0000126415921791
6.5228777302563890	0.9999488528104213
6.5297488758105970	1.0001406026214368
6.5340982388345736	1.0000045224470351
6.5377695029899048	1.0000758696079499
6.5412014187538716	0.9999654500687815
6.5445591323115666	1.0000587984210894
6.5479009903316472	0.9999560462104503
6.5512478624769486	1.0000506266491422
6.5546090885902411	0.9999547684340685
6.5579871696641661	1.0000458717556353
6.5613858921961699	0.9999562988764146
6.5648060656495550	1.0000420648368715
6.5682520201003927	0.9999592650302863
6.5717260264368758	1.0000379227977063
6.5752350175254186	0.9999636783132787
6.5787851752952697	1.0000323147028700
6.5823897253607138	0.9999705302616141
6.5860651800224730	1.0000234091629514
6.5898437167079607	0.9999818497498787
6.5937816748732505	1.0000126875128981
6.5980287158434567	0.9999482933885624
6.6049236569600618	1.0001353661275154
6.6094438955894628	1.0000102991011319
6.6133008801089863	1.0000641373804928
6.6169066698527130	0.9999737724324597
6.6204253422293249	1.0000481544036246
6.6239171907791574	0.9999641868664016
6.6274041473104646	1.0000418614032758
6.6308955342266573	0.9999619004694572
6.6343930141206062	1.0000390516333784
6.6378988824963230	0.9999617756800975
6.6414117851758778	1.0000375274663267
6.6449331355736945	0.9999622945268665
6.6484611666587199	1.0000364828369628
6.6519972919344523	0.9999629944298962
6.6555397894187500	1.0000356126256553
6.6590902518374655	0.9999637591669263
6.6626471706168369	1.0000347689489073
6.6662124662942732	0.9999646103544912
6.6697850502444052	1.0000338226772929
6.6733674451601876	0.9999656639673821
6.6769593759465220	1.0000325816005537
6.6805645388328889	0.9999671670067936
6.6841843162771530	1.0000306867558151
6.6878248763223063	0.9999696277926988
6.6914913045215476	1.0000273900081140
6.6951956754936699	0.9999741641515473
6.6989528670286074	1.0000210210340890
6.7027929039532648	0.9999829047768720
6.7067687014189019	1.0000127794966076
6.7110260410584477	0.9999470180745922
6.7179322249482221	1.0001315395284749
6.7226052109601966	1.0000141801005056
6.7266298554164861	1.0000552417679978
6.7303918442128108	0.9999798405653553
6.7340529840644363	1.0000401878217928
6.7376755695328150	0.9999701941916670
6.7412833720330134	1.0000352739496805
6.7448872394831296	0.9999674141072588
6.7484898878744275	1.0000334774388615
6.7520947653481826	0.9999667870135150
6.7557016597769231	1.0000325618947707
6.7593135358688405	0.9999670504223402
6.7629305114457603	1.0000316225703525
6.7665566415405429	0.9999680378003166
6.7701936851788647	1.0000300560403801
6.7738482129307700	0.9999701347255336
6.7775257144805776	1.0000270324476979
6.7812386670935352	0.9999744149080364
6.7850022968670940	1.0000208698065187
6.7888468841687883	0.9999829695440108
6.7928254066693450	1.0000127853164884
6.7970835139222476	0.9999469254943155
6.8039857627045865	1.0001321666135996
6.8086392354808121	1.0000133616016320
6.8126348761164666	1.0000570453555637
6.8163625086587700	0.9999781001111402
6.8199859520344104	1.0000424392982554
6.8235691153325524	0.9999681898965584
6.8271377040983268	1.0000373115187500
6.8307050401162464	0.9999658527739573
6.8342770974017464	1.0000345366094878
6.8378614952701735	0.9999666674493352
6.8414635390469192	1.0000314377062129
6.8450936503079829	0.9999699920586403
6.8487625533695233	1.0000261682057530
6.8524904718853614	0.9999770297219525
6.8563060019447528	1.0000164521403876
6.8602678790266554	0.9999861891031607
6.8645201939324334	1.0000513893472915
6.8714268976905943	0.9998664173015085
6.8760509594786585	0.9999853711058625
6.8800338748431100	0.9999424284014430
6.8837725501820746	1.0000180802111549
6.8874424059792432	0.9999614700053325
6.8911144463138232	1.0000225624560677
6.8948343604228217	0.9999741017601470
6.8986400245845516	1.0000153742622848
6.9025949877422077	0.9999854883819388
6.9068455046957027	1.0000507456659140
6.9137413432690042	0.9998637381419552
6.9182756833990178	0.9999884817223342
6.9221437057635171	0.9999350569939288
6.9257531695469989	1.0000251583245463
6.9292750385305384	0.9999510232940672
6.9327703365126263	1.0000341420444543
6.9362687375361736	0.9999584261256054
6.9397817836686020	1.0000345708194516
6.9433211877084160	0.9999639471869307
6.9468951112726405	1.0000308403447942
6.9505181945319858	0.9999708471826835
6.9542076588259221	1.0000228456426317
6.9579961698885766	0.9999819176568724
6.9619400736465984	1.0000126474601223
6.9661887545474075	0.9999480652129331
6.9730871184851422	1.0001344595486452
6.9776408156114362	1.0000115836280787
6.9815415147949631	1.0000609783141232
6.9852014519669092	0.9999774212518043
6.9887911300611139	1.0000422221150020
6.9923803605111816	0.9999718576599480
6.9960043307490816	1.0000306126712371
6.9996919571749627	0.9999771645521198
7.0034763830534104	1.0000177875901153
7.0074188582439261	0.9999866461308771
7.0116659671350448	1.0000509274345639
7.0186089866231525	0.9998723574977370
7.0234259292823884	0.9999761201720063
7.0277650505358684	0.9999615543448537
7.0321467210868889	1.0000431203492763
7.0391453070900143	0.9998572772196974
7.0437499936659611	0.9999841642478310
7.0476786519307844	0.9999374485606976
7.0513597013139808	1.0000193600780807
7.0549776301763503	0.9999584935869372
7.0586056371209782	1.0000236859151668
7.0622901672503371	0.9999727848701677
7.0660696435475412	1.0000156723787774
7.0700086731476759	0.9999854395037832
7.0742548573497457	1.0000501605185381
7.0811887173191348	0.9998701138819180
7.0859292999843886	0.9999787937997390
7.0901311181527182	0.9999579554134267
7.0942268078340458	1.0000015991456124
7.0985300404569136	0.9999407673065188
7.1054555321778494	1.0001363554249592
7.1099405703010587	1.0000079012835610
7.1137425988616192	1.0000674716700908
7.1172921070554915	0.9999709792330559
7.1207588143036977	1.0000510915189000
7.1242058085617623	0.9999622510556724
7.1276576886846605	1.0000432548693550
7.1311270709721990	0.9999617850458475
7.1346200087330329	1.0000378744701279
7.1381446994950482	0.9999648723115668
7.1417080322520432	1.0000320331011696
7.1453234381271065	0.9999710913400929
7.1490075365576073	1.0000232424758955
7.1527924302200505	0.9999820127426229
7.1567342493712038	1.0000127249654391
7.1609823369922632	0.9999481792215539
7.1678938153651668	1.0001320965914369
7.1725253976768562	1.0000148183637916
7.1765365142020210	1.0000535654836336
7.1803334872472426	0.9999854382526794
7.1840961643165997	1.0000300656343646
7.1879159318245689	0.9999861283014172
7.1918734214484781	1.0000149437866732
7.1961264327923766	0.9999489958286597
7.2030518639058627	1.0001301992901634
7.2077708719856473	1.0000182934841679
7.2119092865598393	1.0000456469299341
7.2158785792358167	0.9999945117615294
7.2198951473229416	1.0000198191505678
7.2241682793001454	0.9999506656245889
7.2311148992766867	1.0001300140249259
7.2358982831308349	1.0000209742964163
7.2401321303333859	1.0000406210798645
7.2442487282403620	0.9999972510678659
7.2485563918331284	1.0000587972897936
7.2555422906056313	0.9998743533032165
7.2604514418636708	0.9999763440546846
7.2650311815299764	0.9999188493942454
7.2721785015259002	1.0001312986569977
7.2770264153017257	1.0000169462212785
7.2812255142310462	1.0000442900209663
7.2852244882566080	0.9999940715488028
7.2892550712959041	1.0000195635991656
7.2935325724566429	0.9999501989460496
7.3004879789711659	1.0001283189574877
7.3053421849197484	1.0000233951209851
7.3097027486452184	1.0000376218448483
7.3140917704368071	0.9999552235429063
7.3210907811566219	1.0001407468223469
7.3257472423767052	1.0000152055026563
7.3297130471953604	1.0000607730107094
7.3334047987585400	0.9999774793299161
7.3369938918291364	1.0000448656450094
7.3405450618798787	0.9999669689571429
7.3440829778837555	1.0000393110767594
7.3476189047465521	0.9999640979752704
7.3511561866101438	1.0000369694116145
7.3546989332616119	0.9999637820797661
7.3582478435482503	1.0000354171087125
7.3618068683126170	0.9999646811961551
7.3653773733411301	1.0000336094016151
7.3689648735691975	0.9999666703225262
7.3725730766047555	1.0000307744697701
7.3762112139013452	0.9999703351616128
7.3798888238713776	1.0000257146157345
7.3836250532966803	0.9999772828551647
7.3874474344098076	1.0000163100307378
7.3914137116055025	0.9999861767612138
7.3956671905692710	1.0000515446207108
7.4024121529040414	0.9998365858022311
7.4178987842057467	0.9996272966313828
7.4226977675850563	0.9999096851825235
7.4262126965176041	0.9998425657678242
7.4295070188297467	0.9999941922030647
7.4328428234068795	0.9999240414483769
7.4362913855331811	1.0000150800589305
7.4399039012051569	0.9999720694123594
7.4437414458865376	1.0000120342014354
7.4479627213713808	0.9999542680421372
7.4549222499571410	1.0001312673500649
7.4595488196458408	1.0000229830780956
7.4637540098785600	1.0000370455307206
7.4681014677894524	0.9999571936283075
7.4751469039475866	1.0001307065912195
7.4801690419824700	0.9999850344445882
7.4873089311401371	1.0002702214806798
7.4926497356173698	1.0000265730167133
7.5001813805378550	1.0002039964655927
7.5160797221051983	1.0004169985577016
7.5215244003730177	1.0001132793562262
7.5263504070469276	1.0000752043299659
7.5341487299582957	0.9997311823715624
7.5381131172508269	0.9998856695145650
7.5418655446687621	0.9998850741961326
7.5457375489101679	0.9999648677072646
7.5499570162156822	0.9999288143065667
7.5555861361827734	1.0003052533893420
7.5734832651580062	0.9993542683460405
7.5768279312210094	0.9997435627503776
7.5800909141408184	0.9997051996308042
7.5836766102524376	0.9998417702444136
7.5878683507460289	0.9998650766797249
7.5952620270766360	1.0000708065376027
7.5991891790372161	0.9999548174060247
7.6027365657961488	1.0000417424277253
7.6061963547876150	0.9999539414093865
7.6096567216177284	1.0000379030520694
7.6131498550732886	0.9999646648352707
7.6166963087849853	1.0000348939595403
7.6203212521297541	0.9999793111742397
7.6240586564854720	1.0000242171466578
7.6279723668884758	0.9999918332673539
7.6322118362015310	1.0000523278760673
7.6392440568043005	0.9998799711415767
7.6433014497476890	1.0000211084158868
7.6468556532443879	0.9999478451543121
7.6503326073643381	1.0000412647074344
7.6538829544326719	0.9999826065895013
7.6575665403061892	1.0000326895606664
7.6614474040079212	0.9999962808226929
7.6656787747556709	1.0000446404369094
7.6736987565425254	1.0000196796887273
7.6824773031438180	1.0002445485520328
7.6867502864830239	1.0000738800154272
7.6910177082846811	1.0000739407907677
7.6953796170239173	1.0000048936244939
7.7030374292168480	0.9999533360773225
7.7072626215229993	0.9997909923891076
7.7114379110479376	0.9997886544187018
7.7157272917214046	0.9998636692298478
7.7200177399215146	1.0000519044941900
7.7247349544319981	0.9997050330560402
7.7302252834341498	1.0003033636549186
7.7378267307116326	0.9998593696699952
7.7503288282233775	0.9996644649681885
7.7535090981654831	0.9999039083681870
7.7568490925967266	0.9998284469367785
7.7603567560103013	0.9999254208467128
7.7639479231726352	0.9998799040429878
7.7675453564022741	0.9999648204866473
7.7711193313012279	0.9999076059056167
7.7746759282748794	0.9999915168451251
7.7782474828785153	0.9999345443365039
7.7818731236705991	1.0000017359337239
7.7856037386104475	0.9999638147274655
7.7895096707828486	1.0000016869336192
7.7937488211464938	0.9999431757277571
7.8006674148891211	1.0001310188904355
7.8052714852422858	1.0000169914846113
7.8093010374699405	1.0000506172165187
7.8131896478591392	0.9999958124020941
7.8171580866559784	1.0000221284259916
7.8214180393407693	0.9999544441042373
7.8283905583199189	1.0001288969633777
7.8332539417069853	1.0000262253587959
7.8378194216798480	1.0000811351482315
7.8449149285456388	0.9998587151585214
7.8493778867619053	0.9999952638646930
7.8530996729400311	0.9999256771200217
7.8565576472709449	1.0000334408637392
7.8599353283885494	0.9999419364123785
7.8632924873488808	1.0000425028297895
7.8666540935354439	0.9999494803613354
7.8700258950604702	1.0000439390251066
7.8734126715015407	0.9999534887582083
7.8768137184463773	1.0000430268311422
7.8802314149608987	0.9999562355955597
7.8836648312618518	1.0000412288899714
7.8871166524920397	0.9999587377289453
7.8905868708498916	1.0000388368603335
7.8940794434960671	0.9999616014872026
7.8975962104753572	1.0000356122718961
7.9011438101682376	0.9999655009923145
7.9047280323901186	1.0000308029691776
7.9083617454735560	0.9999716513665696
7.9120609785998752	1.0000227048521146
7.9158573142044535	0.9999821860102435
7.9198061633421615	1.0000127320573116
7.9240561512773313	0.9999479443594861
7.9309564517639179	1.0001338788242833
7.9355326849451293	1.0000119500218667
7.9394524912396598	1.0000604861049567
7.9431197517167256	0.9999766322734337
7.9466993863945579	1.0000441960800550
7.9502544540418674	0.9999679200939894
7.9538102684191205	1.0000371499395819
7.9573804122505987	0.9999671882851098
7.9609720888861188	1.0000323271982636
7.9645954549891389	0.9999701929240503
7.9682605537553268	1.0000264063127073
7.9719866384240765	0.9999771395726585
7.9758014714441332	1.0000165106943661
7.9797631100637423	0.9999862268431061
7.9840153218432794	1.0000514052270224
7.9909258168377661	0.9998671587766309
7.9955740742543746	0.9999845938237464
7.9995878669612592	0.9999441218012283
8.0033583087538389	1.0000168345201559
8.0070585795440188	0.9999629539841377
8.0107582773831680	1.0000216093222165
8.0145018433374400	0.9999748883117879
8.0183258064053238	1.0000150909185404
8.0222921793989173	0.9999854863185549
8.0265457707327190	1.0000511503372609
8.0334474309835429	0.9998654009248570
8.0380433794677142	0.9999868846806371
8.0419773541794335	0.9999384972869159
8.0456438776043608	1.0000232861788130
8.0492104912595543	0.9999530305318889
8.0527360858289505	1.0000337099932408
8.0562476701527164	0.9999579850434560
8.0597531526583932	1.0000367461550435
8.0632592403880885	0.9999600076953588
8.0667671594421186	1.0000372117698546
8.0702812838781597	0.9999614277402943
8.0738029049281987	1.0000363288769987
8.0773373099435872	0.9999633059608900
8.0808875510582769	1.0000341468488587
8.0844614964007810	0.9999664540467527
8.0880660560986755	1.0000300349547644
8.0917151445779432	0.9999720898073308
8.0954256523853196	1.0000223893778024
8.0992298003934540	0.9999822783224318
8.1031832589676203	1.0000127188977450
8.1074345365110521	0.9999477687737728
8.1143260510942419	1.0001353227898158
8.1188576132181289	1.0000100158712699
8.1227155327064153	1.0000646818452608
8.1263111624975970	0.9999725006824007
8.1298102984411340	1.0000498713130572
8.1332748556446237	0.9999620897543030
8.1367281024996050	1.0000443055221493
8.1401805568684473	0.9999592745446770
8.1436350132141619	1.0000418778245181
8.1470948145364748	0.9999588925900974
8.1505596515869811	1.0000404683025139
8.1540319091084381	0.9999594038788525
8.1575108281441739	1.0000393007518229
8.1609987945326736	0.9999603383270969
8.1644951570517836	1.0000380634581281
8.1680026282297149	0.9999616057318862
8.1715210314521620	1.0000365532645272
8.1750538414455871	0.9999633177123251
8.1786019711890159	1.0000344973780178
8.1821705489710972	0.9999658072499058
8.1857629173654747	1.0000313737227911
8.1893879822590883	0.9999698239638158
8.1930550189903926	1.0000260468552511
8.1967829835474468	0.9999770515817487
8.2005993447868200	1.0000163972314482
8.2045619669716281	0.9999861779522289
8.2088144372176153	1.0000514139586560
8.2157608571044793	0.9998739535247879
8.2206586698028925	0.9999758046177109
8.2252343905871754	0.9999185775949132
8.2317860451957241	1.0002308159530997
8.2370340970912608	0.9999295236750335
8.2420733205772247	1.0003068729430200
8.2454736044175050	0.9999255854511552
8.2487828720949885	1.0000150796171259
8.2522183490630798	0.9998857110898656
8.2558644223355326	0.9998984372371922
8.2597244374958887	0.9998586338370119
8.2637486949344137	0.9998768853687290
8.2680121830600797	0.9997984199094274
8.2736476732544162	1.0001796135572460
8.2932369969220971	1.0003161814824624
8.2964195264176830	1.0000646735037668
8.2996841122132405	1.0001468890160858
8.3031911594151175	1.0000546051197741
8.3069722508515884	1.0000719867542034
8.3111785576612949	1.0000014690682189
8.3182495422884504	1.0001471157540958
8.3229321809153056	1.0000418532907112
8.3271974440178198	1.0000518742578310
8.3315569761144843	0.9999702721886917
8.3384606810261985	1.0001674964332343
8.3424804031019182	0.9999998762981974
8.3458215488916299	1.0001068815653353
8.3489816455829651	0.9999595711716821
8.3521304700928134	1.0000774925469154
8.3553286039005457	0.9999573816564556
8.3586031103409208	1.0000555229045094
8.3619745155971259	0.9999670985703921
8.3654637056629415	1.0000352871618019
8.3691058245969554	0.9999837680642791
8.3729620551903281	1.0000165899861051
8.3771873958600729	0.9999546678183234
8.3840640107514357	1.0001456998479394
8.3883264400960371	1.0000084524129622
8.3919866355715964	1.0000738209990909
8.3955023174886190	0.9999804748194963
8.3990513066509003	1.0000406748952722
8.4027195267095447	0.9999864916550607
8.4065875350944612	1.0000172002997636
8.4108164056379167	0.9999538816392329
8.4176473418571582	1.0001531733881277
8.4216803064793364	0.9999951667273199
8.4250738641042169	1.0000954441177079
8.4282863385908513	0.9999565272702771
8.4314653736578489	1.0000726876753243
8.4346548642128880	0.9999483408959158
8.4378658070225807	1.0000611476792312
8.4411007603789550	0.9999473595391394
8.4443569526275883	1.0000551430463636
8.4476337867384412	0.9999483935996413
8.4509278732393938	1.0000515707925663
8.4542393264627247	0.9999499757604575
8.4575655213338727	1.0000490143313929
8.4609074632266434	0.9999517271126406
8.4642633268530592	1.0000468149306148
8.4676348935905619	0.9999536279733737
8.4710211066744279	1.0000446133838683
8.4744245325373448	0.9999557958853760
8.4778450194143300	1.0000421329218072
8.4812861918396418	0.9999584520781677
8.4847492889695975	1.0000390369871877
8.4882398001402919	0.9999619934804442
8.4917616084706040	1.0000347533721354
8.4953241838978073	0.9999672114050108
8.4989375569604491	1.0000281119025334
8.5026215536788605	0.9999758059242688
8.5064048850430662	1.0000170245415023
8.5103472039841073	0.9999862676760974
8.5145941709878183	1.0000507571633566
8.5214942972399790	0.9998643097458758
8.5260347053541050	0.9999876605616506
8.5299236794831668	0.9999372268238459
8.5335705461795559	1.0000220073049666
8.5371494532586887	0.9999560170844636
8.5407269795220913	1.0000275017446920
8.5443419072976994	0.9999678273205056
8.5480202349053922	1.0000219603143516
8.5517990103456434	0.9999809366506665
8.5557365195259028	1.0000121829238178
8.5599835588933999	0.9999480180607178
8.5669240688109465	1.0001267236730742
8.5717365158622751	1.0000227036413152
8.5760697714589238	1.0000373257111974
8.5804512197530549	0.9999558714520890
8.5874867806913819	1.0001347921071384
8.5923478506466981	1.0000255047948727
8.5966985800217319	1.0000392727284542
8.6010859245126916	0.9999571521071166
8.6081397374692497	1.0001340719590235
8.6130623697782909	1.0000270656472021
8.6176459233056928	1.0000826936651201
8.6248069683311321	0.9998702757730588
8.6297268295285789	0.9999783131791018
8.6340979160404814	0.9999619227677210
8.6384913800661600	1.0000427281017623
8.6455344643800682	0.9998594209506707
8.6501986845290340	0.9999808884988771
8.6542082261301374	0.9999403796454399
8.6579668143385060	1.0000151472744654
8.6616425450825627	0.9999575037151420
8.6652940350954069	1.0000232276870045
8.6689507583610723	0.9999648348697405
8.6726258979027051	1.0000235164899554
8.6763353546394484	0.9999715429485306
8.6800957633025959	1.0000189308082252
8.6839375866858699	0.9999810198560631
8.6879146228029995	1.0000099797516464
8.6921721031326680	0.9999414394282361
8.6987766677975209	1.0001726122048931
8.7032735974108917	1.0000334062066829
8.7069977900138138	1.0001034820111712
8.7104785610133266	1.0000007936746171
8.7139361627122298	1.0000743688872293
8.7174552001711820	0.9999972358644315
8.7210660149553014	1.0000496529575622
8.7247849514227589	0.9999997794075832
8.7286135197488015	1.0000418828894941
8.7325521009839306	1.0000167461377318
8.7365134876874340	1.0000442244310543
8.7405163723382771	1.0000159313598316
8.7446076449722128	1.0000436212590453
8.7488871412847224	0.9999440717662749
8.7537752629545285	1.0003643555626487
8.7615833075963678	0.9997781145086352
8.7662419350087699	0.9999545025832507
8.7696156258778082	0.9998237875937682
8.7727708687317048	0.9999686257476482
8.7759339891916923	0.9998531285419414
8.7791582368588834	0.9999724679787078
8.7824513806404845	0.9998803070787913
8.7858070010366998	0.9999802699097593
8.7892178939970034	0.9999024198325379
8.7926740212576036	0.9999894884157735
8.7961684875600969	0.9999194654648179
8.7996930108744564	0.9999980274470818
8.8032436906522911	0.9999322788555065
8.8068158990187300	1.0000046793469157
8.8104103265736562	0.9999423995446381
8.8140275456700117	1.0000086470853533
8.8176746113637012	0.9999517809232727
8.8213600603906670	1.0000089011515918
8.8251024925489947	0.9999629869309583
8.8289294169198858	1.0000036402974262
8.8328984250719387	0.9999752485385092
8.8371526949232138	1.0000422749300151
8.8440977921803654	0.9998667176267684
8.8490001990784872	0.9999698895701750
8.8535771696947148	0.9999134339389297
8.8607388332143611	1.0001235097437715
8.8657404498750072	1.0000182751052309
8.8703475494883239	1.0000780943254874
8.8775102356949507	0.9998653985288752
8.8823847180722879	0.9999803362983637
8.8866057957451918	0.9999539090726434
8.8906171592326828	1.0000038956823289
8.8946560986787020	0.9999786574036920
8.8989347563388534	1.0000483736016215
8.9058711894838289	0.9998664750635986
8.9105872782624722	0.9999811553720008
8.9146948465350331	0.9999496557732295
8.9185929306053016	1.0000086702839739
8.9224773071669592	0.9999751947940156
8.9264635928542599	1.0000090578464513
8.9307262157179341	0.9999453217952458
8.9376614701498607	1.0001275959600406
8.9424505713380515	1.0000200339330745
8.9466918341492505	1.0000398911492192
8.9508135142664980	0.9999969008939185
8.9551225274101682	1.0000588040031346
8.9620843550392735	0.9998701011510420
8.9668387532179032	0.9999813012290572
8.9710025093555217	0.9999542501385769
8.9749859571784967	1.0000046291593410
8.9790117533404281	0.9999792841036432
8.9832862996765162	1.0000485737100646
8.9902279872958371	0.9998678059655092
8.9949679049663995	0.9999800363925102
8.9991242337910897	0.9999534870173862
9.0031037205662798	1.0000042672790759
9.0071275716475689	0.9999790867738156
9.0114015123676854	1.0000484269564296
9.0183616248790521	0.9998712355762116
9.0233663793997270	1.0000255066629733
9.0307599457266949	0.9998212756858293
9.0353119905489852	0.9999854539380275
9.0389644464420353	0.9999071778632911
9.0422858316645254	1.0000399542597647
9.0454948134207385	0.9999241907507241
9.0486637764147559	1.0000548927916413
9.0518239859561742	0.9999321637334306
9.0549847321890482	1.0000587174977078
9.0581536399525824	0.9999365429139814
9.0613318068951845	1.0000586715567661
9.0645231131812771	0.9999396600996303
9.0677272490557161	1.0000570889851241
9.0709472053508566	0.9999424313703569
9.0741823478131085	1.0000548126382574
9.0774354647287296	0.9999452156453476
9.0807059992307195	1.0000521169512491
9.0839969305825132	0.9999482091069261
9.0873081424826854	1.0000490096241994
9.0906432286369032	0.9999516141934951
9.0940030200338065	1.0000453169734560
9.0973923907506045	0.9999557437825751
9.1008140510565259	1.0000406493887763
9.1042755313411430	0.9999611674704618
9.1077835755210632	1.0000342108650215
9.1113520018545557	0.9999690520604326
9.1149979992705568	1.0000243113590050
9.1187545376533503	0.9999814249057900
9.1226790849206250	1.0000126444829003
9.1269225207562492	0.9999487361087687
9.1337977461183382	1.0001396732081751
9.1381765144796709	1.0000055588144119
9.1418786965746737	1.0000737632273864
9.1453399878849329	0.9999670832148614
9.1487271093931941	1.0000564678165274
9.1521006926730362	0.9999583498908894
9.1554841899864101	1.0000475646433340
9.1588899102933219	0.9999583619006095
9.1623240856367261	1.0000411679327312
9.1657953411115152	0.9999622439602975
9.1693111878542677	1.0000342548640615
9.1728857212454766	0.9999694893749422
9.1765363880720141	1.0000242973194824
9.1802962463602569	0.9999815542968539
9.1842227764342574	1.0000126895844257
9.1884667500724486	0.9999486928316921
9.1953548725497321	1.0001371822967948
9.1998116073271348	1.0000087257276467
9.2036072206869832	1.0000671184390562
9.2071683238916329	0.9999730845470877
9.2106643979246368	1.0000480405888734
9.2141613497923487	0.9999669828745102
9.2176894571459194	1.0000365227738759
9.2212704610553970	0.9999710616165760
9.2249251738811555	1.0000250045381811
9.2286875602539773	0.9999820340726511
9.2326155548379418	1.0000129312070309
9.2368599198613897	0.9999487698850685
9.2438111712728332	1.0001253058213921
9.2486841157176212	1.0000237931803913
9.2532516249962651	1.0000800009451463
9.2603822954828772	0.9998652254064430
9.2651142163348670	0.9999848674195628
9.2691730115822093	0.9999476285871298
9.2730138639621114	1.0000107388360189
9.2768510250100640	0.9999744550903169
9.2808075705448889	1.0000090877411820
9.2850622250385619	0.9999464480298463
9.2920186297338514	1.0001251972924607
9.2970186049095478	0.9999731699398875
9.3044845502025240	1.0001666699260181
9.3094107429583755	1.0000255339996211
9.3135372836766610	1.0000590919373307
9.3173599689567954	0.9999850615063326
9.3210797421535254	1.0000380909920861
9.3247680815124152	0.9999743617664576
9.3284477790878206	1.0000315605316055
9.3321239994756926	0.9999704645908414
9.3357922528439410	1.0000306312732625
9.3394485373408944	0.9999676951569942
9.3430859559951394	1.0000321991803471
9.3467021554279395	0.9999649260955882
9.3502935068819877	1.0000346597651453
9.3538616324192638	0.9999623997190484
9.3574066328566126	1.0000369769660908
9.3609330784779541	0.9999605614352393
9.3644430435194934	1.0000385857777534
9.3679420902287092	0.9999596155520369
9.3714325666042271	1.0000393209553937
9.3749198283006780	0.9999595328141665
9.3784058334676423	1.0000392110340115
9.3818955717543826	0.9999602332452855
9.3853908321034520	1.0000382715356260
9.3888967822253449	0.9999617478103593
9.3924158450445461	1.0000363611589038
9.3959544872209584	0.9999643446607618
9.3995173076429683	1.0000330329445639
9.4031143690433652	0.9999687339646464
9.4067560813188820	1.0000272050227437
9.4104624982065488	0.9999765587187393
9.4142622573191499	1.0000168464691477
9.4182145459105815	0.9999863417790468
9.4224642303210047	1.0000511850497595
9.4293693375908347	0.9998657830063863
9.4339618263657083	0.9999862928336151
9.4379087943146871	0.9999404805963044
9.4416101873434304	1.0000199698353005
9.4452387205716128	0.9999587548136785
9.4488606166400846	1.0000258658763712
9.4525141552224987	0.9999695777135647
9.4562244725930054	1.0000211976660889
9.4600274637283110	0.9999815767368103
9.4639798711947680	1.0000124173843359
9.4682309250404408	0.9999477224226215
9.4751213785855697	1.0001356689257550
9.4796424790458929	1.0000097680523492
9.4834882716677704	1.0000655420110425
9.4870720314024197	0.9999720859814416
9.4905602054099010	1.0000506485212195
9.4940154945992603	0.9999618911185145
9.4974624310417433	1.0000445758604493
9.5009133785626059	0.9999598165291196
9.5043736741140741	1.0000409996388950
9.5078500503624408	0.9999610222033881
9.5113466870141856	1.0000373765930382
9.5148720269473408	0.9999645149831442
9.5184336230033573	1.0000321647157167
9.5220458940502901	0.9999709137653475
9.5257263745890040	1.0000234639023828
9.5295080396398593	0.9999820363700684
9.5334477335962564	1.0000128269413346
9.5376952795298759	0.9999483619989202
9.5446165860627552	1.0001304722315256
9.5493069313852352	1.0000177636644283
9.5534166529074334	1.0000466223965954
9.5573635278775324	0.9999943904420602
9.5613663512607765	1.0000199540639219
9.5656357453850216	0.9999512321077724
9.5725490962996975	1.0001368912904460
9.5770903209133085	1.0000120853362255
9.5809765443342130	1.0000619669108877
9.5846295023570480	0.9999781968782273
9.5882243620766268	1.0000411743392792
9.5918355176739869	0.9999745459340847
9.5955052728041395	1.0000265520961509
9.5992754003146494	0.9999830790559182
9.6032073222443923	1.0000134829256853
9.6074528386671805	0.9999489566781140
9.6143221248239197	1.0001407861124765
9.6186766267695951	1.0000043770500429
9.6223457087822979	1.0000764749792146
9.6257689912967344	0.9999645478883658
9.6291132999998776	1.0000600345424322
9.6324384207785982	0.9999547643792249
9.6357664908236789	1.0000520349045354
9.6391081333701418	0.9999534961377379
9.6424671630049321	1.0000470460160436
9.6458488159611413	0.9999554378918507
9.6492555076344289	1.0000425820254968
9.6526934826520758	0.9999592912184435
9.6561673753848662	1.0000372401925990
9.6596872829404283	0.9999652695891531
9.6632639538911853	1.0000295585751402
9.6669179160173950	0.9999748469336884
9.6706787775481047	1.0000174098808594
9.6746073628588682	0.9999862666970728
9.6788506394080862	1.0000502563554066
9.6857346210139905	0.9998605881403674
9.6901499712056047	0.9999919307728729
9.6938955909892339	0.9999280296176439
9.6973974029858336	1.0000296121069958
9.7008258834325325	0.9999453930716323
9.7042396510667999	1.0000379836935966
9.7076665275158174	0.9999543992602252
9.7111169368063557	1.0000375157322341
9.7146019349236301	0.9999612581600624
9.7181293352822529	1.0000327882855942
9.7217136184288222	0.9999693377412011
9.7253720843934222	1.0000237534337650
9.7291377405512431	0.9999814966344162
9.7330677762560587	1.0000126094833253
9.7373126996198014	0.9999485302457415
9.7442619339718419	1.0001255149347139
9.7492597045335376	0.9999732556488931
9.7567005700645115	1.0001699853637944
9.7615159452686466	1.0000229277587165
9.7655029987683477	1.0000668772008734
9.7691907752637004	0.9999810865151683
9.7727976136517185	1.0000427331973518
9.7764126755543028	0.9999753993375743
9.7800837863263510	1.0000270183380964
9.7838543713084665	0.9999833177480499
9.7877864708471076	1.0000135989822330
9.7920320361050344	0.9999490034643994
9.7989136994678709	1.0001384877656847
9.8033376973507700	1.0000072355313507
9.8070887955017412	1.0000705224965325
9.8105977557479207	0.9999697330598887
9.8140331049787175	1.0000528239368587
9.8174581675281907	0.9999618642428278
9.8208993340526938	1.0000431258803733
9.8243722955057535	0.9999632970794199
9.8278878051541145	1.0000349896728586
9.8314611260216154	0.9999697753932266
9.8351104292427642	1.0000245603251698
9.8388690865360910	0.9999816405366678
9.8427948496797288	1.0000127478450560
9.8470386218613548	0.9999487492071171
9.8538943579376870	1.0001432938268378
9.8581686811890030	1.0000013016353493
9.8617551991393420	1.0000820841266633
9.8651044525467135	0.9999607032438284
9.8683828015586350	1.0000647521844919
9.8716489781306915	0.9999513909226188
9.8749247006519951	1.0000554798130925
9.8782208440492916	0.9999510105847241
9.8815418328822560	1.0000491346395328
9.8848938857251927	0.9999541977854201
9.8882807239267407	1.0000431010917288
9.8917104495739476	0.9999597334684234
9.8951903549703442	1.0000357159546431
9.8987346877475986	0.9999681438192177
9.9023611180300417	1.0000249955692744
9.9061031069472776	0.9999811761751846
9.9100188280188615	1.0000126418331601
9.9142599018476663	0.9999490435395461
9.9211913802658422	1.0001295252570743
9.9258945453338665	1.0000197723338820
9.9300606276986407	1.0000418206939974
9.9341359145223436	0.9999976412448168
9.9384322706617017	1.0000576523962073
9.9453510506404452	0.9998603475788280
9.9497497794693022	0.9999930626965798
9.9534764733604835	0.9999276751861816
9.9569722844709698	1.0000287988514738
9.9604126879575041	0.9999476097238301
9.9638601130595905	1.0000341234897814
9.9673475490336845	0.9999603498475254
9.9708932691739118	1.0000291337557623
9.9745213737977068	0.9999729957775155
9.9782627492056939	1.0000172275611325
9.9821794941023807	0.9999859886533293
9.9864195877085447	1.0000496884137577
9.9932874144706947	0.9998569089650566
9.9975888590235247	0.9999959250359952
