0.0000000000000000	0.0000000000000000
0.0677905646906329	0.0010000000000000
0.0819338021673968	0.0051674272682164
0.0863243527811173	0.0084941223288420
0.0906029988331510	0.0132294173620603
0.0952875646721020	0.0205787895918702
0.0998407889733618	0.0304617499630574
0.1047333587096473	0.0446670835029906
0.1097226367043394	0.0641446023133304
0.1255667036349356	0.1635378732157250
0.1308168983811928	0.2099858908409564
0.1421470061165099	0.3323079879409476
0.1465280247750160	0.3853812623406495
0.1501423870857401	0.4304143976059445
0.1540201059939701	0.4795305520098075
0.1573003221444327	0.5207778633142550
0.1609290513400876	0.5659405622710821
0.1642106789227962	0.6054290932089665
0.1678051481596117	0.6471817287883663
0.1712281568436421	0.6846842798833133
0.1748737484904315	0.7222477701121618
0.1785195984634833	0.7567936421594003
0.1822988526360133	0.7895378595651130
0.1862274461440953	0.8200157209060602
0.1901614766213317	0.8471196617457699
0.1942674096015747	0.8717823178267331
0.1981916971916994	0.8922566438026999
0.2021836043641288	0.9100867164175538
0.2059025782100161	0.9244297946450540
0.2096698133262950	0.9367504201033985
0.2132599356772430	0.9468966761928269
0.2169578108352634	0.9556694492881044
0.2205572596112224	0.9630234160985756
0.2242625300298147	0.9692963084293643
0.2278836890453775	0.9745634930159921
0.2315702048573735	0.9789413910599976
0.2351775743062317	0.9826402471833424
0.2388283693530625	0.9856431027230337
0.2424285512907905	0.9882272194706264
0.2460797643588588	0.9902859571228567
0.2497181116830004	0.9920955163499746
0.2534205391988342	0.9935087881102556
0.2571373495906911	0.9947711061905053
0.2609234822300431	0.9957333631084985
0.2647393127061572	0.9966037172326585
0.2686272269163947	0.9972499804802381
0.2725663302815324	0.9978417456316329
0.2766204663638957	0.9982764690574853
0.2808922209531875	0.9987333301002035
0.2868465882056980	0.9987836187067328
0.2953424297121754	0.9995610760526528
0.2989331097125922	0.9995230653541095
0.3024402720739953	0.9996985624088626
0.3061748373622890	0.9997289846721638
0.3103790661741668	0.9998434005725010
0.3172823679737909	0.9997010343986554
0.3217978901243264	0.9998783967825046
0.3256201247014222	0.9998553804000965
0.3291591766199548	0.9999844795098493
0.3325783782381300	0.9999174376157390
0.3359512926027677	1.0000325748855046
0.3393275955971602	0.9999534543092929
0.3427329645009234	1.0000487270621694
0.3461874823692427	0.9999741393020577
0.3496978446466939	1.0000488672647219
0.3532724142921726	0.9999848946295755
0.3569140131046099	1.0000416199537239
0.3606343825990798	0.9999920495729646
0.3644518747867191	1.0000298014453575
0.3684173687158381	0.9999988304251782
0.3726700991399489	1.0000635834866618
0.3795506596885178	0.9998743574385661
0.3842940823182562	0.9999865868994653
0.3884385406944413	0.9999569988859481
0.3924011070805813	1.0000081640404450
0.3964122662396035	0.9999818127483674
0.4006831907799340	1.0000500307029028
0.4075505798348255	0.9998539758343798
0.4117936013068355	0.9999966311889150
0.4154000134503792	0.9999232902154385
0.4188400360154240	1.0000268858990300
0.4222888276885544	0.9999511193769353
0.4258043637970182	1.0000239626541316
0.4294174346121484	0.9999663208661398
0.4331540173417528	1.0000073489605041
0.4370693216313160	0.9999702114876308
0.4413088899337360	1.0000237429395122
0.4489596733252034	0.9999546750321454
0.4588018071449549	1.0001905223678682
0.4642166172778221	0.9999705734242549
0.4702819583677783	1.0003481675723145
0.4813042180893091	0.9995977297989179
0.4853020479974876	0.9999270396368142
0.4891164333251635	0.9998901860799376
0.4931063972908216	0.9999545929223135
0.4972897396676622	0.9999375615836521
0.5015519150231768	0.9998915057713927
0.5057504242677063	0.9998648607525918
0.5097449867912687	0.9999500332526657
0.5134563669647918	0.9998997404318748
0.5169962951464303	1.0000000959217812
0.5204997013759047	0.9999376122091753
0.5240572736192730	1.0000123947399808
0.5277368860674831	0.9999695158953227
0.5316115573032433	1.0000050594278143
0.5358428410739863	0.9999426870881853
0.5423258374860697	1.0002016052961580
0.5500995830981599	0.9998797877161303
0.5602257596077747	1.0001576047704253
0.5659842074781549	0.9998194174489990
0.5712124876980735	1.0002766761663127
0.5745923197390125	0.9999481786814185
0.5773391830977099	1.0001620291938735
0.5801697003285065	0.9999526400442531
0.5832302782473868	1.0000636351957242
0.5865110476248538	0.9999602380157361
0.5899909691783221	1.0000156635573634
0.5936559667874575	0.9999666900943330
0.5975312692040109	0.9999983293271765
0.6017505510198903	0.9999373876874549
0.6088529264814824	1.0000904567919280
0.6147305100333449	0.9996143176248549
0.6432865708019108	0.9997821354727476
0.6533173734452720	1.0004881173798210
0.6585406326483493	1.0001877948813596
0.6627349373035307	1.0002034433657760
0.6668863722436918	1.0001648727175603
0.6712005916744075	1.0001976974626574
0.6782712328082742	0.9999678987057670
0.6828862837594036	1.0000563679032295
0.6869812780039721	1.0000159857546089
0.6910138284878000	1.0000462130197747
0.6952988744251267	0.9999706601749007
0.7015650581877279	1.0002477468829010
0.7084927955082868	0.9998292471266160
0.7210505398805329	0.9996651380884809
0.7240422530683831	0.9999215426388006
0.7274774148769411	0.9998524770685560
0.7316608385867016	0.9998989031108165
0.7390342654794032	0.9997811855743736
0.7441994749381197	1.0002915327457220
0.7477746000560704	0.9999641612666564
0.7522970993820337	1.0000598973195898
0.7569899198755919	0.9998769984663959
0.7632772945979708	1.0001951386204859
0.7688042313831961	0.9996839651656426
0.7736543900495187	0.9998718165908024
0.7782717057656894	1.0000228958323176
0.7865696279679973	1.0003103013789434
0.8014741899844954	0.9995122837839899
0.8061451002370282	0.9998562584522926
0.8096795762569746	0.9998132914453476
0.8133414506498172	0.9999251169788503
0.8175593117808456	0.9999223915712454
0.8248684140297196	1.0001141550555157
0.8290437187956137	1.0000054720288203
0.8328892996588466	1.0000422609927728
0.8368004166687695	0.9999951167157874
0.8410497052052165	1.0000453913316010
0.8479423972654985	0.9998336420246373
0.8515029192656773	1.0000243570770926
0.8546504965107237	0.9999002671896490
0.8578104749971592	1.0000349919964406
0.8611144888051939	0.9999504114208844
0.8646183018278969	1.0000176472539106
0.8683950237439695	0.9999835365653995
0.8725988507416941	1.0000436603439729
0.8793895391132075	0.9998357993864779
0.8832988009841173	0.9999975698627432
0.8866590228119060	0.9998979448633671
0.8899256557120268	1.0000218155157063
0.8932418600129516	0.9999312007117663
0.8966494305455681	1.0000167584089006
0.9001749802238659	0.9999528014819660
0.9038455411898314	1.0000014917447189
0.9077209475457898	0.9999681101860235
0.9119498962603703	1.0000284612607737
0.9189688041757914	0.9998587670319166
0.9229990916514433	1.0000096515732844
0.9265221744989012	0.9999378322240505
0.9299616172777285	1.0000417911825057
0.9334628931150792	0.9999815766939938
0.9370571407068921	1.0000509390624575
0.9407485974171801	1.0000064000251723
0.9445310766831870	1.0000533230488611
0.9484091142845874	1.0000202261726661
0.9524171341891077	1.0000447829198844
0.9566799078574615	0.9999608475808508
0.9630373358352339	1.0001844849455197
0.9673694644232577	1.0000162620875608
0.9709180365787676	1.0000911562239210
0.9742736911847087	0.9999667432102987
0.9776493997621715	1.0000419019773901
0.9811137470495538	0.9999558521887750
0.9846923214632596	1.0000077291804212
0.9884083960632171	0.9999565880409674
0.9923117161167760	0.9999828731646653
0.9965484779059326	0.9999140024203035
1.0032971597447657	1.0001172332319943
1.0078131667747978	0.9999866271714133
1.0116437640398552	1.0000421918150260
1.0152548042887561	0.9999554307620331
1.0188387204449292	1.0000161772561338
1.0224764834885356	0.9999534603046640
1.0262206050868674	0.9999920986636427
1.0301371649441140	0.9999537755628292
1.0343778120625085	1.0000073258307163
1.0417936422013261	0.9998934762440441
1.0452856239058408	1.0000565683622658
1.0484761810782388	0.9999260609030592
1.0516793757455545	1.0000523756576545
1.0550018352690029	0.9999660754255574
1.0584607053590271	1.0000412049695144
1.0620544492429460	0.9999816151410130
1.0657691510941103	1.0000252976783237
1.0696041277421424	0.9999860424482427
1.0735864214562441	1.0000117112410667
1.0778423296512103	0.9999376180293523
1.0846200634588989	1.0001150725565768
1.0949957333767557	0.9997581701437540
1.1112093547178228	0.9996954824854518
1.1211120795533138	1.0003261907739427
1.1248815035690809	1.0000777215610923
1.1293331973247918	1.0000402357080524
1.1337460421950005	1.0000409579489244
1.1381042586544787	1.0000554542909876
1.1424413267675733	1.0000205108882325
1.1468031927368028	1.0001006078629771
1.1533496185094492	0.9998654202504637
1.1580279119699248	1.0000073864499484
1.1618587353748024	0.9999410434562204
1.1653843886873336	1.0000393605580224
1.1688533515392738	0.9999617772813063
1.1723590090765372	1.0000376394722987
1.1759503948909142	0.9999786760583175
1.1796645980624860	1.0000244213220069
1.1835649329449549	0.9999913890868495
1.1878008900357084	1.0000516491543310
1.1948877576014572	0.9998917061791783
1.1990362324576105	1.0000178040734617
1.2027177791416055	0.9999548616236611
1.2063661169004412	1.0000181269908528
1.2102031237812649	0.9999863288862516
1.2144246542633761	1.0000589776828093
1.2208193417306947	0.9998249055807528
1.2249595058584242	0.9999855372283676
1.2284540562906576	0.9999077034867986
1.2318495183532967	1.0000182549962491
1.2353173592677311	0.9999543085549371
1.2388966061266076	1.0000225990106599
1.2425949055958168	0.9999788928748942
1.2464111095116215	1.0000183978062731
1.2503388896823828	0.9999914321544162
1.2543859497267811	1.0000259729852610
1.2586563761345468	0.9999576983801486
1.2653469265498101	1.0001442239011382
1.2697767865991461	1.0000096207821394
1.2735253556358810	1.0000741748379021
1.2770631368452727	0.9999828392139871
1.2805769107532503	1.0000552993979301
1.2841306218125008	0.9999854833177106
1.2877453501563494	1.0000450530948888
1.2914300200637781	0.9999912857667779
1.2951895920161982	1.0000357528222128
1.2990423722519908	0.9999982184270717
1.3030288733067343	1.0000276236121683
1.3072888268824878	0.9999631169980103
1.3142272994023703	1.0001491219131196
1.3192352570094881	1.0000018440207818
1.3269542253892781	1.0001765253106787
1.3314085760335972	1.0000313244191990
1.3353003195764264	1.0000612143957173
1.3392024547455892	1.0000069691713507
1.3434565763946962	1.0000538716417935
1.3505628531689360	0.9998696069667778
1.3547199417436653	1.0000083287872352
1.3584843301346345	0.9999725879350883
1.3623182250864112	1.0000257662671728
1.3662814438212574	1.0000143444946936
1.3705373180894840	1.0000747684284372
1.3776539902706622	0.9998256624211923
1.3813207382673272	0.9999982934000673
1.3846919024897846	0.9999110381295787
1.3881319777189074	1.0000006956849892
1.3917405575401354	0.9999506828532626
1.3955765468476122	0.9999837906592725
1.3997967003211687	0.9999177704017985
1.4067728619598072	1.0000729074952315
1.4115867309905061	1.0000359592275916
1.4161007127456668	1.0000268081616754
1.4247596136770442	0.9997190029541390
1.4283337612298481	0.9998803351085230
1.4319004067133465	0.9998431953898737
1.4354814452036357	0.9999535104224757
1.4390365487755110	0.9999136373580613
1.4425742522894232	1.0000076211667175
1.4461365383140805	0.9999569217191204
1.4497565049019645	1.0000236687375386
1.4534933898018707	0.9999898575932208
1.4574017779882926	1.0000254729873297
1.4616236374343408	0.9999642215315517
1.4684462902484807	1.0001460661587001
1.4728554610482218	1.0000183311606741
1.4766523875502469	1.0000744845225742
1.4803044500637115	0.9999986351112585
1.4840109757429236	1.0000414308503180
1.4878924430805140	1.0000009441671589
1.4921266095807428	1.0000518615006504
1.4993502790300330	0.9998912770633759
1.5037502768716933	0.9999913106713186
1.5078431405499138	0.9999721012349551
1.5121564319903165	1.0000508686935303
1.5187167848872307	0.9998256554479227
1.5229988935469032	0.9999765793481261
1.5265986685720410	0.9999039911848173
1.5300491474494364	1.0000071153252610
1.5335301502433143	0.9999390992675645
1.5370864804514626	1.0000108860141317
1.5407283387832056	0.9999589843512605
1.5444484138194279	1.0000118895378867
1.5482415590584229	0.9999713775783006
1.5521024313011988	1.0000119584414313
1.5560390261475570	0.9999814555782981
1.5600810363627524	1.0000109608321950
1.5643556999102843	0.9999433159817098
1.5711937135841700	1.0001382615110646
1.5760501763576378	1.0000252898113775
1.5802703586183600	1.0000544480962039
1.5842467477715998	0.9999976487266782
1.5881655818827354	1.0000284150425713
1.5921141741410283	0.9999850635350958
1.5961506146320237	1.0000072747018407
1.6004282872881546	0.9999440922230859
1.6075389495998476	1.0001417156794359
1.6127217078971270	0.9997644407215041
1.6177063841901302	0.9999863527441285
1.6226056637361208	0.9997632637714410
1.6274794282236722	1.0000985170237577
1.6323500892317282	0.9999896491261165
1.6373683009231970	1.0004049978763179
1.6430652562953656	0.9999110088014656
1.6483402086401473	1.0003012618785996
1.6569164088163124	0.9997141375924702
1.6617325945389094	0.9999005500369431
1.6664059418311594	0.9999132891147221
1.6748159490322239	1.0001597396499686
1.6784114723830170	1.0000036071527849
1.6827570327156371	1.0000171410902265
1.6904082338280193	0.9998785349625294
1.6939874410241034	1.0000449393652711
1.6974287968559783	0.9999701749781957
1.7008990954475738	1.0000593589890718
1.7044017435435108	0.9999860261862273
1.7079053722846682	1.0000589498476764
1.7113982948969206	0.9999743580610423
1.7148703298285375	1.0000476303061698
1.7183539990735202	0.9999664436098376
1.7218585345441106	1.0000351984704137
1.7253833596757073	0.9999576601952440
1.7289398853102769	1.0000230351962185
1.7325347470332355	0.9999560088595344
1.7361679678329118	1.0000151189363540
1.7398401187791632	0.9999576636845818
1.7435479422946252	1.0000113216109250
1.7472909569859547	0.9999613469048619
1.7510671672631239	1.0000098493962268
1.7548805441939723	0.9999667812356048
1.7587376208006411	1.0000078529248357
1.7626590415310732	0.9999751972242830
1.7666874897532727	1.0000049511964004
1.7709591858164737	0.9999382082227221
1.7772912908288827	1.0002270867827789
1.7824609006654821	0.9999232044763289
1.7874669754109864	1.0002772011950281
1.7913553665974959	0.9999892059285407
1.7953936895635623	0.9999667853606103
1.7992527006085688	0.9999062428802827
1.8029978659554717	0.9999684015049782
1.8067038100823365	0.9999227952308307
1.8104635120179926	0.9999789391033637
1.8143804775467394	0.9999581393111712
1.8186229098501454	1.0000329999253286
1.8254720684897616	0.9998515982142960
1.8302322079012034	0.9999701874995204
1.8343994673057622	0.9999458770970292
1.8383708291479830	1.0000004147075314
1.8423276710057455	0.9999717609467281
1.8463627075549125	1.0000056019441033
1.8506387355219209	0.9999448697294803
1.8576664031428258	1.0001292399720043
1.8622875780496497	1.0000192503713292
1.8662823942729969	1.0000637590697095
1.8700327953292231	0.9999904813345050
1.8737013779924101	1.0000486623069864
1.8773510410660756	0.9999819092063297
1.8810013377402970	1.0000400065241009
1.8846562426556985	0.9999754532068159
1.8883104403855246	1.0000340377964101
1.8919632230995820	0.9999695771535674
1.8956153085888663	1.0000285666396747
1.8992772466015220	0.9999671399100140
1.9029629262815682	1.0000211434812791
1.9066972681600753	0.9999706993500046
1.9105137677263708	1.0000093229864320
1.9144751295670319	0.9999782956696408
1.9187275388330813	1.0000431868565749
1.9256542956397433	0.9998624860999815
1.9304668406129788	0.9999679087639354
1.9347989654649844	0.9999539187096140
1.9391793871962624	1.0000365920318268
1.9462154761965877	0.9998600465275231
1.9512516972365830	1.0000228138686826
1.9586419700987863	0.9998204873587022
1.9635069975734827	0.9999690915942063
1.9676256679253310	0.9999450543320962
1.9716330823078312	0.9999963050753996
1.9759180502587610	0.9999403000522583
1.9828590323791915	1.0001356241344381
1.9874708797065459	1.0000227933412127
1.9916482899716481	1.0000372922558054
1.9959908859138413	0.9999569319827799
2.0030937292705420	1.0001215434496231
2.0078667224358364	1.0000010559250487
2.0124155685626590	1.0000231562899631
2.0210622634348878	0.9999868585223014
2.0300524146586438	1.0001376211744104
2.0336681827968208	0.9999446722109699
2.0380439322532573	0.9999352703460256
2.0456201672217462	0.9997682554640215
2.0516077012098672	1.0002281875981822
2.0678042865631689	1.0002378027275873
2.0727095434167864	1.0001307171500096
2.0772587039521024	1.0000503883028424
2.0816270619421275	0.9999940964396324
2.0858933446819652	1.0000105732616125
2.0900901730879653	0.9999722057369597
2.0942655586355574	0.9999953494559967
2.0984453081954144	0.9999729073252540
2.1026424321163253	1.0000055530646326
2.1068509711276779	0.9999894654491103
2.1110591288551972	1.0000241680602355
2.1152590617467473	1.0000053950473677
2.1194465231417055	1.0000382048533238
2.1236266182898236	1.0000155545236535
2.1278034581321679	1.0000429970692284
2.1319851635792513	1.0000170243173325
2.1361719535771688	1.0000397833694414
2.1403666230283620	1.0000114498606012
2.1445654965604808	1.0000321230505709
2.1487718103294395	1.0000032933236194
2.1529927654610947	1.0000253035703350
2.1573194335746702	0.9999453102364183
2.1635647595075929	1.0002370264575322
2.1687647376832722	0.9999029556400042
2.1737868444059649	1.0002174710779455
2.1783658736090756	1.0000475059298162
2.1825877683420036	0.9999870672262979
2.1864333604401751	0.9998966042649191
2.1900379558537972	0.9999744041591793
2.1935296180847321	0.9998989131401849
2.1970138994335691	0.9999875267656867
2.2005469009830843	0.9999289177684494
2.2041637524393809	0.9999960424945304
2.2078999904056267	0.9999596932552991
2.2118125135122204	0.9999970849048793
2.2160528336126259	0.9999377946522394
2.2229188353684108	1.0001332906656792
2.2272950457632192	1.0001094930328394
2.2314646714302135	1.0001060327674947
2.2357861530148666	0.9999859094017113
2.2420706587313619	1.0001918727548016
2.2465362887616633	1.0000470591991191
2.2505054337041552	1.0000740674336825
2.2544427359065393	1.0000202871297525
2.2585490691246499	1.0000640985836124
2.2628136501237797	1.0000983740687071
2.2671263758117415	1.0001464349531841
2.2753865884928612	0.9999727650001414
2.2792924888580992	1.0001437098976558
2.2832368734379647	1.0001044608005507
2.2871841444989784	1.0000436316839278
2.2911455511504379	0.9999230431572622
2.2950116096513034	0.9999163237345619
2.2987590407241481	0.9998279662664317
2.3024461347456313	0.9998767862708587
2.3061274104907827	0.9998222074180259
2.3098835347226028	0.9998762156100099
2.3138004745855794	0.9998579237517037
2.3180427849074543	0.9999370255937926
2.3250225684748709	0.9997851871172708
2.3298952642465931	0.9998909371340969
2.3344658346136451	0.9997706225023051
2.3391765222646237	1.0002046008797569
2.3428067584457009	0.9999788894029311
2.3461325882470332	1.0001051348430350
2.3494339673827955	1.0000053372749158
2.3528837466255665	1.0000833917329901
2.3565189330149128	1.0000319023682041
2.3603246743515593	1.0000568910274537
2.3642761110760113	1.0000134377760386
2.3683333729573377	1.0000190788709855
2.3724709097817285	0.9999809987658110
2.3766632662241149	0.9999958136036037
2.3809776532481619	0.9999150647453147
2.3878337900328797	1.0000996832327607
2.3925894260973388	0.9999785782948954
2.3966146488130575	1.0000280331955147
2.4003369298757615	0.9999528135351711
2.4039914418738242	1.0000126480602556
2.4077104527552624	0.9999654824200339
2.4116019600562137	1.0000007231961405
2.4158383741579192	0.9999415044816936
2.4228355732988400	1.0001172012865287
2.4276424206972451	1.0000188839643787
2.4321929077322162	1.0000737795792014
2.4393251861210774	0.9998635830805535
2.4439742185880431	0.9999875959888388
2.4479333487461088	0.9999416551964075
2.4516304492156067	1.0000232721388593
2.4552361301457020	0.9999580275791257
2.4588109340986608	1.0000320881132208
2.4623900498417908	0.9999657174989447
2.4659973936423043	1.0000292226129648
2.4696642328696612	0.9999746660194840
2.4734287837545685	1.0000165143287274
2.4773578773614329	0.9999833834652662
2.4816017423074510	1.0000438997639407
2.4885482912144221	0.9998562393270884
2.4934466792776981	0.9999677680818235
2.4980296556736334	0.9998744883838054
2.5035401680611225	1.0002404605550550
2.5326333138144963	1.0000639545388785
2.5442242774271513	1.0002317525029034
2.5482912882599678	1.0000842171567990
2.5521245963945902	1.0001026650779450
2.5560137333578603	1.0000447004726520
2.5600247363284185	1.0000554966800539
2.5642889815984784	0.9999768597747030
2.5709093601810551	1.0001916609612449
2.5754504163969081	1.0000423463219037
2.5792741140413487	1.0000901939441307
2.5829134244047016	1.0000039445544233
2.5865754174884747	1.0000483877231803
2.5903277938435934	0.9999949637924136
2.5941858848654826	1.0000239010051042
2.5981455026181437	0.9999896040791408
2.6021909322134031	1.0000117158725739
2.6063169677279689	0.9999820345089129
2.6106123599515816	1.0000496217728148
2.6175243798115293	0.9998612923624064
2.6222804714246921	0.9999625918948126
2.6264439584382835	0.9999261495970450
2.6304155901639228	0.9999763938695170
2.6343846343123039	0.9999470276820687
2.6383120014282713	0.9999822994282135
2.6421362093114205	0.9999238822708733
2.6458103501983392	0.9999987599545875
2.6493724719593934	0.9999306531804447
2.6529196407456279	1.0000093415095530
2.6565598128983474	0.9999646203410147
2.6604046608932275	1.0000066000380403
2.6646292380189349	0.9999508755380836
2.6714234564922581	1.0001606502401974
2.6752694713826290	0.9999931892470656
2.6786061146978621	1.0000911483443122
2.6818836708003060	0.9999680813590455
2.6852251164405225	1.0000524813425622
2.6886550253133983	0.9999664699422445
2.6921696252432237	1.0000335553987139
2.6957589055215929	0.9999689071887996
2.6994102842587675	1.0000255170767307
2.7031154705032279	0.9999729489804134
2.7068660368845703	1.0000228046456374
2.7106593733706683	0.9999783821675092
2.7144916656755664	1.0000228503475483
2.7183634141152400	0.9999850963915545
2.7222723824364601	1.0000244838601107
2.7262197545269888	0.9999917552159022
2.7302032659816327	1.0000259697380824
2.7342253347179142	0.9999972505047906
2.7382880863306194	1.0000263610743716
2.7424144288300782	1.0000008754755123
2.7467117230640121	1.0000740491374136
2.7537755897551262	0.9999250849765430
2.7585502260427912	0.9999179559176777
2.7630274577537701	0.9998462943288332
2.7700583845275051	1.0001120386218905
2.7747508522334972	0.9999883961124930
2.7787011241490753	1.0000417414987561
2.7824357076867701	0.9999716476022359
2.7861229098381717	1.0000303921099420
2.7898075226781325	0.9999729845496818
2.7935052098998563	1.0000302969405437
2.7972389368812101	0.9999820350273142
2.8010484486705276	1.0000231462865203
2.8050034949046796	0.9999914662821647
2.8092546929737194	1.0000527724361321
2.8164053633250217	0.9999009757026261
2.8203443003443796	1.0000083020103856
2.8238405433899851	0.9999224267237522
2.8272431329041043	1.0000229897647781
2.8307041301077267	0.9999499123214324
2.8342459498714656	1.0000174797189563
2.8378640001237869	0.9999574710340802
2.8415420794751221	1.0000137053489446
2.8452730587848558	0.9999663632635297
2.8490539200733416	1.0000161711970394
2.8528907149248259	0.9999797181903864
2.8567983495079070	1.0000179700767600
2.8608205434365885	0.9999927521187091
2.8650888777903103	1.0000632655431561
2.8719266320970784	0.9998701819215559
2.8765880747846868	0.9999921091471197
2.8805829535062171	0.9999493616862078
2.8843547025980962	1.0000181940519557
2.8881310844606145	0.9999777336862231
2.8920483728169990	1.0000138628317108
2.8962932033753419	0.9999532939774605
2.9032474997957074	1.0001357235611599
2.9077069225910228	1.0000141980706332
2.9116088242431766	1.0000537735358899
2.9154055350486905	0.9999924038098702
2.9193207101290666	1.0000185161666502
2.9235661988101445	0.9999505680713033
2.9303979525638422	1.0001469473131557
2.9347594833345201	1.0000132498065850
2.9385047796793935	1.0000704170749313
2.9421141960088071	0.9999897045787601
2.9457903871838300	1.0000350091123804
2.9496550055378656	0.9999975135760371
2.9538837099668043	1.0000571322162628
2.9608734631842428	0.9998842661940343
2.9658625177929601	1.0000338794733408
2.9732361333375152	0.9998247123860207
2.9778065935975540	0.9999824692683714
2.9815793527856491	0.9999255234673493
2.9851377105960410	1.0000194963227564
2.9887087506410346	0.9999612383656724
2.9923881731765802	1.0000144652992660
2.9962633525175733	0.9999823318732428
3.0004930758929214	1.0000424697407926
3.0076432333973879	0.9998933089004967
3.0114746705827371	1.0000533108462946
3.0148971850726851	0.9999719665506037
3.0182948565296450	1.0000769404859171
3.0217938430328943	1.0000175369229476
3.0254437257104732	1.0000732569818471
3.0293053183993868	1.0000392657669499
3.0335315992681346	1.0000891918522710
3.0407356746223511	0.9999077013323079
3.0450520992525880	1.0000088520447596
3.0489552786989353	0.9999648120993477
3.0528858021422121	1.0000019382969283
3.0571436180264770	0.9999395406362523
3.0642336320020305	1.0000975200940687
3.0689733376666997	1.0000000357331831
3.0735046961261201	1.0000645570874065
3.0795323191508213	0.9997176713744618
3.0890827414143147	1.0001614175429554
3.0934112644062366	1.0000327135749751
3.0979520246718466	1.0000285555774497
3.1060785147514673	0.9998101661831374
3.1136307281122266	1.0002239603813909
3.1195867474753918	1.0000156260934676
3.1303440563052383	1.0002781273772283
3.1378159162676305	1.0003258530698580
3.1554379015112115	1.0004327765140371
3.1777413735951576	1.0000401236522698
3.1875729436380524	1.0002721958413128
3.2030618114578369	0.9996845686588298
3.2071697433818018	0.9999203139103056
3.2117029847690191	0.9999579763048390
3.2160961291105523	1.0000173615379586
3.2235733918365983	0.9999149594221879
3.2273109972508744	1.0000388978693424
3.2306194160366215	0.9998985146361498
3.2337303275685603	1.0000331763173356
3.2367734487659114	0.9998768129752500
3.2398190771450914	1.0000133548645680
3.2429022406031498	0.9998746043953669
3.2460338908318573	0.9999990902761708
3.2492157560874197	0.9998807015544493
3.2524450075623701	0.9999928882315140
3.2557209728717598	0.9998908221942371
3.2590435264240414	0.9999907505427023
3.2624176454951579	0.9999041125260454
3.2658498576132811	0.9999889970342931
3.2693537079159452	0.9999210844124757
3.2729476280742840	0.9999845903762661
3.2766653964437120	0.9999430890892986
3.2805666438472376	0.9999788595626343
3.2848038212619493	0.9999195990384251
3.2916479502523330	1.0001217537055540
3.2960537145260598	0.9999960780305319
3.2998379599257324	1.0000541782568448
3.3034723069063570	0.9999785739426442
3.3071630996268411	1.0000257846669371
3.3110353882011636	0.9999907225664062
3.3152663216602423	1.0000521758560497
3.3222104556915384	0.9998712491736156
3.3267453890730052	0.9999872397907498
3.3307279878115219	0.9999507396421788
3.3345881520742009	1.0000034248820822
3.3385431091796907	0.9999709014377658
3.3427979636103853	1.0000279649395132
3.3495074556740367	0.9997798138616893
3.3547317331021822	1.0002438024589062
3.3589362048540248	0.9999999336502873
3.3634712493836671	0.9999831731142876
3.3684108525751828	0.9996094076134818
3.3736889780953754	1.0002328099393525
3.3775801496571862	1.0000155578220860
3.3818018454068537	1.0000600215424682
3.3860511062158105	1.0001123593536370
3.3903557855215567	1.0000832308721765
3.4029741840466441	0.9997293171694077
3.4068936151753166	1.0000033811293456
3.4106478226473156	0.9999646443206114
3.4142444006814108	1.0000439203930496
3.4176861150560978	0.9999376422338274
3.4210097598145213	1.0000353738961223
3.4243108214371105	0.9999279557330071
3.4276623827517811	1.0000175678890331
3.4311053997845464	0.9999409028905540
3.4346550143383965	1.0000079150154502
3.4383188746852449	0.9999613486629726
3.4421045352169770	1.0000095414884727
3.4460542599073167	0.9999928168587614
3.4503013066720176	1.0000800634392992
3.4564831508039862	0.9998163598914447
3.4608527674764442	0.9999852890515989
3.4643839859341630	0.9999038817252800
3.4677474206627115	1.0000188384581863
3.4711860414139553	0.9999501179156659
3.4747737652589348	1.0000125797279158
3.4785243780632888	0.9999800831914055
3.4824554309930211	1.0000225971804844
3.4866967780490481	0.9999709023311809
3.4936192338076593	1.0001609045732527
3.4987594140206491	0.9998019848172709
3.5037217687853879	1.0000655885622116
3.5086123052109968	0.9999215843091588
3.5146326062001858	1.0001682502315647
3.5670961103857408	1.0003533975239145
3.5721454946244440	1.0001032552666507
3.5757010432112586	1.0001811893438055
3.5791814373557127	1.0000659484460397
3.5829026705494345	1.0000808915315704
3.5871070919227432	1.0000035326971612
3.5941912496632096	1.0001462582758918
3.5985349930113664	1.0000170069881846
3.6024041182650950	1.0000499468145898
3.6061731032952729	0.9999815967873368
3.6099661561087575	1.0000188079758372
3.6138163506567147	0.9999753999909192
3.6177310259908544	1.0000085566309718
3.6217149730119869	0.9999784326805045
3.6257899924467769	1.0000063252292342
3.6300733469597195	0.9999369894680342
3.6368853073781411	1.0001356194001738
3.6417250601739011	1.0000190373654076
3.6458769335465950	1.0000571061900019
3.6497374913734437	0.9999905889460811
3.6535036631814255	1.0000400783484744
3.6572722833244020	0.9999886798653087
3.6611052943235896	1.0000260276264674
3.6650742308091804	0.9999941407235520
3.6693290488050474	1.0000578461789809
3.6762743522223595	0.9998767602086714
3.6808299860511937	1.0000093060444222
3.6849667867185585	0.9999979925910611
3.6892966581735318	1.0000778038525360
3.6961975059441694	0.9998867546802074
3.7105176207510744	1.0001364262542389
3.7156316093572581	1.0000719877072863
3.7200837154454041	1.0001444919805962
3.7244975281745134	1.0001214514611980
3.7324602107585227	1.0001047844397359
3.7390370567663709	0.9998982012585659
3.7427207638704529	1.0000901056634783
3.7459569456499127	0.9999800754948128
3.7491984491431962	1.0000929009941892
3.7525616007664073	1.0000004800768594
3.7560634729503910	1.0000579094229154
3.7597284332658196	0.9999988124360986
3.7636009250276508	1.0000209363838093
3.7678295112225011	0.9999496957056083
3.7748039854743722	1.0001142522713531
3.7797925656705562	0.9999662523238687
3.7871337345366176	1.0001924037538130
3.8028464812313207	1.0003926614207734
3.8061218428294321	1.0000806803001858
3.8093637334192625	1.0001452951431078
3.8127950475409249	1.0000246503901855
3.8164361294513318	1.0000461863854206
3.8203014684467766	0.9999976952177994
3.8245263131775875	1.0000525621066660
3.8305227859360045	0.9997126615028432
3.8359577098371025	1.0002539636390648
3.8426026487994411	0.9996305008276867
3.8488161235694580	1.0002829053771993
3.8521007408387775	0.9999621373701219
3.8557029405265832	1.0000464252929282
3.8594043697981939	1.0000148841549308
3.8631932407459049	1.0000692612638009
3.8670184763742363	1.0000265115554519
3.8708216423204957	1.0000740335062228
3.8745731495543967	1.0000094375450992
3.8782630897600794	1.0000630873289811
3.8819108921175607	0.9999904273672112
3.8855398108396502	1.0000476617135898
3.8891783334400576	0.9999804612782205
3.8928490044762230	1.0000320773807669
3.8965775671932974	0.9999790716114394
3.9003939455815506	1.0000150884600389
3.9043565500263542	0.9999821390277320
3.9086089400933228	1.0000455049704133
3.9154834562696723	0.9998544516835821
3.9203099789708453	0.9999626219129165
3.9245538491420811	0.9999375812123650
3.9285852143076254	0.9999881743696973
3.9325582198348696	0.9999564146071600
3.9365111395797436	1.0000001753382304
3.9404449766697240	0.9999640764271380
3.9443442069201282	1.0000123938165901
3.9482007709271136	0.9999683909306850
3.9520149673537688	1.0000213240815252
3.9558021687898690	0.9999726520121822
3.9595827784493869	1.0000235189432707
3.9633877030906528	0.9999797689642705
3.9672536989536100	1.0000178780050921
3.9712445880572824	0.9999888280764553
3.9755052652883176	1.0000556655843491
3.9824178439409512	0.9998728584247625
3.9874229992618409	1.0000265598960141
3.9953959200111031	0.9999104600448565
3.9996596405476397	0.9999490149090944
4.0036683971588998	0.9999364978876658
4.0077147558571040	0.9999863849281907
4.0119813796909822	0.9999453559456328
4.0192727323261401	1.0000944149519966
4.0231149133574444	1.0000075854195580
4.0267270672811204	1.0000688211541824
4.0305317075644185	1.0000239630360854
4.0347471648111890	1.0000827774251009
4.0415253504987980	0.9998940180074796
4.0464293270323646	0.9999844938102113
4.0510148708266529	0.9999213676164064
4.0590737317641068	1.0000925155596960
4.0640633424173771	1.0000503008545250
4.0723357033485099	1.0002625863849517
4.0787215285615748	0.9997680141980315
4.0863985680938137	1.0003395343838917
4.0981838849894681	1.0002631060960594
4.1030308737510612	1.0000349413413159
4.1079066899325731	1.0002048391137612
4.1133906704738008	0.9998519569507417
4.1188671383913817	1.0003302890257797
4.1240022930239073	1.0000763619840844
4.1290025471955474	1.0001597888750886
4.1359116965255849	0.9998150916150019
4.1466475151461220	1.0000947979409203
4.1521030267762855	0.9999392861200963
4.1571982107903178	1.0003733614256947
4.1605888736935279	0.9999752075166375
4.1644216066735629	0.9999828083517976
4.1682537236862620	0.9999370995349350
4.1720833617256359	0.9999840561075028
4.1758923207060912	0.9999381756444329
4.1796759061012985	0.9999921965343438
4.1834605870694004	0.9999468938007363
4.1872954346952227	0.9999905367352304
4.1912634024914368	0.9999661604196098
4.1955182957764405	1.0000428059189563
4.2020649372389753	0.9998202447978426
4.2068609482230590	0.9999430454786858
4.2111208786351089	0.9999234459292372
4.2154909904338940	0.9999988457147048
4.2225110862676436	0.9997809778540655
4.2257739996939012	1.0000085950229054
4.2288197862961976	0.9998797698789986
4.2319861475449043	1.0000125437111160
4.2353389526048817	0.9999358443944913
4.2388713559450908	1.0000000963806275
4.2425399460171374	0.9999490581480621
4.2462588464418989	1.0000069570907946
4.2499280121780716	0.9999411847863148
4.2534738898327022	1.0000255000494152
4.2568939340915462	0.9999306490237011
4.2602357632000691	1.0000330596600007
4.2635631131881127	0.9999351531032369
4.2669250681900799	1.0000283504558758
4.2703596866676632	0.9999513110893774
4.2738958630785513	1.0000195570932138
4.2775712040359162	0.9999750428760000
4.2814469247895559	1.0000121599573497
4.2856773765433065	0.9999550239258037
4.2926293894136922	1.0001405776142724
4.2972392311575547	1.0000352869447928
4.3014334814189219	1.0000485335580025
4.3057765485077706	0.9999562946537315
4.3121443746392121	1.0002003244564375
4.3164500321253128	1.0000135036214759
4.3198307137094192	1.0001170522322771
4.3229491378150398	0.9999558366717990
4.3260693544668305	1.0000722952323085
4.3292915086696713	0.9999585781195158
4.3326620692484763	1.0000375792009688
4.3362192716818262	0.9999787904500220
4.3400266268113592	1.0000135421873955
4.3442388831790755	0.9999523344111548
4.3504848086889201	1.0002521765103962
4.3837676370965104	1.0002937169348332
4.3872740074597498	0.9999932438829394
4.3909772266800502	1.0000141109827447
4.3948207265696011	0.9999676654666120
4.3988245500964727	0.9999801449008093
4.4029470078123065	0.9999445965823480
4.4072282317818425	1.0000108555493425
4.4135797567106980	0.9997707918244628
4.4308137164521186	1.0004560153089412
4.4351193598102521	1.0001518526838309
4.4383977686985130	1.0002339764935033
4.4416530450660909	1.0000758025551617
4.4450270598213724	1.0001308284111288
4.4485181030485581	1.0000362270821441
4.4521065102390880	1.0000818228749733
4.4557710710808367	1.0000153718960114
4.4594972720186536	1.0000573879676113
4.4632786771685531	1.0000056955433592
4.4671159483633867	1.0000414757836054
4.4710254332184380	1.0000031559043365
4.4750473664882948	1.0000280347293729
4.4793169322852453	0.9999565572231154
4.4861522432487400	1.0001468269505185
4.4909294664081756	1.0000275518738992
4.4950517093479352	1.0000604410181524
4.4989238321360556	0.9999941732640951
4.5027298945329219	1.0000355629698592
4.5065470380551451	0.9999851362460040
4.5104060637131580	1.0000207880375589
4.5143205953265229	0.9999826659413835
4.5182916501655654	1.0000128654628098
4.5223230311318501	0.9999849418956113
4.5264293869931951	1.0000142663468672
4.5307219374606316	0.9999484665222135
4.5377678088539923	1.0001182937010149
4.5468978256810502	0.9998770273623135
4.5515076393636758	1.0000084851318760
4.5560298232518361	1.0000027506958176
4.5603160603055013	0.9999442430325268
4.5645804692678364	0.9999094446753940
4.5721765827597078	1.0001769688234796
4.5750338196956299	0.9999429876155279
4.5782193173082497	1.0000687935453814
4.5817085446252284	1.0000089077398489
4.5854849474649013	1.0000490089205745
4.5896890596527697	0.9999945739247095
4.5962349027501679	1.0002507719166942
4.6013673052423698	0.9999477322664082
4.6063545377720807	1.0002908077097177
4.6102453474115315	0.9999917899313485
4.6141137647066257	0.9999908694579872
4.6177238918183949	0.9998907315273065
4.6212025045302365	0.9999781982458328
4.6246488212177628	0.9999025526029014
4.6281316379048434	0.9999902177945849
4.6316776479207906	0.9999340808359559
4.6352939998991820	1.0000041878604371
4.6389800010044588	0.9999593305846671
4.6427311600531098	1.0000127954627702
4.6465505157624216	0.9999756697709684
4.6504483595736259	1.0000124146646239
4.6544656366071626	0.9999842690788540
4.6587323655072188	1.0000504897716351
4.6657194632143817	0.9998767572988247
4.6699602745468356	1.0000179346601867
4.6735644938557952	0.9999439736141538
4.6769740120852195	1.0000540164175364
4.6803693026936042	0.9999708481517611
4.6838194644216768	1.0000527802579089
4.6873675527752070	0.9999896239804676
4.6910495820354594	1.0000366770171032
4.6949307301112730	1.0000017728979014
4.6991612841490582	1.0000601148039501
4.7060689548279759	0.9998650790159903
4.7108182484900896	0.9999679881764725
4.7150279330362341	0.9999446836325293
4.7191323491857746	0.9999841621922639
4.7234353292159845	0.9999108295901632
4.7288470512491081	1.0003280307248399
4.7340866464224209	0.9998580910544033
4.7382610252788577	1.0000289768240225
4.7427229528451900	1.0000011385832241
4.7480532501781507	1.0002638355099536
4.7604644100422480	0.9995664986221052
4.7651003941032606	0.9998402346405534
4.7685099425418667	0.9997608897629368
4.7718166865194283	0.9999094785313511
4.7752061892884976	0.9998529741750446
4.7786958834139579	0.9999488126631929
4.7822844534491242	0.9999056996950998
4.7859681293665508	0.9999698090682168
4.7897638021024243	0.9999394022635123
4.7937153135924646	0.9999755726012231
4.7979654099694944	0.9999129227646946
4.8043485718159058	1.0001884713724887
4.8086277727440692	1.0000307567214908
4.8121045839232961	1.0001251288123205
4.8153849057368312	0.9999971971898454
4.8186749232863182	1.0000911482025208
4.8220320262739227	0.9999924286933854
4.8254620714330843	1.0000671318129957
4.8289578422434669	0.9999862007138443
4.8325091754348684	1.0000471497204422
4.8361181015727182	0.9999787173942634
4.8397958331941862	1.0000244386700696
4.8435748022340599	0.9999759603207456
4.8475125651022921	1.0000004581063264
4.8517596945120172	0.9999303488899567
4.8585152385211883	1.0001372993662114
4.8624044367628496	0.9999648939086687
4.8656836340676586	1.0000770464940665
4.8688419131448732	0.9999339080237682
4.8720316380150201	1.0000438642236760
4.8752978365395325	0.9999368372213282
4.8786548937545042	1.0000243102001325
4.8821113792095856	0.9999484730062825
4.8856782056606463	1.0000105501454559
4.8893814902655963	0.9999657985030679
4.8932754247008594	0.9999995472939394
4.8975103489231948	0.9999388712158608
4.9044593613712237	1.0001201216106954
4.9092928254387784	1.0000444930304009
4.9136515337678395	1.0000605109853409
4.9179629144871857	0.9999830476451206
4.9219867632392118	1.0000035117714536
4.9256844354297167	0.9999430452844149
4.9292618562310402	1.0000243199503596
4.9328456929374980	0.9999689404452793
4.9364617720200199	1.0000411622747309
4.9400769428087763	0.9999783542758004
4.9436498829705275	1.0000533831943006
4.9471737176447323	0.9999739640487166
4.9506695785860160	1.0000504367962813
4.9541816659565345	0.9999734261531796
4.9577554280296985	1.0000329017267837
4.9614467883935065	0.9999813125540470
4.9653288426490443	1.0000106090414276
4.9695617565518031	0.9999453177360188
4.9764801256340716	1.0001267530742475
4.9811245559774493	1.0000128443899057
4.9851899101732569	1.0000452418799808
4.9890794370631815	0.9999884756639450
4.9929689137368216	1.0000232694293700
4.9969642306177713	0.9999945149158924
5.0012268601463479	1.0000671687985410
5.0076596168534735	0.9998154663839650
5.0264357038824858	0.9996800424360028
5.0323552713269031	1.0001366226118007
5.0376610016558736	0.9999206411478524
5.0427109963957077	1.0002204232230532
5.0476662248200102	0.9999970686757559
5.0525804828414129	1.0002756561125723
5.0574086577121156	1.0000437521983223
5.0616428532275810	0.9999213664635590
5.0653032518986816	0.9997855772044715
5.0685025624527169	0.9999379550658083
5.0714119779263198	0.9997679807750887
5.0742456132092189	0.9999684466926988
5.0771418729599507	0.9998221699164721
5.0801768498118323	0.9999755209751922
5.0833979970301293	0.9998921706327566
5.0868470217134929	0.9999768249323423
5.0905927815558956	0.9999548720649100
5.0947891999101369	1.0000280493355909
5.1015023978414824	0.9998243697839664
5.1054244692606074	0.9999900900907805
5.1087986550787008	0.9998956349230301
5.1120913137563502	1.0000164183978588
5.1154427152126418	0.9999318137729643
5.1188837964539040	1.0000141852504201
5.1224233431715769	0.9999498537311521
5.1260563070698764	1.0000073726078464
5.1297849623266494	0.9999617578411913
5.1336170005361339	1.0000017819254206
5.1375942195806807	0.9999769628928700
5.1418495010787115	1.0000511994017860
5.1476276995482522	0.9996863604032310
5.1531751366405176	1.0001945496380451
5.1590313411990243	0.9996311379863676
5.1630289796339133	0.9999561777597956
5.1666178809519101	0.9999046282714542
5.1699436997807924	1.0000623688607009
5.1732597593048943	0.9999854299690617
5.1766613477695040	1.0000828271368993
5.1801762056751599	1.0000212622088089
5.1837892266475851	1.0000817207764070
5.1874846874248339	1.0000277939027205
5.1912435223260101	1.0000699956928241
5.1950649798183051	1.0000220346670026
5.1989594140848672	1.0000500465930269
5.2029738377205268	1.0000150395210008
5.2072394861453803	1.0000785235222733
5.2143021567869789	0.9999274057553059
5.2190968021310562	0.9999918408071606
5.2234754464617099	1.0000044443445213
5.2277579027818319	0.9999702905322179
5.2321196879660912	0.9998559817650429
5.2397675568351954	1.0000566982642107
5.2428397059591854	0.9998573618552480
5.2461573674009570	0.9999665027314513
5.2496628654752122	0.9999026322647507
5.2533004619000225	0.9999651580301908
5.2570405916869341	0.9999322157040164
5.2608813683737212	0.9999885935941953
5.2648619581519265	0.9999835286244002
5.2691199716910146	1.0000763303902169
5.2758106084406355	0.9998872037776869
5.2944996214200852	0.9998017871639955
5.3041272797370196	1.0001094138262052
5.3098824035732655	0.9998582575219669
5.3201867356758505	1.0001793262923389
5.3323132441683097	0.9999789890381552
5.3382176981150371	1.0002956130847207
5.3435581001230092	0.9997269860190444
5.3467717522632032	1.0000076834822200
5.3495308728321476	0.9997863745489751
5.3525527092259901	0.9999431039217924
5.3560616547230273	0.9999130145669193
5.3602147205272077	0.9999955693944212
5.3671316985738127	0.9998591255714349
5.3719411253232323	0.9999045486952690
5.3764521542681889	0.9999096812640639
5.3851391421694581	1.0001763152264296
5.3888038965479170	1.0000091879238691
5.3926546288393995	1.0001057202267045
5.3966368173790835	1.0001135189667112
5.4007186559881255	1.0000862459542144
5.4049916724900262	0.9999738914184407
5.4115078717030380	1.0002620026389499
5.4192154967982260	0.9997752929499873
5.4236882511988682	0.9999740051087238
5.4271901455087823	0.9998983470947016
5.4306689958405689	0.9999957487835615
5.4343954491543522	0.9999659474291328
5.4385805862865322	1.0000184974917583
5.4459200991082026	0.9998837465952118
5.4504024793717027	0.9999843022975503
5.4548717316774251	0.9999459730708046
5.4619247501412920	1.0001751876316149
5.4655179535562990	0.9999813525389761
5.4686166263080933	1.0001187896410748
5.4716501129258859	0.9999555326219091
5.4747353920531436	1.0000791790111772
5.4779114045533239	0.9999562936081579
5.4811991168324186	1.0000474661337135
5.4846231388759898	0.9999663200410351
5.4882168580388324	1.0000167447612212
5.4920459781393554	0.9999790889883923
5.4962631221766820	1.0000373495586767
5.5030977007892323	0.9998367095062606
5.5074418204410263	0.9999659395107728
5.5112290320876678	0.9999181469944781
5.5149418832327077	0.9999873354700668
5.5188094174437508	0.9999624016565696
5.5230417081211396	1.0000310367159644
5.5299648468268563	0.9998500549558794
5.5344477407904726	0.9999728957361624
5.5383732446667571	0.9999353529038135
5.5421556012526159	1.0000028641942684
5.5459502191930223	0.9999649012386777
5.5498061982305158	1.0000058366504130
5.5537418861026833	0.9999691666472991
5.5577860969939383	0.9999821490749776
5.5620600693829845	0.9998841362441020
5.5671458336392456	1.0003183196459835
5.5723481827502708	0.9998249674993864
5.5760645155671416	1.0000404436639148
5.5790890715982089	0.9998536486228663
5.5820415577653053	1.0000257831550790
5.5851482885937278	0.9999055612286167
5.5884577112481582	0.9999988230800512
5.5919890388531739	0.9999462089037628
5.5957835779507592	0.9999918532629863
5.5999929563267283	0.9999492821078918
5.6070537827608700	1.0001501144774496
5.6124242558428072	0.9996656716488457
5.6181313593390065	1.0002685727777982
5.6224055974855576	1.0000536224828194
5.6270109078731778	1.0002058913771197
5.6316782273199850	1.0000903820011700
5.6361640966903455	1.0000741260263635
5.6441907809468130	0.9999513994501044
5.6483066280090028	1.0001077706399042
5.6524058645166475	1.0001184556385547
5.6566291472948507	1.0001433705417240
5.6609046902269471	1.0001424788368238
5.6697865337551994	1.0001825525689207
5.6748163912506353	0.9998920114675800
5.6797056073083612	1.0001614109220085
5.6845619963683687	1.0000077230507776
5.6918951399433064	0.9999710553729888
5.6955683632490501	0.9998197275987531
5.6989602137507402	0.9999224915578948
5.7023531248551622	0.9998407992251915
5.7058194686147736	0.9999320683185937
5.7093602436949569	0.9998799038108001
5.7129629113386970	0.9999584262989397
5.7166133402318433	0.9999143101333572
5.7202992963481512	0.9999827007157749
5.7240148081385573	0.9999394774854287
5.7277535298969759	0.9999996358294758
5.7315142570630506	0.9999560958214642
5.7352929127204746	1.0000098481039810
5.7390896381507179	0.9999662554637847
5.7429012843970257	1.0000152495586951
5.7467295766474349	0.9999724192849996
5.7505741056796733	1.0000173069088392
5.7544414968495810	0.9999773892955781
5.7583397965234111	1.0000163296939979
5.7622913580226465	0.9999848642661837
5.7663381821875763	1.0000148493576420
5.7706151904573222	0.9999487722223840
5.7776949872116417	1.0001051831035128
5.7861950679198078	0.9997619489215109
5.7912863590429584	0.9998494904853940
5.7962431630803914	0.9994780463598270
5.7998844540959844	0.9999303088042235
5.8029006180691107	0.9998049349764470
5.8059649122995545	1.0000196080991273
5.8094397285881021	1.0000080212288893
5.8131824843886282	1.0000886779519376
5.8172140950717939	1.0000677144826788
5.8214404372487083	1.0000653886193249
5.8257453981911214	1.0000711569952674
5.8353593426633701	1.0002310962113710
5.8405219882816279	0.9999584086603597
5.8455205093928777	1.0001644121992386
5.8504600240468108	0.9998223498039072
5.8552954259475225	0.9999622881099400
5.8596129031965436	1.0000724906513454
5.8637023775545014	1.0001366249379060
5.8676642309779909	1.0001007960523387
5.8715919942395800	1.0001134160942784
5.8756196240162177	1.0000545258538631
5.8798831574146480	1.0001154560276764
5.8850006513299560	0.9996759061961445
5.8902556167556739	1.0001883555512894
5.8937802106371180	0.9999346971593815
5.8969950118327432	1.0000770576400242
5.9002257169974452	0.9999552742948299
5.9035273625824818	1.0000618824488514
5.9068616602305086	0.9999683058551125
5.9101981731563393	1.0000723776504181
5.9135375796553049	0.9999783677464388
5.9168977457056267	1.0000734762708754
5.9203039543856466	0.9999885218421500
5.9237713100495055	1.0000647163729972
5.9273117166216593	0.9999953603507615
5.9309261423973645	1.0000529205714177
5.9346156505512457	0.9999980642071631
5.9383742926134051	1.0000420823217988
5.9421989639857484	0.9999982310744321
5.9460819007046348	1.0000336637828540
5.9500196659232003	0.9999976139146355
5.9540065755507952	1.0000273404331410
5.9580461439575334	0.9999976732299238
5.9621564808538530	1.0000234289283085
5.9664503583735486	0.9999510859890838
5.9736242113721039	1.0000793806324957
5.9783654894995859	0.9999820071060292
5.9825199420764079	0.9999842462286065
5.9864533568275107	0.9999715046747220
5.9903368141221085	1.0000412166618358
5.9942389827317966	1.0000266130888784
5.9982480436267878	1.0000575581180531
6.0025064521301141	0.9999696341408303
6.0084978804637235	1.0002516356009643
6.0184091163182041	0.9997281463916855
6.0221609050303027	0.9999304453486819
6.0258702939255171	0.9999129375733405
6.0301339488975421	1.0000003131954975
6.0374136346838494	0.9998452503974162
6.0418861491298905	0.9999692351241988
6.0463802879750395	0.9999315705171720
6.0525672174270611	1.0002984481205088
6.0578909658616249	0.9997991597024602
6.0618600412990196	1.0000392717563062
6.0663557631071301	1.0000471588852813
6.0720929700822381	1.0002833256391583
6.0797989228156002	0.9998242803915240
6.0941476647098360	0.9995871573340553
6.1035558914275008	0.9996403167026429
6.1078535860345182	0.9998176828775160
6.1122931108450906	0.9998407112206121
6.1199822687098928	1.0000648085972916
6.1249761679895967	0.9999928584937628
6.1332175367873596	1.0002004425979736
6.1374570810152118	1.0000903183500185
6.1419141638588091	1.0001015168709046
6.1493172203151882	0.9997953015543380
6.1533838193833379	0.9999248402354578
6.1572238618117927	0.9998911764830435
6.1614262933448645	0.9999506111064707
6.1657267658085813	0.9999383143823448
6.1728273740399233	1.0000544781083771
6.1769185388082137	0.9999937296413726
6.1810309753309625	1.0000499427547627
6.1853152168147094	1.0000211785196078
6.1921698029996950	1.0001633568309460
6.1962376045922092	1.0000202200051200
6.1997802332626497	1.0000922480821937
6.2032224995144860	0.9999897288715403
6.2067137664478746	1.0000542004601112
6.2103061553861973	0.9999886191510281
6.2140301534856617	1.0000288700928648
6.2179384939301654	0.9999945008526809
6.2221758194715733	1.0000559391193422
6.2291107492958373	0.9998747977264423
6.2338341374663608	0.9999846608029944
6.2379747419991274	0.9999550320077566
6.2418970266574787	1.0000139057453337
6.2457521572909664	0.9999721271194946
6.2495870449758542	1.0000209846857844
6.2534185451947017	0.9999757058483810
6.2572450909188442	1.0000224093469192
6.2610667386618388	0.9999747208393317
6.2648813552915623	1.0000215421715521
6.2686952516148242	0.9999736484103993
6.2725168387438428	1.0000181989362111
6.2763660057010258	0.9999760885168979
6.2802706730632494	1.0000109092370035
6.2842871744662645	0.9999818582049311
6.2885547142516875	1.0000496040555100
6.2954294426856761	0.9998613895284318
6.3000384840621777	0.9999861577360584
6.3039622307344176	0.9999368889273829
6.3076154329956404	1.0000231367038719
6.3111894514557605	0.9999570704008364
6.3147672516552928	1.0000281417099466
6.3184035560944221	0.9999733109005654
6.3221436888034130	1.0000192207597369
6.3260579052627355	0.9999885812184292
6.3302976103592608	1.0000527929237313
6.3371409941535610	0.9998560719232817
6.3415328039091818	0.9999860059633016
6.3453035277256502	0.9999290779116392
6.3489245658510525	1.0000079087962270
6.3526070081189472	0.9999619302254187
6.3564729946637843	0.9999989063117793
6.3607035408426791	0.9999392504399996
6.3676442617648998	1.0001226448103768
6.3721756103767095	1.0000076411251784
6.3761532231820386	1.0000453277059977
6.3800118696849992	0.9999933459180962
6.3839646176264138	1.0000266030147722
6.3882200584152784	0.9999701390485393
6.3948879465330650	1.0002257916394190
6.4001130723596189	0.9997676725465918
6.4044518578439567	0.9999874341439413
6.4089820439415117	0.9999998147557455
6.4137077078495262	1.0003979656818924
6.4185208094231196	1.0002243008497669
6.4233347717219802	1.0004297046370076
6.4281649814934143	1.0000352812534428
6.4330106738369190	1.0000198100097675
6.4394785449039587	0.9996136617609662
6.4475937573432933	1.0000566328914957
6.4537109427732569	0.9995107910874064
6.4644404903312243	1.0004532106782471
6.4772948972955149	1.0002597582147807
6.4832756382814063	0.9998692586418301
6.4928816390339508	0.9997139354421383
6.4963893495341356	0.9999232277049588
6.4997605078057736	0.9998658231652515
6.5032892117061740	0.9999613840877737
6.5070755856954579	0.9999468181361334
6.5112824262812925	1.0000208138548248
6.5182165824519780	0.9998513849486353
6.5224944367208035	0.9999896265841720
6.5261851080446220	0.9999294307827158
6.5297041948290016	1.0000271086959780
6.5332002007446439	0.9999560686257268
6.5367140365065826	1.0000355733819772
6.5402592086876998	0.9999675358466238
6.5438321320184318	1.0000367660229221
6.5474305980976073	0.9999718891109355
6.5510490131549757	1.0000353708193503
6.5546885971955868	0.9999737427811071
6.5583513767034614	1.0000314561196761
6.5620489000513427	0.9999765048853744
6.5657972130369551	1.0000231254510090
6.5696286295287063	0.9999831149057085
6.5735985478631687	1.0000115707892454
6.5778543750265275	0.9999440174032095
6.5846558121241605	1.0001443049316623
6.5891470423065854	1.0000135028971153
6.5929436578716061	1.0000737799418116
6.5965035758044204	0.9999808064308655
6.6000124558274305	1.0000534331739286
6.6035403900512177	0.9999774701919736
6.6071152482681823	1.0000407017789561
6.6107525388674313	0.9999810525484831
6.6144645633129988	1.0000288636248189
6.6182760296051146	0.9999877888146563
6.6222358061501705	1.0000158157896677
6.6264884130181443	0.9999478970393346
6.6333287798202374	1.0001392176002080
6.6380009675538592	1.0000181495490112
6.6420214786747760	1.0000572915155583
6.6458091098194032	0.9999860400197715
6.6495456854896560	1.0000335489547743
6.6533098859479498	0.9999816041262526
6.6571496246073121	1.0000167155210857
6.6611253520419238	0.9999838497864265
6.6653816678294442	1.0000459355054945
6.6724257999655459	0.9998787258257639
6.6771287890868454	1.0000037265240753
6.6813660192503059	0.9999894879456473
6.6855120088950271	0.9999931667958756
6.6898242710479492	0.9998486156484159
6.6951389316927692	1.0001491227636732
6.7076007779067428	0.9994410770488507
6.7209155297422534	1.0005297132435069
6.7247838045649218	1.0002129752150646
6.7293311311878483	1.0001257674708377
6.7334214873942324	1.0000262661427985
6.7370937653687122	1.0000935971015186
6.7404921109240812	0.9999799979428924
6.7437961595941163	1.0000814845527108
6.7471284679012307	0.9999857465286469
6.7505631101830659	1.0000622164509612
6.7541575790692328	1.0000071206660546
6.7579837725778944	1.0000406943476279
6.7622019154099275	0.9999776284038664
6.7690266601823819	1.0001716485695809
6.7733411654508391	1.0000326028131763
6.7770135706795065	1.0000981777003228
6.7804925302853736	0.9999944756477859
6.7839403081976970	1.0000706420297678
6.7874141867024891	0.9999861594957556
6.7909370937042786	1.0000531126294046
6.7945244038028267	0.9999870249208647
6.7981911373553849	1.0000375601987357
6.8019658592484369	0.9999932957585328
6.8059024310945002	1.0000210076409917
6.8101487957900328	0.9999524349648289
6.8171184981489281	1.0001155826208763
6.8219710548549664	1.0000643950007808
6.8264996150929695	1.0000292604631074
6.8366314876072272	0.9998101744665085
6.8418401857149211	1.0000244440353165
6.8468599838460618	0.9997123395882591
6.8518089063026606	0.9999025035177870
6.8577221343175871	0.9997788008103683
6.8637671013626180	1.0004144123431205
6.8890883723469054	0.9998987775292221
6.8944661234753895	0.9995046652092691
6.9003791851067655	1.0001287913803409
6.9056918733215369	0.9999161046887626
6.9105537845136400	1.0000400419061382
6.9145688111565153	1.0000229346830849
6.9185620855699934	1.0000615662807422
6.9227071156319901	1.0000040471775173
6.9267417473165454	1.0000071130312251
6.9308693298878037	1.0000212150614911
6.9351564695683550	1.0000485787172166
6.9449602407010520	0.9998560790936306
6.9488300830887626	0.9999850443736823
6.9525369563073953	0.9999427900539516
6.9564030284336305	0.9999939763813518
6.9606324676876241	0.9999408297634915
6.9673505314055397	1.0001225903306796
6.9717430627030250	1.0000020517571291
6.9755917114645865	1.0000530240606267
6.9793565777611537	0.9999984943319719
6.9832567798307084	1.0000324492282937
6.9874957007479157	0.9999661004139743
6.9942523061374313	1.0001560436080634
6.9990486815765731	1.0000372749822910
7.0032389378285460	1.0000625756311192
7.0072462718397555	1.0000143621465452
7.0112838701753137	1.0000470487982629
7.0155637351490974	0.9999939133018912
7.0238752939813009	0.9999654182675753
7.0311905644467476	0.9998535165656638
7.0345715125236934	1.0000668818970651
7.0377414384731178	0.9999600728928336
7.0410026182791174	1.0000749593867801
7.0444266216473093	1.0000027013954385
7.0480322972314386	1.0000551762353735
7.0518736303811140	1.0000209950506334
7.0560906220412480	1.0000858679772728
7.0615614081561402	0.9996679134099972
7.0726370733091235	1.0004048606845470
7.0950063245261816	1.0000113557498174
7.1005857199158795	0.9995784126426447
7.1061083484208432	1.0001701166424073
7.1095443603883703	0.9999470853913012
7.1132226081259313	1.0000218984304705
7.1170686150473967	0.9999981967799252
7.1211531359545388	1.0000714687686205
7.1252030485374922	1.0000759524406200
7.1290944021544531	1.0000963640108327
7.1328359815605769	1.0000071594577145
7.1364874797723932	1.0000560998640127
7.1401612054655903	1.0000060018672290
7.1439349118142026	1.0000642668051505
7.1478613680494858	1.0000464316172133
7.1521107525468137	1.0001030929982133
7.1604714757034502	1.0000824674357838
7.1652717690994434	1.0001700795471034
7.1700848274255220	0.9997257819592408
7.1741321299485206	0.9999156072010704
7.1785557356937950	0.9998935921256986
7.1832341769226469	1.0002486633938357
7.1880149002086995	1.0000031612435618
7.1928587682933900	1.0000856604076234
7.1989217815797675	0.9996812817799346
7.2225163398679539	0.9997733396944211
7.2275578693147384	0.9999184131915003
7.2322300705322178	0.9999066349215028
7.2419456882229261	0.9999645177375323
7.2466475712471690	0.9999922209190102
7.2509929864189075	1.0000389841821347
7.2553569215794749	0.9999684375715383
7.2617367492020444	1.0002168608307049
7.2657057366397737	1.0000424560838386
7.2691044317311233	1.0001240389691572
7.2725453969963736	1.0000267805491403
7.2762599829313181	1.0000539051981283
7.2804570792004677	0.9999864610857138
7.2875108138153255	1.0001390424938565
7.2924929062090076	0.9999873807814764
7.3000572427642778	1.0001669315162809
7.3047420604029076	1.0000146037887399
7.3086363194804784	1.0000630731288367
7.3122147635805517	0.9999635670429173
7.3156744709776271	1.0000463856191593
7.3191182076562074	0.9999609222798450
7.3226234242341723	1.0000301723993854
7.3262582538721954	0.9999751748615716
7.3301065233364318	1.0000028901270623
7.3343302185582875	0.9999288389223645
7.3407924795952768	1.0001623323697832
7.3500861351532842	0.9997514419820618
7.3564388316071936	1.0002392546211656
7.3630432261217793	0.9996713965892131
7.3810891759857498	0.9999062219085729
7.3862530410385165	1.0003522936878455
7.3917112672432408	0.9998434774154429
7.3961301713326799	0.9999483212516038
7.4002091783425152	0.9999488419210550
7.4041261358172248	0.9999937706665557
7.4080380191969670	0.9999623478900131
7.4120199901734036	0.9999925709379991
7.4160994476240747	0.9999824898184944
7.4203844136092796	1.0000867473250021
7.4264665893929784	0.9998270093197534
7.4312024769202649	0.9999769282273113
7.4351912970452965	0.9999549878857862
7.4389145826300398	1.0000382479039907
7.4425909536478896	0.9999836554191626
7.4463301635797032	1.0000287586498955
7.4502377392659040	0.9999944473546023
7.4544763379098233	1.0000585368435009
7.4605877031684225	0.9997401722739720
7.4695091170659476	1.0001297561951412
7.4735218355023765	0.9999937094880904
7.4772245531696537	1.0000591987860994
7.4808798825802940	1.0000095025885447
7.4845482712415743	1.0000770664350989
7.4882314830060919	1.0000262052002449
7.4919236422924280	1.0000866065880820
7.4956236292879490	1.0000302691295040
7.4993272382484424	1.0000847912006554
7.5030404899131327	1.0000267640458154
7.5067710967559442	1.0000750451623379
7.5105423558629774	1.0000247314105617
7.5143852410688359	1.0000604191874642
7.5183632719775773	1.0000301964931588
7.5226197320387218	1.0000998260880392
7.5286573650229549	0.9997744254702325
7.5352645787406081	1.0002288451873156
7.5409660378328960	0.9998746931356705
7.5469384578245524	1.0001945079835921
7.5527322527806877	0.9995778843785482
7.5563498123965527	0.9999981395188439
7.5610349690955196	1.0000390697908899
7.5670860863350935	1.0002494819525480
7.5721135672726039	0.9998622814780911
7.5770550435308657	1.0001096407700425
7.5819607667057891	0.9999730683903099
7.5882359544392415	1.0002168106549445
7.6053117129174765	1.0002427568026857
7.6110031839190890	1.0000792836869912
7.6252679348966570	1.0002364931205208
7.6302390470577306	1.0000389057923058
7.6342345693756357	1.0000730809082548
7.6381566492592459	1.0000145937574973
7.6424215443923948	1.0000625908939738
7.6493597434019973	0.9998557994418177
7.6535383694299224	0.9999970454395920
7.6572879181636182	0.9999543958562669
7.6611226647468564	1.0000048024699155
7.6653578900464101	0.9999471883114459
7.6721870989388519	1.0001444260167873
7.7024608965471968	0.9994706088968892
7.7087905001105650	0.9997595081424319
7.7143217908116046	0.9994458792285825
7.7194472957709159	0.9997860324873731
7.7244250369533427	0.9997095902454267
7.7293392128126008	1.0002542193441257
7.7333114577511441	1.0001476981108661
7.7372802068163402	1.0001515260872391
7.7413565920078646	1.0001084117086283
7.7456302760728208	1.0001683955663301
7.7515689686391838	0.9998743339496081
7.7658398542710732	0.9997144205834778
7.7702984992291757	0.9999210564934753
7.7739336795946192	0.9998737717450185
7.7775312306732838	0.9999653883065031
7.7813293622516033	0.9999472057910821
7.7855285451417924	1.0000169101120640
7.7924364676414095	0.9998501113936320
7.7968876024240110	0.9999741134745870
7.8007613127119333	0.9999296795397931
7.8044632154330493	1.0000033963222508
7.8081492477444705	0.9999566704166520
7.8118693241741015	1.0000109053780757
7.8156530574787730	0.9999705199158071
7.8195198139504631	1.0000092652162800
7.8235170562437082	0.9999810235550377
7.8277761727235875	1.0000485350843791
7.8349522848499884	0.9999154509017953
7.8396530977516212	0.9999887323635266
7.8441435209000057	1.0000579632580773
7.8485232322146219	1.0001771387000835
7.8542275337433463	0.9998141070020393
7.8614351734630095	1.0002014720614376
7.8671944771131699	0.9996734854363294
7.8708266079341742	1.0000952416010709
7.8754951814353467	0.9999888701892390
7.8802899310762982	1.0000913022242450
7.8899874487946002	0.9998865518204504
7.8943547474291762	0.9999468895814985
7.8980896253994635	0.9998696700205015
7.9016759439910249	0.9999444841369260
7.9053204871710099	0.9998989213549392
7.9091608970612173	0.9999404419608138
7.9133631753477864	0.9998866945433246
7.9201411811638254	1.0000809598477911
7.9250349800751927	0.9999851006112115
7.9295871693357780	1.0000564142959738
7.9364840936719734	0.9998318230205906
7.9410785736808025	0.9999775582844047
7.9448805195292502	0.9999201686351039
7.9484259894152984	1.0000141832723890
7.9519384658791417	0.9999479908166528
7.9555108569516655	1.0000149499831510
7.9592032137563002	0.9999694737827678
7.9630868606286631	1.0000032978331086
7.9673178204457518	0.9999402342612469
7.9742249101179841	1.0001213957190989
7.9784831886867034	1.0000562016682764
7.9823106420935384	1.0000842756199566
7.9860882865433176	1.0000168983622442
7.9899608294618902	1.0000381019831361
7.9939659744131779	1.0000206615985763
7.9982304498147219	1.0001225396205800
8.0040419544098143	0.9998198603162494
8.0175583327348203	0.9996833509056596
8.0213217885115284	0.9999227166825885
8.0258000656228585	0.9998644057920637
8.0305103230137984	1.0002650180404125
8.0360272642053090	0.9997550123386748
8.0411252760958227	1.0000881781598361
8.0448980633687004	0.9998791192167487
8.0485223869637004	0.9999563516736927
8.0520755649282982	0.9998963377238386
8.0556702533855820	0.9999711408016057
8.0593591003119514	0.9999323958151035
8.0631588658000251	0.9999849343220659
8.0670787440089242	0.9999640901920154
8.0710566501262218	0.9999884487205536
8.0750761990757258	0.9999590754676966
8.0791301273027774	0.9999959872395457
8.0832220913357400	0.9999784195870718
8.0873655615117901	1.0000206044420616
8.0916685564827766	0.9999694267270375
8.0988754248561836	1.0001363454622052
8.1029072464288063	0.9999979732981664
8.1065816838243929	1.0000451638749912
8.1103855261526761	0.9999954728966659
8.1146096553175511	1.0000600319616715
8.1210485975844460	0.9998298774527637
8.1252453878493931	0.9999756246519815
8.1289381490250658	0.9999268430893327
8.1327299492045473	0.9999832181154419
8.1369556780464212	0.9999314115016311
8.1429540721285036	1.0002890521746985
8.1482116093887544	0.9997703562964706
8.1515331464450487	1.0001081994985033
8.1549806549482060	0.9999856250757929
8.1583101351349718	1.0000939894435421
8.1615795069726307	0.9999699598089018
8.1648792247178044	1.0000589351781446
8.1682854111462877	0.9999710307826675
8.1718295862982036	1.0000282450087936
8.1755293882304887	0.9999790557166796
8.1794236631670127	1.0000085340508327
8.1836587112397297	0.9999463206817799
8.1907234801883160	1.0001128313559087
8.1955271421842824	1.0000107815132415
8.1998475735948411	1.0000211218530868
8.2040381993212250	0.9999800033620535
8.2083661715832434	1.0000375744937187
8.2158247893523662	0.9999004460890363
8.2198224970754357	0.9999720317268594
8.2236603741918479	0.9999523308367013
8.2275973066501127	1.0000076511336116
8.2318540853587709	0.9999884714383837
8.2402148686172882	1.0000691109774844
8.2473098924920674	0.9998623904777674
8.2507742388423075	1.0000534848977258
8.2543615741079890	1.0000063827392531
8.2585534161506651	1.0000496195083401
8.2660869746127119	0.9999242047693847
8.2703328402816148	0.9999989513232179
8.2743363274421480	0.9999596456520677
8.2783323492501246	0.9999891660164304
8.2823588727528659	0.9999625485586413
8.2863786892848221	0.9999997146193202
8.2903609544432122	0.9999648209372640
8.2943064105472217	1.0000049069866879
8.2982580255937322	0.9999713940543639
8.3022910475793790	0.9999980467497342
8.3065654478480884	0.9999305283185100
8.3133128818258122	1.0001349250680731
8.3179815101361303	1.0000102284006229
8.3219500373703443	1.0000576660969092
8.3256765802818187	0.9999811586384643
8.3293517287201002	1.0000355541471242
8.3330469858314196	0.9999765239701225
8.3367862941869912	1.0000236662911703
8.3405773810157982	0.9999768171887957
8.3444194424707163	1.0000165852966258
8.3483159054480183	0.9999792386086737
8.3522750680044826	1.0000105284917082
8.3563318337339147	0.9999822750406305
8.3606099626696757	1.0000505761708804
8.3674959660939603	0.9998620020558875
8.3719468594146669	0.9999939715693741
8.3757386671884788	0.9999391114018958
8.3793495788195553	1.0000228119979224
8.3830123704601043	0.9999774068465975
8.3868640465776654	1.0000177901481664
8.3910915356948337	0.9999613042145372
8.3980965043743652	1.0001363705651323
8.4027552330521829	1.0000301000107636
8.4069828421596124	1.0000456936181026
8.4113384446185915	0.9999787081190098
8.4186604552366422	1.0001652461081825
8.4238609424362227	0.9997836130669072
8.4288537672735568	0.9999975612773017
8.4337558783131215	0.9997581761731363
8.4386011555569631	1.0000671492298483
8.4434427429643915	0.9999274465545606
8.4482729530464020	1.0003174815669587
8.4530193797154141	1.0002387939149726
8.4574623477274748	1.0001191469164887
8.4658066717787737	0.9998353013416306
8.4698110089075112	1.0000441518051100
8.4742650067360241	1.0000302712709146
8.4805196154346572	1.0001967503085460
8.4849948141699532	0.9999385858531339
8.4887696403794628	0.9999440872556676
8.4926268186814156	0.9998833733820223
8.4967089521893939	0.9999097700596411
8.5009515774138507	0.9998913765053883
8.5089829999991462	0.9999092785866379
8.5137542192643565	0.9999815351477958
8.5181021598810549	1.0000475974746281
8.5221582144336772	1.0000062518249631
8.5260699350927780	1.0000510891469778
8.5300482331859975	1.0000168568155225
8.5343127575552717	1.0000799114013972
8.5412360374206369	0.9998882749519764
8.5457237166456714	1.0000090310998520
8.5496391681378956	0.9999680573100846
8.5534400864482034	1.0000275137262187
8.5573580004116359	0.9999994324839462
8.5616032383742304	1.0000648747356762
8.5685423193834378	0.9998826896924137
8.5731915458290473	0.9999981763458312
8.5772608070043521	0.9999663395027213
8.5811442775613056	1.0000238574982965
8.5850041630144442	0.9999829387175924
8.5888900256710468	1.0000190092230750
8.5928164302002870	0.9999758767452244
8.5967750327524843	1.0000017071392835
8.6007657661672248	0.9999612629920697
8.6047950063827461	0.9999838478139986
8.6088947905464011	0.9999494558096969
8.6131861907444573	1.0000103005893461
8.6207155216765141	0.9999191048369992
8.6247502983829794	0.9999749659307370
8.6286895435511202	0.9999246145274127
8.6327084694937781	0.9999425449023240
8.6366471860750007	0.9999218954164751
8.6404055128462343	1.0000165067092159
8.6439601268036519	0.9999502532391094
8.6473960724386814	1.0000526839158048
8.6508063790538419	0.9999701197337463
8.6542403429328019	1.0000560849791313
8.6577213480429123	0.9999793130307116
8.6612486144238368	1.0000493069132110
8.6648186031026881	0.9999795217084666
8.6684210313552921	1.0000411159575335
8.6720513961035355	0.9999763551829652
8.6757041781817765	1.0000334937744613
8.6793811416332911	0.9999737771314616
8.6830842496866882	1.0000260481684300
8.6868232897512794	0.9999739092761085
8.6906110895996385	1.0000169603363358
8.6944753745027548	0.9999786765327651
8.6984666166739384	1.0000067453997483
8.7027281082093051	0.9999388961201640
8.7095972533458959	1.0001275304325554
8.7143387386998139	1.0000127824193945
8.7184677996238769	1.0000431470955140
8.7224150064240593	0.9999905979022227
8.7264139136213323	1.0000170817268610
8.7306830116757741	0.9999491322575930
8.7375410595037426	1.0001467753346704
8.7417358137189307	1.0000010631850824
8.7453021908245940	1.0000779519692542
8.7487166230217248	0.9999715457239570
8.7521469114698665	1.0000489107427490
8.7556511448426839	0.9999748631246569
8.7592550582027808	1.0000330154748516
8.7629869196968304	0.9999915102848056
8.7668980837802692	1.0000285255044652
8.7711377285389283	0.9999747930913770
8.7785396183814264	1.0000913914206504
8.7820376405844556	0.9999292950640656
8.7852325678472543	1.0000592074631438
8.7884440424386625	0.9999346194021789
8.7917740879703743	1.0000200289860424
8.7952470602291104	0.9999479975536808
8.7988590947086998	1.0000073526986855
8.8025998851751872	0.9999707373379256
8.8064573433894822	1.0000172456929697
8.8104236308840420	0.9999966714641805
8.8143989209933977	1.0000266679476182
8.8182756971405620	0.9999662887341931
8.8219605033268333	1.0000396142308605
8.8254703924722406	0.9999547011456943
8.8289018736766778	1.0000451428020538
8.8323653488159426	0.9999709325468299
8.8359568875278658	1.0000286713495286
8.8397774478101443	0.9999931060097556
8.8439941249433787	1.0000506350607288
8.8509080715393758	0.9998542955727039
8.8546862664336068	1.0000263923851116
8.8579610212438062	0.9999170134374883
8.8611498611543418	1.0000547071256156
8.8643725097773132	0.9999498576792359
8.8676519102145406	1.0000578033423431
8.8709931331829317	0.9999667217599326
8.8743903798747539	1.0000550023576158
8.8778437255375273	0.9999761708427143
8.8813528710619138	1.0000485626441156
8.8849270969308805	0.9999836366661354
8.8885801461016136	1.0000369862134071
8.8923430638127066	0.9999928155773927
8.8962717310013417	1.0000215458003170
8.9005162315918813	0.9999543477795765
8.9074359446435043	1.0001304399881856
8.9124286893711364	0.9999829811273881
8.9201253840014711	1.0001538020738474
8.9242302512836265	0.9999913221826205
8.9277589820947068	1.0000681949452364
8.9311890367175799	0.9999678640695445
8.9346577652716341	1.0000434115812957
8.9381989664014139	0.9999770719058906
8.9418308389228276	1.0000359764300819
8.9455803854489808	0.9999962711924323
8.9495020138557848	1.0000304636529838
8.9537442979683153	0.9999686765255826
8.9605717932272881	1.0001684290801782
8.9646728362314629	1.0000151814212868
8.9681490198912979	1.0001011184535611
8.9714736429544590	0.9999796264670227
8.9748052897110870	1.0000680327460165
8.9781925553666166	0.9999737102011975
8.9816475095045654	1.0000473506371901
8.9851723148238101	0.9999737665909704
8.9887643054279387	1.0000336455998386
8.9924255827615482	0.9999762778919030
8.9961613590393483	1.0000220671525137
8.9999925092019293	0.9999826547469886
9.0039650075760758	1.0000114105326077
9.0082209696074269	0.9999448111267523
9.0145991261391192	1.0002241702654524
9.0197600069469654	0.9999210832073369
9.0247617501214119	1.0002757671690983
9.0282770682235505	0.9999030253296570
9.0312474691310829	1.0000718598387275
9.0341103383728090	0.9998517973582496
9.0370826517142060	0.9999927404190974
9.0402236533167351	0.9998743820127827
9.0435516805708644	0.9999685392503254
9.0470589921053985	0.9999141859016718
9.0507177410918125	0.9999722352907149
9.0544981211031992	0.9999356709402092
9.0583662461000376	0.9999789390573033
9.0622993485919920	0.9999518636564382
9.0662807637896492	0.9999918942457851
9.0703120383564446	0.9999722390370753
9.0744149377651642	1.0000104836737582
9.0787074942135675	0.9999541550679928
9.0853003512341690	1.0002241100736939
9.0905434283535964	0.9997561684018400
9.0944010375825961	1.0000666793635604
9.0986318139113038	1.0000448929474015
9.1025072590240246	1.0000680704794778
9.1064819052314512	1.0000611700999231
9.1105554053069486	1.0000584903994911
9.1146611818832586	0.9999964823499277
9.1186477218569149	1.0000278551886921
9.1224301839996027	0.9999488218161596
9.1260321882154578	1.0000209125145545
9.1295392203792165	0.9999382136786672
9.1330368722430979	1.0000157697661889
9.1365938119342367	0.9999534961498616
9.1402704602513261	1.0000060614912210
9.1441445850038967	0.9999766493694690
9.1483744800876448	1.0000416085423158
9.1552215219762658	0.9998448985739633
9.1626622298688751	1.0002456646642597
9.1671985333079586	1.0000442821692281
9.1706414738434052	1.0001421813117548
9.1738169107955994	0.9999846401344832
9.1769675394425914	1.0000954989358084
9.1801665062616440	0.9999678519083756
9.1834367705995099	1.0000604876033570
9.1867844803276029	0.9999595996819662
9.1902046697774935	1.0000342279062266
9.1936911395934189	0.9999518398518438
9.1972344753205899	1.0000141396793760
9.2008316190165864	0.9999450910392631
9.2044829217815991	0.9999971374982525
9.2082016281353631	0.9999435989898512
9.2120125401988098	0.9999801108867549
9.2159722205982764	0.9999479869064133
9.2202238653787543	1.0000127051723915
9.2272597674833321	0.9998552546250692
9.2314211737158107	0.9999280956088115
9.2352602239424950	0.9998987990199182
9.2391615029222045	0.9999426717658448
9.2431485391576071	0.9999373167262023
9.2473258010270190	1.0000065171036814
9.2516152368900357	1.0000427129285545
9.2604111411022849	1.0001473352854484
9.2650343973571179	1.0000322561295711
9.2689108024741635	1.0000617973653387
9.2723880749821426	0.9999469882091598
9.2757121630573689	1.0000518596918988
9.2790060929115796	0.9999489661026377
9.2823231762309053	1.0000518492641919
9.2856906673870245	0.9999653746717410
9.2891295696260272	1.0000474240035091
9.2926680873143219	0.9999844698671038
9.2963414191841736	1.0000347226127464
9.3002171857415323	1.0000039439425965
9.3044462066381008	1.0000694416926164
9.3112491632885384	0.9998736262546223
9.3159321987398478	0.9999852838637312
9.3200626712251413	0.9999568520831024
9.3241040997371076	1.0000030729233269
9.3283976682595178	0.9999600147323066
9.3366763651327300	0.9999942232223044
9.3444294575802491	0.9998785046385793
9.3491989505484625	0.9999861112236820
9.3532662797291870	0.9999428973185515
9.3570207353388284	1.0000235421837465
9.3606844070161319	0.9999720378302618
9.3643999554165251	1.0000292428689794
9.3682871425570049	1.0000009257548068
9.3725227338554262	1.0000625340293892
9.3793540127697934	0.9998428238724404
9.3906099385030846	1.0000119794455753
9.3955819592884904	1.0000328783602670
9.4005204643278244	1.0004393700276768
9.4054193705523694	1.0001652288373504
9.4103203647545364	1.0001745742725865
9.4178996753802657	0.9997695343496139
9.4218752417400662	0.9999529665771298
9.4252764590308953	0.9998707685957121
9.4286632539546229	0.9999870868436332
9.4321531552655493	0.9999335050239159
9.4357587160663225	1.0000047129604934
9.4394786983401335	0.9999672545438149
9.4433121320291562	1.0000100327366248
9.4472927790192518	0.9999842386835021
9.4515484100113287	1.0000520617446647
9.4584764317605412	0.9998731911433425
9.4633207985484429	0.9999811329235412
9.4675743396811605	0.9999560070764633
9.4715811954738918	1.0000113146973424
9.4755014028777911	0.9999742294752710
9.4794047119411839	1.0000174419663599
9.4833443668335597	0.9999855364127218
9.4873789689955643	1.0000159328176614
9.4916531779870219	0.9999493605768539
9.4985884013849589	1.0001298488363424
9.5035351077867034	1.0000312404010250
9.5081211744537359	1.0000985145921673
9.5147370493463175	0.9998204051706564
9.5330260135188265	0.9996790851391256
9.5374935682838000	0.9999011093449953
9.5418585666528877	0.9999311917175491
9.5462233031416908	0.9999689166445208
9.5538120923781786	0.9998652202083324
9.5570237546680996	1.0000438468775579
9.5603517864431691	0.9999404468693482
9.5638045535515719	1.0000166330317912
9.5673644204162880	0.9999506595997919
9.5710181939007679	1.0000041566649802
9.5747849609758866	0.9999635891166352
9.5787175405389942	0.9999975111296397
9.5829624794827968	0.9999380388204204
9.5899866660762942	1.0001109171562588
9.5948540683970993	0.9999595044232945
9.5994324117942593	0.9999787769948184
9.6070822434501206	0.9998144511575247
9.6123239129886464	1.0002627832086959
9.6169151639686383	1.0000411100007185
9.6213681602576511	0.9999103164344516
9.6255282929574104	0.9998961540955025
9.6295237274884578	0.9999774264046259
9.6334255843636640	0.9999738708861189
9.6374121698528370	1.0000311263711748
9.6416754454694509	0.9999632450497109
9.6477269123746350	1.0002390791166487
9.6672977396530086	0.9994122298288483
9.6726580021139057	0.9997727636481478
9.6766028631906877	0.9997909523707890
9.6805516844651063	0.9999752843707445
9.6842418621113655	0.9999435379841005
9.6877035541135523	1.0000436623881170
9.6912017196429137	0.9999758752450917
9.6948323257754332	1.0000238651249962
9.6986146721563706	0.9999778409908922
9.7025180121444468	1.0000030590414057
9.7065120836799803	0.9999692206929920
9.7105737514393837	0.9999924644502398
9.7147066212494018	0.9999646950314606
9.7190048755915139	1.0000365802222175
9.7258152681055545	0.9998391485202812
9.7403523485012116	0.9995560410626376
9.7538052951756935	0.9997453828500066
9.7582223688389966	0.9999126188762890
9.7618977844952042	0.9998601551664376
9.7650781607604422	1.0000376366845485
9.7680732063492908	0.9998938025154988
9.7710785135492575	1.0000493779856074
9.7741902693804796	0.9999296473473102
9.7774365975113078	1.0000337149445646
9.7808269864798696	0.9999531453950882
9.7843594249335180	1.0000167333551107
9.7880485085114479	0.9999710914275866
9.7919356844082035	1.0000059976957720
9.7961689109066743	0.9999507067616863
9.8037303913697844	1.0000360611261259
9.8084604133025923	0.9999403731305326
9.8132515647825631	1.0002769835701231
9.8180603415130978	1.0000545529062481
9.8228836518278353	1.0002317375075578
9.8277103995393702	0.9998207332388322
9.8321414799755367	0.9999057935891097
9.8365039420903422	0.9999228287896391
9.8425483226102806	1.0001498166496994
9.8517856473875849	0.9996682761149469
9.8549863319111459	0.9999401339914904
9.8584499129817029	0.9999032015148247
9.8626410707507279	0.9999748012670349
9.8702986217528981	0.9998994598343061
9.8745612097902562	1.0000434753944034
9.8784525997500303	1.0000125863462257
9.8824268519131486	1.0000522573512400
9.8863287666614674	0.9999976231006940
9.8902516707039503	0.9999905618919437
9.8942722141608499	0.9999586864916451
9.8983635060763131	0.9999719285596158
9.9024524340286035	0.9999346311991092
9.9064780375343702	0.9999777036627423
9.9104683632123614	0.9999495415456773
9.9145168353769879	0.9999926940031609
9.9188002481842474	0.9999493298902966
9.9256681305643575	1.0002166119427800
9.9315561549921174	0.9997431040695773
9.9397251836131630	1.0002281097741728
9.9444123289685322	1.0000407401567584
9.9480538219678021	1.0001213587619484
9.9516044037668916	1.0000437321052327
9.9552494932790392	1.0000976720908892
9.9589591275273399	1.0000366005612114
9.9626455931860409	1.0000906069923234
9.9662662830975890	1.0000122158888232
9.9698592507470156	1.0000691757726969
9.9735264310911287	1.0000092849759927
9.9773848865875170	1.0000370080594465
9.9816138290629937	0.9999711451203077
9.9886916339421656	1.0001260919858457
9.9930802067584032	1.0000102109510318
9.9971466934536775	1.0000268699057304
