0.0000000000000000	0.0000000000000000
1.5874266515427569	0.0010000000000000
1.5941648292837625	0.0006356000420825
1.5974277017509642	0.0010962745850327
1.6004954844837038	0.0010466662470969
1.6041596398785811	0.0012680774119499
1.6082154634500938	0.0014452727559175
1.6127727621804540	0.0017302950896803
1.6203026423058919	0.0019468564496803
1.6260403887137653	0.0027984088784139
1.6315738543695153	0.0031383338084904
1.6370127539551647	0.0040351868145406
1.6424221700599939	0.0044950740080783
1.6470269137485252	0.0055395010977294
1.6518582758690536	0.0064899146475009
1.6569599827857184	0.0078420131164027
1.6617406656182323	0.0092688141640853
1.6661735047992954	0.0108132232288023
1.6704008408740396	0.0124247725675248
1.6744971623170744	0.0142901564421345
1.6785919525291229	0.0163488596424153
1.6826761890401345	0.0187711837844345
1.6868137553852054	0.0215148265347531
1.6909449087834283	0.0247124589671057
1.6951316896475705	0.0283612514684444
1.6992944006748030	0.0325658135832416
1.7035147833033237	0.0373796593334849
1.7076973098840171	0.0428764652046345
1.7119477113196986	0.0491902793354027
1.7161519721959586	0.0563471412539668
1.7204397813006536	0.0645940155000618
1.7246765974623455	0.0738822162690233
1.7290137217370496	0.0846072944781144
1.7332981023537002	0.0966148562946983
1.7376955377620575	0.1104722570796368
1.7420443861224446	0.1259029618494598
1.7465081017648814	0.1436178959008714
1.7509397879019288	0.1632615674176287
1.7554675180700616	0.1855311160553690
1.7600004134781699	0.2101713840703687
1.7645791512696676	0.2374781818243497
1.7692325662515005	0.2677295682771471
1.7738436301431539	0.3001169425679283
1.7786309817676598	0.3361157873809435
1.7832603181407185	0.3729828980629850
1.7881572489061894	0.4137887500374545
1.7929145449571535	0.4547495382192582
1.8068817413079459	0.5780555149374085
1.8113465176360071	0.6165392923032564
1.8152091069003888	0.6487335198916767
1.8189031462638687	0.6785674106102905
1.8224359537102881	0.7057280466466509
1.8261293290445590	0.7328649649729043
1.8299131627462359	0.7589267041227251
1.8338978622549602	0.7845827447551383
1.8380384005730124	0.8091293694318942
1.8423002023872537	0.8321819835991799
1.8467936774749116	0.8539354109030749
1.8515562505861232	0.8748876521622760
1.8565535420868302	0.8936895752471721
1.8615079339504388	0.9101634727438018
1.8665693511056098	0.9238550938626784
1.8719713847243051	0.9371753755703588
1.8759389378028144	0.9451455579304184
1.8804892115925327	0.9534018468841141
1.8852891396025522	0.9603887904255897
1.8892991379078363	0.9658972752307010
1.8938297002465545	0.9710110581022524
1.8985543794068438	0.9758623952912586
1.9033638483567725	0.9793896835925204
1.9092344353348438	0.9838939198237920
1.9274183978500092	0.9916743982428301
1.9374076379803076	0.9937582012349283
1.9598113088243687	0.9974595001645810
1.9634184002118971	0.9979076176142091
1.9666286399845685	0.9980106610537341
1.9698325880010552	0.9983418249077862
1.9731098277796908	0.9984330251028324
1.9764649249035497	0.9987004714505867
1.9799011317949398	0.9987805429923526
1.9834175107251089	0.9989945917720278
1.9870302246899334	0.9990671772979470
1.9907626835783605	0.9992290716552665
1.9946759480689826	0.9993046933486919
1.9989150030042426	0.9994676622634024
2.0058624081249077	0.9994196922278954
2.0104955581662254	0.9996046798550365
2.0145611030155517	0.9996274169943640
2.0184764433090145	0.9997252046557548
2.0224633937363170	0.9997382893432899
2.0267269875892557	0.9998419788440283
2.0336618212571298	0.9997060529282722
2.0382381011564985	0.9998525270293604
2.0421749793201727	0.9998251781543073
2.0458697270149608	0.9999206695760291
2.0494849921349663	0.9998699369309831
2.0530736680450170	0.9999538997213895
2.0566573627096156	0.9998964513680932
2.0602388339460798	0.9999750689576176
2.0638200828699129	0.9999139342175507
2.0673984227539552	0.9999902171987786
2.0709749166450049	0.9999263320094401
2.0745486258256647	1.0000012169654657
2.0781230354820162	0.9999359344815479
2.0817001869999956	1.0000086242964341
2.0852867157855104	0.9999443764566761
2.0888881745660814	1.0000124269766042
2.0925156321931722	0.9999531674266692
2.0961807627489146	1.0000119745923570
2.0999045888288741	0.9999643797117119
2.1037165800351381	1.0000056829915747
2.1076761168791824	0.9999768045603012
2.1119278503003245	1.0000432213321495
2.1188237530727059	0.9998578054093769
2.1233727173283694	0.9999827734036808
2.1272532715195025	0.9999306526588242
2.1308697388041646	1.0000209112110860
2.1343918370614423	0.9999466061310913
2.1378791352152371	1.0000317413471715
2.1413589427453381	0.9999531758375171
2.1448393722424579	1.0000347300636037
2.1483269898471704	0.9999566030079333
2.1518224927875216	1.0000351005286892
2.1553290972328139	0.9999589838000870
2.1588462302911782	1.0000344853994954
2.1623763251510288	0.9999610209379152
2.1659183641544755	1.0000334753660085
2.1694743976932656	0.9999629117865668
2.1730430828895129	1.0000323188085087
2.1766261922110295	0.9999646887223923
2.1802221276649791	1.0000311318923247
2.1838324873828672	0.9999663489654708
2.1874555452104922	1.0000299582964072
2.1910929064293598	0.9999679128139453
2.1947429682165667	1.0000287706772535
2.1984077062887004	0.9999694726790530
2.2020861737724209	1.0000274260542161
2.2057815224735289	0.9999712816925691
2.2094947084616070	1.0000255346553597
2.2132320704262147	0.9999739743834481
2.2169998274885447	1.0000220998730354
2.2208135191222489	0.9999791328809112
2.2246963511538738	1.0000150120816991
2.2287007461581441	0.9999858230212468
2.2329646139073231	1.0000526339692692
2.2398765851692679	0.9998693473408853
2.2446383666846681	0.9999826408428670
2.2487694934977394	0.9999486972325793
2.2526353098687375	1.0000150586326773
2.2564013188460774	0.9999643875992218
2.2601313599050790	1.0000231163272046
2.2638606725320778	0.9999710718390799
2.2676084640555305	1.0000224194132685
2.2713985667368166	0.9999779644699329
2.2752598623383697	1.0000153806781715
2.2792497891421397	0.9999859508694120
2.2835098331691981	1.0000522762790753
2.2904434017555984	0.9998727378546903
2.2954451026028151	1.0000269700859885
2.3022723730778942	0.9997372422972374
2.3203033133924444	0.9996152179688735
2.3434379299237418	0.9999743449253617
2.3477169457475595	1.0000693046745066
2.3521338423541591	1.0000283525993161
2.3582133248698822	1.0001789538439743
2.3624380304441162	1.0000055023634564
2.3660236834468495	1.0000678308869808
2.3694929599448056	0.9999722023574339
2.3730819880601000	1.0000191022637768
2.3769030619985321	0.9999839334137147
2.3811148103452302	1.0000445342753890
2.3880801818084820	0.9998722092148838
2.3928750815437740	0.9999740085371595
2.3974160590583407	0.9999203069678974
2.4045909987279592	1.0001294117741157
2.4094379229934004	1.0000216811987022
2.4137556684519854	1.0000387199865708
2.4181329511521850	0.9999574648990954
2.4251913684151751	1.0001336809430070
2.4302247038367337	0.9999758611038509
2.4377265887932844	1.0001676019775751
2.4427426527546352	1.0000306445920171
2.4470337407062059	1.0000477131134482
2.4511573504400408	1.0000000372838758
2.4554698820971566	1.0000595609601062
2.4624254140170252	0.9998652035015015
2.4669825216785197	0.9999871007117112
2.4709011165132599	0.9999408626201226
2.4746111841789356	1.0000161045853710
2.4783035621717557	0.9999662727015398
2.4820692062672323	1.0000134630871704
2.4859952067055233	0.9999838571711902
2.4902384974187108	1.0000486819729806
2.4970692804503658	0.9998489995107555
2.5011690395607604	1.0000042941386853
2.5045881095130884	0.9999041759346459
2.5077882531977465	1.0000465958790694
2.5109319706934796	0.9999229006604272
2.5140678715494098	1.0000564292562211
2.5172160001304360	0.9999328230711159
2.5203799173237198	1.0000577276007685
2.5235639188919814	0.9999386447226234
2.5267671508628191	1.0000561204051859
2.5299924072434128	0.9999429448940561
2.5332390138611358	1.0000532707649417
2.5365101813912903	0.9999469339442129
2.5398061289464966	1.0000496117370121
2.5431310934577049	0.9999512702640925
2.5464867713881629	1.0000450542048991
2.5498793030934017	0.9999565274410100
2.5533131681611834	1.0000391124861894
2.5567985311345631	0.9999635631636494
2.5603462221140543	1.0000306561075538
2.5639769600149633	0.9999740706652526
2.5677207142320908	1.0000177008816806
2.5716389482471191	0.9999862665482708
2.5758794466679338	1.0000498851367641
2.5828366992168825	0.9998738526527124
2.5876983233163697	0.9999751506299546
2.5922646049621272	0.9999196315484287
2.5993338391800211	1.0001459035258753
2.6036518625985585	0.9999986063350835
2.6072128150156146	1.0000854835498985
2.6105173633641208	0.9999569320252976
2.6137441965319304	1.0000691787561329
2.6169535782111417	0.9999467906853196
2.6201655262129342	1.0000610213344032
2.6233883236116204	0.9999448521155768
2.6266231388064250	1.0000565781461266
2.6298724030172975	0.9999455376516634
2.6331350695120030	1.0000535797212762
2.6364131954591059	0.9999472044166982
2.6397057402802466	1.0000510195465813
2.6430151191070745	0.9999493697059174
2.6463407544284085	1.0000484196604054
2.6496856837804121	0.9999519798737915
2.6530501335222332	1.0000454584918403
2.6564381660200120	0.9999552031352243
2.6598514080692155	1.0000417756054796
2.6632958038039543	0.9999594289838992
2.6667757029352894	1.0000367859204298
2.6703010538423970	0.9999654480739009
2.6738824445465994	1.0000293186050686
2.6775402886479789	0.9999749426809047
2.6813040564960091	1.0000173383606865
2.6852344175383815	0.9999862527273833
2.6894781689771237	1.0000503110152110
2.6963540980497762	0.9998591649903177
2.7007272273072433	0.9999938825760878
2.7044187500373300	0.9999238467636423
2.7078589308261600	1.0000337721023176
2.7112162603825807	0.9999394292455649
2.7145461792949193	1.0000444159693946
2.7178727134750789	0.9999461202035745
2.7212017296636999	1.0000470485181874
2.7245384861530240	0.9999493943170791
2.7278827966604888	1.0000470358323421
2.7312375739625572	0.9999515397694738
2.7346022767366738	1.0000459286283321
2.7379798931703441	0.9999535290011010
2.7413704344992280	1.0000441279514691
2.7447775858272960	0.9999558570918049
2.7482023887134397	1.0000415885339395
2.7516498550705553	0.9999589383245445
2.7551229071125967	1.0000379705472526
2.7586292146012745	0.9999633658643275
2.7621756327106217	1.0000325089141511
2.7657760424028406	0.9999703002478152
2.7694475424989218	1.0000235398933945
2.7732228392085778	0.9999817760220325
2.7771587389543346	1.0000126788482004
2.7814052417070796	0.9999483612599035
2.7883089346503316	1.0001338285807873
2.7928788350678269	1.0000127870442355
2.7968123178629920	1.0000581671298558
2.8005232186774278	0.9999812469501494
2.8041873905223609	1.0000361809831868
2.8078847345275024	0.9999798002711457
2.8116692210151979	1.0000195648917745
2.8156097234641635	0.9999875075214196
2.8198566226206649	1.0000512306017615
2.8267415978343333	0.9998612112969097
2.8311752636426273	0.9999918523640060
2.8349322499033152	0.9999282555641684
2.8384348072164882	1.0000304949994838
2.8418523334653152	0.9999438552385828
2.8452420014977173	1.0000406229297427
2.8486292530579020	0.9999505754160182
2.8520211265084794	1.0000427608615918
2.8554238420830602	0.9999541638563585
2.8588382804462666	1.0000421219806968
2.8622684908765104	0.9999569486870026
2.8657154371648921	1.0000401052313983
2.8691839926731686	0.9999600304116927
2.8726768239205538	1.0000368474992833
2.8762013520637542	0.9999642467329354
2.8797641233245321	1.0000317439670856
2.8833787215614555	0.9999708498728024
2.8870619000238884	1.0000231722418647
2.8908459841731986	0.9999819345214420
2.8947872672539448	1.0000126905896491
2.8990352199478475	0.9999481796726440
2.9059573751957206	1.0001301117354426
2.9106570610347475	1.0000178288311297
2.9147767655974302	1.0000461632605808
2.9187316802090413	0.9999943639150116
2.9227394885062630	1.0000198413415526
2.9270102252627899	0.9999509707597979
2.9339373672670952	1.0001340210177521
2.9385743529798853	1.0000154169989044
2.9425843544989818	1.0000541688634392
2.9463779456858807	0.9999854835622826
2.9501369193719649	1.0000303309227470
2.9539535353032562	0.9999861385401486
2.9579090053842165	1.0000149784635264
2.9621614830531100	0.9999490851538022
2.9690864970183184	1.0001303894596469
2.9737978074825975	1.0000181734776570
2.9779281743669270	1.0000459279372795
2.9818910572981334	0.9999944657904717
2.9859036618932047	1.0000198410817402
2.9901757173481087	0.9999508106248084
2.9970942069607367	1.0001354488798444
3.0016855550068877	1.0000131138884898
3.0056211361135992	1.0000597650781771
3.0093091256560607	0.9999783463426972
3.0129180964699867	1.0000418542273040
3.0165150279215585	0.9999712618600186
3.0201305442975817	1.0000323979706238
3.0237860984197349	0.9999737333820016
3.0275015106515557	1.0000230527994245
3.0313093051960256	0.9999827872839743
3.0352650612605250	1.0000129626538401
3.0395169326878619	0.9999478176319838
3.0464092807519725	1.0001351091413198
3.0509502492434866	1.0000101776341808
3.0548159370180712	1.0000644469896522
3.0584150413535558	0.9999723159115375
3.0619127168144731	1.0000502697628875
3.0653708548614103	0.9999613489664734
3.0688130640192064	1.0000452715123298
3.0722506137618089	0.9999581414186297
3.0756875043683913	1.0000430667543037
3.0791287739333151	0.9999578042180931
3.0825763713239316	1.0000412864594712
3.0860355557841985	0.9999590921758728
3.0895092247392473	1.0000388383144263
3.0930044148909515	0.9999619264670149
3.0965265275108362	1.0000349143527401
3.1000864532920245	0.9999669000657988
3.1036955479871193	1.0000283233975473
3.1073748167728605	0.9999755691987403
3.1111540029721816	1.0000170730960667
3.1150936151022139	0.9999862349208304
3.1193398878172558	1.0000506278882269
3.1262502946008408	0.9998660532531888
3.1308474231489991	0.9999849533982950
3.1348225256760678	0.9999435689116046
3.1385846347084723	1.0000144630323233
3.1423196215587725	0.9999678133214034
3.1461167780708563	1.0000130663717692
3.1500618336014381	0.9999839345084561
3.1543102510387317	1.0000494035656564
3.1612293671206637	0.9998664537230451
3.1658547901485514	0.9999833076242000
3.1698760590169028	0.9999468500991953
3.1737050894344172	1.0000101194054429
3.1775393080646572	0.9999742256703094
3.1814954810934859	1.0000088993823146
3.1857498509750206	0.9999462808819020
3.1926973399228604	1.0001265279707652
3.1975050418251021	1.0000225964463596
3.2018339325182938	1.0000373738357915
3.2062142662067874	0.9999561249243459
3.2132324841728592	1.0001383277912173
3.2179530579248601	1.0000200398609440
3.2220627975350422	1.0000485465773234
3.2260021783287192	0.9999949085302281
3.2299988323793234	1.0000203283661260
3.2342667282852924	0.9999516609197538
3.2411716653188130	1.0001390084634179
3.2456413667693162	1.0000096119689015
3.2494432633751011	1.0000674079114955
3.2530072329838404	0.9999733416508300
3.2565045436903031	1.0000481546305631
3.2600018774229902	0.9999670415481533
3.2635299282563399	1.0000365839836214
3.2671106567256807	0.9999710652637737
3.2707650263337227	1.0000250339399785
3.2745271005523784	0.9999820351359097
3.2784548905615445	1.0000129356422702
3.2826992035100511	0.9999487798102386
3.2896411632737785	1.0001270712792529
3.2944421160013326	1.0000229103294889
3.2987672077415580	1.0000375447264469
3.3031464263246253	0.9999563176409962
3.3101311976549330	1.0001445284066617
3.3146407684166355	1.0000117613299344
3.3184565479854529	1.0000684679923484
3.3220245768845578	0.9999739028299757
3.3255225185196147	1.0000485744871701
3.3290192177258855	0.9999671735198636
3.3325462439032569	1.0000367687104543
3.3361258757908412	0.9999710831901799
3.3397792599675200	1.0000251094571908
3.3435405555491196	0.9999820436077667
3.3474678624182652	1.0000129488529170
3.3517120469290624	0.9999488048018874
3.3586634569721334	1.0001253169918678
3.3635357778547141	1.0000238100495358
3.3681031291445893	1.0000799881677762
3.3752695199457898	0.9998714285938474
3.3802420251541090	0.9999768667824341
3.3848433545224808	0.9999187771330474
3.3919659320819204	1.0001404397316933
3.3965181401908495	1.0000071220319509
3.4003223170549397	1.0000688372762097
3.4038589957116785	0.9999704244335417
3.4073164086216261	1.0000510879813107
3.4107658013397106	0.9999636074598792
3.4142375319218536	1.0000405832379733
3.4177505338900427	0.9999664162973241
3.4213196049350936	1.0000308623655045
3.4249666357872264	0.9999751467192285
3.4287221376092161	1.0000178261787938
3.4326473789063363	0.9999864512957864
3.4368897795287467	1.0000502422768278
3.4438353336610543	0.9998720357747258
3.4486287607980310	0.9999760473848134
3.4529509612626392	0.9999614022622191
3.4573280625474765	1.0000424613003940
3.4643485947039583	0.9998604853678248
3.4690532675682406	0.9999790308110542
3.4731512012283643	0.9999499747831371
3.4770803650051554	1.0000040634862473
3.4810725015925779	0.9999785559439339
3.4853378960519397	1.0000470192099682
3.4922404314780509	0.9998587715729411
3.4966643777822681	0.9999909682727216
3.5004151567933945	0.9999277983326065
3.5039205973325576	1.0000292795529548
3.5073505598710604	0.9999451058626868
3.5107617040820323	1.0000385129374552
3.5141790311636836	0.9999530648407120
3.5176091555423952	1.0000397499795168
3.5210580238110576	0.9999576214569770
3.5245264301075432	1.0000382446436411
3.5280186501556043	0.9999613073575427
3.5315363372096908	1.0000352635315048
3.5350858922063653	0.9999655183504609
3.5386727303296830	1.0000305532362883
3.5423093494872817	0.9999717324985312
3.5460113791074468	1.0000225644960250
3.5498100313998910	0.9999822032317414
3.5537603626054475	1.0000127139030923
3.5580107403325885	0.9999478772294436
3.5649568098223048	1.0001251848032122
3.5698481791141878	1.0000234219402275
3.5744204674684821	1.0000804954038536
3.5815491143664153	0.9998660070917726
3.5863249392956638	0.9999848581375728
3.5904139626235061	0.9999476678212312
3.5942540397039187	1.0000133616808509
3.5980451745879263	0.9999698686827192
3.6018818363459024	1.0000128218448741
3.6058503720094537	0.9999841000412006
3.6101052464623469	1.0000502929641040
3.6169877787212310	0.9998606368454445
3.6214364017346803	0.9999918917301641
3.6251949960315497	0.9999275996284552
3.6286885436167000	1.0000314940856490
3.6320920044199760	0.9999428726477168
3.6354678779334511	1.0000412454527861
3.6388467082260565	0.9999507128193059
3.6422406999131578	1.0000416125201270
3.6456616470793226	0.9999568485778596
3.6491168317879801	1.0000376707906495
3.6526183582798302	0.9999639482074768
3.6561781914841993	1.0000301117401751
3.6598178909570249	0.9999743053175959
3.6635678656865904	1.0000176265429737
3.6674897637455608	0.9999863281457658
3.6717312625456167	1.0000501025257418
3.6786072102974878	0.9998588493944441
3.6829637125302694	0.9999939422284355
3.6866498481611885	0.9999245144143601
3.6901008513305467	1.0000318500583847
3.6934877105041100	0.9999430826023362
3.6968690453945139	1.0000393117620949
3.7002734329636420	0.9999537483563203
3.7037128574440898	1.0000373229326429
3.7072010557279382	0.9999627210752684
3.7107500368073878	1.0000302117414421
3.7143813536782777	0.9999739071207543
3.7181252883961844	1.0000176925400848
3.7220435875809907	0.9999863427217620
3.7262841075171838	1.0000500098433089
3.7332413915880753	0.9998740001530467
3.7381029073832224	0.9999753026932034
3.7426691688042819	0.9999197855761964
3.7497941340823355	1.0001363727302035
3.7544232976179939	1.0000112590242496
3.7583575179552562	1.0000583775758976
3.7620674807070058	0.9999823465122684
3.7657535954779857	1.0000329152564926
3.7695148089618389	0.9999853326874403
3.7734363839833542	1.0000150555718570
3.7776797679607128	0.9999503202725055
3.7846261897063624	1.0001279488253449
3.7894036045821613	1.0000231621319726
3.7937112578274150	1.0000378071358444
3.7980858364812851	0.9999570361787236
3.8050433614102666	1.0001503240740983
3.8093667413774721	1.0000058908138041
3.8129935049087167	1.0000802502917991
3.8163972508093709	0.9999668582760194
3.8197547469418627	1.0000572496455140
3.8231314920640540	0.9999617753858837
3.8265570059408689	1.0000419844979882
3.8300526044223839	0.9999678698008663
3.8336393569059544	1.0000273411551761
3.8373519160680258	0.9999811061075836
3.8412499283340726	1.0000128256731162
3.8454862635501819	0.9999496980849484
3.8523931112127170	1.0001349311469057
3.8569031874039803	1.0000130119869728
3.8608106164340983	1.0000567174121560
3.8645514430870911	0.9999870380441647
3.8683212212186415	1.0000262096332142
3.8722407135179751	0.9999902964908993
3.8764838911348125	1.0000514282465787
3.8834110314708710	0.9998665174485671
3.8879856318324526	0.9999831440891147
3.8919878835364101	0.9999485690875733
3.8958535592002317	1.0000050570591390
3.8998096776844542	0.9999785999200450
3.9040650871402769	1.0000458219802317
3.9109890380711154	0.9998614211652911
3.9154799580495907	0.9999854832417788
3.9193670954415905	0.9999404973369450
3.9230890945181933	1.0000118189843796
3.9268466508743090	0.9999720086642336
3.9307574291997405	1.0000082627799562
3.9349995541401341	0.9999474567936555
3.9419675980099940	1.0001244036637540
3.9469632755515969	0.9999738959055136
3.9544004537339434	1.0001732018294480
3.9590750806997130	1.0000216634455925
3.9629456094680884	1.0000712319090028
3.9665745001338393	0.9999833335961774
3.9701901464201388	1.0000380590237825
3.9738984983160122	0.9999857827903456
3.9777883546538710	1.0000157891165800
3.9820232734450824	0.9999517891771065
3.9889112229180159	1.0001405927592235
3.9932618343992528	1.0000081803838083
3.9969957204838007	1.0000675362642919
4.0005646026196633	0.9999794610358544
4.0041508103714287	1.0000369430067775
4.0078438635080991	0.9999847340564663
4.0117260263363601	1.0000152998867045
4.0159587149130465	0.9999517566412807
4.0228929854917217	1.0001319008194667
4.0275087100321185	1.0000192112366961
4.0315992593556063	1.0000439393221499
4.0356288471217603	0.9999983824549972
4.0399129278830292	1.0000565213187400
4.0469167475767716	0.9998743532394172
4.0517590539536492	0.9999752558783063
4.0563214470408555	0.9999208113401414
4.0634515001820342	1.0001384041814563
4.0679928320251344	1.0000106752784028
4.0718681554312077	1.0000592570088362
4.0755688188253067	0.9999857741684133
4.0793060583930725	1.0000271840283967
4.0832055104645493	0.9999905584265318
4.0874434758854479	1.0000509069605208
4.0943557372124140	0.9998628252043297
4.0987970739857120	0.9999874997531265
4.1026445283451389	0.9999395276621148
4.1063390862829277	1.0000126136411331
4.1100787268974344	0.9999717569527314
4.1139794202253226	1.0000082908691534
4.1182187723118284	0.9999478390041243
4.1251429960069057	1.0001330894464207
4.1296859430296093	1.0000151741326133
4.1336585926268370	1.0000512793176046
4.1375054744834268	0.9999936622014485
4.1414494317317638	1.0000203089299344
4.1457027247848153	0.9999533552181800
4.1526795504856064	1.0001273417907917
4.1575234133054613	1.0000251443461092
4.1620839316039957	1.0000794180559425
4.1691845616455847	0.9998575820940074
4.1736287507074517	0.9999933467849316
4.1773647547209016	0.9999283799291466
4.1808784024227048	1.0000262724317819
4.1843596468788498	0.9999521826555394
4.1878790040071703	1.0000274051118192
4.1914799298787404	0.9999700072805111
4.1951994656409424	1.0000166127892047
4.1991027140986841	0.9999854288733272
4.2033392211436826	1.0000488988018241
4.2102889627457918	0.9998714320110917
4.2150515180942705	0.9999758585213856
4.2193518896127742	0.9999611196709401
4.2237231000421342	1.0000415495497117
4.2307139263308171	0.9998540153575901
4.2351915115337135	0.9999868765621568
4.2389977902234399	0.9999311239805054
4.2425793584961182	1.0000223211627457
4.2461186048501043	0.9999546159302116
4.2496850600968834	1.0000254306052905
4.2533226678036762	0.9999711324630421
4.2570686289108988	1.0000160976740655
4.2609876646326610	0.9999853909320362
4.2652284063091717	1.0000494350391649
4.2721318256080130	0.9998634639296755
4.2766360140780115	0.9999874773529179
4.2805074768086726	0.9999376324459192
4.2841653043248034	1.0000191348110212
4.2877887437778170	0.9999609022727188
4.2914531573072949	1.0000198220134817
4.2952154265259033	0.9999788105510425
4.2991411699206150	1.0000112987147878
4.3033853253831218	0.9999480871894498
4.3102854148225633	1.0001350722498032
4.3147999258316627	1.0000113219477955
4.3186764749602222	1.0000609852322997
4.3223384713674493	0.9999797123479476
4.3259625709651113	1.0000379428872772
4.3296283213291895	0.9999790423987298
4.3333897476409922	1.0000200912944932
4.3373163329300644	0.9999876009846382
4.3415594780121980	1.0000507915139791
4.3484677174875532	0.9998649312237324
4.3530112205369367	0.9999861894140544
4.3569327488608236	0.9999411397949702
4.3606506294714276	1.0000155710784382
4.3643513447030147	0.9999665743946534
4.3681238745630573	1.0000133294548714
4.3720542256807819	0.9999838706284505
4.3762986439722837	1.0000488570668662
4.3832006646018202	0.9998625600364154
4.3876904922749080	0.9999879058091857
4.3915433299727482	0.9999364174578724
4.3951826814861121	1.0000198267296252
4.3987894221215900	0.9999600646501524
4.4024398039129382	1.0000202005484378
4.4061914302733003	0.9999785472138958
4.4101106599801723	1.0000112500795022
4.4143530890399560	0.9999482855902598
4.4212853073100851	1.0001293316003492
4.4259878766709271	1.0000196464306585
4.4301531565884593	1.0000417855346255
4.4342278948493838	0.9999976164660896
4.4385241097393893	1.0000576200612519
4.4455184767248976	0.9998743360605901
4.4503956902443402	0.9999757926569677
4.4549670963028261	0.9999197733331909
4.4621042812992338	1.0001350186020319
4.4667880297980664	1.0000133233822737
4.4707962622921622	1.0000534183726988
4.4745983823029318	0.9999875464753722
4.4784061092664906	1.0000252461112675
4.4823466119649344	0.9999900734012912
4.4865956433639340	1.0000520535027317
4.4935597037317025	0.9998742480388850
4.4984206105457742	0.9999753505268150
4.5029868854049457	0.9999198018085607
4.5101308882272049	1.0001332500376037
4.5148673688707444	1.0000155483990669
4.5189578138551232	1.0000478862271485
4.5228746382669405	0.9999935713765945
4.5268558589219934	1.0000198741085520
4.5311198251989007	0.9999520041381559
4.5378635889071299	1.0001695798226018
4.5415505440571851	0.9999762339259826
4.5446200528952057	1.0001230856997667
4.5475499859594963	0.9999376028968552
4.5504763778894288	1.0000946769485910
4.5534368829634335	0.9999320980696492
4.5564403601186374	1.0000773544975419
4.5594898673626485	0.9999346778721006
4.5625841390235093	1.0000660239295120
4.5657248444219443	0.9999401076855443
4.5689112832736720	1.0000571183332754
4.5721470104160007	0.9999469378087869
4.5754336695208515	1.0000486466739364
4.5787780595509799	0.9999551366734225
4.5821863416564073	1.0000390972132254
4.5856720878904458	0.9999656944008970
4.5892525516226437	1.0000264730451129
4.5929612238132318	0.9999805239709533
4.5968570206823243	1.0000125958962678
4.6010927632605592	0.9999497142020612
4.6080248934680279	1.0001303112185143
4.6126879046601514	1.0000194404548692
4.6168192491055660	1.0000427119121562
4.6208734348389155	0.9999979529080697
4.6251640922049564	1.0000571172926311
4.6320736951475050	0.9998578302171511
4.6363857749548121	0.9999953366158235
4.6400374802808466	0.9999237128834562
4.6434811760268095	1.0000299090487241
4.6468914291564971	0.9999467345416697
4.6503303887499463	1.0000327765773878
4.6538333472416253	0.9999629472833688
4.6574243494304035	1.0000243684165429
4.6611399384757934	0.9999796228251588
4.6650395767367794	1.0000120557076644
4.6692764113419898	0.9999493132919260
4.6762222434212442	1.0001274890588685
4.6809829986839864	1.0000229388116790
4.6852795336263249	1.0000377868758514
4.6896510712932082	0.9999574145396188
4.6966245254812691	1.0001478769618730
4.7010160218681349	1.0000089457719237
4.7047236650354050	1.0000742987714262
4.7082104993613845	0.9999717825363045
4.7116534464209048	1.0000509077573603
4.7151203314580323	0.9999676156292412
4.7186444587890959	1.0000351672000851
4.7222534921663817	0.9999751708900143
4.7259807112244481	1.0000190824889093
4.7298887223212338	0.9999868569296793
4.7341265489542863	1.0000498258400461
4.7410621519252336	0.9998693648845108
4.7457468393365190	0.9999793027524586
4.7498999910027218	0.9999568132069270
4.7539659539287999	1.0000011907193496
4.7582610900565561	0.9999415275070882
4.7651513303199788	1.0001439503307477
4.7693918957834756	0.9999993547959578
4.7729428106935607	1.0000841303345434
4.7762643097311361	0.9999593462572739
4.7795205760350967	1.0000663323792538
4.7827667555215605	0.9999499732604230
4.7860208991249245	1.0000574647143503
4.7892902115960663	0.9999485376280818
4.7925751484415802	1.0000526378639016
4.7958774319367032	0.9999495156466643
4.7991953393142204	1.0000494945644307
4.8025301217134340	0.9999512311569972
4.8058798868346875	1.0000470506459200
4.8092459960051439	0.9999531437455004
4.8126267053540044	1.0000448993978923
4.8160235933737106	0.9999551094213786
4.8194352053410325	1.0000428363627856
4.8228634745020313	0.9999571506725936
4.8263074461365374	1.0000406934069854
4.8297697006525944	0.9999594013306508
4.8332501851781409	1.0000382406490751
4.8367527498884213	0.9999621394245842
4.8402791091392645	1.0000350767167374
4.8438357405787293	0.9999659176627600
4.8474282454386168	1.0000304014668828
4.8510692848032706	0.9999719090444567
4.8547746520496613	1.0000224926673065
4.8585756663762343	0.9999822479426721
4.8625274081186021	1.0000127193018002
4.8667781766285136	0.9999478291645536
4.8736798188894355	1.0001334777303315
4.8782705893633036	1.0000122763045682
4.8822054081059889	1.0000597813587779
4.8858843488709622	0.9999768177024667
4.8894704759546519	1.0000441938076561
4.8930248762678872	0.9999672150731699
4.8965701195251894	1.0000385608623270
4.9001159575103124	0.9999646560011451
4.9036642083226214	1.0000363110489212
4.9072173030423381	0.9999641699955967
4.9107739298926436	1.0000352598323221
4.9143356146879764	0.9999643123465579
4.9179006913492183	1.0000346172708450
4.9214707825361179	0.9999646723223390
4.9250444218362430	1.0000340628018352
4.9286236105230996	0.9999651892487024
4.9322073694896815	1.0000333978661375
4.9357983853658842	0.9999659665196470
4.9393965853113420	1.0000323931113229
4.9430059226998022	0.9999672616632060
4.9466280769437532	1.0000306639362555
4.9502695558730352	0.9999695977415922
4.9539358124919985	1.0000274463815486
4.9576393055964711	0.9999740991205441
4.9613952969967361	1.0000210713042648
4.9652341753097309	0.9999828782484611
4.9692091814060406	1.0000127760487574
4.9734663185509591	0.9999470439244229
4.9803732186116108	1.0001314493316971
4.9850490317747838	1.0000144530555879
4.9890813648393841	1.0000544826464193
4.9928584638373099	0.9999811472623554
4.9965457818356258	1.0000378590932784
5.0002107769748090	0.9999736816844822
5.0038846428666393	1.0000298666194734
5.0075892078585689	0.9999752725277634
5.0113441431265127	1.0000218672154535
5.0151814256144167	0.9999832244396385
5.0191552766011576	1.0000129807780529
5.0234121106979313	0.9999471951387162
5.0303472549292279	1.0001262658003978
5.0352114307686415	1.0000226670149786
5.0395827254491774	1.0000371283667131
5.0439744869739762	0.9999545153872603
5.0510113391606613	1.0001329034577557
5.0559659012556439	1.0000253644411254
5.0605577147257446	1.0000825258161454
5.0677174324452992	0.9998707385559690
5.0726965785034421	0.9999782587793486
5.0771131093630828	0.9999624021550779
5.0815186512119164	1.0000452953053436
5.0885356149597003	0.9998600667178199
5.0932695287342753	0.9999816364253186
5.0973321836276924	0.9999437943120570
5.1011281333850933	1.0000162508791064
5.1048365459753589	0.9999620331470668
5.1085267092182365	1.0000232253540515
5.1122380714009141	0.9999716346912000
5.1159955593996189	1.0000198466250989
5.1198340544076872	0.9999821362587613
5.1238083404420696	1.0000124101398107
5.1280653629652715	0.9999469060495315
5.1349772086282721	1.0001305692204179
5.1396812389714501	1.0000156959089785
5.1437588128417762	1.0000513974062126
5.1475982956430828	0.9999849832926043
5.1513710754253310	1.0000317032646242
5.1551562235490085	0.9999818150977425
5.1590061452166491	1.0000181821287049
5.1629867560394720	0.9999872589963604
5.1672445643171976	1.0000525129699602
5.1741532565927635	0.9998675057248866
5.1788188440018619	0.9999850097481962
5.1828368078919791	0.9999432910292582
5.1865893645543819	1.0000195062104920
5.1902421284226623	0.9999581828242214
5.1938538839555655	1.0000292826614310
5.1974515417677720	0.9999629679643761
5.2010423314953114	1.0000322410453220
5.2046318320754343	0.9999645460335663
5.2082195548376591	1.0000331816444015
5.2118076818912531	0.9999650382368246
5.2153945977220602	1.0000335136177392
5.2189819324380178	0.9999651553776679
5.2225679283379858	1.0000336703715815
5.2261541339325115	0.9999651348544246
5.2297387963089355	1.0000337849730816
5.2333234725147255	0.9999650589739449
5.2369064456331440	1.0000338934540207
5.2404893133848534	0.9999649625336871
5.2440704181447284	1.0000339969915428
5.2476514284081146	0.9999648698046355
5.2512307791897062	1.0000340795426652
5.2548102523635363	0.9999648092165845
5.2583884278199458	1.0000341099647321
5.2619672683402285	0.9999648227803389
5.2655455847830570	1.0000340363652862
5.2691256353341220	0.9999649777526232
5.2727066123573900	1.0000337723948480
5.2762912759724143	0.9999653869356201
5.2798794805880371	1.0000331695069775
5.2834748868913115	0.9999662486729241
5.2870785761308881	1.0000319590141944
5.2906959512348548	0.9999679335192326
5.2943305888330432	1.0000296189284499
5.2979916665387226	0.9999711958699111
5.3016886284877671	1.0000250320558088
5.3054405083611575	0.9999776939111057
5.3092745684186502	1.0000161060727533
5.3132480291573509	0.9999861480882225
5.3175034792059650	1.0000517799552622
5.3244472702302037	0.9998739527054405
5.3293534779882537	0.9999759553595643
5.3339314303885246	0.9999183292770253
5.3410686766679945	1.0001312791813928
5.3459170544675398	1.0000158326944866
5.3500950777533598	1.0000466503117607
5.3540366303481868	0.9999898802570349
5.3579464493112976	1.0000227974046576
5.3619484699802982	0.9999894577158885
5.3662142747300523	1.0000538522718956
5.3731584152536449	0.9998731199830444
5.3780216096484308	0.9999765187304807
5.3823933400140724	0.9999619475531222
5.3867839629231025	1.0000444458601776
5.3938237547301480	0.9998662406273331
5.3987747597830005	0.9999736774380134
5.4033674010696382	0.9999168005335864
5.4105283147217769	1.0001289551789581
5.4156114938259980	0.9999707218289707
5.4231344522877780	1.0001675623673938
5.4281416328336585	1.0000261479061285
5.4323312018291787	1.0000570254183638
5.4362058282453019	0.9999874811725099
5.4399853665926390	1.0000337377313473
5.4437671609935858	0.9999824349106747
5.4476115381378758	1.0000188833557122
5.4515878735148604	0.9999875957306704
5.4558446365528734	1.0000525505185462
5.4627760303316553	0.9998715797141239
5.4675802319356519	0.9999786471756731
5.4718396228629063	0.9999594312559678
5.4759714092961120	1.0000022108546500
5.4802845159630413	0.9999399218044701
5.4872655402120509	1.0001248028939811
5.4921888003038148	1.0000224942024158
5.4967705362033872	1.0000806902627626
5.5039075179329515	0.9998672695523173
5.5087513886193067	0.9999832293393293
5.5129243729157951	0.9999520063482235
5.5168586083111721	1.0000092388175577
5.5207641315760174	0.9999760789055135
5.5247618762135717	1.0000095281838217
5.5290278227837755	0.9999452877524831
5.5358906471992535	1.0001410747518082
5.5402444781514610	1.0000017285108633
5.5438709966934994	1.0000816952004443
5.5472147345087972	0.9999567784082840
5.5504476781665479	1.0000706108225577
5.5536333801030597	0.9999427416010634
5.5567965913636357	1.0000663582916998
5.5599502202991102	0.9999381034853846
5.5630994674888532	1.0000642573252252
5.5662503144118789	0.9999371546337668
5.5694045989768561	1.0000625050787988
5.5725668203740444	0.9999379746032101
5.5757377632422518	1.0000605020704747
5.5789213099892629	0.9999397917570036
5.5821177781490841	1.0000580894622084
5.5853307912410504	0.9999422842426714
5.5885605711193094	1.0000552164689809
5.5918108150276478	0.9999453562408381
5.5950820335545055	1.0000518063150803
5.5983784175969138	0.9999490703723021
5.6017012982460823	1.0000476834031111
5.6050560387350892	0.9999536619757751
5.6084457487192472	1.0000424814295650
5.6118783596641952	0.9999596508359654
5.6153609545429379	1.0000354336471919
5.6189076900834856	0.9999681669061711
5.6225361170928316	1.0000248827938381
5.6262796168262215	0.9999811814547417
5.6301962579680636	1.0000126312153776
5.6344375770191233	0.9999490065682656
5.6413285246940914	1.0001370976611303
5.6457823245154968	1.0000093272311992
5.6495881450887415	1.0000655641627070
5.6531760526939072	0.9999758681886085
5.6567191762909816	1.0000435456291323
5.6602895305289129	0.9999732122236461
5.6639279797599960	1.0000275716584495
5.6676756375561430	0.9999827160598408
5.6715941427252154	1.0000134612711746
5.6758360151797236	0.9999493967684548
5.6827679258546633	1.0001296023290676
5.6874750120437350	1.0000198772329369
5.6916445333148271	1.0000417717844277
5.6957219340344567	0.9999976303667457
5.7000188600980088	1.0000577156620452
5.7069239069114293	0.9998578981141686
5.7112501526270432	0.9999963612489208
5.7148878724537040	0.9999207651553642
5.7182847816452576	1.0000354676866150
5.7216119558340148	0.9999380556454602
5.7249252672374347	1.0000444046758534
5.7282493583765000	0.9999469383962172
5.7315911881599240	1.0000449220479335
5.7349577687815385	0.9999527331316099
5.7383513573814646	1.0000421899841687
5.7417782990229380	0.9999580967645542
5.7452429032321630	1.0000373091125643
5.7487551624514861	0.9999647231279019
5.7523256350178542	1.0000296691886510
5.7559747745282763	0.9999746306666297
5.7597321431528616	1.0000174319418365
5.7636586334224793	0.9999862477583075
5.7679013412859366	1.0000501715024122
5.7747881119370135	0.9998610058248789
5.7792152237821588	0.9999913306134368
5.7829771942022798	0.9999292954159288
5.7864983573492683	1.0000283237904033
5.7899493859825464	0.9999471910261893
5.7933895612119981	1.0000360735094105
5.7968477253803092	0.9999568057610753
5.8003357443862100	1.0000347693412317
5.8038669255135504	0.9999646793645827
5.8074527171378483	1.0000285922645951
5.8111140174003673	0.9999747294143043
5.8148802848209558	1.0000171172241958
5.8188121695110393	0.9999861543156205
5.8230563253522911	1.0000503129374458
5.8299523995558067	0.9998629895570800
5.8344450549393336	0.9999889774891740
5.8382828153049457	0.9999342545757405
5.8418811713734549	1.0000242042755920
5.8454122643503137	0.9999528722979492
5.8489388155416657	1.0000305929499378
5.8524943436609647	0.9999637044706712
5.8560971873857257	1.0000270224583472
5.8597711521279017	0.9999745240053773
5.8635463863990012	1.0000166502538266
5.8674836541967075	0.9999859733614084
5.8717292628157365	1.0000504045165626
5.8786214230528548	0.9998624614241158
5.8831012852178448	0.9999899221603372
5.8869141147368547	0.9999319662091150
5.8904744081374139	1.0000272751020074
5.8939510190693447	0.9999480574779741
5.8974017145617559	1.0000367697681272
5.9008527310276149	0.9999550394045326
5.9043119174759742	1.0000383310608727
5.9077865009447867	0.9999591020255967
5.9112787877005921	1.0000368957375787
5.9147949188435049	0.9999628354732721
5.9183389358450489	1.0000334739626791
5.9219204882896150	0.9999678381141892
5.9255496378598149	1.0000274120306243
5.9292462288005936	0.9999760869426139
5.9330388370714191	1.0000167960480899
5.9369867991022076	0.9999862020650406
5.9412352991872517	1.0000509066794021
5.9481541166407528	0.9998680506650302
5.9528242837422951	0.9999826452884724
5.9568928375224726	0.9999489433786212
5.9607615609706768	1.0000094575692340
5.9646253170983652	0.9999749845225251
5.9685994061320660	1.0000091007152392
5.9728586334519722	0.9999457777878691
5.9797948162316397	1.0001279214191303
5.9845651398633537	1.0000199760775408
5.9887897093085467	1.0000402975337477
5.9929010058913805	0.9999970659607855
5.9972071623118888	1.0000585464154816
6.0041862088635884	0.9998729032003193
6.0090346248814805	0.9999768209630425
6.0133897221765507	0.9999619024735743
6.0177762122360727	1.0000436997127646
6.0247739016579125	0.9998572024425422
6.0293816734011934	0.9999847834201231
6.0333000260097283	0.9999359364996706
6.0369528097515159	1.0000222255014088
6.0405193732880775	0.9999537064321588
6.0440650517334991	1.0000305716670999
6.0476231748372005	0.9999626224793217
6.0512093766387771	1.0000293767482202
6.0548415264731634	0.9999705544851428
6.0585377766058821	1.0000223316545047
6.0623312003695506	0.9999818251794699
6.0662780470811022	1.0000125639677222
6.0705275392853579	0.9999479244965352
6.0774237838707954	1.0001347184695863
6.0819704140231634	1.0000111132270519
6.0858580864792504	1.0000620542073038
6.0894991323786369	0.9999760567459933
6.0930629161958230	1.0000443096503198
6.0966170486071025	0.9999692528141657
6.1001930304994474	1.0000342624824032
6.1038133900238654	0.9999724020410675
6.1074992086017712	1.0000239974679614
6.1112843758085953	0.9999823958364942
6.1152261375114199	1.0000129388788581
6.1194742387857586	0.9999482945856893
6.1263586569596216	1.0001372507692055
6.1308231123060333	1.0000081196921804
6.1346106470833233	1.0000686803397794
6.1381449728403261	0.9999701622061284
6.1415939185756905	1.0000525784124910
6.1450203693688827	0.9999609055961235
6.1484494206546207	1.0000448673939324
6.1518944495666279	0.9999602959382037
6.1553624340269897	1.0000393712550508
6.1588625218300281	0.9999635641971245
6.1624025899148807	1.0000331679678103
6.1659970125695152	0.9999702292706337
6.1696633573779245	1.0000238150363365
6.1734346592221829	0.9999817564011597
6.1773680887815203	1.0000127034112036
6.1816139315873988	0.9999484599485032
6.1885445135437820	1.0001288977506908
6.1932820172204393	1.0000200283058762
6.1974783835013607	1.0000410772867561
6.2015723083066829	0.9999973758340037
6.2058737215284587	1.0000581343108947
6.2128154664260054	0.9998653294191501
6.2173841893393433	0.9999872316422194
6.2213054026745951	0.9999400933109437
6.2249995792199355	1.0000184871465174
6.2286497515586081	0.9999621517359335
6.2323337488670525	1.0000195083939618
6.2361096569575070	0.9999791732285831
6.2400434460526997	1.0000113914740794
6.2442898033988303	0.9999478610287791
6.2512214754897499	1.0001288237370551
6.2559524650193437	1.0000198756790977
6.2601428129841183	1.0000411741669024
6.2642329737248845	0.9999974019474431
6.2685333677509840	1.0000580224351170
6.2755151159022269	0.9998725962073941
6.2803350192552889	0.9999767414526249
6.2846694451051368	0.9999617209600026
6.2890503521677852	1.0000428869527427
6.2960642419307042	0.9998591673422571
6.3007276719087306	0.9999810140549746
6.3047562478529233	0.9999451333199988
6.3085826997746874	1.0000096222502610
6.3124125575889423	0.9999736844119237
6.3163654546353607	1.0000086755592446
6.3206190371612552	0.9999463069724838
6.3274909504640124	1.0001408989144709
6.3318225797508161	1.0000031550218473
6.3354674451588124	1.0000778617411932
6.3388695513546418	0.9999634124605609
6.3421956277043829	1.0000612105800193
6.3455049359905500	0.9999538620067144
6.3488191886400784	1.0000529055040519
6.3521487468416566	0.9999528047866145
6.3554972248607164	1.0000476671902798
6.3588697160914203	0.9999549329963628
6.3622685031726149	1.0000430073645101
6.3656997238948030	0.9999589464556118
6.3691679081008203	1.0000375103611441
6.3726830681320408	0.9999650602348948
6.3762558834446619	1.0000297022868760
6.3799068317603096	0.9999747535348061
6.3836655099890125	1.0000174467689480
6.3875927828375989	0.9999862671974140
6.3918357041229390	1.0000502095105930
6.3987361586868827	0.9998636124556975
6.4032454273679740	0.9999879463453579
6.4071119024485403	0.9999366794711428
6.4107514519645381	1.0000211334321021
6.4143398961975135	0.9999576608255997
6.4179463020583185	1.0000244801515210
6.4216149654972243	0.9999723931298309
6.4253833619396898	1.0000158740423939
6.4293158343362178	0.9999854601066683
6.4335602177409958	1.0000499411780155
6.4404857408745775	0.9998682597111644
6.4451569549394163	0.9999813531295684
6.4492521991231122	0.9999518789565878
6.4531871296697902	1.0000046321464351
6.4571844767693412	0.9999789790512141
6.4614510782578680	1.0000474722727897
6.4683747663536373	0.9998633204526635
6.4729451891404510	0.9999854079850673
6.4768784349499677	0.9999402449055760
6.4805872584579003	1.0000174291760806
6.4842517643921074	0.9999626001118060
6.4879482448569741	1.0000190139325584
6.4917338390371695	0.9999793153721001
6.4956736237179706	1.0000113815981508
6.4999215770304666	0.9999476450704685
6.5068280513618237	1.0001332639724565
6.5114100203477232	1.0000130500346718
6.5153575852995278	1.0000573485597184
6.5190820353583332	0.9999817042223930
6.5227583435506622	1.0000356106495973
6.5264659068283857	0.9999800615582665
6.5302581867406593	1.0000193836539295
6.5342034972651772	0.9999874751150533
6.5384516809942310	1.0000513824741566
6.5453584772269062	0.9998655320683330
6.5499333195312568	0.9999863751895206
6.5538682474988788	0.9999402947193354
6.5575680143962130	1.0000191170424937
6.5612075309747917	0.9999601658094658
6.5648562914417452	1.0000231524717262
6.5685587741276361	0.9999735526866846
6.5723521312119324	1.0000155164148148
6.5762997638387528	0.9999854744864572
6.5805482506217334	1.0000504818860145
6.5874298604518389	0.9998607491679721
6.5918648293356830	0.9999921917419424
6.5956130699196782	0.9999269828482835
6.5990965728428010	1.0000322797787229
6.6024854934131127	0.9999412223623524
6.6058377679791302	1.0000436359574791
6.6091795820133772	0.9999469158655403
6.6125188125247680	1.0000466887833126
6.6158626108609031	0.9999498087200118
6.6192127645383989	1.0000466413170579
6.6225742306586390	0.9999521904713949
6.6259486854671410	1.0000449388344022
6.6293415547914973	0.9999550752589622
6.6327556560188228	1.0000418533763145
6.6361980350553544	0.9999591104503300
6.6396740168721271	1.0000370688834317
6.6431944223571886	0.9999651258628516
6.6467705979647276	1.0000295623266724
6.6504236119595159	0.9999747610323321
6.6541834991339996	1.0000174138559959
6.6581114192751283	0.9999862548969392
6.6623545323962263	1.0000502243358775
6.6692258692758832	0.9998581731097496
6.6735685927548269	0.9999948482556609
6.6772305472117939	0.9999220789617851
6.6806474772441291	1.0000345760625859
6.6839886082439275	0.9999386487022829
6.6873097178385237	1.0000443463149797
6.6906354156822223	0.9999466127585420
6.6939723496280026	1.0000457744206621
6.6973268153141001	0.9999513518526701
6.7006999001406582	1.0000442159064742
6.7040961582819261	0.9999552959324144
6.7075172250547741	1.0000410682495986
6.7109690448867605	0.9999597079924083
6.7144558413812154	1.0000363414630544
6.7179874524081420	0.9999656984294267
6.7215743085348603	1.0000290671572307
6.7252366776420116	0.9999750715048362
6.7290038531634293	1.0000172647261765
6.7329363018346031	0.9999862427185179
6.7371806113765995	1.0000503792979276
6.7440711400943023	0.9998619999870578
6.7485321269998293	0.9999904731804207
6.7523256973200194	0.9999308434501202
6.7558685983832509	1.0000280826323742
6.7593287820204990	0.9999469121042869
6.7627625861521112	1.0000378707952275
6.7661945722537791	0.9999535462034620
6.7696306174232417	1.0000401371961014
6.7730754616391300	0.9999566436686932
6.7765282264798001	1.0000401411225113
6.7799907876863168	0.9999584133321637
6.7834614389052224	1.0000394482684873
6.7869416882771709	0.9999596885976797
6.7904298296713907	1.0000385433137833
6.7939274405436318	0.9999607912945540
6.7974329864991674	1.0000375505611185
6.8009482837733479	0.9999618796378393
6.8044721218285167	1.0000364483042383
6.8080067702761378	0.9999630915869705
6.8115516233467055	1.0000351149943223
6.8151098108017916	0.9999646296236014
6.8186819101932787	1.0000332935329264
6.8222727762689450	0.9999668660115937
6.8258854752948119	1.0000304613374769
6.8295286717005057	0.9999705660046927
6.8332113703736548	1.0000254832283857
6.8369522394192952	0.9999774175417669
6.8407783516830962	1.0000162310459302
6.8447470021330084	0.9999861622187042
6.8490011153112418	1.0000516189979487
6.8559085446068817	0.9998669106982516
6.8605532779293945	0.9999853003196546
6.8645500514932642	0.9999422865893701
6.8682846600254379	1.0000199794033890
6.8719230606449386	0.9999575334338198
6.8755239089864624	1.0000295560307997
6.8791140833639908	0.9999627492910887
6.8827009559944115	1.0000321678649389
6.8862904437577246	0.9999648092527003
6.8898826026118236	1.0000326015070422
6.8934804326730674	0.9999659473355714
6.8970834784295789	1.0000321540155275
6.9006950328095522	0.9999670677102851
6.9043156626173277	1.0000310151919343
6.9079502604311864	0.9999687662989994
6.9116018297252824	1.0000288158449187
6.9152789824858614	0.9999718659095057
6.9189905529021045	1.0000244896993973
6.9227549540217570	0.9999780515815380
6.9265987437388219	1.0000159378966116
6.9305783126737914	0.9999861304412426
6.9348354218446815	1.0000519874174354
6.9417426417502446	0.9998673789418425
6.9464114487885436	0.9999849152227089
6.9504318580301687	0.9999433078452812
6.9541856873481311	1.0000194759393011
6.9578392917747323	0.9999582526630491
6.9614526549491877	1.0000290621589694
6.9650543370651548	0.9999634477990796
6.9686537877749108	1.0000313271289094
6.9722595978180610	0.9999661083406972
6.9758753530558044	1.0000306708781961
6.9795088834504124	0.9999689034592112
6.9831664862132943	1.0000277266511217
6.9868614230996764	0.9999736756037877
6.9906096672728468	1.0000212686487067
6.9944423266134859	0.9999827424336478
6.9984133758166713	1.0000127518234059
7.0026694500386073	0.9999471701521926
7.0095763734726981	1.0001316333311625
7.0142433120645515	1.0000144800060222
7.0182706102742562	1.0000542935800920
7.0220518413381692	0.9999821805498853
7.0257573250357002	1.0000357791434704
7.0294612508145917	0.9999772964782389
7.0332055754389859	1.0000239975185468
7.0370310857662313	0.9999838058726926
7.0409967715582749	1.0000134204635511
7.0452514741536572	0.9999477369360336
7.0521485322439847	1.0001340262533758
7.0567343394973285	1.0000116887969326
7.0606540721411264	1.0000610275494148
7.0643114717594662	0.9999755462286816
7.0678735219804727	1.0000455856352368
7.0714052878867806	0.9999663251971109
7.0749338714799697	1.0000388569748520
7.0784745254807042	0.9999655141637573
7.0820360659829396	1.0000338984984185
7.0856301686674854	0.9999688337809385
7.0892683601222668	1.0000274758720316
7.0929712970236718	0.9999764193871283
7.0967681832259659	1.0000168317516300
7.1007186229124599	0.9999862483660774
7.1049678255917490	1.0000510156565645
7.1118701370457558	0.9998650592410520
7.1164409104730355	0.9999868630764063
7.1203622426122593	0.9999389618435939
7.1240385565300173	1.0000208976059060
7.1276436893601778	0.9999574298815650
7.1312443594929462	1.0000266196351479
7.1348792767937086	0.9999687119115137
7.1385740945664287	1.0000215387628335
7.1423653156119435	0.9999812440713106
7.1463104647893632	1.0000122813659353
7.1505595604946075	0.9999478467290158
7.1574991324591730	1.0001266486539475
7.1623233598375249	1.0000227756001165
7.1666652489753488	1.0000373580688420
7.1710490176637309	0.9999556457829485
7.1780470994282330	1.0001413278772937
7.1826715263734684	1.0000151883388539
7.1866184725766962	1.0000604820507866
7.1903177341843767	0.9999801606637400
7.1939498301580560	1.0000396941817056
7.1975913429909948	0.9999756462458359
7.2012852721507850	1.0000257878904040
7.2050732594815674	0.9999833630419406
7.2090160266040906	1.0000134757958816
7.2132644738849514	0.9999485661404455
7.2201949963935288	1.0001287881531731
7.2249474109601604	1.0000201925614716
7.2291569709987709	1.0000407981091883
7.2332590598322852	0.9999972787346069
7.2375626990709012	1.0000583548172719
7.2444894879438797	0.9998628844370648
7.2489836945323356	0.9999908681936222
7.2527946887582422	0.9999317390273450
7.2563472122707253	1.0000280375754751
7.2598149224673083	0.9999476744228887
7.2632583631784193	1.0000370406909480
7.2667059157093252	0.9999552371211913
7.2701676367727508	1.0000376493693728
7.2736533285328848	0.9999605339733773
7.2771685812445108	1.0000345523076273
7.2807240733645413	0.9999664556148287
7.2843305253133561	1.0000281829946271
7.2880084009789421	0.9999754516654229
7.2917869134122233	1.0000170188292876
7.2957262232673887	0.9999862056081679
7.2999723903642808	1.0000506034978514
7.3068848867024361	0.9998664414207209
7.3114945857966074	0.9999845694112436
7.3154848073289616	0.9999443420543046
7.3192613322972324	1.0000140120985597
7.3230087318618757	0.9999682751990628
7.3268154472067737	1.0000129359295686
7.3307664080929431	0.9999839485307748
7.3350164027156373	1.0000496188462569
7.3419442992187145	0.9998684010024669
7.3466398813966425	0.9999809117096221
7.3507578962533326	0.9999525665458091
7.3547097517186204	1.0000045056178686
7.3587172279331172	0.9999790336896732
7.3629866130327546	1.0000478459389581
7.3699366319136308	0.9998686846858182
7.3746975541994839	0.9999780734699912
7.3789137690239555	0.9999578977536177
7.3830176652706472	1.0000015394051232
7.3873232150632022	0.9999404939655916
7.3943102457559107	1.0001247089862739
7.3992118474725554	1.0000228303206848
7.4037878767910072	1.0000800524693767
7.4109315399666302	0.9998671055452518
7.4157515575017161	0.9999823809774402
7.4199239030217772	0.9999537432988754
7.4238998203437090	1.0000050463034889
7.4279176994650609	0.9999793097753742
7.4321904807269430	1.0000481871628224
7.4391519057620599	0.9998705800771958
7.4439839486342230	0.9999754736224178
7.4483309391548831	0.9999612385434182
7.4527149132390713	1.0000431603267159
7.4597121547268008	0.9998570499181619
7.4643137970312035	0.9999849187424000
7.4682247775427992	0.9999353042931880
7.4718665335718004	1.0000231904743937
7.4754145600174224	0.9999518357759485
7.4789293636589704	1.0000334328337834
7.4824379796466376	0.9999581010639645
7.4859476707922719	1.0000359437546584
7.4894643542963184	0.9999609464182089
7.4929882981065257	1.0000359506579084
7.4965228800829040	0.9999628263195408
7.5000683030697806	1.0000348239209005
7.5036287573328879	0.9999648437456369
7.5072061435497464	1.0000326703449025
7.5108072021162195	0.9999678271944896
7.5144376920329377	1.0000288684654808
7.5181104198895596	0.9999730205016114
7.5218411443980866	1.0000217818259487
7.5256609372631029	0.9999825667145453
7.5296241476334291	1.0000127520439159
7.5338780564102494	0.9999474476830923
7.5406280811096087	1.0001611740782237
7.5552178533895118	1.0004476715178154
7.5661385421375327	1.0003078986946223
7.5695389948615128	1.0000793215434260
7.5728638578163077	1.0001289687055481
7.5762928297607006	1.0000106512114053
7.5798341529374023	1.0000493895763538
7.5834718471089877	0.9999805982796882
7.5871854402052401	1.0000195651191928
7.5909669954107448	0.9999708519285810
7.5947973228387013	1.0000118181917943
7.5986729515810758	0.9999731596831217
7.6025939051111662	1.0000102531032549
7.6065719256993463	0.9999811240074533
7.6106390048971040	1.0000113413386240
7.6149209326235834	0.9999445109467797
7.6221230473874328	1.0000748973604803
7.6268366150265212	0.9999726973961907
7.6309745329630267	0.9999690708100909
7.6349644757859840	0.9999611603393846
7.6389630182238228	1.0000120616200563
7.6429923146533945	0.9999997150874849
7.6470528678415119	1.0000366301169499
7.6511243105133522	1.0000080091896069
7.6551972705422218	1.0000382660727853
7.6592844389105066	1.0000067727114821
7.6634185073882284	1.0000312043810764
7.6677199201782971	0.9999552555999482
7.6748759857221405	1.0000837401945308
7.6796156130964341	1.0000194642603837
7.6840930464553097	0.9999718765168725
7.6944095560986288	0.9998212020306604
7.6983303600596704	1.0000372896436667
7.7023008445560883	0.9999870705395010
7.7061701547629555	1.0000195251730315
7.7098584422401482	0.9999511437033413
7.7134111055848669	1.0000286995263563
7.7168890118515936	0.9999431688587216
7.7203282192136715	1.0000308206116391
7.7237427917722243	0.9999410275486127
7.7271332922036402	1.0000360449253858
7.7305021875243201	0.9999419750886800
7.7338520701566749	1.0000426793523598
7.7371903384671574	0.9999458013611997
7.7405234971509831	1.0000476072394033
7.7438624711382884	0.9999519986911386
7.7472168604857998	1.0000487468558235
7.7506013382110606	0.9999607286800943
7.7540296600954530	1.0000448555306123
7.7575223352518297	0.9999727431807386
7.7611023899544413	1.0000348863639112
7.7648080138387785	0.9999892775213928
7.7687011956694301	1.0000219940720345
7.7729364373136516	0.9999595320701862
7.7798178564716363	1.0001498776309090
7.7841758916124109	1.0000176839595505
7.7879125275074008	1.0000770096484586
7.7914810132636001	0.9999885823820932
7.7950655231890407	1.0000460280392520
7.7987568341084454	0.9999933030630531
7.8026377774127793	1.0000234689943321
7.8068701978421258	0.9999594170099290
7.8137665224828634	1.0001457247939087
7.8181590500871083	1.0000166502140648
7.8219557132121489	1.0000678419166098
7.8256108935362425	0.9999906545711372
7.8293206475736259	1.0000327391653714
7.8332051482905900	0.9999950249432745
7.8374389926530004	1.0000542845026308
7.8443237669738313	0.9998602466896117
7.8485900800731114	0.9999975731459522
7.8522288313597084	0.9999263871066085
7.8556790992370988	1.0000308495926491
7.8591015853779362	0.9999490890793087
7.8625448942364322	1.0000356745195556
7.8660282617324020	0.9999607876250954
7.8695534106849943	1.0000339126084488
7.8731218897561472	0.9999673560841822
7.8767297437875783	1.0000307914786228
7.8803761162783212	0.9999714723123256
7.8840563696961121	1.0000278091137613
7.8877692982845327	0.9999742276864670
7.8915101955618825	1.0000253547685725
7.8952779413347098	0.9999761063553542
7.8990681446774627	1.0000234046849592
7.9028804563309389	0.9999774787733984
7.9067119248974347	1.0000216363507604
7.9105648534181121	0.9999789555672155
7.9144408649627174	1.0000191821302287
7.9183504052583915	0.9999819611420835
7.9223102656407400	1.0000141040598038
7.9263644781282245	0.9999857505346746
7.9306421096362651	1.0000542639446039
7.9375580843242641	0.9998722286878929
7.9424788401218382	0.9999784974310808
7.9468264886236453	0.9999588309896644
7.9509592987385291	1.0000030555976278
7.9550793928980328	0.9999788793164175
7.9593801972712601	1.0000512096010350
7.9663224218927891	0.9998712637651945
7.9712963978036209	0.9999755894096836
7.9758930720761967	0.9999152594188453
7.9829917128524137	1.0001335094787613
7.9877775462732448	1.0000087421370072
7.9917864927768898	1.0000591359055271
7.9954513860058984	0.9999699933416136
7.9989646212332381	1.0000498064822823
8.0024069737558836	0.9999573898372252
8.0058142698657839	1.0000471063124208
8.0092060538671017	0.9999536503514936
8.0125917197504588	1.0000455241576194
8.0159796469447731	0.9999533986249605
8.0193734382185156	1.0000437971229306
8.0227786737955107	0.9999548032260004
8.0261973881098232	1.0000415649603016
8.0296346407505617	0.9999572819825197
8.0330926971628838	1.0000385687088573
8.0365777136364773	0.9999608894752731
8.0400940526131883	1.0000343052482441
8.0436514946495254	0.9999662744471340
8.0472603127656726	1.0000276422587986
8.0509405051762801	0.9999750793866490
8.0547209572180201	1.0000165147855651
8.0586615019623498	0.9999857546487552
8.0629079947312743	1.0000502268413496
8.0698067881914639	0.9998635759229898
8.0743343940576580	0.9999879227415636
8.0782043114688769	0.9999353596868146
8.0818237864788820	1.0000239073153678
8.0853618163873211	0.9999520730867922
8.0888776538942242	1.0000325356786501
8.0923994837470321	0.9999597368520556
8.0959374581160954	1.0000329792218610
8.0995020193363079	0.9999651385836157
8.1031001083625185	1.0000295784314390
8.1067452367463524	0.9999716274933721
8.1104535245013807	1.0000221584806330
8.1142565559926148	0.9999821010431769
8.1182094773332185	1.0000125979409089
8.1224605797324188	0.9999477005375316
8.1293674565152134	1.0001323910308995
8.1339940373639568	1.0000137854320443
8.1379818940379796	1.0000559530788740
8.1417311434316222	0.9999813952465424
8.1454118608727715	1.0000367698778696
8.1490969543532294	0.9999768460730840
8.1528273301606458	1.0000244023155933
8.1566430572884734	0.9999836919516140
8.1606029291991700	1.0000134222715400
8.1648560034002706	0.9999479372971719
8.1717555044826593	1.0001338032525902
8.1763444819647919	1.0000119458355052
8.1802707612360468	1.0000606202381064
8.1839350970421290	0.9999757544690153
8.1875014446405494	1.0000456607812471
8.1910316814314861	0.9999656407275280
8.1945492218350111	1.0000403621402325
8.1980648338128272	0.9999628635244793
8.2015816340886083	1.0000381111640955
8.2051036485532265	0.9999625637088455
8.2086315981155433	1.0000365825201416
8.2121695317447791	0.9999634956314820
8.2157190292943785	1.0000347213392933
8.2192859009186918	0.9999656000358228
8.2228742705903315	1.0000317163247916
8.2264938557386973	0.9999695107385672
8.2301547803258455	1.0000263401685394
8.2338768282848349	0.9999768495486039
8.2376882735543475	1.0000164940452358
8.2416477320533872	0.9999861853457194
8.2458993683429380	1.0000513037308509
8.2527957620790602	0.9998643832134637
8.2573500137978133	0.9999882297016298
8.2612350046160650	0.9999356687318589
8.2648528179921197	1.0000255440439201
8.2683720364756930	0.9999500917543688
8.2718513587783988	1.0000362175260862
8.2753173367599224	0.9999551565473564
8.2787773899848442	1.0000394053346926
8.2822375263042112	0.9999571234959614
8.2856980227612809	1.0000401759311059
8.2891618567499759	0.9999581318182981
8.2926284298133996	1.0000400169428421
8.2961003764204406	0.9999589724794116
8.2995771832586929	1.0000393626149562
8.3030616988354744	0.9999599753112052
8.3065538101567906	1.0000382764694022
8.3100569434310714	0.9999613623898134
8.3135718078390930	1.0000366256801745
8.3171030195218716	0.9999634236466076
8.3206529792453239	1.0000340613633418
8.3242288294846389	0.9999666931049511
8.3278367497520485	1.0000298265713476
8.3314899193269856	0.9999723074027367
8.3352045257754916	1.0000222481782568
8.3390121385028610	0.9999823538971332
8.3429678363138802	1.0000127288509719
8.3472197002262458	0.9999476962725977
8.3541645547365775	1.0001251868382326
8.3590598651456798	1.0000233495532644
8.3636332067856536	1.0000806068325037
8.3701099331525128	0.9997564426971622
8.3753573166218693	1.0000492906283114
8.3803968401987845	0.9996586786362669
8.3836880169667047	1.0000530905259120
8.3874314241145473	1.0000055696896277
8.3910737614029429	1.0000783559778923
8.3946640279418716	0.9999977006849212
8.3982458732899232	1.0000519450983523
8.4018533813050436	0.9999754919754583
8.4054871313692079	1.0000280653121985
8.4091419620553953	0.9999627257550370
8.4128115406278798	1.0000195309216209
8.4165021415172845	0.9999646478276577
8.4202337478440707	1.0000168496409814
8.4240453204751500	0.9999800393232614
8.4280013135489948	1.0000142606700386
8.4322535816656679	0.9999527374076266
8.4391599229536443	1.0001414404276330
8.4437749394817736	1.0000243129940374
8.4477686050601726	1.0000643688750712
8.4515540425473503	0.9999955613640031
8.4553112907987646	1.0000397872334355
8.4591295408495437	0.9999951909622433
8.4630867415834565	1.0000230177235081
8.4673395593975478	0.9999558860267673
8.4741267447944129	1.0001605648025644
8.4781436849260778	0.9999984847519530
8.4815227453117412	1.0000977080740212
8.4847656023964895	0.9999671047622188
8.4880515496276949	1.0000593999541509
8.4914555354201635	0.9999738635816446
8.4950300024881411	1.0000262113626706
8.4988463348788077	0.9999879650577188
8.5030606722096067	1.0000449479520030
8.5099824644233983	0.9998557265762612
8.5146856551913537	0.9999592473414745
8.5188696562233268	0.9999369867812077
8.5229616966488084	0.9999785673600730
8.5272609743162402	0.9999101645607843
8.5326600963950110	1.0003398438622613
8.5380087355134950	0.9997915777662097
8.5465672033934759	1.0002771838239859
8.5515587447732493	1.0000476191868746
8.5561312233495919	1.0000397857580059
8.5605629035523219	0.9999846646029321
8.5683638012017607	1.0000095568634806
8.5725629336766644	0.9998553455613598
8.5767138229883795	0.9998655322568315
8.5809832922982920	0.9999126296563819
8.5852904335493854	1.0000406231449235
8.5925486711433177	1.0000520544666407
8.5973007081331350	1.0001648372350904
8.6034129363582430	0.9998967785474722
8.6076947987903676	1.0000712668230500
8.6110722838497988	0.9999538340490216
8.6142418998266237	1.0000853385527584
8.6174384379938385	0.9999702044592376
8.6207026570398373	1.0000697586710812
8.6240399721983483	0.9999736711715087
8.6274410748010339	1.0000524268765452
8.6309041645000182	0.9999714694627716
8.6344256362645098	1.0000399659765571
8.6380123683761330	0.9999751260596533
8.6416767647585928	1.0000273195052678
8.6454485786011013	0.9999843911177736
8.6493830182859934	1.0000145854258760
8.6536287856114971	0.9999496608109466
8.6605246967106790	1.0001358554256927
8.6650564584490990	1.0000117397755848
8.6689357151652437	1.0000625636743055
8.6725783189520662	0.9999773593243314
8.6761544954408549	1.0000432491160978
8.6797333024560750	0.9999718761134795
8.6833493265012489	1.0000312086072574
8.6870310352564939	0.9999772827533285
8.6908113121130981	1.0000180888833832
8.6947513254461821	0.9999868489817669
8.6989977552239175	1.0000510104897691
8.7059412111736822	0.9998724608824419
8.7107553700749136	0.9999762139511716
8.7150925236988783	0.9999616247012396
8.7194736533582873	1.0000431175684330
8.7265129563186239	0.9998646780277289
8.7313775348617479	0.9999737456673657
8.7357338045088913	0.9999602013070108
8.7401212271183759	1.0000426395354682
8.7471728720598207	0.9998657346679214
8.7520996969936089	0.9999729977484637
8.7566860923872536	0.9999174146824098
8.7638578718761586	1.0001286759749990
8.7687887511329201	1.0000210670540426
8.7731675487689458	1.0000369451111892
8.7775640764183045	0.9999551599809188
8.7845682387592685	1.0001424247577317
8.7891662772046057	1.0000141526757029
8.7930741911608816	1.0000633433013602
8.7967242670859385	0.9999770359235809
8.8002920807332572	1.0000448856373669
8.8038451745856552	0.9999690190962336
8.8074123289206323	1.0000356679266396
8.8110110877255092	0.9999702408661583
8.8146546481537484	1.0000278341498747
8.8183631547551116	0.9999770054955107
8.8221649594364244	1.0000169350803327
8.8261186131620750	0.9999863578066076
8.8303686480901593	1.0000511897934456
8.8372697852835707	0.9998650463372166
8.8418400862200954	0.9999873269027338
8.8457525216951236	0.9999378449520904
8.8494075261067717	1.0000230401580021
8.8529745317318227	0.9999538908595461
8.8565142001218593	1.0000318696932140
8.8600559758235953	0.9999610128495370
8.8636109449165090	1.0000325102894816
8.8671901825088089	0.9999660757139440
8.8708009791430928	1.0000293152330242
8.8744569653137173	0.9999722915472958
8.8781741731836181	1.0000221567726952
8.8819839454988347	0.9999824828774432
8.8859410205532559	1.0000128754526592
8.8901932502148302	0.9999478297791092
8.8971324222531187	1.0001263936899185
8.9019753925832390	1.0000224243783360
8.9063313638745889	1.0000363553224461
8.9107188725149129	0.9999532934950862
8.9175191185912208	1.0001721636630694
8.9215077020344786	0.9999976092549737
8.9247627302101584	1.0001207262614109
8.9278155429403103	0.9999553201530594
8.9308411279906927	1.0000958855750919
8.9338964374482277	0.9999507746631665
8.9370000095932323	1.0000781594713088
8.9401596746758596	0.9999544431579369
8.9433760588400517	1.0000646358564806
8.9466514329453428	0.9999595375384662
8.9499848809475964	1.0000527595948114
8.9533800741490843	0.9999647106981305
8.9568396202777709	1.0000407401743980
8.9603736527123417	0.9999710543012041
8.9639959787895620	1.0000264397805214
8.9677370389502027	0.9999812168245277
8.9716527427421262	1.0000112705572568
8.9758937018964087	0.9999464158575750
8.9828483945730309	1.0001209921892371
8.9877126748310072	1.0000189940253303
8.9922778536669927	1.0000744032566737
8.9994478037028216	0.9998660789469800
9.0044135866559571	0.9999714502410775
9.0090130410854403	0.9999139214149921
9.0161798889382290	1.0001286028628156
9.0209805822773177	1.0000124751691890
9.0251294202175032	1.0000422396627076
9.0290901400988020	0.9999904276407443
9.0330977112241353	1.0000165400727574
9.0373688211693253	0.9999481927181855
9.0443068257665136	1.0001301832453235
9.0489857815331014	1.0000149592978695
9.0530591747867142	1.0000480881748928
9.0569350062981400	0.9999880332812391
9.0608034886330380	1.0000222166488584
9.0647822385177630	0.9999883004349410
9.0690413930213420	1.0000518651467745
9.0759803779546644	0.9998702080733740
9.0807621057512318	0.9999776881505047
9.0850007939342898	0.9999579380683479
9.0891196185652223	1.0000010495513023
9.0934291250705357	0.9999393485922538
9.1003914238798913	1.0001279459391483
9.1051522026135583	1.0000170720382227
9.1093212549699327	1.0000438145012269
9.1133114298253446	0.9999937917985050
9.1173400652246688	1.0000191039138364
9.1216166099684912	0.9999497014328316
9.1285554234113384	1.0001306131606511
9.1333099649781495	1.0000186935131699
9.1374781238107392	1.0000447258035379
9.1414685886624998	0.9999944354799580
9.1454976401674362	1.0000195516190564
9.1497742736424197	0.9999500216964736
9.1567302088216209	1.0001276396394829
9.1617373457721758	0.9999729443960810
9.1691497996771236	1.0001736648026742
9.1738549596208632	1.0000174563649002
9.1776644379250829	1.0000809112252931
9.1811245805333233	0.9999654982592576
9.1844513855047936	1.0000657231890955
9.1877235401003983	0.9999498417758259
9.1909711844249813	1.0000602491329613
9.1942083462832294	0.9999447014763472
9.1974403271363556	1.0000579449202420
9.2006726466633992	0.9999433845315435
9.2039068125448082	1.0000564235167846
9.2071469618571768	0.9999437954512671
9.2103937374174141	1.0000548225272370
9.2136508924373981	0.9999451741315059
9.2169188027571352	1.0000528532933344
9.2202011536297181	0.9999472439248258
9.2234983986405599	1.0000503902869420
9.2268144810083985	0.9999499587396401
9.2301503495260704	1.0000472958152193
9.2335107053543783	0.9999534441870005
9.2368976762783728	1.0000433132326458
9.2403176601522006	0.9999580438902700
9.2437753649315617	1.0000379201511564
9.2472810684499045	0.9999645121897046
9.2508456622833855	1.0000299859510633
9.2544898501540960	0.9999744986994376
9.2582434603060086	1.0000175193621685
9.2621676415877392	0.9999862570572239
9.2664097367938929	1.0000500913266570
9.2732862454142424	0.9998589644498951
9.2776505389228259	0.9999937376844745
9.2813411350685175	0.9999243831420973
9.2847910430266829	1.0000322771974235
9.2881700929418454	0.9999418715117799
9.2915354224517124	1.0000409160298513
9.2949134387060415	0.9999509711483866
9.2983130856177372	1.0000407991931184
9.3017436792889363	0.9999575144866264
9.3052105423322509	1.0000368276686527
9.3087242813421369	0.9999645333194446
9.3122956922194184	1.0000295094499316
9.3159454354737310	0.9999745669678756
9.3197031692402419	1.0000173838840010
9.3236298633735597	0.9999862232737973
9.3278726287803568	1.0000501650204934
9.3347632463045080	0.9998617271382909
9.3392131135270393	0.9999903201477068
9.3430046357157472	0.9999315192241812
9.3465605378255034	1.0000260048179159
9.3500535946014462	0.9999506454884938
9.3535463612920609	1.0000320810871151
9.3570723015041022	0.9999622413900573
9.3606499351706187	1.0000279495774167
9.3643034034905437	0.9999738408559417
9.3680633629163417	1.0000169081228614
9.3719913211784327	0.9999859797175257
9.3762344280885426	1.0000500786324864
9.3831894751637055	0.9998738324349060
9.3880588802391998	0.9999752698887008
9.3926271843669156	0.9999193999978963
9.3997637985818159	1.0001337140765416
9.4044880872395193	1.0000140104816388
9.4085388500873126	1.0000515373280590
9.4123758353669356	0.9999881604511706
9.4162089267649112	1.0000245845129201
9.4201645970686290	0.9999899111753436
9.4244177204140591	1.0000524954317342
9.4313764104775135	0.9998739072955909
9.4363745031751822	1.0000257828584929
9.4438182148267327	0.9998286209212089
9.4486068112185588	0.9999769342516207
9.4525583574114318	0.9999291592659266
9.4561941915692476	1.0000216788480447
9.4597270199793861	0.9999494299386192
9.4632290158949832	1.0000328768863882
9.4667308088879558	0.9999575850376726
9.4702397709829587	1.0000353145347292
9.4737606806896899	0.9999612351309815
9.4772917324809196	1.0000353859266393
9.4808336182282691	0.9999630089371568
9.4843831114576123	1.0000349931131578
9.4879401650511959	0.9999638631935603
9.4915013588375174	1.0000347197768131
9.4950666226951679	0.9999641685734662
9.4986327354340592	1.0000346951626997
9.5021999763335927	0.9999641318243309
9.5057656546026799	1.0000348557074372
9.5093307394972264	0.9999639501381385
9.5128933981836372	1.0000350282570025
9.5164556072476305	0.9999638631003595
9.5200166961771959	1.0000349580959529
9.5235799597818112	0.9999641725388757
9.5271462376265852	1.0000343067507409
9.5307206039582741	0.9999652769541172
9.5343060793446188	1.0000325955478018
9.5379106086023278	0.9999677837753636
9.5415412063084943	1.0000290123254807
9.5452119040167087	0.9999728400859066
9.5489396193384408	1.0000219042074510
9.5527564581919737	0.9999824810417575
9.5567176502301958	1.0000127271892572
9.5609710482359151	0.9999474967564500
9.5678734066830984	1.0001329364500968
9.5724889327391409	1.0000130407828580
9.5764546973883835	1.0000576557766232
9.5801723115153070	0.9999793804577237
9.5838114796467053	1.0000397305000850
9.5874427231466566	0.9999733321754513
9.5911016687530442	1.0000291868028979
9.5948173459675328	0.9999778827399858
9.5986225375613525	1.0000173661974550
9.6025776803746421	0.9999865803106865
9.6068282291414189	1.0000513367491211
9.6137234020582518	0.9998639529344354
9.6182587543212836	0.9999886878871393
9.6221250355936494	0.9999347669797355
9.6257283302126559	1.0000258959120993
9.6292381766913291	0.9999498202662170
9.6327140063171104	1.0000359095524176
9.6361834631398278	0.9999558957295910
9.6396555309322807	1.0000379577713201
9.6431383956435965	0.9999593758603056
9.6466352409338540	1.0000368656257514
9.6501530244004492	0.9999627931371385
9.6536965624328950	1.0000336144323911
9.6572762263026632	0.9999676898047820
9.6609027458783192	1.0000275641027119
9.6645965632636610	0.9999759855055151
9.6683867835155386	1.0000168519127743
9.6723331937235830	0.9999862111794372
9.6765812921413357	1.0000508585516485
9.6835058009453761	0.9998690388295840
9.6882091898512730	0.9999810473479839
9.6923348699079241	0.9999529380879139
9.6962923532479355	1.0000045554929762
9.7003031565741296	0.9999791018900011
9.7045734738005862	1.0000479994325753
9.7114932802938156	0.9998631871514966
9.7160667842508790	0.9999859993005052
9.7199906979771580	0.9999389857760534
9.7236757296738485	1.0000196303065931
9.7272996667658322	0.9999591943930812
9.7309335558908057	1.0000236656136923
9.7346230268811507	0.9999730639749705
9.7384062213143903	1.0000156774200371
9.7423475193764553	0.9999854760502277
9.7465943186955997	1.0000502628286942
9.7534711127276967	0.9998595304538538
9.7578653042007950	0.9999933260938816
9.7615748687187853	0.9999248655224170
9.7650294245212148	1.0000330996511571
9.7683999419912855	0.9999405095394939
9.7717443712414553	1.0000432700565796
9.7750890789042231	0.9999478308546800
9.7784422463896714	1.0000448806334121
9.7818115484863206	0.9999523813256839
9.7851995103805027	1.0000431928872935
9.7886122169481524	0.9999565829952147
9.7920531046917212	1.0000395043885570
9.7955303343370161	0.9999617833307919
9.7990511114268095	1.0000336154528462
9.8026296512235565	0.9999693993307102
9.8062834007379500	1.0000240736001265
9.8100454876228120	0.9999815235056077
9.8139733456834861	1.0000126570262255
9.8182176834598849	0.9999486322391479
9.8250975652265353	1.0001386644837831
9.8295090570925794	1.0000067506879966
9.8332469935397881	1.0000713594026140
9.8367429514982323	0.9999689650609951
9.8401643531858376	1.0000539443008796
9.8435730753400001	0.9999606246074624
9.8469938211841992	1.0000448424659945
9.8504401969004256	0.9999611608140919
9.8539201145239232	1.0000378873568847
9.8574445980164320	0.9999659719081402
9.8610249256578815	1.0000297131664511
9.8646817123843853	0.9999750948987894
9.8684446377132460	1.0000174622121429
9.8723744590904268	0.9999863119683776
9.8766180729511852	1.0000503230201088
9.8835702068332729	0.9998734648192892
9.8885660799561155	1.0000254086458442
9.8960134576410184	0.9998292104839549
9.9008198676424755	0.9999760178426248
9.9048028868797999	0.9999318601160884
9.9084863914639136	1.0000178863196338
9.9120916650795632	0.9999560634214804
9.9157041235956278	1.0000235476804509
9.9193747717594434	0.9999718418854704
9.9231435654190321	1.0000155973008718
9.9270760344666691	0.9999852995449571
9.9313204478733823	1.0000498477895892
9.9382067200246151	0.9998608128286874
9.9426363200296670	0.9999913382598455
9.9463976569229153	0.9999290428785690
9.9499154513569081	1.0000286487645713
9.9533611437302305	0.9999467300144761
9.9567946669013612	1.0000365306341132
9.9602454098600521	0.9999563119854291
9.9637257423365693	1.0000352014984801
9.9672494257334048	0.9999642875294013
9.9708283327349978	1.0000288830086677
9.9744837443210468	0.9999745283900870
9.9782454862238517	1.0000172014242947
9.9821745756869831	0.9999861574363687
9.9864179893439662	1.0000502144737493
9.9932830291239263	0.9998570363534452
9.9975937438881566	0.9999961772827743
