0.0000000000000000	0.0000000000000000
1.5349516013585869	0.0010000000000000
1.5476539705069878	0.0012546705232798
1.5519379494939713	0.0013180662596077
1.5561262542898668	0.0014969588783630
1.5607464833760749	0.0016569641441850
1.5670683239779029	0.0024418139863024
1.5749133619970979	0.0025548208686088
1.5796720463937524	0.0032082487670547
1.5831342441092717	0.0034829394149137
1.5864819873760585	0.0040481385327093
1.5899502808023502	0.0044748486551517
1.5935494148584302	0.0051559401946005
1.5972748616212742	0.0058103880111035
1.6010873777270087	0.0066964227398184
1.6049831702634640	0.0076197462397795
1.6089249671754609	0.0087815256501060
1.6129245856994874	0.0100399733638314
1.6169453857600353	0.0115671200154841
1.6210136018736132	0.0132576361024642
1.6250873972855835	0.0152659130844752
1.6292059291185301	0.0175198321593713
1.6333168222360959	0.0201590750682661
1.6374725930703791	0.0231466218793347
1.6416066430614089	0.0266058930981030
1.6457870072362395	0.0305408872607668
1.6499306395740612	0.0350530547443842
1.6541239736329740	0.0401987739354990
1.6582666991063362	0.0460470753856239
1.6624660962642404	0.0527259343427732
1.6666049790230422	0.0602562920684025
1.6708119097418774	0.0688652519801847
1.6749543517562167	0.0785050079107498
1.6791788746068095	0.0895317443190325
1.6833417090854670	0.1018079339590042
1.6875987661275482	0.1158345665317605
1.6918052782109758	0.1313804121891047
1.6961095821352947	0.1490576468128665
1.7003867888114512	0.1685930602984529
1.7047481752085318	0.1905631392414633
1.7091254532155331	0.2148306868950747
1.7135478229421388	0.2415927332071906
1.7180545006197130	0.2712146847125267
1.7225386805904468	0.3029465477245493
1.7272120942369309	0.3382721576041425
1.7317658903604716	0.3746653748145456
1.7366052813809736	0.4150992684858756
1.7412995768577311	0.4555932280899372
1.7462773122125723	0.4994040217732368
1.7526425180273848	0.5555929016667548
1.7582070943663834	0.6044609614034343
1.7623795756158593	0.6394550852662556
1.7662573177710197	0.6710907361400664
1.7699832062679333	0.7000722083292497
1.7739192596259874	0.7292277304463193
1.7779158122612881	0.7569697248071259
1.7820924420881217	0.7839526349585093
1.7863658215376759	0.8093002222394862
1.7908726276053057	0.8336431219000835
1.7991667950927128	0.8716614053430185
1.8046640744200271	0.8928627575092717
1.8209947000198219	0.9390929817861308
1.8267405179793492	0.9499393473663825
1.8356198222998072	0.9635859649234545
1.8428738942198264	0.9717185091180740
1.8487512582118371	0.9777329140133790
1.8540999817262127	0.9814755096411278
1.8589619805479825	0.9844997806981044
1.8628120696621626	0.9864248632607302
1.8662258120094970	0.9881150572113969
1.8695193570514002	0.9893639284087534
1.8727679942784854	0.9906702488581951
1.8759931205575624	0.9916053605304429
1.8791814209339666	0.9926556134703768
1.8823604067457351	0.9933553528042900
1.8855345835515294	0.9942091530001718
1.8887404425128691	0.9947504022965682
1.8919865952558161	0.9954491878247689
1.8953046158203373	0.9958878918200976
1.8987033720298856	0.9964554064614863
1.9022172581536014	0.9968282384905972
1.9058719347165352	0.9972789575073971
1.9097406734527762	0.9976147982560343
1.9139682061576213	0.9980222566825876
1.9208947573273405	0.9982901578775083
1.9250063781277522	0.9986616667081828
1.9285060117534880	0.9987403357812307
1.9318321975438908	0.9989989580114120
1.9351397531854968	0.9990235050685626
1.9384713446851920	0.9992326626655225
1.9418482279904103	0.9992412361214194
1.9452743150604772	0.9994116793945519
1.9487597960705241	0.9994141707964724
1.9523114603941192	0.9995496573859315
1.9559487222421115	0.9995554004806148
1.9596982765746744	0.9996537834404495
1.9636209159552651	0.9996724173529330
1.9678625303925925	0.9997823186526452
1.9747992614931491	0.9996624308853629
1.9794617485142729	0.9998083258898488
1.9835531507381801	0.9998035898479999
1.9874872342983312	0.9998766350909813
1.9914849177769429	0.9998688961597713
1.9957514945443238	0.9999536894583547
2.0026945428530802	0.9997944156159183
2.0073312844493896	0.9999242587411944
2.0113383894786283	0.9998926998929509
2.0150999045830011	0.9999743576850406
2.0187741808454178	0.9999220976000374
2.0224118400928215	0.9999958556603356
2.0260325019588019	0.9999360524692525
2.0296377799098129	1.0000085436443988
2.0332294768891508	0.9999433833689132
2.0368060224814299	1.0000170354055782
2.0403707236771500	0.9999478918786816
2.0439254689293418	1.0000223081732509
2.0474769041487386	0.9999516326053396
2.0510297322140287	1.0000245908998060
2.0545928796209596	0.9999557902086301
2.0581732717655212	1.0000239383580238
2.0617828487529435	0.9999613781831560
2.0654334758800821	1.0000198337987933
2.0691461588966091	0.9999701354071583
2.0729501637571590	1.0000106954307828
2.0769049145018474	0.9999806927284592
2.0811553113815506	1.0000460614165410
2.0880509651784971	0.9998595597523999
2.0925904285081565	0.9999844370517339
2.0964622079602031	0.9999314155014012
2.1000719520670046	1.0000220714804526
2.1035892843551971	0.9999472393214681
2.1070737008670921	1.0000324880109881
2.1105525840370198	0.9999539114194359
2.1140342153701059	1.0000351096830586
2.1175253518753485	0.9999575589764188
2.1210268460763815	1.0000351364236719
2.1245420132596857	0.9999601988929822
2.1280702910638745	1.0000342098275929
2.1316140570748696	0.9999624651659722
2.1351721427528649	1.0000329387748879
2.1387464020088860	0.9999645095227375
2.1423352117892538	1.0000315873167587
2.1459400467247489	0.9999663439586255
2.1495589439725742	1.0000302814840294
2.1531931451377471	0.9999679653182856
2.1568405186020279	1.0000290688828644
2.1605022947039902	0.9999694063423694
2.1641764659963898	1.0000279206009355
2.1678646522814380	0.9999707781021205
2.1715655395806990	1.0000266877073367
2.1752819715007625	0.9999723522701701
2.1790145935936285	1.0000249738861589
2.1827694815916496	0.9999747733777764
2.1865525660482668	1.0000217843598076
2.1903790779541588	0.9999796146241262
2.1942717725073857	1.0000150203609630
2.1982823788200201	0.9999859606906595
2.2025479675230790	1.0000530023272916
2.2094573983192536	0.9998693248768532
2.2142175509167368	0.9999831440384440
2.2183407404485731	0.9999482140524540
2.2221927658524052	1.0000160734840438
2.2259403912838542	0.9999634732941569
2.2296489632568743	1.0000243468976151
2.2333553444440088	0.9999701679490938
2.2370805168892036	1.0000234315124796
2.2408501260654066	0.9999774860057261
2.2446949307470447	1.0000157954732114
2.2486743304096861	0.9999860965272294
2.2529315328428110	1.0000520177972174
2.2598685969368244	0.9998729337295780
2.2648693060072254	1.0000267412513260
2.2723377460624441	0.9998356813781203
2.2774314895665002	0.9999692532810655
2.2818060197050714	0.9999541024056973
2.2859799283993332	0.9999999579603088
2.2903078788491449	0.9999382311381750
2.2972743037437984	1.0001292696398492
2.3020300518746009	1.0000170970706586
2.3061842014749767	1.0000449984600244
2.3101585473479549	0.9999939680363725
2.3141763011934056	1.0000194952167065
2.3184500631439624	0.9999504101554052
2.3253759893529002	1.0001338859674940
2.3300186821413598	1.0000157113421335
2.3340430614801395	1.0000523183448238
2.3378708574978750	0.9999884834603018
2.3417002027430298	1.0000247022304021
2.3456542475777962	0.9999898828231313
2.3499068875627791	1.0000523632552110
2.3568673745366899	0.9998740941752805
2.3617388630529055	0.9999753832162592
2.3663079337519095	0.9999193589193826
2.3734723462049359	1.0001289296306950
2.3783748565582723	1.0000211571728717
2.3827344505877521	1.0000370128633418
2.3871257224246203	0.9999557379663915
2.3941814285754019	1.0001335975791696
2.3992174632976129	0.9999753015420234
2.4067156662689353	1.0001673428991957
2.4117345522224181	1.0000303607368377
2.4160265557043190	1.0000473479004841
2.4201487522837883	0.9999999517452141
2.4244613962748391	1.0000593291035493
2.4314161544751167	0.9998647339768161
2.4359567829974247	0.9999873808732552
2.4398604891723741	0.9999402410994932
2.4435596040053182	1.0000163183926740
2.4472444887896345	0.9999660311289675
2.4510052772656588	1.0000135051738797
2.4549285336269757	0.9999838486291579
2.4591710497114883	1.0000485859926074
2.4660033999968016	0.9998491861684188
2.4701065802129483	1.0000040981626490
2.4735297774866267	0.9999045233407237
2.4767337940775649	1.0000463649714142
2.4798808925766100	0.9999231669476835
2.4830196325069918	1.0000562643682613
2.4861700668219489	0.9999329860212465
2.4893357969556131	1.0000576305713909
2.4925211716067261	0.9999387303700951
2.4957254012243877	1.0000560745989338
2.4989513427972372	0.9999429812710182
2.5021983844487381	1.0000532574934717
2.5054697917804072	0.9999469426333309
2.5087658329894413	1.0000496157697931
2.5120907858892854	0.9999512658864177
2.5154463811736041	1.0000450649851427
2.5188387866740967	0.9999565190686113
2.5222725039070801	1.0000391234978832
2.5257577146473751	0.9999635559897907
2.5293052624302108	1.0000306637489831
2.5329358767580055	0.9999740673368147
2.5366795358834064	1.0000177036558031
2.5405977113066469	0.9999862674143992
2.5448381942912071	1.0000498837578724
2.5517954613732496	0.9998738528787301
2.5566570345107373	0.9999751501291895
2.5612233031261304	0.9999196333720823
2.5682936460496300	1.0001457150614776
2.5726172658809410	0.9999988301522043
2.5761840277857662	1.0000850498827529
2.5794939297072701	0.9999572476883813
2.5827257722031161	1.0000687719838388
2.5859399411200177	0.9999471167340085
2.5891565239248480	1.0000606574971627
2.5923838253821736	0.9999451695060845
2.5956230188294898	1.0000562518412044
2.5988765267038469	0.9999458349587794
2.6021432938149167	1.0000532882101416
2.6054253634995543	0.9999474743342477
2.6087216854809023	1.0000507627238815
2.6120346611839480	0.9999496074897342
2.6153637041186499	1.0000481987416230
2.6187118389896114	0.9999521821913430
2.6220792838786671	1.0000452752162043
2.6254700890851659	0.9999553673954644
2.6288858733566345	1.0000416318456526
2.6323325692866035	0.9999595529831791
2.6358145170983280	1.0000366834407381
2.6393416545859103	0.9999655298129666
2.6429245559752128	1.0000292591260032
2.6465836192763743	0.9999749808109041
2.6503482902470967	1.0000173218860056
2.6542792001225144	0.9999862517527285
2.6585230991681397	1.0000503300042969
2.6653996753964724	0.9998593128321661
2.6697775277087574	0.9999937228052781
2.6734739133063177	0.9999241612503973
2.6769184175227263	1.0000335644513512
2.6802795656549412	0.9999396927641092
2.6836128900550160	1.0000442270261292
2.6869424776529716	0.9999463235651057
2.6902742347031414	1.0000468900490065
2.6936134393649454	0.9999495484459360
2.6969599244542453	1.0000469107198395
2.7003166158796317	0.9999516537302863
2.7036829895505092	1.0000458353120196
2.7070620485961738	0.9999536101090112
2.7104538231312350	1.0000440623396849
2.7138620156585307	0.9999559119400354
2.7172876878299954	1.0000415453506177
2.7207358701723803	0.9999589730706652
2.7242095043924848	1.0000379442953655
2.7277162786608100	0.9999633859990752
2.7312630648699865	1.0000324947399664
2.7348637591600480	0.9999703101786430
2.7385354723657680	1.0000235342022845
2.7423109189965271	0.9999817786717590
2.7462469076533544	1.0000126791814479
2.7504934349133636	0.9999483583863475
2.7573970778700843	1.0001338343102000
2.7619668571370766	1.0000127802774710
2.7659001403806895	1.0000581801425765
2.7696108104498802	0.9999812364127743
2.7732747514144171	1.0000361921996768
2.7769718875866767	0.9999797939632680
2.7807562093796987	1.0000195686194213
2.7846966086395226	0.9999875080606219
2.7889434805898481	1.0000512272468935
2.7958286766251539	0.9998612473508066
2.8002633989558294	0.9999918014167556
2.8040218148172209	0.9999283645971356
2.8075260260278574	1.0000303873663354
2.8109454211200866	0.9999440020606479
2.8143371766022702	1.0000404770608589
2.8177267304671325	0.9999507462384845
2.8211211031756869	1.0000425896344145
2.8245264834201462	0.9999543478267700
2.8279437133318241	1.0000419402107217
2.8313767933907772	0.9999571322004335
2.8348266351567655	1.0000399297579698
2.8382980541374772	0.9999601972910048
2.8417936548639293	1.0000366960903286
2.8453207969046987	0.9999643800304607
2.8488859610913129	1.0000316338429942
2.8525026676831802	0.9999709338341658
2.8561876021389296	1.0000231176528516
2.8599730183946779	0.9999819591021147
2.8639151212250438	1.0000126926771733
2.8681632944606426	0.9999481521505577
2.8750855103358104	1.0001300623329075
2.8797874633085128	1.0000178610189372
2.8839094292748459	1.0000460860282456
2.8878660883879492	0.9999943748706093
2.8918749582010723	1.0000198346815286
2.8961459852927254	0.9999509315395961
2.9030734486076133	1.0001339155150937
2.9077146255300712	1.0000155079323314
2.9117291325301982	1.0000539613420285
2.9155266941231965	0.9999855860982764
2.9192889056090383	1.0000302162319423
2.9231079392226782	0.9999861665178756
2.9270648839017723	1.0000149744341313
2.9313177622265822	0.9999490323399541
2.9382428578122450	1.0001303077922754
2.9429579754140467	1.0000182246071156
2.9470921404796679	1.0000457997369632
2.9510579566514581	0.9999944834439940
2.9550723489174278	1.0000198299847571
2.9593448944618763	0.9999507446212625
2.9662641412842379	1.0001352311733680
2.9708637805755331	1.0000133279052370
2.9748085156000799	1.0000592795487495
2.9785050073575179	0.9999786628232900
2.9821216154708385	1.0000414527859827
2.9857253374527946	0.9999715311887502
2.9893468018376788	1.0000321304634441
2.9930074396377653	0.9999739056505792
2.9967270038855531	1.0000229248997887
3.0005379187710655	0.9999828368259072
3.0044955930017676	1.0000129652382030
3.0087479867133977	0.9999477520452464
3.0156395367494553	1.0001351713971209
3.0201796902851403	1.0000100466392070
3.0240424695857264	1.0000647265787537
3.0276368025876508	0.9999719479541125
3.0311281348828838	1.0000507684336801
3.0345786238419072	0.9999608116837679
3.0380121425962390	1.0000458882829915
3.0414402364603559	0.9999575182394238
3.0448671930358793	1.0000437170410730
3.0482983222591944	0.9999571754065657
3.0517358347682202	1.0000418992078168
3.0551852147355598	0.9999585253190484
3.0586495634655955	1.0000393582132077
3.0621360809878726	0.9999614711918013
3.0656503130371218	1.0000353027214139
3.0692032637659130	0.9999665890301371
3.0728063961779823	1.0000285554924471
3.0764808141853699	0.9999754215325507
3.0802563852742990	1.0000171391896888
3.0841937909238748	0.9999862401583767
3.0884394686801846	1.0000505526376919
3.0953495024446336	0.9998658769886194
3.0999393414323060	0.9999851031248305
3.1039070865232121	0.9999432340755718
3.1076630665754355	1.0000146111519559
3.1113932737519367	0.9999676417707629
3.1151869789659363	1.0000131023781260
3.1191299665646204	0.9999839258710543
3.1233778205008198	1.0000493270145003
3.1302968203161283	0.9998663358366229
3.1349169930686411	0.9999833936748451
3.1389331822655167	0.9999466436640838
3.1427582065888626	1.0000101829976669
3.1465895676882663	0.9999741535658355
3.1505440453007880	1.0000088800447717
3.1547979513833768	0.9999463280457050
3.1617456663684127	1.0001265507421737
3.1665512084653411	1.0000226018286262
3.1708785579386505	1.0000373874780615
3.1752584734288525	0.9999561845717621
3.1822767384039503	1.0001383880187498
3.1869942404350291	1.0000200102644585
3.1911011428300382	1.0000486434671714
3.1950384622706305	0.9999949013379881
3.1990339026554087	1.0000203389934086
3.2033014621987839	0.9999517070803041
3.2102064290429846	1.0001390517006972
3.2146741188455525	1.0000095838508691
3.2184744684714586	1.0000674741124480
3.2220375052860182	0.9999733346801245
3.2255343402752357	1.0000481703077722
3.2290315031436911	0.9999670517329746
3.2325595745276128	1.0000365782541891
3.2361404279894690	0.9999710769550443
3.2397949612944856	1.0000250275015348
3.2435571867582165	0.9999820393102564
3.2474850769052388	1.0000129362007701
3.2517294150260114	0.9999487765560815
3.2586713686919424	1.0001270667604787
3.2634725444048405	1.0000229099800286
3.2677978025794561	1.0000375432749335
3.2721770649368329	0.9999563112571641
3.2791617494537029	1.0001445360008523
3.2836711577754447	1.0000117460435225
3.2874865790101220	1.0000684989375535
3.2910541077914344	0.9999738687682157
3.2945514548678347	1.0000486164098599
3.2980475091389532	0.9999671364323470
3.3015738837906374	1.0000368046388881
3.3051529009669518	0.9999710566213427
3.3088057497611953	1.0000251283815933
3.3125666290108318	0.9999820356773073
3.3164936778800560	1.0000129484255762
3.3207377941410594	0.9999488135655966
3.3276892621704750	1.0001253185043868
3.3325613593470012	1.0000238144543303
3.3371286534859368	1.0000799822663999
3.3442951161598322	0.9998714274387066
3.3492673868687226	0.9999768619379432
3.3538686561115929	0.9999187832991893
3.3609908409182694	1.0001405220123674
3.3655401232253044	1.0000070373541867
3.3693412322933081	1.0000690190234660
3.3728752118166203	0.9999703115269221
3.3763303096783157	1.0000512274558524
3.3797777223344814	0.9999635184604629
3.3832477710344944	1.0000406726026712
3.3867593626962473	0.9999663586639573
3.3903272800647350	1.0000309100583320
3.3939734038358429	0.9999751207983385
3.3977282463456380	1.0000178393383854
3.4016530908541727	0.9999864527536617
3.4058953844423758	1.0000502290579163
3.4128410022291544	0.9998720292125195
3.4176338959916692	0.9999760457967226
3.4219557166346282	0.9999613985239907
3.4263327152663607	1.0000424461428288
3.4333532746892490	0.9998604723520874
3.4380572566689094	0.9999790365983010
3.4421545731269183	0.9999499537985376
3.4460833002697457	1.0000040644431396
3.4500751831346461	0.9999785533736136
3.4543405069133328	1.0000470092710496
3.4612449461238750	0.9998591160466731
3.4656793240070742	0.9999905499249382
3.4694425925983707	0.9999286615888036
3.4729608981083055	1.0000285663302184
3.4764039524215402	0.9999460407939779
3.4798284491179370	1.0000376963556399
3.4832593940742465	0.9999539810830956
3.4867033379462269	1.0000389101907290
3.4901661017834082	0.9999584834320688
3.4936483174211195	1.0000374479934402
3.4971540738762332	0.9999620712706999
3.5006847985805161	1.0000345778293436
3.5042466541212018	0.9999661267205662
3.5078447818384229	1.0000300494192760
3.5114913945274431	0.9999721198526019
3.5152017973858238	1.0000223103344983
3.5190068426383649	0.9999823179198492
3.5229611301472432	1.0000127238812317
3.5272125763668845	0.9999477439514795
3.5341577411042331	1.0001251722775428
3.5390523483043559	1.0000233584337865
3.5436254805808289	1.0000805825912338
3.5507537738470094	0.9998661438121998
3.5555374058775087	0.9999847862141547
3.5596337214458988	0.9999479383341876
3.5634792249513816	1.0000132964051800
3.5672741079262518	0.9999699919745083
3.5711132189689341	1.0000128259284122
3.5750831522993662	0.9999841271499522
3.5793384281895988	1.0000503691312588
3.5862144742829729	0.9998595122312111
3.5906284182737651	0.9999932027337536
3.5943480343589220	0.9999251463062356
3.5978058013422785	1.0000332292475240
3.6011781402267093	0.9999409600933047
3.6045277396378856	1.0000425900085383
3.6078850136572691	0.9999495738265213
3.6112618220257464	1.0000424722139147
3.6146695246545781	0.9999563169447179
3.6181148286085474	1.0000381580050002
3.6216092435092246	0.9999638017305931
3.6251641320309456	1.0000303869014149
3.6288005122340192	0.9999743641334551
3.6325483618145009	1.0000178092207006
3.6364690628144096	0.9999864926008110
3.6407102214571765	1.0000502341927091
3.6475865551366713	0.9998590607996353
3.6519430283442280	0.9999941389399181
3.6556290190444320	0.9999246636293735
3.6590793079616981	1.0000321404806005
3.6624646881977947	0.9999431160836980
3.6658437813765232	1.0000396921403709
3.6692452951239583	0.9999537118950076
3.6726814269390133	1.0000377154500653
3.6761661773118144	0.9999626933291176
3.6797118308408505	1.0000305286343036
3.6833402111778977	0.9999739510738600
3.6870818510738368	1.0000178760334137
3.6909987283841330	0.9999864666471638
3.6952388751512597	1.0000500636949166
3.7021965177855320	0.9998740631453917
3.7070567498981628	0.9999753266721377
3.7116226852370047	0.9999198471448016
3.7187465077952280	1.0001366425478548
3.7233650560273470	1.0000109725969120
3.7272883042621996	1.0000588654983029
3.7309890116825200	0.9999820213822888
3.7346678628006935	1.0000331085087386
3.7384238203971800	0.9999851701938156
3.7423422622846605	1.0000149547558403
3.7465848034469973	0.9999503075180923
3.7535316041625628	1.0001278743173669
3.7583044806550374	1.0000230192765254
3.7626089123365642	1.0000376787121921
3.7669826275046185	0.9999569969958378
3.7739380827034164	1.0001506794098378
3.7782448544423053	1.0000052422212531
3.7818568501085115	1.0000810047034858
3.7852491697968866	0.9999662632452828
3.7885978261289743	1.0000576515881969
3.7919676341913391	0.9999613395436484
3.7953876729216667	1.0000421274566496
3.7988789871128064	0.9999675736615319
3.8024624871570438	1.0000273177931531
3.8061727388515547	0.9999809336254025
3.8100693888885515	1.0000126979776833
3.8143053579446575	0.9999496248883069
3.8212117529369358	1.0001349706099680
3.8257164111305055	1.0000127932167593
3.8296186499700853	1.0000568643376733
3.8333553974096115	0.9999868765524018
3.8371222797433147	1.0000262135761930
3.8410400674351890	0.9999902469011597
3.8452827891164043	1.0000513185582678
3.8522095640770693	0.9998663257703763
3.8567784601707786	0.9999832030873133
3.8607753657968815	0.9999483287267701
3.8646371166572346	1.0000050513345180
3.8685909236772789	0.9999785523216996
3.8728457105310650	1.0000457099207463
3.8797686046780595	0.9998611015382584
3.8842489719953006	0.9999857108518211
3.8881260450051109	0.9999400132071330
3.8918401807070455	1.0000119626981507
3.8955921783613490	0.9999718439029316
3.8994997001381009	1.0000082192844730
3.9037409555634550	0.9999475435214985
3.9107099436441173	1.0001243560745456
3.9157053154446606	0.9999739641080574
3.9231410410224803	1.0001736049784580
3.9278001569400240	1.0000214028835286
3.9316562825212551	1.0000720056507630
3.9352741479788182	0.9999830911623585
3.9388817588287681	1.0000384161924076
3.9425845882590953	0.9999857447261260
3.9464712525283514	1.0000158226447882
3.9507053128030689	0.9999519170145115
3.9575926205878247	1.0001408592340690
3.9619341309210765	1.0000079758418170
3.9656604453324862	1.0000679241142094
3.9692239378618077	0.9999793476614482
3.9728064371452634	1.0000371026606911
3.9764970457572488	0.9999847210184577
3.9803778239680954	1.0000153164755479
3.9846101349842491	0.9999518138198320
3.9915445686527868	1.0001319313102126
3.9961585382793459	1.0000192043009235
4.0002477538936265	1.0000439768527338
4.0042765866600236	0.9999983975226050
4.0085604582706278	1.0000565054089006
4.0155644233558458	0.9998743586715476
4.0204062546779520	0.9999752510075743
4.0249685203408045	0.9999208268758388
4.0320993390018955	1.0001382989038843
4.0366436904327081	1.0000107702202994
4.0405223285648564	1.0000590856618525
4.0442258253916794	0.9999858464258375
4.0479651755841912	1.0000271245526680
4.0518658904437190	0.9999905468883602
4.0561041842232290	1.0000509447132249
4.0630176128640114	0.9998631050470350
4.0674681085329478	0.9999872644153271
4.0713244068118364	0.9999399574654148
4.0750259584721853	1.0000124672855797
4.0787705864431834	0.9999719010577960
4.0826742106796141	1.0000083253582741
4.0869143394963992	0.9999477583730983
4.0938392846201372	1.0001328327010406
4.0983922725885584	1.0000153593958927
4.1023742005311723	1.0000509221567531
4.1062278374546946	0.9999937091853118
4.1101757497185494	1.0000202752331444
4.1144301080376033	0.9999532059287942
4.1214061703939597	1.0001273181082242
4.1262531545827104	1.0000250843430756
4.1308144688435569	1.0000795000827307
4.1379184560019873	0.9998583510117223
4.1423891009378710	0.9999926052024642
4.1461505483013550	0.9999298536728422
4.1496851146070171	1.0000255117112322
4.1531832523163557	0.9999531078391530
4.1567161181078811	1.0000269581682730
4.1603275251361378	0.9999704075093461
4.1640546193957944	1.0000165032977544
4.1679623771079921	0.9999854405679872
4.1722000898030682	1.0000490636283423
4.1791491939144834	0.9998715314867367
4.1839183094289414	0.9999758742377569
4.1882233184653055	0.9999611681239100
4.1925957701188574	1.0000417353032371
4.1995883087361054	0.9998545502323704
4.2040851233209757	0.9999864127541098
4.2079099155745743	0.9999321332549872
4.2115066239144525	1.0000218360161448
4.2150579545068085	0.9999552390033678
4.2186339484236237	1.0000251455099991
4.2222788795086892	0.9999713995387138
4.2260300926154848	1.0000160283889663
4.2299522627648312	0.9999853992781309
4.2341938520982874	1.0000495495194477
4.2410974958817205	0.9998636551268051
4.2456096395850151	0.9999873220597383
4.2494883411605464	0.9999379730710473
4.2531517003754589	1.0000190029727458
4.2567792145436352	0.9999610762045893
4.2604465634929047	1.0000197686763261
4.2642108406285795	0.9999788590450455
4.2681377563903915	1.0000113098296415
4.2723822349078073	0.9999480526259779
4.2792819153868376	1.0001351031037542
4.2837962748798111	1.0000112822841223
4.2876720013863929	1.0000610550113116
4.2913328035934430	0.9999796439873584
4.2949556013788071	1.0000380101383828
4.2986201367261838	0.9999790009741781
4.3023805865468363	1.0000201135131415
4.3063065588588776	0.9999876034226036
4.3105495443439992	1.0000507710015443
4.3174573402269987	0.9998648153086438
4.3219967617334234	0.9999862932762885
4.3259140099974163	0.9999409277604711
4.3296282119164644	1.0000156732576408
4.3333259902643482	0.9999664632012906
4.3370963699844252	1.0000133551801487
4.3410254280261800	0.9999838655286902
4.3452694986111506	1.0000488092502959
4.3521709860429834	0.9998623975145332
4.3566549961614021	0.9999880525602415
4.3605020619456107	0.9999361162916237
4.3641366057699518	1.0000199746199239
4.3677395057583341	0.9999598881322843
4.3713869255686371	1.0000202698328136
4.3751364248697877	0.9999784956207557
4.3790543853079837	1.0000112401556720
4.3832964724008185	0.9999483242324222
4.3902287479357112	1.0001293752598241
4.3949289022639073	1.0000196273775401
4.3990920838781591	1.0000418378304212
4.4031655426435403	0.9999976349705313
4.4074614106897245	1.0000575873193394
4.4144560473573922	0.9998743370327543
4.4193322852479167	0.9999757770908243
4.4239034371336192	0.9999198022183293
4.4310404954112332	1.0001351004687462
4.4357205476235100	1.0000132601434046
4.4397251987299624	1.0000535687316525
4.4435245082026631	0.9999874980409701
4.4473302438638722	1.0000252978294768
4.4512695722460505	0.9999900863256586
4.4555182855161251	1.0000520201318110
4.4624826008229421	0.9998742475775645
4.4673425922629679	0.9999753356807508
4.4719086295070891	0.9999198288342602
4.4790525988636141	1.0001333123392349
4.4837860561603042	1.0000155084125661
4.4878736344626073	1.0000479868925358
4.4917883476442899	0.9999935589449565
4.4957683219561853	1.0000198835354508
4.5000319478820092	0.9999520504397316
4.5067693270272606	1.0001708021824653
4.5104311254672789	0.9999750414265696
4.5134825169269730	1.0001245578352498
4.5163998727857253	0.9999369440938825
4.5193170574831392	1.0000955081507330
4.5222705579548519	0.9999317070057425
4.5252685811258493	1.0000778150683998
4.5283137921900742	0.9999344333749823
4.5314046631116165	1.0000662797770268
4.5345426728295077	0.9999399569454853
4.5377269774234286	1.0000572596193673
4.5409610197263648	0.9999468487927579
4.5442463543745717	1.0000487226589152
4.5475897101878751	0.9999550877357950
4.5509971919456147	1.0000391351137086
4.5544823287111802	0.9999656714145483
4.5580623415251464	1.0000264876525438
4.5617707003309000	0.9999805184227877
4.5656663138127360	1.0000125957474060
4.5699020068200236	0.9999497205408605
4.5768341568111959	1.0001303155922465
4.5814968952495185	1.0000194388126924
4.5856280191253225	1.0000427175636226
4.5896820754968717	0.9999979549984527
4.5939726973176782	1.0000571141615433
4.6008831590099888	0.9998579843669217
4.6051995882858234	0.9999951706993675
4.6088558506283546	0.9999240169201723
4.6123036477252235	1.0000297166530308
4.6157175125850003	0.9999469625033010
4.6191596087023532	1.0000326373755293
4.6226652181139825	0.9999630759788077
4.6262583573858951	1.0000243032870089
4.6299755226836821	0.9999796592870727
4.6338761101172841	1.0000120603795046
4.6381131958642641	0.9999492827636733
4.6450589228750845	1.0001274650398784
4.6498211808062520	1.0000229367870035
4.6541187830589115	1.0000377766172899
4.6584906049358441	0.9999573732118262
4.6654653752861055	1.0001475884102646
4.6698660489685802	1.0000092233519586
4.6735827060896007	1.0000737452200377
4.6770771467378278	0.9999720829510206
4.6805264070374610	1.0000505314578876
4.6839985152826786	0.9999678199404458
4.6875268935359964	1.0000349682280498
4.6911392644292320	0.9999752633675850
4.6948689041822664	1.0000190268718623
4.6987783661599396	0.9999868490078114
4.7030165801663442	1.0000498728050122
4.7099521119063796	0.9998694201305186
4.7146397112992986	0.9999792786967358
4.7187953866111663	0.9999568772808359
4.7228628834077764	1.0000012134577334
4.7271584347169444	0.9999414892344684
4.7340512214989507	1.0001434246311247
4.7383074191845047	0.9999999475579555
4.7418735977130293	1.0000830447057554
4.7452085573812131	0.9999600810908337
4.7484770695405585	1.0000653707367571
4.7517348316294346	0.9999507302913531
4.7550002660746475	1.0000565934133272
4.7582807934566702	0.9999493178779293
4.7615770100558459	1.0000518014215676
4.7648907150854161	0.9999503173702523
4.7682202366713575	1.0000486663035586
4.7715668379895364	0.9999520472876411
4.7749286283437478	1.0000462253763922
4.7783069387145121	0.9999539617493285
4.7816999914950253	1.0000440857165678
4.7851093023114784	0.9999559113440489
4.7885333540903678	1.0000420519408471
4.7919739914349480	0.9999579133998356
4.7954301697632662	1.0000399621433975
4.7989043655302517	0.9999600966488431
4.8023964055080386	1.0000375919221771
4.8059100205514849	0.9999627352660057
4.8094467846278359	1.0000345445910002
4.8130130365641488	0.9999663780965217
4.8166142181911038	1.0000300233781372
4.8202628283291622	0.9999721960008233
4.8239744692031614	1.0000223056129307
4.8277802386556212	0.9999823322549531
4.8317349137448051	1.0000127268969270
4.8359864769082321	0.9999477305604100
4.8428891882337490	1.0001331423345079
4.8474930766827242	1.0000126196209222
4.8514424927346065	1.0000589999414744
4.8551351902956954	0.9999773600343058
4.8587339718567062	1.0000434858720599
4.8623000371596659	0.9999677505688959
4.8658560571630201	1.0000379800997075
4.8694118550677352	0.9999651338136185
4.8729692720939397	1.0000358410339576
4.8765307595168297	0.9999645720207576
4.8800950074124723	1.0000348866229307
4.8836635534713313	0.9999646332665708
4.8872347372076037	1.0000343316812557
4.8908101993158866	0.9999649136102385
4.8943884905808392	1.0000338567404281
4.8979716420894333	0.9999653569466618
4.9015587071835629	1.0000332617578476
4.9051524170513767	0.9999660706102772
4.9087527480886388	1.0000323145900953
4.9123637133819216	0.9999673157504450
4.9159870567344486	1.0000306277213540
4.9196293573273948	0.9999696181189321
4.9232961414299528	1.0000274355412497
4.9269999420835475	0.9999741025352350
4.9307560911752280	1.0000210702723913
4.9345950392539830	0.9999828777762236
4.9385700739889193	1.0000127757973134
4.9428272219056009	0.9999470428012989
4.9497339511746112	1.0001314818839246
4.9544086789144437	1.0000144175953307
4.9584395773549570	1.0000545607952114
4.9622151525556575	0.9999810848007178
4.9659009604914788	1.0000379367723595
4.9695645134985815	0.9999736226531084
4.9732370480859514	1.0000299244980844
4.9769404304202878	0.9999752324708302
4.9806943715426630	1.0000218968783110
4.9845308910530557	0.9999832126257324
4.9885042666106401	1.0000129802084643
4.9927609709562102	0.9999472116905983
4.9996961913916156	1.0001262736510441
5.0045597273280098	1.0000226703731410
5.0089305464621772	1.0000371327649786
5.0133221781321442	0.9999545342733321
5.0203591421185285	1.0001329054045858
5.0253133274611628	1.0000253729633437
5.0299050413337705	1.0000825160805813
5.0370648599804575	0.9998707331388602
5.0420433994183629	0.9999782548720461
5.0464594743101534	0.9999623982667506
5.0508648912934353	1.0000452773301238
5.0578820154127833	0.9998600739034754
5.0626158764320133	0.9999816182976422
5.0666788274479453	0.9999438242555879
5.0704753845220649	1.0000162088748075
5.0741846237490336	0.9999620826677081
5.0778757366280223	1.0000231787156306
5.0815880769936221	0.9999716764065054
5.0853464742678778	1.0000198180757836
5.0891857121010897	0.9999821500533843
5.0931604741587204	1.0000124114573967
5.0974176239883047	0.9999468898590413
5.1043296413404393	1.0001305133583585
5.1090359316915031	1.0000157472692599
5.1131161437538921	1.0000512756474826
5.1169581435767322	0.9999850582617014
5.1207331625028560	1.0000316141963539
5.1245201937794551	0.9999818588531121
5.1283715604095521	1.0000181532113122
5.1323530730985052	0.9999872537361399
5.1366111271293020	1.0000525420465893
5.1435199124748729	0.9998675656468735
5.1481882245088455	0.9999849544108713
5.1522091173257021	0.9999434281782084
5.1559642889109334	1.0000194236237590
5.1596192914245567	0.9999582902917000
5.1632329334401650	1.0000292145984440
5.1668321577249916	0.9999630378133072
5.1704242187723333	1.0000321958167899
5.1740147144557564	0.9999645842184913
5.1776031700459137	1.0000331608992483
5.1811917784845525	0.9999650489290743
5.1847789319223176	1.0000335174789095
5.1883662659623324	0.9999651405198763
5.1919520266346879	1.0000336987731808
5.1955377649977486	0.9999650952494992
5.1991217309524398	1.0000338376624363
5.2027054845213714	0.9999649953873048
5.2062873142830179	1.0000339694561389
5.2098688247931451	0.9999648765889858
5.2134483695847971	1.0000340940532357
5.2170276301398202	0.9999647645336199
5.2206050596843125	1.0000341938527166
5.2241824597290023	0.9999646891935381
5.2277584349518280	1.0000342362374361
5.2313349732193490	0.9999646938906106
5.2349109148336987	1.0000341682086613
5.2384885462862325	0.9999648467473335
5.2420670915223528	1.0000339027927476
5.2456493398355075	0.9999652609628328
5.2492351771271046	1.0000332912371559
5.2528282924326506	0.9999661349418596
5.2564297971265130	1.0000320648822203
5.2600451211452164	0.9999678391785346
5.2636778700178182	1.0000297017746351
5.2673372482773031	0.9999711281066400
5.2710327303894040	1.0000250845887417
5.2747833823526440	0.9999776599569070
5.2786165090903445	1.0000161219661710
5.2825893903542154	0.9999861498863438
5.2868446821136033	1.0000517604893924
5.2937886162467747	0.9998739524212625
5.2986943594608968	0.9999759470116426
5.3032721890684140	0.9999183431251170
5.3104094586482633	1.0001313047680496
5.3152564198004075	1.0000158146328206
5.3194329500074069	1.0000467044717016
5.3233732476826523	0.9999898607611080
5.3272821292713637	1.0000228180123685
5.3312835762877961	0.9999894631845312
5.3355492230481225	1.0000538354021784
5.3424934528456118	0.9998731126626373
5.3473559029461963	0.9999765156116732
5.3517270826914229	0.9999619429578804
5.3561175553247971	1.0000444241955091
5.3631574823459998	0.9998662390550865
5.3681080489061115	0.9999736681308520
5.3727005740623515	0.9999168125842349
5.3798616819400573	1.0001289482153632
5.3849448170364766	0.9999707348052402
5.3924677532144791	1.0001675991412609
5.3974731344865585	1.0000261252327616
5.4016606360681845	1.0000571180569426
5.4055333608640073	0.9999874320789052
5.4093112618733761	1.0000338037802172
5.4130917117939905	0.9999824058339554
5.4169350741414908	1.0000189044481005
5.4209107819638112	0.9999875997472347
5.4251673737218926	1.0000525304415029
5.4320988204678660	0.9998715606562008
5.4369018478784907	0.9999786536625896
5.4411601462109855	0.9999594065549898
5.4452912362440804	1.0000022009665497
5.4496041521178746	0.9999399395481536
5.4565853195733052	1.0001248022773930
5.4615080423532483	1.0000225037043622
5.4660896367459166	1.0000806750339726
5.4732265911952966	0.9998672317652044
5.4780685638994111	0.9999832561780768
5.4822394940956665	0.9999519290843212
5.4861719720075977	1.0000092677225678
5.4900761658963031	0.9999760489074336
5.4940730936590079	1.0000095200657970
5.4983388162427955	0.9999453111351899
5.5051950013448527	1.0001423430603886
5.5095107481860852	1.0000002392105611
5.5130966897621789	1.0000845943971370
5.5164036426500154	0.9999547225172775
5.5196038401128948	1.0000731598316142
5.5227604286919485	0.9999408642122026
5.5258978028158170	1.0000683369418661
5.5290286509039914	0.9999365660451515
5.5321579536378565	1.0000657255010594
5.5352914834587184	0.9999359782785310
5.5384308369495825	1.0000635600939298
5.5415802810457482	0.9999371179917653
5.5447403554402612	1.0000612388959458
5.5479147210323800	0.9999391922466621
5.5511034765410647	1.0000585895437073
5.5543100551609443	0.9999418795253888
5.5575344974844523	1.0000555453379962
5.5607803463369061	0.9999450929587519
5.5640479683998105	1.0000520147286955
5.5673414334173632	0.9999489061149981
5.5706619613897574	1.0000478095766292
5.5740148229773556	0.9999535646250685
5.5774030444725975	1.0000425532644643
5.5808344890534993	0.9999595971965519
5.5843161801834960	1.0000354705454098
5.5878622276075589	0.9999681414424658
5.5914901457409396	1.0000248970404488
5.5952332912824900	0.9999811748058010
5.5991497242046853	1.0000126304018786
5.6033909862870228	0.9999490132634899
5.6102820901939374	1.0001370769941271
5.6147363873544567	1.0000093512809285
5.6185428931662891	1.0000655176833879
5.6221315307549729	0.9999759039475029
5.6256753637473347	1.0000435052883816
5.6292463650492728	0.9999732380038352
5.6328853638320053	1.0000275511063497
5.6366334417275388	0.9999827233629804
5.6405522046376273	1.0000134612450520
5.6447941452835213	0.9999493877903392
5.6517260656993065	1.0001295880682626
5.6564338056744790	1.0000198832483964
5.6606039194886888	1.0000417566933859
5.6646816890005187	0.9999976251861716
5.6689787138869807	1.0000577252639904
5.6758848327221330	0.9998581112445860
5.6802175296823592	0.9999961242106280
5.6838618867522062	0.9999212151964391
5.6872647429395986	1.0000351651989803
5.6905972408489962	0.9999384360215569
5.6939153757581673	1.0000441283113808
5.6972438647346424	0.9999472347565014
5.7005897091150590	1.0000446896290238
5.7039599353084149	0.9999529577057795
5.7073568119754503	1.0000420088203099
5.7107866848709339	0.9999582581807805
5.7142538669256764	1.0000371818549783
5.7177683478771018	0.9999648260089524
5.7213406809535030	1.0000295963704788
5.7249913101752119	0.9999746776655977
5.7287497758860102	1.0000174119697276
5.7326769305119578	0.9999862466281393
5.7369198170291735	1.0000501944631315
5.7438071959427415	0.9998611519732442
5.7482391676725033	0.9999911762833574
5.7520062302679493	0.9999296065333442
5.7555319771033240	1.0000281207952062
5.7589870814965094	0.9999474470052278
5.7624308952760082	1.0000358956452131
5.7658923083747187	0.9999569907278756
5.7693832034933603	1.0000346353352434
5.7729168877309780	0.9999647980759528
5.7765047965707881	1.0000285121313506
5.7801678070953262	0.9999747842414403
5.7839353430223630	1.0000170948945688
5.7878679992198645	0.9999861531952178
5.7921123626980959	1.0000503396199407
5.7990090267552645	0.9998631375345416
5.8035068291848928	0.9999888237496199
5.8073501434126928	0.9999345748010873
5.8109535879769618	1.0000239952357943
5.8144892297868136	0.9999531325069292
5.8180198153059344	1.0000304192879041
5.8215788747319310	0.9999638757233598
5.8251847285159428	1.0000269135609596
5.8288611434806850	0.9999746043570366
5.8326382070543659	1.0000166197152729
5.8365765920156534	0.9999859724444511
5.8408225015728874	1.0000504435202475
5.8477155418474194	0.9998626807543769
5.8522029931562374	0.9999896881902793
5.8560240419183396	0.9999324570415629
5.8595919357134951	1.0000269370769006
5.8630754659889543	0.9999484899248335
5.8665324865385235	1.0000364480535611
5.8699893057840260	0.9999553839687415
5.8734538064197919	1.0000380547925201
5.8769332319197254	0.9999593678724362
5.8804298924848633	1.0000366768328719
5.8839499324524702	0.9999630298147117
5.8874973916935414	1.0000333174238505
5.8910819192059236	0.9999679643991182
5.8947135690735788	1.0000273203419074
5.8984121722556431	0.9999761458664858
5.9022062725835021	1.0000167700003713
5.9061551453081069	0.9999861998810250
5.9104038928169826	1.0000509376548619
5.9173227150628636	0.9998680944700477
5.9219950338770584	0.9999826129449662
5.9260657086162931	0.9999490250092027
5.9299361310198337	1.0000094315693220
5.9338011144979124	0.9999750136752930
5.9377759389007574	1.0000091085801652
5.9420353686700649	0.9999457569371228
5.9489714849650177	1.0001279054099446
5.9537429577130716	1.0000199822664368
5.9579685402249121	1.0000402745217902
5.9620804636738027	0.9999970571467960
5.9663867926106713	1.0000585626844383
5.9733657420089736	0.9998729088829186
5.9782148963114707	0.9999768237651642
5.9825705247560643	0.9999619071709979
5.9869571601957743	1.0000437206833408
5.9939544985990576	0.9998571631711042
5.9985612831150004	0.9999848397698035
6.0024779872870022	0.9999358194730313
6.0061287462819513	1.0000223403747486
6.0096930684747250	0.9999535627221262
6.0132364073951994	1.0000306970583577
6.0167921951253085	0.9999624954410473
6.0203761682209755	1.0000294782964796
6.0240062936107508	0.9999704706355479
6.0277008205583016	1.0000223845198377
6.0314929183133703	0.9999817998958069
6.0354389429154720	1.0000125614487463
6.0396882144522888	0.9999479519247164
6.0465838967749077	1.0001348625625910
6.0511253392618318	1.0000109658653789
6.0550073182714650	1.0000623702954989
6.0586431200073081	0.9999758502251102
6.0622022384047298	1.0000445661073460
6.0657522687698302	0.9999690832725692
6.0693247015297223	1.0000344288849567
6.0729420665487002	0.9999722973523242
6.0766254704182527	1.0000240747659483
6.0804088440419521	0.9999823666872961
6.0843495131775978	1.0000129378349489
6.0885973183597200	0.9999483321524322
6.0954809841639017	1.0001374415661801
6.0999388301862911	1.0000079181940293
6.1037194208430909	1.0000690981741887
6.1072475031556097	0.9999698866236527
6.1106909126898801	1.0000529295841420
6.1141124168981964	0.9999606553253827
6.1175370273878142	1.0000451333938574
6.1209780736110462	0.9999600921996448
6.1244425095820967	1.0000395627500482
6.1279394720175544	0.9999634166435796
6.1314768396669734	1.0000332910073495
6.1350689918415151	0.9999701429777054
6.1387335131542358	1.0000238717827663
6.1425034665084075	0.9999817323558372
6.1464360775732247	1.0000127017807088
6.1506816992913684	0.9999484876375975
6.1576123250386852	1.0001289266188951
6.1623482427325502	1.0000200171622107
6.1665431944273053	1.0000411116213004
6.1706362423508638	0.9999973883043966
6.1749374173632425	1.0000581116076803
6.1818788066883350	0.9998652288691099
6.1864436212323914	0.9999873294488971
6.1903607424613813	0.9999398861581833
6.1940513499358785	1.0000185999630420
6.1976985590711129	0.9999620199347573
6.2013801992968700	1.0000195655190851
6.2051543751629978	0.9999791333801842
6.2090871165151462	1.0000113841329430
6.2133331913836054	0.9999478933708322
6.2202648989444427	1.0001288627234064
6.2249937709057948	1.0000198591667591
6.2291822253251468	1.0000412202634228
6.2332712118218723	0.9999974183738736
6.2375712878134557	1.0000579918602894
6.2445531851458105	0.9998725771405532
6.2493714637817570	0.9999767373151890
6.2537047198093267	0.9999617102655294
6.2580853119026028	1.0000428408377899
6.2650989976246825	0.9998590743483885
6.2697585695780367	0.9999810800898224
6.2737832681757615	0.9999449681422032
6.2776065762252662	1.0000096758153088
6.2814341493311243	0.9999736252144097
6.2853856800735048	1.0000086599928744
6.2896388921688269	0.9999463449428829
6.2965104613721570	1.0001410179398225
6.3008378383690511	1.0000030527008401
6.3044792762165089	1.0000780389127528
6.3078792122172320	0.9999633750230432
6.3112041664495138	1.0000612484930265
6.3145131789083608	0.9999539046666135
6.3178277891720480	1.0000528489876999
6.3211582146313896	0.9999528985987319
6.3245079453264124	1.0000475637546926
6.3278819603977352	0.9999550481820275
6.3312824392853120	1.0000428930070957
6.3347154231881770	0.9999590562924034
6.3381853552701664	1.0000374119679469
6.3417021677861118	0.9999651431191326
6.3452764672965722	1.0000296389472298
6.3489286656740429	0.9999747947885127
6.3526882949723991	1.0000174283373475
6.3566161523248956	0.9999862659313773
6.3608592290578203	1.0000502295836089
6.3677602297928892	0.9998637443299250
6.3722740354787861	0.9999878140174010
6.3761454301997222	0.9999369521411035
6.3797894508083139	1.0000209666217530
6.3833817953040217	0.9999578598864808
6.3869915080539501	1.0000243685308343
6.3906628541966937	0.9999724876621110
6.3944332488769131	1.0000158436356610
6.3983669382459585	0.9999854611430684
6.4026116486297040	1.0000499846658331
6.4095372433776694	0.9998683328244127
6.4142117557757850	0.9999813062246315
6.4183102167802897	0.9999519909961064
6.4222475855408376	1.0000046177250326
6.4262464023866084	0.9999789897492120
6.4305134050570842	1.0000475280952106
6.4374375996678816	0.9998634813845960
6.4420141285060977	0.9999852631975997
6.4459537775719129	0.9999405655992915
6.4496681984551048	1.0000172587247889
6.4533373612010543	0.9999628042280678
6.4570375548022172	1.0000189265440715
6.4608258857230050	0.9999793775232745
6.4647673309444800	1.0000113933736168
6.4690157333806866	0.9999475938044846
6.4759226425646448	1.0001331099676412
6.4805108082836904	1.0000131927511839
6.4844648224337815	1.0000570357713348
6.4881948724862406	0.9999818698563833
6.4918758057331729	1.0000354131185760
6.4955870400922633	0.9999801461903957
6.4993820163518032	1.0000193238870478
6.5033289634800679	0.9999874641494381
6.5075775909099702	1.0000514341760498
6.5144847154520598	0.9998656684977261
6.5190651655502760	0.9999862478363889
6.5230058637606456	0.9999405787028565
6.5267106100114081	1.0000189623092968
6.5303542661395912	0.9999603582211389
6.5340063991221280	1.0000230533726833
6.5377115384367315	0.9999736404991679
6.5415068404387791	1.0000154902146516
6.5454556518788491	0.9999854758145618
6.5497044601654437	1.0000505240837034
6.5565847375852799	0.9998605554911977
6.5610144151198835	0.9999924574330171
6.5647553754608783	0.9999264324785091
6.5682306934547601	1.0000327956478530
6.5716108552283474	0.9999405541907056
6.5749539878118384	1.0000442480257798
6.5782864503403244	0.9999462399885889
6.5816162927116402	1.0000473111547286
6.5849508418850418	0.9999491805979944
6.5882920311266426	1.0000472149726798
6.5916449505251240	0.9999516451715856
6.5950113714805338	1.0000454265564442
6.5983968023471515	0.9999546333844536
6.6018041110026324	1.0000422354626646
6.6052403872432537	0.9999587816960339
6.6087109803000743	1.0000373374990148
6.6122267306559914	0.9999649132148916
6.6157990058056546	1.0000297157164624
6.6194488973001882	0.9999746634747790
6.6232064860356195	1.0000174559579456
6.6271330146612568	0.9999862574365689
6.6313757534314570	1.0000501763151994
6.6382472539662301	0.9998581362750366
6.6425881519274164	0.9999948493507815
6.6462493488150072	0.9999220916206883
6.6496666684440733	1.0000344695701711
6.6530091237223186	0.9999387929018640
6.6563323006954338	1.0000441553174491
6.6596606559628571	0.9999468323066361
6.6630007001044653	1.0000455374670658
6.6663586020950811	0.9999516007785134
6.6697353314054695	1.0000439683420523
6.6731353279298347	0.9999555385175035
6.6765601221997075	1.0000408414839894
6.6800155560421963	0.9999599151134465
6.6835057588382272	1.0000361619606082
6.6870404796405447	0.9999658464523322
6.6906300619129313	1.0000289558085231
6.6942946912120265	0.9999751436302603
6.6980635713899392	1.0000172326786716
6.7019970650344476	0.9999862404549246
6.7062416542248986	1.0000504151556306
6.7131337749083633	0.9998623500156931
6.7176063268080863	0.9999900782799664
6.7214129425139513	0.9999316678155542
6.7249685128251491	1.0000274580613120
6.7284408991382385	0.9999477271549325
6.7318865712749059	1.0000371966233585
6.7353302049006540	0.9999542999717084
6.7387777240668356	1.0000394595082003
6.7422338882122439	0.9999573456962003
6.7456978101053453	1.0000394816813241
6.7491713562683957	0.9999590708610513
6.7526527972115087	1.0000388192939487
6.7561436253598055	0.9999603032442855
6.7596421074234394	1.0000379526516281
6.7631498023580274	0.9999613610602704
6.7666651456763294	1.0000370046426106
6.7701899315234266	0.9999624000767233
6.7737229150951555	1.0000359539521870
6.7772663383492384	0.9999635559979877
6.7808195550409724	1.0000346806658496
6.7843856592311784	0.9999650286766013
6.7879651792792037	1.0000329303114219
6.7915629231920285	0.9999671871361706
6.7951818959797068	1.0000301837528149
6.7988306994967740	0.9999707928069195
6.8025182577995560	1.0000253097076941
6.8062631458743121	0.9999775303939425
6.8100923055684941	1.0000161793133340
6.8140628447321019	0.9999861570117351
6.8183174731885670	1.0000516830221975
6.8252252585180733	0.9998670671254849
6.8298766807658202	0.9999851450911360
6.8338808928826928	0.9999426588650128
6.8376224687238194	1.0000197266624562
6.8412672183458794	0.9999578657409465
6.8448738425772717	1.0000293095541430
6.8484692789610442	0.9999630145224767
6.8520609352531698	1.0000319538094529
6.8556547519034767	0.9999650161095507
6.8592507982973272	1.0000324282231892
6.8628520894597882	0.9999661039394023
6.8664581831687785	1.0000320224668122
6.8700723916681774	0.9999671806381816
6.8736953019527185	1.0000309222212505
6.8773318328593351	0.9999688420847824
6.8809850146926488	1.0000287560278494
6.8846634895637120	0.9999719111781054
6.8883761191436186	1.0000244572709949
6.8921413406755141	0.9999780716520306
6.8959857244763079	1.0000159288497854
6.8999656541532461	0.9999861293843668
6.9042228639502925	1.0000519994961365
6.9111296882048485	0.9998673203866503
6.9157967583781055	0.9999849954176687
6.9198144150365346	0.9999431284931908
6.9235647995402418	1.0000196628924940
6.9272143991416595	0.9999579993580798
6.9308232856613818	1.0000293132214868
6.9344201026983292	0.9999631624876302
6.9380144087679794	1.0000316044256743
6.9416149178952127	0.9999658251994845
6.9452253612086565	1.0000309340435760
6.9488537205656336	0.9999686602561437
6.9525064588973589	1.0000279328844970
6.9561970048856940	0.9999735125141186
6.9599415119111061	1.0000213771944761
6.9637712812289845	0.9999826925013698
6.9677405245798356	1.0000127468102693
6.9719961081614805	0.9999472308014445
6.9789024586447290	1.0001318243879758
6.9835616027334444	1.0000142949774211
6.9875800425444741	1.0000547252214580
6.9913529372500314	0.9999819047025423
6.9950509786220829	1.0000361171844350
6.9987484728277529	0.9999770971205879
7.0024874963195867	1.0000241664879883
7.0063089930761349	0.9999837480562996
7.0102722011350682	1.0000134197426926
7.0145262282607295	0.9999478228408126
7.0214222712498993	1.0001343294389626
7.0259964417992951	1.0000113795892616
7.0299033849763308	1.0000617227801705
7.0335489735893768	0.9999750791786425
7.0371004440056204	1.0000461822937108
7.0406227696109065	0.9999659008302426
7.0441429633058430	1.0000392998932819
7.0476762089810601	0.9999651824820104
7.0512312910373698	1.0000342004461515
7.0548198576272290	0.9999686124697992
7.0584534299460850	1.0000276478791006
7.0621526700953865	0.9999763154751398
7.0659468262467264	1.0000168804956542
7.0698956024647961	0.9999862531397481
7.0741443522981688	1.0000509594568383
7.0810463552019343	0.9998649235799011
7.0856115598424152	0.9999869909877224
7.0895271903350050	0.9999386742760539
7.0931985919308955	1.0000210590520329
7.0967996193680172	0.9999572256879672
7.1003968914676250	1.0000267356211305
7.1040290392051890	0.9999686003409146
7.1077216756795751	1.0000215938116599
7.1115113012675195	0.9999812121299847
7.1154554842628270	1.0000122765931312
7.1197043165686988	0.9999478778653736
7.1266440335361319	1.0001266632786134
7.1314669904713233	1.0000227800764332
7.1358079607586244	1.0000373663954627
7.1401914795430068	0.9999556816237073
7.1471892764066478	1.0001414215109574
7.1518100023001381	1.0000151043717180
7.1557530215955678	1.0000606843824704
7.1594487978830834	0.9999800460717033
7.1630779203730262	1.0000398386898754
7.1667169515479419	0.9999755689979918
7.1704088901520366	1.0000258558740032
7.1741954016855702	0.9999833420130295
7.1781372710313178	1.0000134764844857
7.1823854748475382	0.9999485976493333
7.1893160429007938	1.0001288202457397
7.1940667057012293	1.0000201807036990
7.1982746843470471	1.0000408360228172
7.2023757855308208	0.9999972926150105
7.2066791563518100	1.0000583290634308
7.2136057036564329	0.9998628001448684
7.2180965668271586	0.9999909466154601
7.2219044289689158	0.9999315782752864
7.2254545529713559	1.0000281076333897
7.2289205516990975	0.9999475913065909
7.2323628596928726	1.0000370653423034
7.2358097582513441	0.9999552178814114
7.2392712129409267	1.0000376392893495
7.2427569404938161	0.9999605496628602
7.2462724468882156	1.0000345261846790
7.2498283297147790	0.9999664808529160
7.2534352318745317	1.0000281596406384
7.2571135464392160	0.9999754675909722
7.2608924223277507	1.0000170111181326
7.2648319642943244	0.9999862049667342
7.2690781918799878	1.0000506114466674
7.2759909614531226	0.9998665053879338
7.2806029208373619	0.9999845091557401
7.2845957201118550	0.9999444683449911
7.2883746198574153	1.0000139428990640
7.2921240206104008	0.9999683482817927
7.2959322588197990	1.0000129163194293
7.2998841563989521	0.9999839509303167
7.3041344026588497	1.0000496529723117
7.3110624123621841	0.9998684685483418
7.3157609257369014	0.9999808678855175
7.3198819093784886	0.9999526698832601
7.3238360765976633	1.0000044905285419
7.3278449668493009	0.9999790429598734
7.3321147365739225	1.0000478992895461
7.3390647218502423	0.9998687436435570
7.3438286348069388	0.9999780529010982
7.3480476006106681	0.9999579647586528
7.3521532297347800	1.0000015645213161
7.3564592490389655	0.9999404501396693
7.3634459320785828	1.0001247079859652
7.3683488999745101	1.0000228060032033
7.3729252843745829	1.0000800902833600
7.3800690189043472	0.9998672010741679
7.3848937643605721	0.9999823235796830
7.3890709271302759	0.9999539036273598
7.3930505800335471	1.0000050239383516
7.3970707373106608	0.9999793244705970
7.4013441414389973	1.0000482728560458
7.4083052659354331	0.9998706268628206
7.4131405288152754	0.9999754875777364
7.4174898767882986	0.9999612618249097
7.4218744866887629	1.0000432547339153
7.4288728645707804	0.9998573721847031
7.4334866844693694	0.9999846073749045
7.4374110636544337	0.9999360473333684
7.4410652190392597	1.0000226998855402
7.4446244323974353	0.9999524812011645
7.4481493142674529	1.0000329697808201
7.4516670123730124	0.9999585996377044
7.4551848590458007	1.0000355547889654
7.4587088242691184	0.9999613209642556
7.4622392184941955	1.0000356462200211
7.4657794684196261	0.9999630999442347
7.4693298254823439	1.0000345995779842
7.4728945365225785	0.9999650354163848
7.4764755561505742	1.0000325157918986
7.4800796812141916	0.9999679521555562
7.4837127194045250	1.0000287731458690
7.4873875209188441	0.9999730895497461
7.4911198724661485	1.0000217385364747
7.4949408544961322	0.9999825859582602
7.4989047873915240	1.0000127539400330
7.5031588956338773	0.9999474234790956
7.5099088637372491	1.0001611528236423
7.5253507777350386	1.0003656577758604
7.5305625730773516	1.0000821683995491
7.5343870696521726	1.0001213382125604
7.5379495821967444	1.0000035680693908
7.5415331807143620	1.0000456256118015
7.5452008803164299	0.9999768321024126
7.5489627187910626	1.0000123439510544
7.5528085608164304	0.9999708036461995
7.5567195205884596	1.0000095838149841
7.5606744061489843	0.9999812893355381
7.5646567642475206	1.0000220457221021
7.5686576474536276	0.9999953348374183
7.5726752245099931	1.0000324865918453
7.5767230789784428	1.0000072659615773
7.5808328497639756	1.0000373853070990
7.5851278292982673	0.9999683367392620
7.5921006090324292	1.0001399432886178
7.5970943177855581	0.9999816660255617
7.6016752944509536	1.0000131633957443
7.6088002740841958	0.9998046330821552
7.6162604327024059	1.0001721520913442
7.6210811116653359	0.9999957193708109
7.6248738664947320	1.0000594723589495
7.6285020935939230	0.9999847464108773
7.6322987660457420	1.0000202686165756
7.6365138013014819	0.9999602059975736
7.6435642675084861	1.0001278508087244
7.6485480298606214	0.9999866089005146
7.6565512399471656	1.0001122377192500
7.6615331228578993	1.0000449952375907
7.6693056886273840	1.0001212959181573
7.6725898154056758	0.9999232887917903
7.6756774093118887	1.0000729947927922
7.6788001897400218	0.9999448948995820
7.6820299841897350	1.0000559306733936
7.6853807773294500	0.9999712789839202
7.6888365243267280	1.0000513409028888
7.6923656059171988	0.9999822387362378
7.6959208538120176	1.0000547111003346
7.6994567020007860	0.9999774170737273
7.7029335197925759	1.0000632384595090
7.7063377850281567	0.9999674722013527
7.7096761314507809	1.0000698729212960
7.7129751063815615	0.9999637772624651
7.7162637468215998	1.0000690432571819
7.7195735374718852	0.9999691768545536
7.7229296442464603	1.0000612193742373
7.7263591489201255	0.9999812918849369
7.7298883013830189	1.0000474619132746
7.7335567933239089	0.9999986118018377
7.7374278383352699	1.0000313291871878
7.7416572504226968	0.9999687318955844
7.7485391566875803	1.0001573356954072
7.7528634423225347	1.0000225857922711
7.7565767404503569	1.0000822825762306
7.7601320443343029	0.9999917461864679
7.7637095815781860	1.0000484790254975
7.7673973665519398	0.9999945441055478
7.7712765964186410	1.0000237654744861
7.7755084895965307	0.9999588789558410
7.7823996260593704	1.0001450897546864
7.7867709891557304	1.0000142824403078
7.7905464949699388	1.0000671080745021
7.7941845788379629	0.9999883617069614
7.7978820476349213	1.0000312884383920
7.8017593170323298	0.9999934244407513
7.8059912932754196	1.0000526184038550
7.8128897910495114	0.9998614810876075
7.8172139044651932	0.9999942198746782
7.8209217017130035	0.9999310263912420
7.8244444800996327	1.0000264382095851
7.8279426732037320	0.9999543190501919
7.8314651521565146	1.0000310957853158
7.8350311612842187	0.9999659364005844
7.8386419684470283	1.0000294222399821
7.8422984516964656	0.9999720923370622
7.8459956685603043	1.0000265152188359
7.8497316716502645	0.9999754960449112
7.8535004179741534	1.0000238534118449
7.8572991961631571	0.9999772568605483
7.8611214845052872	1.0000218661868816
7.8649643232335267	0.9999779166916423
7.8688213806631833	1.0000205546465111
7.8726906750208920	0.9999779863629481
7.8765680584552547	1.0000195032536625
7.8804555132857175	0.9999783409042265
7.8843553520906342	1.0000175950914660
7.8882797896166483	0.9999807105186446
7.8922481016743031	1.0000126931749891
7.8963066870470451	0.9999843356205008
7.9005857576498055	1.0000530024292762
7.9074973192841371	0.9998700920429292
7.9123941761456376	0.9999777621097599
7.9167078882231525	0.9999564348635228
7.9208077659656215	1.0000021270745187
7.9249051431124276	0.9999776490159711
7.9291998381518569	1.0000492352640407
7.9361479529387209	0.9998700684068057
7.9411010743253048	0.9999741210662609
7.9456923076636405	0.9999148889986470
7.9527810937775829	1.0001357435720488
7.9574356318200445	1.0000050734427490
7.9613035654886843	1.0000655713457001
7.9648495972711340	0.9999651231579936
7.9682698176389168	1.0000541861379453
7.9716418391917845	0.9999540685122489
7.9749974828496990	1.0000492155019747
7.9783525042222045	0.9999518019821003
7.9817130457058587	1.0000462284411022
7.9850847869926547	0.9999525537117047
7.9884691032999635	1.0000437832130213
7.9918697999846913	0.9999545517003684
7.9952874989234255	1.0000412578275841
7.9987261607443640	0.9999573408630356
8.0021871970315601	1.0000382078839944
8.0056761049898579	0.9999610789046269
8.0091967387235599	1.0000340181801830
8.0127584852434417	0.9999664818652649
8.0163713042730560	1.0000274933552664
8.0200549409573032	0.9999752341787275
8.0238380529651590	1.0000165280889228
8.0277802492624932	0.9999858313717511
8.0320271822223024	1.0000503775971108
8.0389270604158334	0.9998639690325442
8.0434649036000945	0.9999877364647857
8.0473461038235801	0.9999361131459398
8.0509761232461194	1.0000235772485049
8.0545237957811970	0.9999527446233505
8.0580484465378621	1.0000322261851422
8.0615783294708585	0.9999602729084763
8.0651236134318065	1.0000327350853202
8.0686947317975353	0.9999655393537187
8.0722985892329948	1.0000294242896479
8.0759486507305898	0.9999718891310363
8.0796609644031321	1.0000221127770701
8.0834670166536959	0.9999822178282013
8.0874217926347534	1.0000126597528747
8.0916733995142867	0.9999476882551201
8.0985806032543266	1.0001322856050370
8.1032133494162011	1.0000139532113985
8.1072077644248441	1.0000556694221676
8.1109628478064728	0.9999815998920024
8.1146485382443903	1.0000365682952925
8.1183377760111313	0.9999769864550423
8.1220714760051269	1.0000243124649242
8.1258896747996427	0.9999837394268859
8.1298510586468495	1.0000134333897868
8.1341045467279613	0.9999478939617875
8.1410041441156284	1.0001337242994317
8.1455969589796293	1.0000120210848864
8.1495268951421593	1.0000604589622897
8.1531940352213574	0.9999758226539740
8.1567623203861217	1.0000455873834690
8.1602937167039027	0.9999656496065759
8.1638117205373923	1.0000403728307989
8.1673271773426315	0.9999628139499943
8.1708432773615201	1.0000381830672795
8.1743641244294594	0.9999624694462206
8.1778905225195171	1.0000366919219323
8.1814266081808960	0.9999633771818293
8.1849740544651173	1.0000348436457458
8.1885387657184321	0.9999654812516333
8.1921249632962923	1.0000318266215895
8.1957424594350030	0.9999694158165346
8.1994014739084395	1.0000264151722833
8.2031218835440320	0.9999767996275907
8.2069320600538820	1.0000165169087631
8.2108907267141902	0.9999861873282544
8.2151421497730777	1.0000512766331582
8.2220380095388368	0.9998642438165394
8.2265872017611272	0.9999883757176294
8.2304665643590003	0.9999353507202821
8.2340791552923953	1.0000257606871419
8.2375937120369329	0.9999498211639237
8.2410689493735294	1.0000364050019579
8.2445314230883593	0.9999549691091210
8.2479885662176713	1.0000395333149603
8.2514463990258466	0.9999570194798982
8.2549052054860610	1.0000402338129988
8.2583679587848913	0.9999581054698861
8.2618340450906320	1.0000400059201353
8.2653060712196229	0.9999590136379239
8.2687834844981598	1.0000392924614612
8.2722690836086095	0.9999600690409968
8.2757626946358283	1.0000381634084683
8.2792676749068672	0.9999614892441222
8.2827846547735522	1.0000364907407597
8.2863181664558017	0.9999635605872769
8.2898705188237827	1.0000339287088005
8.2934487606377569	0.9999668151087949
8.2970589724871697	1.0000297213298797
8.3007142356818342	0.9999723899958861
8.3044306358489965	1.0000221929662128
8.3082396380429469	0.9999823790215805
8.3121962019342011	1.0000127311187479
8.3164482991499948	0.9999476671442913
8.3233929540927978	1.0001251838672855
8.3282889840822705	1.0000233354597816
8.3328625128878162	1.0000806263691149
8.3393428252313555	0.9997570704388029
8.3445902026190826	1.0000504017376333
8.3499278943646864	0.9997079325339195
8.3556499421376742	1.0001957764692713
8.3610194569704888	0.9997896894907954
8.3749416690274359	1.0005490148709379
8.3794106568583704	1.0001815872528286
8.3826741495802377	1.0002534863304833
8.3859545052911386	1.0000869551411309
8.3894007994607325	1.0001188155292529
8.3930326692080524	1.0000377893545722
8.3968898760460196	1.0000496527127376
8.4011133271644134	0.9999744698835630
8.4080860462076252	1.0001369447180679
8.4126980237857065	1.0000207030613415
8.4167463033744045	1.0000508180455210
8.4206175065612996	0.9999894288449556
8.4244690591215949	1.0000262520515206
8.4283705819215413	0.9999889509921154
8.4323840807251660	1.0000183324132874
8.4366507153167412	0.9999510640085670
8.4433114431665466	1.0001736031715422
8.4470148918244163	0.9999825603722065
8.4501422774832058	1.0001133786036944
8.4532073850947960	0.9999566379747202
8.4563692885346455	1.0000626518845703
8.4596877575530538	0.9999654532795825
8.4632063217779319	1.0000196056182429
8.4669912142022223	0.9999764605095387
8.4711976111419887	1.0000270940679745
8.4785951425353030	0.9999160111615744
8.4833113113515601	1.0000193189678204
8.4881039751743401	0.9997263161468446
8.4929082656394765	1.0000457157992788
8.4977337578220311	1.0000309949042814
8.5059463491974281	1.0001938727800748
8.5095365094784832	1.0000211908189882
8.5130389077623860	1.0000798946001375
8.5167753078801471	1.0000198848586934
8.5209781035388481	1.0000657099162842
8.5277138760279687	0.9998459349327410
8.5314002495271790	1.0000291557047558
8.5345417541734054	0.9998955728617277
8.5375742998382496	1.0000600606609702
8.5406155044272190	0.9999232160958124
8.5436882912700707	1.0000652482856764
8.5467987361851048	0.9999370665971140
8.5499418038486006	1.0000642456219684
8.5531163979187017	0.9999441614527682
8.5563174697338358	1.0000612975009684
8.5595445452029271	0.9999482369747532
8.5627938356296376	1.0000578506562769
8.5660656603100609	0.9999509541615151
8.5693571489338893	1.0000543965076731
8.5726692988258577	0.9999531025999956
8.5760000422864149	1.0000510246562817
8.5793511087652359	0.9999551406090534
8.5827213361439192	1.0000476276093777
8.5861134194419382	0.9999574287877977
8.5895274463413660	1.0000439524242264
8.5929676198866360	0.9999603703516459
8.5964360925307801	1.0000395502296320
8.5999398729843275	0.9999645810535153
8.6034852148356613	1.0000335766719566
8.6070854884784858	0.9999712519403495
8.6107573476382022	1.0000242953451493
8.6145331457526808	0.9999824557257909
8.6184694142933154	1.0000132385243909
8.6227160032170556	0.9999488120095504
8.6296138659837460	1.0001352424980843
8.6341486154908633	1.0000114945670557
8.6380314851001643	1.0000620764664914
8.6416773083104150	0.9999772365385168
8.6452561535762342	1.0000429165969167
8.6488371043704060	0.9999717720155800
8.6524548016331639	1.0000309905823841
8.6561377732028149	0.9999771776819036
8.6599189421245324	1.0000179524502255
8.6638594865450571	0.9999867420817522
8.6681060623541661	1.0000509375697459
8.6750494178746589	0.9998723944083219
8.6798641589445236	0.9999761569385784
8.6842017215838663	0.9999615777741440
8.6885829640344454	1.0000430905372903
8.6956221876092723	0.9998646480670015
8.7004871467866298	0.9999737222442107
8.7048436793678636	0.9999601827480155
8.7092311756719916	1.0000426331593228
8.7162827198725576	0.9998657176058448
8.7212097320259510	0.9999729878516246
8.7257961798625239	0.9999173968225243
8.7329678485721587	1.0001286758119348
8.7378988310794714	1.0000210616496432
8.7422776776497297	1.0000369424595963
8.7466742230916505	0.9999551576774507
8.7536797273276079	1.0001421866973379
8.7582859481647493	1.0000144529111645
8.7622043429780803	1.0000626882910728
8.7658656704847697	0.9999775994767964
8.7694451044499342	1.0000441705325394
8.7730099581667158	0.9999696250466895
8.7765887228590262	1.0000350480195983
8.7801985820030737	0.9999707378142169
8.7838522930110425	1.0000274153765001
8.7875695269385368	0.9999772629831508
8.7913781045838331	1.0000167944359724
8.7953359875190316	0.9999863233620693
8.7995871580438259	1.0000512992722259
8.8064875051514377	0.9998650483193557
8.8110590611036947	0.9999874740923399
8.8149705360813346	0.9999377793686536
8.8186231028580959	1.0000233002872461
8.8221874355012524	0.9999539105481677
8.8257252860085558	1.0000320299483050
8.8292668817953590	0.9999613399748900
8.8328237210288147	1.0000325149915543
8.8364068888764997	0.9999666982507158
8.8400232952378541	1.0000293014535571
8.8436858666058367	0.9999730109602075
8.8474097079341067	1.0000223428726556
8.8512251352499245	0.9999830474109939
8.8551858851551994	1.0000133317471473
8.8594390743957394	0.9999481082287810
8.8663753479681020	1.0001269701435933
8.8712295930665803	1.0000220591006412
8.8755939662683705	1.0000337428539565
8.8799835457456577	0.9999460401844387
8.8863765673078827	1.0002248306095964
8.8905447232689454	1.0000327476657698
8.8937609652293741	1.0001618039038354
8.8967132837888876	0.9999684353876506
8.8996446329899008	1.0001161343099940
8.9026355124250411	0.9999535372160231
8.9057072812364453	1.0000766962614396
8.9088635272180756	0.9999476446575668
8.9120979497022716	1.0000485469057778
8.9154055963086734	0.9999448976315928
8.9187796010389508	1.0000295284666989
8.9222182194040087	0.9999457064581009
8.9257206054698539	1.0000164647460639
8.9292935212336300	0.9999514134116974
8.9329490004454026	1.0000053985641089
8.9367151833834182	0.9999638049007963
8.9406465196546900	0.9999958316391542
8.9448915309899242	0.9999331536780935
8.9518415594670468	1.0001126531330713
8.9567195375486701	1.0000130361965511
8.9612883068503297	1.0000711236592514
8.9684527321766190	0.9998645290230760
8.9734324320574856	0.9999712329073788
8.9780355891930341	0.9999136675589718
8.9852006568121912	1.0001287693454433
8.9900362667423206	1.0000136235267554
8.9942181956477452	1.0000419969916114
8.9982034558701276	0.9999912846373474
9.0022256454193652	1.0000170883337327
9.0065008176843886	0.9999481874284155
9.0134386725262434	1.0001299946136135
9.0181443215925512	1.0000154961992047
9.0222431619618035	1.0000472834381968
9.0261388277643224	0.9999883667968703
9.0300213466885157	1.0000219184022254
9.0340084445427102	0.9999882058039513
9.0382699199625733	1.0000520811203353
9.0452077121005647	0.9998702850351634
9.0500002416183385	0.9999776315142929
9.0542481672952650	0.9999581256232593
9.0583726266263813	1.0000011330949754
9.0626837106361631	0.9999392221431462
9.0696451761382466	1.0001279528312645
9.0744120582101111	1.0000171500503641
9.0785861199614484	1.0000437525113568
9.0825795941822012	0.9999938646074478
9.0866100777699934	1.0000191696504164
9.0908871651372145	0.9999497191927014
9.0978254920958133	1.0001307394973276
9.1025802207860131	1.0000187541872263
9.1067479364751929	1.0000448452338007
9.1107377286015492	0.9999945061540685
9.1147662708854309	1.0000196348093844
9.1190427823480444	0.9999501194107188
9.1259989300439521	1.0001277062508107
9.1310060292945590	0.9999730212767212
9.1384138469471381	1.0001744821124834
9.1430911885474320	1.0000167296996583
9.1468696043969846	1.0000830417430817
9.1503012349985937	0.9999641358837436
9.1536025230990052	1.0000676488389755
9.1568518530235199	0.9999485279739191
9.1600791126626415	1.0000617561512615
9.1632982018752838	0.9999436021928476
9.1665143059923206	1.0000590658919120
9.1697328375689455	0.9999425434342113
9.1729551614401803	1.0000572211918386
9.1761852671167166	0.9999431979043516
9.1794236245205738	1.0000553629667912
9.1826738209210479	0.9999447791436602
9.1859360564960859	1.0000531985476784
9.1892138557736764	0.9999470034668007
9.1925075120322663	1.0000505948212999
9.1958208256276652	0.9999498275828559
9.1991546083285645	1.0000474049988592
9.2025134411612566	0.9999533840115983
9.2058993402113103	1.0000433631274652
9.2093186067946302	0.9999580244964683
9.2127758619305666	1.0000379379470623
9.2162813096279628	0.9999645115164225
9.2198457783818029	1.0000299905306527
9.2234899200685696	0.9999745025256154
9.2272435225679015	1.0000175214987284
9.2311677065049373	0.9999862592899587
9.2354098008668597	1.0000500933184500
9.2422866818261440	0.9998590366826942
9.2466530702405905	0.9999936607713894
9.2503459317457644	0.9999245345309350
9.2537979261142187	1.0000321747575145
9.2571788590834263	0.9999419995075399
9.2605458835339274	1.0000408255715534
9.2639254180113344	0.9999510659903099
9.2673264147005341	1.0000407287893012
9.2707581930379526	0.9999575798750907
9.2742260811685178	1.0000367791612881
9.2777406895452437	0.9999645733758422
9.2813128178636148	1.0000294822788875
9.2849631286350913	0.9999745848050725
9.2887212768284826	1.0000173765442284
9.2926482209332057	0.9999862228942060
9.2968910537718905	1.0000501736574448
9.3037817831197103	0.9998617600412767
9.3082328170729500	0.9999902874386083
9.3120255081479577	0.9999315858936050
9.3155824127254530	1.0000259660546695
9.3190763161755417	0.9999506941912825
9.3225697989894361	1.0000320515050587
9.3260963420249112	0.9999622710359374
9.3296744737374198	1.0000279320152068
9.3333283377116736	0.9999738541151514
9.3370885873886280	1.0000169034184869
9.3410167210820223	0.9999859797072601
9.3452598752786749	1.0000500848367899
9.3522148800715765	0.9998738329044270
9.3570844270576217	0.9999752724448999
9.3616527681095878	0.9999193958924252
9.3687894132820695	1.0001336998219432
9.3735143369828418	1.0000140219908251
9.3775657516704740	1.0000515102704459
9.3814032731117738	0.9999881704102287
9.3852367575099827	1.0000245748302259
9.3891926640187382	0.9999899089133147
9.3934458511861312	1.0000525024102775
9.4004044708168593	0.9998739043241140
9.4054025858584520	1.0000257886880723
9.4128495218112747	0.9998291459719730
9.4176580273324006	0.9999763639596371
9.4216345048922658	0.9999307261488107
9.4252962781569583	1.0000204338463961
9.4288554626342869	0.9999511524213414
9.4323841576992375	1.0000314246161512
9.4359128778545838	0.9999592213425370
9.4394486826863044	1.0000338628795526
9.4429959303034128	0.9999626898204386
9.4465522876879007	1.0000340918107031
9.4501178984981564	0.9999641904616788
9.4536889614453337	1.0000339841353614
9.4572649082547819	0.9999646866345561
9.4608418487438595	1.0000340852489613
9.4644193670647212	0.9999645809758555
9.4679940208217506	1.0000344699964629
9.4715660396623047	0.9999641352155413
9.4751328454043620	1.0000350091121917
9.4786956851807425	0.9999636097907172
9.4822531433954609	1.0000354686364841
9.4858077138070769	0.9999632943069062
9.4893593104939562	1.0000355571467805
9.4929118211832328	0.9999635105766591
9.4964666671377032	1.0000349329260563
9.5000294410136537	0.9999646452586570
9.5036036241921558	1.0000331408032583
9.5071975338446464	0.9999672752185238
9.5108184979789829	1.0000294016130096
9.5144807948654684	0.9999725162770058
9.5182015704473084	1.0000220899242089
9.5220131629281219	0.9999823763279668
9.5259711191834047	1.0000127056565702
9.5302236364131119	0.9999475939135268
9.5371257193811516	1.0001331265201348
9.5417323641535923	1.0000128606078149
9.5456892428081730	1.0000580640883650
9.5493994564760278	0.9999791665690282
9.5530327063713756	1.0000399983854409
9.5566592731580560	0.9999731924941353
9.5603145782388967	1.0000293229040789
9.5640274948619552	0.9999778223586108
9.5678307225781225	1.0000174062575862
9.5717846887367024	0.9999865899972703
9.5760349122925046	1.0000513033019509
9.5829297508593800	0.9998638453995463
9.5874606117606156	0.9999888204729607
9.5913220478760390	0.9999344934496507
9.5949207937614194	1.0000261080018014
9.5984263535663938	0.9999495545602279
9.6018980612465263	1.0000361419210393
9.6053634967388621	0.9999556522738090
9.6088316266973894	1.0000381894771404
9.6123106496162531	0.9999591587297287
9.6158037864080725	1.0000370766333162
9.6193180432904182	0.9999626140162078
9.6228582970189400	1.0000337843431917
9.6264349815795676	0.9999675643545235
9.6300588958898761	1.0000276743077374
9.6337505526402687	0.9999759282951364
9.6375391391265541	1.0000168904787765
9.6414845438462375	0.9999862224992001
9.6457323713086538	1.0000508331459443
9.6526568359112375	0.9998689905195314
9.6573575383062664	0.9999810931829670
9.6614805503152485	0.9999528563023662
9.6654359837801707	1.0000045764732153
9.6694455408036220	0.9999791022143928
9.6737155170859683	1.0000479609867370
9.6806346724595933	0.9998630175982861
9.6852016307662918	0.9999861788580995
9.6891184266231374	0.9999386170151396
9.6927970037916928	1.0000198650746333
9.6964153376981201	0.9999589263949928
9.7000444994049158	1.0000238263293824
9.7037301493704238	0.9999729401813242
9.7075105022748502	1.0000157263440255
9.7114500686447123	0.9999854814685493
9.7156964003592403	1.0000502075171716
9.7225719051841697	0.9998592110531628
9.7269553425877380	0.9999936648414576
9.7306542553617206	0.9999242146495123
9.7340998133656118	1.0000334936779389
9.7374628515218316	0.9999400277567204
9.7408010406535936	1.0000435815389404
9.7441405364819129	0.9999475132843267
9.7474893563829994	1.0000451043135643
9.7508550575625907	0.9999521806312515
9.7542400565308913	1.0000433417994254
9.7576503499421996	0.9999564619935952
9.7610892895307462	1.0000395961207087
9.7645649648556709	0.9999617156970665
9.7680845183345077	1.0000336662522533
9.7716621120478937	0.9999693673193057
9.7753151524902027	1.0000240952239230
9.7790767404880263	0.9999815163839658
9.7830043030886120	1.0000126577148556
9.7872485598361063	0.9999486433759163
9.7941286219015886	1.0001386442943794
9.7985405774517638	1.0000067800454668
9.8022792375218746	1.0000713035704651
9.8057760408506969	0.9999690182091543
9.8091983445007465	1.0000538802970473
9.8126079855604491	0.9999606803462765
9.8160296369824493	1.0000447857224737
9.8194768786713400	0.9999612085665659
9.8229576005404144	1.0000378443852100
9.8264828077260908	0.9999660054974884
9.8300637614160706	1.0000296873830403
9.8337210615132253	0.9999751109554924
9.8374843709058641	1.0000174548228133
9.8414144267058763	0.9999863113178271
9.8456581033598027	1.0000503309228879
9.8526101618235895	0.9998734619071967
9.8576060571879065	1.0000254145556482
9.8650534841192741	0.9998292331534762
9.8698608915387265	0.9999760017404197
9.8738449393393921	0.9999319133694474
9.8775293111900204	1.0000178609875288
9.8811352892814366	0.9999560985158396
9.8847483110216050	1.0000235314733703
9.8884193960536031	0.9999718573221306
9.8921885056239027	1.0000155931539627
9.8961211643454163	0.9999852999002128
9.9003656292427671	1.0000498545850327
9.9072516851677701	0.9998607812276959
9.9116804304752577	0.9999913790956034
9.9154406267763022	0.9999289604275127
9.9189571777470604	1.0000287203502154
9.9224015832183134	0.9999466405347455
9.9258338133170696	1.0000366053654741
9.9292832902703516	0.9999562347450025
9.9327624197158073	1.0000352639161119
9.9362849977610690	0.9999642324672058
9.9398629315383751	1.0000289225338483
9.9435175344607956	0.9999745016593488
9.9472786661179349	1.0000172127396689
9.9512073818253004	0.9999861580653535
9.9554506957086151	1.0000502015610591
9.9623144415466491	0.9998567759097939
9.9666174494232873	0.9999964659809024
9.9702355745621620	0.9999189527571142
9.9736109293812376	1.0000368474291166
9.9769134802327244	0.9999358569202594
9.9801994115666179	1.0000463483282616
9.9834941520803966	0.9999446704343462
9.9868055484294302	1.0000469689862830
9.9901415257264219	0.9999506546250814
9.9935051548199443	1.0000440258936634
9.9969035517769740	0.9999564038755682
