0.0000000000000000	0.0000000000000000
1.6633875289081488	0.0010000000000000
1.6735916929230374	0.0014307770084587
1.6826041382031411	0.0011690832271035
1.6871852251833122	0.0015143106289154
1.6911270351827361	0.0016713568549520
1.6951672465986247	0.0019583838502934
1.6993584855941251	0.0022757915358068
1.7036355536444556	0.0026835587476249
1.7078924773186290	0.0030942003975935
1.7120343307986547	0.0036221460019684
1.7160642867643727	0.0041222552525040
1.7200134729703478	0.0047841214199824
1.7239497841207538	0.0054367980958905
1.7278969536985205	0.0062822047806466
1.7318916325479081	0.0071714286038123
1.7359201065536651	0.0082769611198447
1.7400034931999639	0.0094868028922626
1.7441095140563043	0.0109460160757307
1.7482636291577673	0.0125757301389683
1.7524240114825851	0.0145042860617764
1.7566292659897436	0.0166842887222627
1.7608284339472375	0.0192323536378930
1.7650766591023384	0.0221386352007026
1.7693103219676340	0.0255058732905340
1.7736033256548907	0.0293755295552081
1.7778746183706771	0.0338277121896156
1.7822196956038210	0.0389769734051316
1.7865352439089643	0.0448645923473797
1.7909416238380800	0.0517091028419973
1.7953092032174571	0.0594872023270170
1.7997854104962403	0.0685607809699278
1.8042127775741845	0.0788059436614964
1.8087639599642062	0.0907675156235251
1.8132583826342645	0.1041827277244558
1.8178830580888232	0.1197911975918089
1.8224516164015907	0.1371831478849521
1.8271383504286338	0.1572108283310721
1.8317891500318140	0.1794180806290279
1.8365154781375881	0.2044796763963542
1.8412534263804394	0.2321936275084673
1.8459849356828200	0.2624779873134765
1.8508148734397305	0.2960077121277380
1.8555243188520261	0.3311022259630568
1.8604309178635134	0.3698984033091989
1.8652254802871020	0.4096398569886125
1.8794456836048918	0.5340543921969066
1.8825063932864496	0.5612372989750644
1.8857244312969788	0.5892032092275311
1.8893354592180074	0.6202207844035801
1.8930234385406277	0.6508997429599350
1.8971730618334743	0.6841560004325323
1.9016381466697418	0.7179953205070402
1.9098021055585441	0.7743964345276030
1.9140425243818187	0.8002175397355501
1.9177830130897384	0.8213126307755683
1.9215715629758379	0.8407974039227722
1.9254260777894037	0.8589364238506343
1.9294480966351590	0.8759637396912524
1.9335384119843375	0.8915156632209260
1.9379709976732067	0.9063412449422475
1.9436827453455023	0.9231493580196837
1.9603200111195815	0.9571172407027825
1.9778784743004652	0.9774301644508285
1.9815315550147294	0.9800808168161586
1.9854123244109205	0.9827045987626813
1.9894387679683423	0.9850441091692399
1.9934655802248338	0.9871308603009699
1.9973543414112431	0.9887901328181975
2.0009475345687391	0.9902705729215170
2.0042924112319858	0.9912973793698926
2.0074743648442057	0.9923906985183557
2.0106088045809720	0.9931051099753708
2.0137424116964953	0.9939869267625333
2.0169230277255785	0.9945489704660042
2.0201547996036968	0.9952732879136452
2.0234598963507762	0.9957313894952916
2.0268350256998136	0.9963211991851069
2.0303012833445151	0.9966994402800347
2.0338655315728680	0.9971706104576432
2.0375673845750120	0.9974948149963833
2.0414574555711824	0.9978645848579332
2.0456960146833634	0.9981170240244436
2.0525652621850896	0.9987173169669452
2.0571881755449350	0.9988261973186624
2.0612253905555087	0.9990262871576385
2.0651172425828177	0.9991096454772137
2.0690858637546170	0.9992579678649061
2.0733475156256440	0.9993024783123581
2.0802496054941590	0.9996360922271059
2.0847479345709359	0.9995871535027145
2.0885919573480396	0.9996974132540208
2.0922008525570734	0.9996545454528560
2.0957366321864095	0.9997655767697678
2.0992567953858710	0.9997202234816521
2.1027800556553111	0.9998235269305783
2.1063132828532130	0.9997754682052363
2.1098556882814727	0.9998707819892998
2.1134079786006432	0.9998194955964452
2.1169675967391122	0.9999080828448512
2.1205357497333668	0.9998540137039463
2.1241113278264332	0.9999367425093064
2.1276976341836633	0.9998813356923869
2.1312962980623271	0.9999579222261857
2.1349140628937766	0.9999038729064369
2.1385571764602829	0.9999722106696337
2.1422389689168360	0.9999242805534538
2.1459759964089438	0.9999791153203559
2.1497998889548398	0.9999458060288277
2.1537654862812108	0.9999810650026772
2.1580201114786144	0.9999203761104878
2.1649135998877269	1.0001135040096361
2.1694876761081829	0.9999936014908191
2.1733899073289034	1.0000471689691581
2.1770252458759622	0.9999609572959893
2.1805600152475297	1.0000361727025082
2.1840574987235177	0.9999536916770876
2.1875422484350664	1.0000334463986125
2.1910257031301863	0.9999532933082645
2.1945114337102218	1.0000330322109729
2.1980033326560666	0.9999548402431064
2.2015015416641646	1.0000330430561810
2.2050087074519977	0.9999568905260268
2.2085241974005294	1.0000329107497097
2.2120503057109224	0.9999589970733559
2.2155860632878253	1.0000325251587034
2.2191335555988387	0.9999610206506467
2.2226915891812573	1.0000319147215735
2.2262621095911550	0.9999629260562668
2.2298437926573298	1.0000311289114507
2.2334385568731201	0.9999647282984548
2.2370451121721002	1.0000301857457377
2.2406655847750412	0.9999664975892418
2.2442990669493850	1.0000290239088674
2.2479484165499710	0.9999684112961793
2.2516139095273680	1.0000274116739913
2.2553003978682922	0.9999708938812386
2.2590113721577496	1.0000247209817310
2.2627571115286580	0.9999749862578237
2.2665504136282801	1.0000193610635038
2.2704189529485670	0.9999828354693534
2.2744128020394623	1.0000123434518422
2.2786750514680865	0.9999459827082480
2.2855868262496668	1.0001292973384610
2.2903394336151015	1.0000159155964294
2.2944622611479031	1.0000499170408301
2.2983277912040938	0.9999839168194402
2.3020974424469749	1.0000338034942817
2.3058375163449778	0.9999762263571169
2.3095783728805621	1.0000270031003247
2.3133410357917095	0.9999769538611570
2.3171440465056641	1.0000203966411909
2.3210179282954746	0.9999836645588662
2.3250145584109463	1.0000129347234983
2.3292776664308352	0.9999463457373620
2.3362065736746036	1.0001263650151160
2.3412107637639425	0.9999717008668275
2.3486110555574213	1.0001726199298659
2.3612894600344383	1.0004475335807581
2.3703222110562376	0.9997913208305149
2.3768361434485281	0.9999488945791953
2.3816793794711173	0.9999315914641870
2.3860229864799973	0.9999625068151240
2.3904095186638941	0.9998624520107807
2.3964896430621017	1.0001490757953309
2.4010689665923111	1.0000065751267879
2.4048425045872288	1.0000773577410382
2.4084625867942653	1.0000075851234482
2.4121559821464413	1.0000632361154407
2.4159952667883697	1.0000303740902989
2.4199680590065480	1.0000433038516696
2.4242362950625589	0.9999833752592199
2.4329203136258575	1.0000193695154458
2.4376334615770539	1.0000378213206520
2.4419053356882432	1.0000688543625804
2.4459939535004729	1.0000317148103366
2.4500826731366994	1.0000638626720650
2.4543709435097645	0.9999968143365802
2.4615621373851200	1.0001415758416186
2.4677953534437234	0.9997153883393206
2.4892340652289020	0.9998081651114162
2.4923014049794872	1.0000624665887765
2.4963487855988746	1.0000104319321377
2.5006208084441268	1.0000459841587590
2.5058427358390896	0.9996935222792112
2.5110657719694847	1.0002271774552876
2.5151294054892777	1.0000398805187372
2.5191688944178066	1.0000374599656665
2.5231078355302023	0.9999936590938743
2.5270484850294728	1.0000230761232147
2.5310796521518841	0.9999816990651731
2.5353532786896986	1.0000181963377226
2.5431799172471110	0.9998905773500157
2.5483351113246351	1.0002687225793871
2.5533108261109989	1.0000471567429958
2.5582192329293507	1.0002596331724387
2.5631044337813815	0.9999071102085896
2.5679844888371979	0.9999858102267559
2.5746876676854971	0.9998241580889478
2.5800208327118535	1.0003103049445128
2.5850587296247531	1.0000500787291802
2.5899925335031977	1.0000780336484536
2.5976997664591570	0.9996652218633904
2.6034321234857281	1.0001276175386655
2.6086805800219914	0.9998820023989341
2.6137335544426126	1.0000358813148769
2.6186525045833515	0.9995431415636138
2.6219693124629262	0.9998465456850877
2.6257595776159453	0.9998539508329244
2.6297229272289466	0.9999154151967813
2.6338207962909528	0.9999243728003647
2.6380963467791578	1.0000139814456876
2.6449373780735459	0.9998480356814017
2.6495674052170126	0.9999819714630886
2.6534091888131908	0.9999181878070620
2.6568781780998370	1.0000324725824521
2.6601898732362050	0.9999284400533770
2.6634369663895097	1.0000478351011839
2.6666647736633604	0.9999350795000667
2.6698903234045241	1.0000517389807579
2.6731241999301383	0.9999398757938336
2.6763685046787193	1.0000520212483097
2.6796269595348652	0.9999435145452216
2.6828989466459574	1.0000509462042606
2.6861870582206868	0.9999466127267241
2.6894905256427739	1.0000491570897532
2.6928121409614083	0.9999496048438824
2.6961516849289864	1.0000467746213815
2.6995126765346331	0.9999528433190858
2.7028959427941905	1.0000436761985618
2.7063063557222504	0.9999567254759547
2.7097466667619985	1.0000395066329786
2.7132244295981680	0.9999618647659970
2.7167464199056099	1.0000334975198302
2.7203264689510211	0.9999694479640525
2.7239817280282237	1.0000239817793490
2.7277450723204253	0.9999815204383790
2.7316737331761836	1.0000126336676114
2.7359182785603635	0.9999485847629220
2.7427902876265162	1.0001400818688131
2.7471585938348615	1.0000047753741363
2.7508421195046417	1.0000755475057013
2.7542766066866524	0.9999648118685966
2.7576273082072453	1.0000598926525353
2.7609527520054056	0.9999541953995709
2.7642736918890187	1.0000531133640516
2.7675991835587515	0.9999516057344033
2.7709312004124049	1.0000497674657585
2.7742727857049903	0.9999516663142213
2.7776235867275818	1.0000475637773378
2.7809862791943241	0.9999528207736943
2.7843606049535787	1.0000455269467949
2.7877497676548155	0.9999546648875125
2.7911542291005293	1.0000431607440983
2.7945781940329053	0.9999572426173440
2.7980234788047245	1.0000400502268658
2.8014961476272195	0.9999608928257219
2.8050006737202842	1.0000355992583507
2.8085470972025401	0.9999663794000666
2.8121460340770130	1.0000286453719920
2.8158178766700290	0.9999753679281210
2.8195919386257868	1.0000171520087828
2.8235285382537696	0.9999862392576851
2.8277739748324358	1.0000505244005180
2.8346806226233805	0.9998652188330127
2.8392478963516821	0.9999861244492030
2.8431818698398650	0.9999407531385242
2.8468917106801972	1.0000176617029635
2.8505566941836897	0.9999627361390736
2.8542532035670130	1.0000191105907896
2.8580386026954860	0.9999793515824364
2.8619782116883989	1.0000114058132978
2.8662261293250033	0.9999476638772861
2.8731081455719463	1.0001378686394302
2.8775424267112744	1.0000069822586553
2.8812967121056978	1.0000708070089712
2.8847979469855729	0.9999682722469404
2.8882122712295457	1.0000552444153306
2.8916000637825601	0.9999581054311759
2.8949836323312010	1.0000485504401977
2.8983731958606129	0.9999559407060458
2.9017718270557049	1.0000449772906990
2.9051836294240743	0.9999565707056576
2.9086095381458090	1.0000421932390078
2.9120537383916920	0.9999585994905406
2.9155180169569697	1.0000390934125902
2.9190082787946547	0.9999618895663746
2.9225288298203034	1.0000348374564056
2.9260895153184556	0.9999670449463446
2.9297007323165047	1.0000281748999937
2.9333826339840141	0.9999756846770274
2.9371642330311833	1.0000170178855567
2.9411054450276972	0.9999862311128466
2.9453521232894375	1.0000506835461009
2.9522771212382759	0.9998688906156621
2.9569716587660153	0.9999811243868829
2.9610893214306433	0.9999526786188129
2.9650410500576405	1.0000045668323325
2.9690484710631035	0.9999790670048835
2.9733178413836425	1.0000478628329446
2.9802476565224749	0.9998649117210767
2.9848769245006239	0.9999836092889006
2.9888819501682478	0.9999445009183050
2.9926695734422424	1.0000135583795897
2.9964253582137617	0.9999684440586943
3.0002380738998813	1.0000128101283956
3.0041926337373410	0.9999839268648583
3.0084436102551457	1.0000497315699453
3.0153715795782139	0.9998685703722054
3.0200756100767370	0.9999808008956194
3.0242018614380948	0.9999528427776888
3.0281599685694376	1.0000044708580105
3.0321712240404914	0.9999790598047031
3.0364416464405752	1.0000479886827445
3.0433619604998259	0.9998632978225892
3.0479393621094792	0.9999861038408769
3.0518627746381108	0.9999384655869018
3.0555377862238262	1.0000210227954618
3.0591366908069890	0.9999564781362090
3.0627230495386630	1.0000280449827270
3.0663308008096255	0.9999661228202618
3.0699781292055826	1.0000254346297970
3.0736883382972962	0.9999756726564684
3.0774906863779008	1.0000162010052858
3.0814445583406678	0.9999859547619833
3.0856946562855172	1.0000509819303220
3.0925902830229299	0.9998639141606649
3.0971267893136294	0.9999886615743885
3.1009931631134511	0.9999346071780676
3.1045938713739960	1.0000262775846300
3.1080971971738069	0.9999490807957174
3.1115614307940280	1.0000370152912628
3.1150130487944896	0.9999542867494422
3.1184598301942885	1.0000400754275041
3.1219085720713315	0.9999565954719355
3.1253608107252022	1.0000403606984298
3.1288212902999160	0.9999583813608223
3.1322917818755633	1.0000391135506332
3.1357780384458422	0.9999607489695339
3.1392836390768064	1.0000363981168059
3.1428169379157223	0.9999645237091906
3.1463853777082220	1.0000316022891353
3.1500033825063323	0.9999709153768925
3.1536884430719696	1.0000231502631516
3.1574734894366991	0.9999819402786519
3.1614152358226004	1.0000126910675542
3.1656633396811316	0.9999481639067763
3.1725714944222232	1.0001327369897883
3.1771817577719079	1.0000141846048725
3.1811672464384584	1.0000548530232043
3.1849397187837005	0.9999846812543286
3.1886812525486961	1.0000308393653559
3.1924846781454650	0.9999859038319560
3.1964320520807235	1.0000149604031416
3.2006823522861967	0.9999493528308688
3.2075985677901140	1.0001324051082954
3.2122352625160122	1.0000157472393978
3.2162645160838297	1.0000517248912923
3.2201014756726165	0.9999889045663163
3.2239397913717434	1.0000245685941274
3.2278998596948374	0.9999899841717443
3.2321540167957892	1.0000527102299552
3.2391036945166451	0.9998725699718889
3.2439130510778176	0.9999763279492814
3.2482455814303930	0.9999615938377695
3.2526255626376472	1.0000428868958087
3.2596461393254814	0.9998608724422654
3.2643704019648876	0.9999788249743468
3.2684865387076298	0.9999505925928122
3.2724290048329081	1.0000040029184898
3.2764290044659625	0.9999786147311658
3.2806965682447484	1.0000473112161437
3.2876050146831277	0.9998601995216206
3.2920780635820410	0.9999891868501311
3.2958857472940646	0.9999317833513887
3.2994526375805835	1.0000254709062308
3.3029535097626956	0.9999509066322338
3.3064520132412314	1.0000318244773319
3.3099822589562566	0.9999623967005750
3.3135631272546715	1.0000278344466167
3.3172189857431800	0.9999739072618933
3.3209806123225367	1.0000168809948495
3.3249095549348593	0.9999859795357119
3.3291529319778363	1.0000501140947027
3.3360980548360302	0.9998720057524016
3.3408966306951484	0.9999760051208553
3.3452225215555411	0.9999614006075280
3.3496006149617426	1.0000425807716453
3.3565877195284251	0.9998545500511011
3.3610955067123456	0.9999871485682147
3.3649125203748000	0.9999305031646305
3.3684801473322556	1.0000249966059591
3.3719793946309502	0.9999503903419630
3.3754758099373765	1.0000317263135219
3.3790041553233552	0.9999621891555501
3.3825834455218482	1.0000278253249668
3.3862380848437228	0.9999738341587339
3.3899988350608470	1.0000168771405857
3.3939272557439542	0.9999859714579139
3.3981704896979403	1.0000500927057581
3.4051254366544597	0.9998738346209257
3.4099951745101937	0.9999752788162801
3.4145635671877779	0.9999193937808787
3.4217367819044995	1.0001273040737471
3.4267062532291166	1.0000219560158508
3.4313049351702913	1.0000796882015475
3.4384317914380267	0.9998589956611442
3.4429823874942640	0.9999917861774750
3.4467903397236999	0.9999304369130411
3.4503294662359338	1.0000284271013657
3.4537907828433201	0.9999481191792207
3.4572421656022825	1.0000352648339916
3.4607171261293632	0.9999585500131133
3.4642314175313684	1.0000324912236707
3.4678030544480283	0.9999682034615063
3.4714506448625571	1.0000237997137218
3.4752080415073556	0.9999811764444299
3.4791329910960282	1.0000125228205539
3.4833765633870053	0.9999486760417639
3.4903188270017198	1.0001270745551969
3.4951156730478288	1.0000229059807666
3.4994378138926034	1.0000375728102151
3.5038162397912709	0.9999564402636687
3.5108343045016568	1.0001386043591591
3.5155426757228714	1.0000199393443137
3.5196410967425966	1.0000489563707198
3.5235722100360483	0.9999948930053587
3.5275639842132147	1.0000203847508682
3.5318305319843315	0.9999518588616383
3.5387273581047407	1.0001407297572438
3.5431411433860616	1.0000074440032474
3.5468760265245991	1.0000722261950930
3.5503664676256808	0.9999687470018233
3.5537793440807994	1.0000550170776503
3.5571745456272788	0.9999593779433501
3.5605739688760152	1.0000470394550574
3.5639875024263614	0.9999581104989860
3.5674181032987722	1.0000424139907031
3.5708699470600731	0.9999596756597342
3.5743444012991361	1.0000385991030061
3.5778465847268195	0.9999628038162863
3.5813799992247617	1.0000341841875946
3.5849536325406990	0.9999677489100045
3.5885770520557845	1.0000276857978749
3.5922696067621849	0.9999760526853467
3.5960595240644584	1.0000168717707620
3.6000059265697129	0.9999862276540592
3.6042539867112726	1.0000508680478786
3.6112043655301234	0.9998739379815085
3.6160892012331134	0.9999755740496132
3.6206615094221579	0.9999189616315742
3.6277958759950208	1.0001331292797926
3.6325549035048019	1.0000139041541816
3.6366263023574334	1.0000519038871307
3.6404544577357614	0.9999853606726292
3.6442351159744470	1.0000294096136755
3.6480658748904893	0.9999860823839748
3.6520294352014888	1.0000148704485794
3.6562841910531994	0.9999487735646724
3.6631699441923327	1.0001374469636883
3.6676502580761805	1.0000082865645741
3.6714448079613167	1.0000689025393170
3.6749763481752264	0.9999694106253352
3.6784144964988692	1.0000537355586749
3.6818240462342402	0.9999595168442449
3.6852318382004374	1.0000464637693944
3.6886528986580447	0.9999587257927184
3.6920957097798750	1.0000409355405664
3.6955707859083038	0.9999622036155520
3.6990872247897886	1.0000343577484090
3.7026604509765075	0.9999693592577701
3.7063089876424002	1.0000244171911874
3.7100667498395850	0.9999815176204570
3.7139918650567978	1.0000127052579006
3.7182354889225322	0.9999487628920378
3.7251086890961105	1.0001400869693742
3.7294770179000065	1.0000053486282208
3.7331705787788105	1.0000741110910494
3.7366285750384760	0.9999674542353049
3.7400195060967070	1.0000556924178827
3.7434057678110078	0.9999599924302374
3.7468130712879137	1.0000451222219533
3.7502567298905376	0.9999619719425324
3.7537472839153949	1.0000362357218955
3.7572998866187715	0.9999690385772979
3.7609327336873446	1.0000251466885457
3.7646793314656160	0.9999814805947976
3.7685978227635193	1.0000127929616258
3.7728396369504860	0.9999490544641930
3.7797929376605874	1.0001253644084471
3.7846582405096121	1.0000239810635783
3.7892237709955903	1.0000798460964819
3.7963437776526616	0.9998629607281492
3.8009870972343900	0.9999875865709231
3.8049361768894534	0.9999413367707546
3.8086561306192528	1.0000164776427283
3.8123514099568090	0.9999664856403324
3.8161177204788412	1.0000136669098338
3.8200437551614019	0.9999839959740274
3.8242871029376584	1.0000487736677530
3.8312371032385459	0.9998713203199059
3.8360169628647682	0.9999758184455281
3.8403289612659384	0.9999612065690938
3.8447033557809887	1.0000420029216956
3.8516669418255622	0.9998495723475070
3.8560147401912714	0.9999922009993877
3.8596668379743853	0.9999201880007210
3.8630893769074359	1.0000312360761563
3.8664632110423933	0.9999425961837918
3.8698515715102761	1.0000365558109003
3.8732878141217144	0.9999573795850416
3.8767904218937659	1.0000306789597226
3.8803839566337199	0.9999716870195003
3.8840999012196500	1.0000176255752649
3.8880013246991210	0.9999859562722200
3.8922373378365949	1.0000491197391379
3.8991481986282586	0.9998641877834623
3.9036638193918800	0.9999855758651609
3.9075794573938212	0.9999423925037567
3.9113251764232051	1.0000116048497822
3.9150999482956790	0.9999726586390281
3.9190209507648421	1.0000084778536649
3.9232657936973832	0.9999472277054345
3.9301903135828979	1.0001321940895327
3.9347744891552385	1.0000157254588882
3.9387827397241453	1.0000499470735458
3.9426543140844084	0.9999937234103100
3.9466124049186515	1.0000201198223719
3.9508695843187187	0.9999527611214761
3.9577909735549706	1.0001371381500157
3.9622975017598812	1.0000135818273879
3.9661964457787913	1.0000577237735775
3.9699291280290088	0.9999871513837980
3.9736926896096989	1.0000265943627360
3.9776084027198646	0.9999904830161168
3.9818505914207045	1.0000514287388573
3.9888200514886254	0.9998743873084206
3.9938143292417707	1.0000247609851514
4.0012604688666578	0.9998265216966997
4.0059510823726949	0.9999767923107907
4.0098415430038887	0.9999286992118563
4.0134850259799659	1.0000151253597498
4.0171131752678546	0.9999612960316192
4.0208288385845465	1.0000129857751192
4.0247243588153667	0.9999830823595321
4.0289595703524022	1.0000471765610617
4.0358529441105730	0.9998589137995977
4.0402181311370278	0.9999902538562078
4.0439676338142974	0.9999321271398360
4.0475468389536520	1.0000191241648910
4.0511419478809607	0.9999622710256266
4.0548396527550716	1.0000140835704792
4.0587258790738732	0.9999835808671591
4.0629584389425073	1.0000471646694811
4.0698966936730789	0.9998672534890459
4.0745147801389061	0.9999796299395513
4.0786100850502356	0.9999550934964476
4.0826410175673740	1.0000005610965421
4.0869267642710918	0.9999423353106478
4.0939274581045426	1.0001247274088070
4.0987737947362204	1.0000237478669278
4.1033355226687656	1.0000785057617132
4.1104602870819305	0.9998605126057780
4.1150056189930506	0.9999882368268080
4.1188845369785190	0.9999397130817300
4.1225851515871819	1.0000131936843741
4.1263233622368647	0.9999717570261373
4.1302218352648694	1.0000083884022741
4.1344608184524869	0.9999480261592404
4.1413691442410885	1.0001364765960488
4.1458049284032299	1.0000112053347463
4.1496438896778862	1.0000597995184421
4.1533330629952552	0.9999861654567465
4.1570672636541417	1.0000273022735624
4.1609661501219399	0.9999906566000066
4.1652037790691354	1.0000509739203360
4.1721302359087016	0.9998656641388177
4.1766596944512759	0.9999839512801144
4.1806226870938694	0.9999472430476976
4.1844610143242589	1.0000052971379323
4.1884014379716952	0.9999785463980837
4.1926525553214491	1.0000453076479072
4.1996349443982259	0.9998718128580277
4.2044719085006426	0.9999739049237527
4.2090323616923122	0.9999201659874506
4.2161346881647939	1.0001423968403864
4.2205376522818963	1.0000044283460923
4.2242348493774537	1.0000726925134071
4.2277193426398947	0.9999715719500188
4.2311759854487088	1.0000480784716099
4.2346772353707651	0.9999709015155692
4.2382627069442327	1.0000295020076069
4.2419725593663680	0.9999821691464478
4.2458686336012379	1.0000135120801255
4.2501044603812117	0.9999502076015572
4.2570512788675634	1.0001278121003443
4.2618073803276566	1.0000230815727194
4.2661006821845859	1.0000378917297152
4.2704713353726556	0.9999575828235204
4.2774562228014803	1.0001459625883837
4.2819051023950720	1.0000112581830187
4.2856806504491436	1.0000695058757052
4.2892383767716087	0.9999757815006119
4.2927569034645225	1.0000453715113227
4.2963083248102683	0.9999730114375508
4.2999328541659256	1.0000282546892236
4.3036708603066263	0.9999827115372931
4.3075837223424722	1.0000135431332651
4.3118240425644432	0.9999496392400978
4.3187232518874072	1.0001360124664411
4.3232137222340707	1.0000110823024664
4.3270692662049974	1.0000620532067570
4.3307158586190706	0.9999794489522352
4.3343291082161457	1.0000384331540753
4.3379873510985858	0.9999789487704727
4.3417438133145350	1.0000202271233312
4.3456675470233472	0.9999876401255375
4.3499098983685407	1.0000507146864215
4.3568131086902628	0.9998638825443231
4.3613205518067755	0.9999876478152631
4.3651940448058326	0.9999377879222017
4.3688527259949401	1.0000192174892448
4.3724762740803582	0.9999609222365381
4.3761404334383744	1.0000198650608230
4.3799023512311956	0.9999788108447647
4.3838278388101131	1.0000113028032458
4.3880719342666730	0.9999480973356457
4.3949778250359568	1.0001340006411674
4.3995269530434911	1.0000128150953833
4.4034515959799991	1.0000575787991499
4.4071739452643452	0.9999834428172306
4.4108767487532869	1.0000322222838147
4.4146523615565272	0.9999856043688490
4.4185831431147307	1.0000150224912052
4.4228289159156997	0.9999499530595413
4.4297284507036840	1.0001362573116535
4.4342286729374623	1.0000112035320776
4.4380889537755976	1.0000620718501372
4.4417361290811508	0.9999792932954843
4.4453476352160433	1.0000385854115439
4.4490032221990079	0.9999788097098433
4.4527571404989592	1.0000202835835776
4.4566791768801579	0.9999876379478392
4.4609211073657997	1.0000506498149289
4.4678563616935270	0.9998697932413381
4.4725601784430813	0.9999792313235381
4.4767293991091055	0.9999572366026558
4.4808050067363192	1.0000013481337253
4.4851027804085124	0.9999412934306746
4.4920949498360940	1.0001247336290897
4.4969754636894557	1.0000232020487352
4.5015460045328375	1.0000794666418957
4.5086794071801020	0.9998640499842816
4.5133704824338770	0.9999855312349003
4.5173870005208041	0.9999457951258547
4.5211932983071303	1.0000113458358357
4.5250052859533767	0.9999738013292072
4.5289467809945156	1.0000089178777853
4.5331973659619340	0.9999468616290521
4.5401585436906453	1.0001248800104208
4.5450230307728718	1.0000236974598438
4.5495885217439609	1.0000795321566207
4.5567277336021803	0.9998657621303384
4.5614708831773187	0.9999833774990381
4.5655685752151234	0.9999512480798327
4.5694883823798822	1.0000053865422043
4.5734726504367877	0.9999790775887052
4.5777362411227491	1.0000469223127939
4.5844937538190136	0.9998312663511079
4.5882161685210434	1.0000209569484233
4.5913141768758994	0.9998781671762942
4.5942629866447513	1.0000602975391648
4.5972050312186630	0.9999056066984847
4.6001760323393359	1.0000661879770689
4.6031894711256331	0.9999223487457685
4.6062453436717083	1.0000638250810745
4.6093463832965149	0.9999333480398451
4.6124909707275634	1.0000585376163613
4.6156821500512679	0.9999420604744045
4.6189201512939304	1.0000518056373175
4.6222101962188171	0.9999504165796660
4.6255557851700164	1.0000436766355756
4.6289665141836140	0.9999598961211643
4.6324527123344339	1.0000331722117357
4.6360349521842705	0.9999724761107017
4.6397434494073000	1.0000183788637680
4.6436405478370055	0.9999863092556762
4.6478754015977248	1.0000491646271210
4.6548110952397570	0.9998687719598384
4.6594720473161262	0.9999794684308773
4.6636044927630431	0.9999562469157854
4.6676578456896038	1.0000009870204587
4.6719495905693300	0.9999418309445204
4.6788565111506726	1.0001413359627533
4.6831658510157990	1.0000033930194354
4.6868119843042058	1.0000755263448324
4.6902521999213933	0.9999687955068401
4.6936578332971770	1.0000524278029173
4.6970942349112610	0.9999659878700967
4.7005935250571076	1.0000361121004904
4.7041830307584824	0.9999744796404822
4.7078960524366176	1.0000193351239228
4.7117955617036520	0.9999868587362252
4.7160311246997653	1.0000495258510678
4.7229805865411194	0.9998715605076345
4.7277369798718745	0.9999759669187410
4.7320329223215936	0.9999611320683557
4.7364029747561824	1.0000414024063451
4.7433772823157838	0.9998507912154950
4.7477540528291966	0.9999903616096771
4.7514501517136658	0.9999238765635083
4.7549257290079687	1.0000275605539579
4.7583607808972763	0.9999474982259364
4.7618196436827338	1.0000316006569059
4.7653386570869403	0.9999634830408072
4.7689421961698599	1.0000238895083959
4.7726668761769258	0.9999797663768316
4.7765719436264940	1.0000120509193664
4.7808102280104032	0.9999491241688160
4.7877425212019222	1.0001297936583808
4.7924256005593806	1.0000195825274112
4.7965744740229930	1.0000422335807719
4.8006393489240091	0.9999977872104767
4.8049328743808175	1.0000573863944928
4.8118202891558530	0.9998541671120147
4.8160334093442367	1.0000005461464425
4.8195601726015012	0.9999130049375552
4.8228590701184233	1.0000407544530459
4.8260965991135034	0.9999310518901656
4.8293237719780455	1.0000501124027641
4.8325613906930656	0.9999401126045212
4.8358129432929138	1.0000515360928897
4.8390820219665516	0.9999450373948409
4.8423668590282389	1.0000505509794386
4.8456689632237362	0.9999482271807626
4.8489862240742019	1.0000488282450903
4.8523200108289100	0.9999506993611598
4.8556684211992138	1.0000469009457520
4.8590329859357171	0.9999528825435885
4.8624121056855820	1.0000449043508453
4.8658076064207769	0.9999549963011768
4.8692183224396555	1.0000428069814717
4.8726465832668087	0.9999572200559502
4.8760919375491216	1.0000404657195476
4.8795576382838979	0.9999597913656791
4.8830445267542810	1.0000375929331990
4.8865576882513668	0.9999631182727166
4.8901005740813410	1.0000336299933226
4.8936822429938038	0.9999680061988601
4.8973122888345690	1.0000274018746689
4.9010100996573138	0.9999761764237285
4.9048038714104054	1.0000167883105737
4.9087526155472041	0.9999862111277511
4.9130013135692066	1.0000509402849755
4.9199038860512241	0.9998650524350516
4.9244727409028757	0.9999871739629879
4.9283862511155068	0.9999379311472671
4.9320432970599235	1.0000229529201186
4.9356107369357334	0.9999535983184451
4.9391461212538630	1.0000325654485580
4.9426751192867657	0.9999594052652223
4.9462041483289134	1.0000350550067791
4.9497382365911493	0.9999618094399850
4.9532765653361492	1.0000354400558560
4.9568210744058874	0.9999629971747960
4.9603700431332465	1.0000351846901736
4.9639250633370375	0.9999637652952241
4.9674844918569567	1.0000347099517795
4.9710501156073068	0.9999644364104715
4.9746206430880102	1.0000340830476608
4.9781983404836803	0.9999652077001345
4.9817825697461577	1.0000332056995775
4.9853764968514014	0.9999663055086373
4.9889807139904780	1.0000318247145112
4.9926001427597608	0.9999681114356174
4.9962378881095271	1.0000294199986921
4.9999026737922101	0.9999713884666414
5.0036035044506546	1.0000248674408785
5.0073589977191455	0.9999778094931392
5.0111960106130757	1.0000160515564347
5.0151713655604748	0.9999861428870449
5.0194273213598697	1.0000518449197711
5.0263368386624681	0.9998676107671478
5.0310106867970958	0.9999844277264307
5.0350444443356475	0.9999444898964883
5.0388215250188573	1.0000177060450508
5.0425108436188362	0.9999611220341239
5.0461762632543747	1.0000251654644980
5.0498522763064546	0.9999691051380093
5.0535572246114713	1.0000235914544400
5.0573141238182169	0.9999770786260972
5.0611513795128706	1.0000156745035955
5.0651267105411488	0.9999859334534487
5.0693826759328990	1.0000517288430970
5.0763202827802880	0.9998728081206227
5.0811830518549383	0.9999762573978133
5.0855558526403435	0.9999618359009180
5.0899466624858691	1.0000444461497979
5.0969853622050190	0.9998662224492417
5.1019383645759424	0.9999736908583503
5.1065315187165252	0.9999167015808033
5.1136956796578188	1.0001281737492882
5.1186741009039203	1.0000207989613987
5.1230882604475791	1.0000366340384852
5.1274944153317001	0.9999537849535761
5.1345084327481132	1.0001390285141700
5.1392452635691175	1.0000173478863386
5.1433078884320320	1.0000551710380117
5.1471052731465647	0.9999827118492707
5.1508129682436712	1.0000369428103015
5.1545038619654804	0.9999757170728866
5.1582140776042813	1.0000273424318595
5.1619720820806680	0.9999790955943157
5.1658093550605608	1.0000168267965444
5.1697843532872483	0.9999865459660715
5.1740402999129635	1.0000520314496497
5.1809542826998776	0.9998684484052279
5.1856541059795553	0.9999832960897095
5.1897299144887103	0.9999474289820589
5.1935658071457844	1.0000140388711440
5.1973370330719328	0.9999671365413955
5.2011192062672720	1.0000171720273321
5.2049683925277348	0.9999807226445864
5.2089470402931219	1.0000116747270911
5.2132055927813736	0.9999464550224471
5.2201118178773456	1.0001316428358886
5.2247753637313794	1.0000138161509817
5.2287878849108269	1.0000558715350008
5.2325370751488247	0.9999792626632230
5.2361851187188346	1.0000409378105224
5.2397942428688449	0.9999694963151653
5.2433880139933313	1.0000360987297514
5.2469769620705113	0.9999665675704518
5.2505633662573894	1.0000344718344876
5.2541500267055614	0.9999656630556395
5.2577358317440908	1.0000339352021841
5.2613224513872501	0.9999653688629851
5.2649082208541174	1.0000337765298521
5.2684946659958101	0.9999652496989321
5.2720800397030620	1.0000337576514704
5.2756658705452057	0.9999651716536964
5.2792504191904657	1.0000337962023853
5.2828352464547264	0.9999650979309794
5.2864186515469722	1.0000338580077766
5.2900022483904818	0.9999650262343692
5.2935844029214607	1.0000339200174000
5.2971668135121064	0.9999649710794533
5.3007479538582007	1.0000339554211084
5.3043296584046686	0.9999649618460071
5.3079105753050024	1.0000339239517060
5.3114927624756758	0.9999650486790550
5.3150751566588506	1.0000337599595099
5.3186601931565702	0.9999653164062623
5.3222473029772077	1.0000333519467368
5.3258395849089943	0.9999659123826813
5.3294373598988249	1.0000325025384385
5.3330449633900123	0.9999671044394945
5.3366644401903631	1.0000308419207302
5.3403026441278563	0.9999694140311596
5.3439653582582078	1.0000276164988595
5.3476653498549016	0.9999739583779615
5.3514181778005208	1.0000211691576468
5.3552545172455037	0.9999828330583683
5.3592279085838364	1.0000127718178466
5.3634846112733516	0.9999470987218293
5.3704254009801007	1.0001251591898175
5.3753346591191997	1.0000230812273316
5.3799116797454074	1.0000809926671845
5.3870432271445505	0.9998676112989613
5.3918963746632809	0.9999831386879705
5.3960800236618107	0.9999524130740807
5.4000234691792279	1.0000090811672404
5.4039359667039291	0.9999762190174567
5.4079379980156981	1.0000095545301697
5.4122051236333295	0.9999451533581598
5.4191480848013720	1.0001259347204356
5.4240137932652823	1.0000224563796689
5.4283850235971292	1.0000370490005697
5.4327768465265747	0.9999545184433597
5.4398141006049947	1.0001329187628383
5.4447678992946367	1.0000254012676444
5.4493595122615828	1.0000825379199330
5.4565180987798270	0.9998705560979374
5.4615998014803049	1.0000295827169310
5.4690964683008607	0.9998303952740183
5.4741235095444916	0.9999730844091596
5.4783261082531167	0.9999422093106392
5.4822057336989394	1.0000116204056486
5.4859894157277900	0.9999654681860924
5.4897724024068619	1.0000166471331704
5.4936190831240692	0.9999802500461855
5.4975953078327340	1.0000115146010407
5.5018533290731044	0.9999465297718064
5.5087828752367498	1.0001275650895158
5.5135904193776968	1.0000204116589151
5.5178502037997017	1.0000396074100770
5.5219839411578286	0.9999968486793480
5.5262962211570628	1.0000592156837289
5.5332775965171042	0.9998743206989530
5.5382004276374914	0.9999765926654670
5.5427838012563688	0.9999184504518178
5.5499236038514317	1.0001317473768530
5.5547696324303377	1.0000158594425681
5.5589430232681920	1.0000469450030922
5.5628799937349891	0.9999898439311968
5.5667861602052122	1.0000229194200498
5.5707858813542641	0.9999895051456860
5.5750510637581856	1.0000537978379356
5.5819238023353410	0.9998596558155562
5.5863265722995648	0.9999952951863346
5.5900096185300949	0.9999212040903849
5.5934043935105731	1.0000393035460997
5.5966853929213141	0.9999319874156828
5.5999132482928076	1.0000534552351947
5.6031161916061514	0.9999355461980878
5.6063039103924082	1.0000584945280815
5.6094851212393024	0.9999369678099064
5.6126625810697224	1.0000599225540392
5.6158417781607683	0.9999381334077305
5.6190240619082772	1.0000595539159658
5.6222139335463508	0.9999396610532986
5.6254121499359533	1.0000581152313053
5.6286227333122412	0.9999417048201679
5.6318461707544536	1.0000559194860548
5.6350863334232839	0.9999443008157648
5.6383437628762092	1.0000530704890516
5.6416225444639112	0.9999475085892156
5.6449237012955731	1.0000495194011212
5.6482520561190883	0.9999514875089045
5.6516098066589704	1.0000450454290903
5.6550034644873053	0.9999565899559778
5.6584378141745200	1.0000391423216590
5.6619232482220774	0.9999635706763621
5.6654707780845772	1.0000306895049060
5.6691012584477294	0.9999740713631686
5.6728447624659903	1.0000177190105439
5.6767628285695935	0.9999862771125310
5.6810032856488197	1.0000498881627697
5.6878972582880136	0.9998619434216802
5.6923489384138009	0.9999895866202545
5.6961554127641447	0.9999333448087598
5.6997422027130753	1.0000230583209968
5.7032858303042273	0.9999553468271429
5.7068550270428489	1.0000257155375822
5.7104939913683497	0.9999713279622714
5.7142405234360645	1.0000161993055785
5.7181597729372644	0.9999854417630903
5.7224006037503665	1.0000494652529583
5.7293358910191845	0.9998694528042871
5.7340397804368424	0.9999790391532544
5.7382093875882170	0.9999571597877976
5.7422853071113042	1.0000013031469370
5.7465831544677144	0.9999412593095582
5.7534852159436927	1.0001414003063203
5.7578041888427354	1.0000022103997670
5.7614318702806795	1.0000787814588439
5.7648213408756721	0.9999630171513986
5.7681402985612955	1.0000613996688077
5.7714476291207237	0.9999541124209403
5.7747646510307549	1.0000524010492209
5.7781015581145523	0.9999536535000844
5.7814620740918805	1.0000465065594195
5.7848517112104867	0.9999564584540609
5.7882735844042950	1.0000410552894559
5.7917352191865366	0.9999614204372912
5.7952434198166767	1.0000343475816316
5.7988119730929863	0.9999691428080039
5.8024580804224355	1.0000243590747051
5.8062146975680786	0.9999814576824111
5.8101392945962989	1.0000126642356233
5.8143827428358463	0.9999487471685197
5.8212655988184139	1.0001382495700502
5.8256878862528305	1.0000073498694710
5.8294417286921103	1.0000700834946026
5.8329570772096151	0.9999702863019552
5.8364013610998997	1.0000520998620182
5.8398370088328484	0.9999625803829052
5.8432896497557909	1.0000423812600259
5.8467742855302713	0.9999639538928878
5.8503010339562032	1.0000344121295484
5.8538845867401887	0.9999702118657265
5.8575425801954992	1.0000242700087378
5.8613078909074616	0.9999817700332700
5.8652377510389488	1.0000127585817922
5.8694826131018187	0.9999486127596703
5.8763748851645587	1.0001362623172390
5.8808626654216845	1.0000097150518124
5.8846920171554196	1.0000651143895816
5.8882842345778545	0.9999744131401945
5.8918082308803630	1.0000464031572316
5.8953300178399415	0.9999680786801137
5.8988798651497918	1.0000354465068144
5.9024793948851375	0.9999717421110813
5.9061491531611257	1.0000245019041423
5.9099227535152039	0.9999822226757156
5.9138575759157090	1.0000129361941834
5.9181037783649773	0.9999485340179599
5.9249916865962682	1.0001369009066396
5.9294627778090003	1.0000086334063287
5.9332628996983034	1.0000676802621165
5.9368129129409946	0.9999711214686320
5.9402784727296023	1.0000515057438775
5.9437204932574073	0.9999616488291693
5.9471619633784769	1.0000444025075210
5.9506138433544455	0.9999601541249539
5.9540801938053169	1.0000402293241291
5.9575664936743342	0.9999616756019416
5.9610757079668559	1.0000363914013419
5.9646151044719948	0.9999651937739622
5.9681911095562032	1.0000312845445656
5.9718170922373881	0.9999713589593555
5.9755095979507900	1.0000229286480540
5.9793006778405706	0.9999820814512431
5.9832462481958695	1.0000127118161641
5.9874953589985527	0.9999480403250354
5.9944113069694138	1.0001310834786785
5.9990800877167612	1.0000162068265532
6.0031442091283100	1.0000501330281688
6.0070109578347353	0.9999894113808286
6.0108716557842943	1.0000239917042422
6.0148453765235530	0.9999898376375050
6.0191032197081995	1.0000531071973260
6.0260418291299844	0.9998710971268168
6.0308078949896489	0.9999789588095864
6.0350314287242446	0.9999586130809560
6.0391404567758560	1.0000018748458182
6.0434473371586073	0.9999404822855396
6.0504256003678583	1.0001261426709187
6.0552738388961060	1.0000221322551586
6.0596264807040772	1.0000370786639612
6.0640136292060580	0.9999553059953501
6.0710094082779795	1.0001418666098760
6.0756185828598799	1.0000141806203700
6.0795362357770806	1.0000629675634276
6.0831907810815373	0.9999767936866276
6.0867579073448237	1.0000451276027003
6.0903061239292828	0.9999684712350965
6.0938653391511766	1.0000362013503599
6.0974543111223953	0.9999696518956670
6.1010874763263478	1.0000282990022249
6.1047862013417564	0.9999766520234060
6.1085800177944494	1.0000170815314917
6.1125285817548543	0.9999863619260827
6.1167772755180723	1.0000510102834916
6.1236770215896659	0.9998645182049487
6.1282278914949000	0.9999876086694679
6.1321236092826803	0.9999372888050028
6.1357706467049331	1.0000225749523814
6.1393415530684150	0.9999549611394432
6.1429005339302574	1.0000294229584312
6.1464823293069575	0.9999648919282171
6.1501061280106644	1.0000263638532196
6.1537962781162081	0.9999750331662328
6.1575831736232951	1.0000164794812647
6.1615274480013582	0.9999859744412967
6.1657749721450967	1.0000506522950490
6.1726633694752611	0.9998620812818257
6.1771356996331459	0.9999904768795546
6.1809346762319679	0.9999308846421052
6.1844778306823622	1.0000283152185807
6.1879362306371251	0.9999468819127832
6.1913696577650610	1.0000376158001232
6.1948064629238520	0.9999544626339143
6.1982569475494627	1.0000383041044387
6.2017312727343796	0.9999598442630071
6.2052354320966545	1.0000351272723076
6.2087805085744403	0.9999659424006294
6.2123776269271467	1.0000285589306113
6.2160476372327684	0.9999751935445248
6.2198201509794471	1.0000171272450609
6.2237557619215407	0.9999862103064258
6.2280009402245557	1.0000504737218157
6.2349345037286037	0.9998702158259221
6.2396719396989013	0.9999788742999727
6.2438711415332273	0.9999579284224417
6.2479652582920551	1.0000015930133734
6.2522680547764589	0.9999408148321206
6.2592090114066572	1.0001335520072940
6.2637846374754016	1.0000118184324016
6.2677104583226573	1.0000585527811798
6.2714104256984307	0.9999805885642288
6.2750638495188618	1.0000365895682399
6.2787519651146457	0.9999794918006603
6.2825294002038117	1.0000196942652433
6.2864655620333521	0.9999875179085406
6.2907113003796651	1.0000510838650318
6.2976458024706350	0.9998702936192759
6.3023773137816734	0.9999790218827486
6.3065709896853255	0.9999578417216139
6.3106616407712917	1.0000015705871093
6.3149634985234560	0.9999409187941088
6.3219437035466850	1.0001264145259523
6.3267673215930325	1.0000221907572984
6.3311020881525799	1.0000372245587295
6.3354844070714647	0.9999559884708640
6.3424960592714461	1.0001397883357366
6.3471668792760880	1.0000180081632097
6.3511999033570437	1.0000535949374771
6.3550316112080782	0.9999893863912798
6.3588637066108449	1.0000251757682646
6.3628194043534396	0.9999902411971184
6.3670724708889397	1.0000526741311526
6.3739475277164592	0.9998583584220929
6.3782848901294180	0.9999955469513109
6.3819372853658889	0.9999214551532651
6.3853434869697923	1.0000353479496813
6.3886737173782508	0.9999379012126279
6.3919843557953282	1.0000450105544989
6.3953005700728811	0.9999460499061197
6.3986296473310045	1.0000461486392089
6.4019786434761139	0.9999511994748136
6.4053495413713017	1.0000440662532093
6.4087480065211393	0.9999558232572112
6.4121770826261297	1.0000400662674278
6.4156446163231022	0.9999613242007501
6.4191575336685309	1.0000339382517185
6.4227298263643489	0.9999691615422197
6.4263787814615139	1.0000242087893452
6.4301374360729247	0.9999814576167226
6.4340632446526866	1.0000126479461533
6.4383070243407046	0.9999486971553210
6.4452037544394036	1.0001355928365148
6.4497101205081808	1.0000108043139342
6.4535701380713535	1.0000625711092288
6.4572052967692599	0.9999775717588052
6.4607882261460743	1.0000414973863967
6.4643914407632979	0.9999742941350077
6.4680559792045909	1.0000266376952573
6.4718227939177257	0.9999830008252547
6.4757528575276426	1.0000134485257546
6.4799978423229305	0.9999489896003344
6.4869200809074234	1.0001308942836451
6.4915896335432937	1.0000174928922922
6.4956801546310325	1.0000471929174868
6.4996130645781198	0.9999942582811755
6.5036076502812676	1.0000199423111393
6.5078747549099347	0.9999514676543590
6.5147945105823535	1.0001359575138866
6.5193591510752462	1.0000132959684016
6.5232830448267505	1.0000591196238828
6.5269851874491236	0.9999812395760265
6.5306424654965456	1.0000365960293904
6.5343346786674070	0.9999797737970879
6.5381156128338400	1.0000196836347648
6.5420540196955228	0.9999875449858086
6.5463003409894975	1.0000511761934847
6.5532088811982261	0.9998655435062905
6.5577794485183762	0.9999860687886603
6.5617181870047716	0.9999411016630825
6.5654333563310932	1.0000174512797397
6.5691036050228142	0.9999630029100598
6.5728048284438358	1.0000189749206145
6.5765939570729754	0.9999794377354370
6.5805359006046382	1.0000114184838351
6.5847844351454103	0.9999475885629646
6.5916879358797500	1.0001337294867862
6.5962559597939237	1.0000123129764200
6.6001807678936819	1.0000590921641694
6.6038733086144212	0.9999795248214920
6.6075051403883327	1.0000390664653120
6.6111491053401794	0.9999755842545753
6.6148462624841882	1.0000255054166671
6.6186372079146443	0.9999833465995371
6.6225819233114089	1.0000134332882387
6.6268308731668126	0.9999484716962339
6.6337110790089397	1.0001381092902422
6.6381524531369713	1.0000069721595637
6.6419067464530448	1.0000713783124344
6.6453995134693988	0.9999671988742700
6.6487972527226997	1.0000569298488360
6.6521608372047893	0.9999560074705676
6.6555130512329059	1.0000511680889825
6.6588646949393224	0.9999530086137985
6.6622194421817671	1.0000482918325688
6.6655820647101756	0.9999530264696922
6.6689540834090622	1.0000459881274459
6.6723402129315446	0.9999546396297848
6.6757425206508536	1.0000432243337658
6.6791669018412971	0.9999575983052836
6.6826171236517897	1.0000393375112786
6.6861016105093158	0.9999622350362497
6.6896279355125161	1.0000334841335832
6.6932106120067516	0.9999695810758571
6.6968673617148458	1.0000240151454267
6.7006315014374982	0.9999815667194452
6.7045605601753619	1.0000126622438856
6.7088052303590882	0.9999485905870016
6.7156738321800864	1.0001407225565344
6.7200239158247799	1.0000041547072891
6.7236889466263197	1.0000766776050918
6.7271086299129328	0.9999643067351276
6.7304493227025688	1.0000603127132142
6.7337703365254820	0.9999544121340875
6.7370933312507040	1.0000524815093632
6.7404284233052127	0.9999529047310675
6.7437788308524729	1.0000478083099282
6.7471490658843463	0.9999544317086857
6.7505406063821232	1.0000438785068184
6.7539584552770204	0.9999575926969422
6.7574055018524621	1.0000394401931034
6.7608892843178339	0.9999623708518081
6.7644165724952705	1.0000333896253988
6.7680011414378400	0.9999697233075099
6.7716600784470042	1.0000239314175980
6.7754261630766539	0.9999816169034300
6.7793564932109147	1.0000126688085307
6.7836014866445185	0.9999485496717970
6.7904867722120628	1.0001375308353235
6.7949341100417442	1.0000078739308365
6.7987089513032233	1.0000692391074455
6.8022351234741230	0.9999699340777234
6.8056774399244917	1.0000531651363194
6.8090953096868709	0.9999600714115845
6.8125100149630144	1.0000464575189203
6.8159305088373170	0.9999577954544741
6.8193583778032174	1.0000432980202958
6.8227958972560021	0.9999578133356386
6.8262418225998545	1.0000414743120685
6.8296976296604086	0.9999585457627816
6.8331617001794474	1.0000401448173644
6.8366355337580780	0.9999595021538632
6.8401175680226309	1.0000389826861875
6.8436094972866286	0.9999605565344575
6.8471099858647504	1.0000378261358895
6.8506210779828267	0.9999617315754042
6.8541418811178190	1.0000365337659713
6.8576750757730620	0.9999631516149571
6.8612206197230314	1.0000348990571901
6.8647824169617566	0.9999650779547220
6.8683621371391013	1.0000325449283445
6.8719662283591578	0.9999680384977935
6.8756001473070185	1.0000287008917403
6.8792763698816382	0.9999731744012739
6.8830103183922411	1.0000216757713751
6.8868327266327789	0.9999826129813270
6.8907976040591707	1.0000127527672091
6.8950519571206854	0.9999473873228319
6.9019562342253469	1.0001323924825687
6.9065924161453438	1.0000133520037910
6.9105764191041423	1.0000572506948608
6.9143006612779336	0.9999785089172764
6.9179278192415561	1.0000419384339572
6.9215199026820455	0.9999689330589546
6.9251003901401216	1.0000366216243510
6.9286798953147652	0.9999663650547553
6.9322610185925306	1.0000344745589662
6.9358470872907088	0.9999659902316673
6.9394377980667326	1.0000332603932924
6.9430359807973323	0.9999665007830412
6.9466416099119135	1.0000320711445982
6.9502585482072003	0.9999677016473748
6.9538883433749836	1.0000303094751732
6.9575373169089954	0.9999699599121734
6.9612106988022591	1.0000271517300388
6.9649206956403047	0.9999743429979775
6.9686822818446972	1.0000209112990186
6.9725255248825793	0.9999829539580357
6.9765032739742896	1.0000127842567688
6.9807611566889438	0.9999469520003226
6.9876664558649946	1.0001316220580831
6.9923380465636917	1.0000140580111778
6.9963594239294400	1.0000554712984067
7.0001169882770453	0.9999796130190062
7.0037734049775171	1.0000404119025956
7.0073919974343708	0.9999701107078782
7.0109978754972619	1.0000351568651673
7.0146036705216988	0.9999678895739554
7.0182145013404229	1.0000324820933293
7.0218370853931180	0.9999685410580504
7.0254757243010442	1.0000297228576032
7.0291398456285616	0.9999714261413877
7.0328391115737361	1.0000250407443652
7.0365926747018825	0.9999777725542801
7.0404279044656031	1.0000161107416174
7.0444020569712569	0.9999861570316420
7.0486577033252669	1.0000518080767964
7.0555678189653515	0.9998676533941985
7.0602425379632878	0.9999841863670090
7.0642820857358073	0.9999451880632949
7.0680732512492943	1.0000163637858717
7.0717894264576708	0.9999635800869405
7.0755010781951473	1.0000213451317950
7.0792534074410254	0.9999751409399587
7.0830834609025555	1.0000150274341741
7.0870534423725884	0.9999854904111287
7.0913080488611078	1.0000512769468093
7.0982092140702049	0.9998654567993260
7.1028097909020280	0.9999867551903749
7.1067493324010442	0.9999389290881956
7.1104237523256879	1.0000226355741217
7.1140030163801216	0.9999542499052708
7.1175488655206953	1.0000319017886883
7.1210917240857992	0.9999607641016509
7.1246436311927042	1.0000328486498495
7.1282166507390707	0.9999655113806305
7.1318191716083135	1.0000297045971003
7.1354659909873721	0.9999717265137411
7.1391743558633873	1.0000223157218855
7.1429767903712307	0.9999821648887706
7.1469291586562091	1.0000126719955202
7.1511801488550244	0.9999477824493054
7.1580803362715582	1.0001337416949947
7.1626631899731361	1.0000122678738801
7.1665939634281681	1.0000594451500320
7.1702800599941865	0.9999782997760713
7.1738917993675928	1.0000411127318545
7.1774994730261827	0.9999724995562609
7.1811385960315341	1.0000299962763497
7.1848382467288596	0.9999774724595478
7.1886315044273639	1.0000176098544162
7.1925793434276963	0.9999866204938067
7.1968279097609766	1.0000511028836581
7.2037700695000755	0.9998724424445291
7.2085942497909192	0.9999761457516450
7.2129386131977880	0.9999616033386778
7.2173217051345135	1.0000433287221788
7.2243222821903847	0.9998578906314668
7.2289506931907992	0.9999836046509519
7.2329048294789660	0.9999387794404473
7.2366087094178058	1.0000185905357601
7.2402462896649684	0.9999594574349298
7.2438907910028112	1.0000231638016737
7.2475886161290459	0.9999732415648133
7.2513779679912256	1.0000155302782203
7.2553230149759633	0.9999854454637912
7.2595708260550493	1.0000503757902885
7.2665043077441931	0.9998703329817423
7.2712568067960941	0.9999787132932703
7.2754693665230183	0.9999582149195895
7.2795717509279614	1.0000016960582392
7.2838768047985498	0.9999405979004323
7.2908029291880219	1.0001359883061576
7.2953040739097981	1.0000081902533198
7.2991194817876286	1.0000668947092535
7.3026773264112776	0.9999710450798382
7.3061478223579837	1.0000510514558230
7.3095948588827984	0.9999619896534393
7.3130437646058501	1.0000435840043214
7.3165078566167159	0.9999613310242006
7.3199938668424149	1.0000383495162803
7.3235106641895982	0.9999643939447280
7.3270657975927005	1.0000324603659245
7.3306733269783395	0.9999707469497496
7.3343504742657757	1.0000234749338339
7.3381299060608169	0.9999819070699294
7.3420683132841722	1.0000127165819024
7.3463154945793061	0.9999482942111256
7.3532248022814422	1.0001326697608848
7.3578351330376410	1.0000142923455726
7.3618225837634270	1.0000546948520654
7.3655981142136655	0.9999848407083155
7.3693429461384241	1.0000307081538036
7.3731492190001786	0.9999859604406036
7.3770984344828401	1.0000149635766060
7.3813492109608934	0.9999492911595673
7.3882738227680642	1.0001307326724489
7.3929690389130727	1.0000179522513828
7.3970834554796534	1.0000464699313576
7.4010340851928769	0.9999943918175858
7.4050392476671050	1.0000198888346921
7.4093092643729834	0.9999510862442903
7.4162561420086908	1.0001304568206690
7.4210164732338519	1.0000208212366779
7.4252291127433603	1.0000411286263309
7.4293323237770350	0.9999974378826193
7.4336363576445006	1.0000584460137545
7.4406252067386349	0.9998743558111584
7.4455237460587247	0.9999761619632889
7.4501007137701381	0.9999191613346295
7.4572480694245566	1.0001319552852908
7.4620615241637198	1.0000165396823171
7.4662257435536228	1.0000454248429576
7.4701976972589481	0.9999939062312968
7.4742118082633890	1.0000196562083397
7.4784847873199203	0.9999507981119332
7.4854421564517493	1.0001286362474791
7.4902737012698726	1.0000234888080115
7.4946176261750326	1.0000377718378395
7.4990021441854191	0.9999558685138882
7.5059956082359491	1.0001425249482432
7.5105821806571660	1.0000135633061835
7.5144730764877332	1.0000647693221918
7.5180975486222881	0.9999750003703534
7.5216279912277715	1.0000481222756985
7.5251281093496614	0.9999647653557671
7.5286215976857589	1.0000416668885277
7.5321188673620521	0.9999623394859589
7.5356226108082467	1.0000386514971937
7.5391362930550425	0.9999624453890226
7.5426600624568589	1.0000366219738694
7.5461973290549205	0.9999636909358512
7.5497490135614198	1.0000344709676936
7.5533202379846145	0.9999659589807762
7.5569144278773805	1.0000313669100971
7.5605406079864830	0.9999698685271329
7.5642082201824152	1.0000260619575285
7.5679363984670909	0.9999770597640480
7.5717527857999380	1.0000164095826720
7.5757153848652541	0.9999861854176810
7.5799678568407565	1.0000514189833851
7.5867182463433922	0.9998374119462518
7.6021409793187873	0.9996272767805369
7.6072335040599972	0.9999065924962605
7.6109767096766783	0.9998593585983270
7.6144697036481022	0.9999833262467568
7.6179814449833785	0.9999303089156989
7.6215598711279728	1.0000081479143439
7.6252107838891163	0.9999594885578024
7.6289186292999789	1.0000166108978130
7.6326733202004808	0.9999705035381488
7.6364615124613158	1.0000193634856254
7.6402790554429467	0.9999760888219665
7.6441235370597793	1.0000199426650744
7.6480045615255667	0.9999824777931602
7.6519405844053985	1.0000171537688345
7.6559789936039495	0.9999898286119148
7.6602522919306448	1.0000589647392069
7.6673555438461136	0.9999135186957832
7.6721347126378445	0.9999920514666967
7.6765061714543048	1.0000330174235421
7.6807852197673823	1.0000362460200143
7.6851263773106782	0.9999607603535405
7.6935990439609423	1.0000864799297597
7.6972622242192683	0.9999086124491070
7.7011139624167777	1.0000412110196717
7.7048068421264180	1.0000278988722056
7.7086809758207728	1.0000777811047412
7.7128027492365856	1.0000377817870498
7.7170694969887110	1.0000168580527937
7.7252690694765853	0.9998439094108131
7.7282512659502007	1.0000740155736438
7.7313527172083685	0.9999359185045812
7.7345766718700384	1.0000461907394889
7.7379061865783880	0.9999521588361678
7.7413194450682781	1.0000304954830039
7.7448032618559761	0.9999541224327140
7.7483344237324561	1.0000248582813553
7.7518965022448834	0.9999547349982376
7.7554699596816352	1.0000238328517845
7.7590406577928235	0.9999525747228988
7.7625947723709743	1.0000259573968910
7.7661255705231689	0.9999492425723072
7.7696274105245360	1.0000293927303991
7.7731013928343957	0.9999461511218476
7.7765487046372348	1.0000326192431110
7.7799759187752295	0.9999445562405216
7.7833884510704410	1.0000345128504362
7.7867960187496390	0.9999453681730541
7.7902064928773571	1.0000343082717438
7.7936317435088300	0.9999491641743498
7.7970819615870468	1.0000314148651301
7.8005722370700816	0.9999564857737681
7.8041178933118145	1.0000249575382949
7.8077432544758079	0.9999684833194969
7.8114812923567527	1.0000134168130086
7.8153955663881023	0.9999826907237007
7.8196351317465869	1.0000470569274189
7.8265267941179486	0.9998599120548302
7.8309566246277544	0.9999887499825820
7.8347592656854905	0.9999349030583895
7.8383751540511275	1.0000191485094738
7.8419946437343366	0.9999643658078996
7.8457079498558517	1.0000155128144999
7.8496028939744447	0.9999855236363610
7.8538378647439799	1.0000496735528563
7.8607416038987035	0.9998636380593233
7.8651691257986416	0.9999902121709165
7.8689993114775989	0.9999409991935824
7.8726776609465183	1.0000157370129357
7.8764045957480384	0.9999741147041330
7.8802975087804850	1.0000109649719069
7.8845348804407038	0.9999507743240608
7.8914001905812023	1.0001470551344864
7.8956016469276511	1.0000033362802379
7.8991621380134829	1.0000833322336715
7.9025334306480275	0.9999677541801595
7.9058727035277387	1.0000602762326103
7.9092310152623186	0.9999617938618502
7.9126239630846253	1.0000478492309621
7.9160566264629582	0.9999628747865608
7.9195276999248074	1.0000405083060675
7.9230370950274924	0.9999656462773365
7.9265814528631751	1.0000355532572482
7.9301603698944101	0.9999685446644544
7.9337703499289933	1.0000318418777905
7.9374112619746366	0.9999711408170120
7.9410798669802531	1.0000288592213582
7.9447765961065855	0.9999734262999551
7.9484990097996082	1.0000262386977634
7.9522490044313328	0.9999756857238290
7.9560265955236975	1.0000233968213195
7.9598381483903022	0.9999787761308315
7.9636917923714421	1.0000188761391577
7.9676098161065410	0.9999847395366382
7.9716357720316928	1.0000134042723225
7.9759067670747106	0.9999457317305898
7.9828273217392622	1.0001267462009944
7.9877222455636510	1.0000202396919255
7.9920452199399916	1.0000400912512393
7.9961633540062635	0.9999953655694258
8.0002735871788229	1.0000194204620896
8.0045726987767551	0.9999472400508688
8.0115145722723060	1.0001267731374675
8.0164868504887075	1.0000224488960912
8.0210811117697105	1.0000827409398261
8.0281917524984880	0.9998669641242078
8.0330814009906781	0.9999857781180790
8.0372346589464865	0.9999461392175697
8.0410484411963807	1.0000212082582476
8.0447046393317301	0.9999556767533572
8.0482739420572855	1.0000342053433557
8.0517923304563030	0.9999563976171004
8.0552753424955306	1.0000396321308875
8.0587361679692737	0.9999558416524268
8.0621816762359444	1.0000416223013233
8.0656207164102316	0.9999559264973134
8.0690579928051172	1.0000415490438259
8.0725008651860719	0.9999571116429027
8.0759532422001143	1.0000399402517774
8.0794222667516227	0.9999595502051211
8.0829124128987697	1.0000368354614120
8.0864324421312439	0.9999636004493401
8.0899899276137130	1.0000317021328335
8.0935992017040483	0.9999702718820838
8.0972776010651142	1.0000229975411570
8.1010579039861632	0.9999815303065932
8.1049968200077416	1.0000123627742603
8.1092441444945607	0.9999479492905681
8.1161383300015952	1.0001351920805690
8.1206557245246369	1.0000099775677214
8.1245104785612821	1.0000638715266581
8.1281168115847038	0.9999738560233974
8.1316407686925540	1.0000471672696916
8.1351449785215095	0.9999653279157639
8.1386544370870713	1.0000394162719182
8.1421825717073784	0.9999650589364905
8.1457366736930084	1.0000339072049131
8.1493270350369151	0.9999686733707325
8.1529639789639319	1.0000272911147523
8.1566671008160778	0.9999763331552016
8.1604647290532526	1.0000166727842332
8.1644157944214939	0.9999861256933585
8.1686651322348975	1.0000509282192991
8.1755741426086761	0.9998662783285696
8.1801886681690466	0.9999852187198069
8.1841667927696520	0.9999423570531190
8.1879057179717982	1.0000177128986605
8.1915792583152616	0.9999616964926696
8.1952568005003190	1.0000221911980118
8.1989826508567827	0.9999742737046030
8.2027934829372722	1.0000152211077342
8.2067518256095404	0.9999854414348445
8.2110032191931470	1.0000508299301825
8.2179050770353648	0.9998650325674689
8.2224843951978350	0.9999870899923888
8.2264039488194847	0.9999379124470770
8.2300611479850598	1.0000233217294865
8.2336234288840640	0.9999529973623544
8.2371491677038051	1.0000333670224031
8.2406648889195662	0.9999584340084048
8.2441780222649772	1.0000360652176592
8.2476948017052276	0.9999607908577700
8.2512159335214932	1.0000362978368349
8.2547452533097321	0.9999623916319313
8.2582834666727774	1.0000353220610914
8.2618352710432745	0.9999642908252506
8.2654030991996592	1.0000332031837553
8.2689942168873021	0.9999672997490722
8.2726149196718737	1.0000293089176278
8.2762785338269698	0.9999726485025017
8.2800013446194445	1.0000220143675547
8.2838149505204850	0.9999824452989517
8.2877742838966864	1.0000127325349955
8.2920271483666230	0.9999475698285196
8.2989217387258254	1.0001344714292837
8.3034847239900991	1.0000108754230981
8.3073765043395742	1.0000628147614889
8.3110024805173701	0.9999736797778319
8.3145276008580495	1.0000484196340182
8.3180138343625405	0.9999629913501282
8.3214845062106910	1.0000434477999853
8.3249501736964948	0.9999597423442838
8.3284136374242141	1.0000415830098066
8.3318783044938627	0.9999588896179294
8.3353439722390910	1.0000406754186215
8.3388132057115918	0.9999589617902210
8.3422854900509300	1.0000399268072073
8.3457635177468745	0.9999595370523799
8.3492470128663978	1.0000389998169139
8.3527391119194743	0.9999605615057344
8.3562401311855652	1.0000376654103111
8.3597540736674052	0.9999621751391751
8.3632824450672558	1.0000356282918657
8.3668309868375470	0.9999647313971433
8.3704037078444387	1.0000323517048615
8.3740101844459680	0.9999689886692079
8.3776604029742021	1.0000267002373349
8.3813740353132218	0.9999766172224116
8.3851793370251748	1.0000165952517839
8.3891350668113560	0.9999861951324833
8.3933856788123755	1.0000511782959880
8.4003338153657907	0.9998739377602903
8.4052258772385695	0.9999756991775005
8.4098000964698798	0.9999187463524588
8.4163761936072117	1.0002271755360079
8.4216226898389355	0.9999243873988474
8.4266614951666288	1.0002991869051607
8.4301295194981769	0.9999313110107789
8.4334276122302754	1.0000223190561126
8.4368421512350054	0.9998880431312308
8.4404689541550901	0.9999014458412691
8.4443138388550913	0.9998597497421599
8.4483271191609290	0.9998789855897990
8.4525882516021174	0.9998048298658238
8.4586081404095950	1.0001330575537692
8.4718710933389065	1.0003445832580329
8.4800734095518671	0.9996988194896163
8.4998688227276169	0.9999452723215323
8.5045068123760394	1.0000487070809485
8.5090297134260879	1.0000337538062642
8.5180931028952642	1.0001241002335499
8.5237490454689127	0.9997110398490870
8.5321801352722417	1.0003735065223787
8.5361768857485938	1.0001401027871910
8.5394757586003234	1.0002238210691461
8.5428851086803359	1.0001020780483458
8.5465870631997820	1.0001119256241149
8.5507802740593899	1.0000302927317355
8.5578211050161652	1.0001723918855960
8.5622022521919465	1.0000436191105551
8.5661426443400366	1.0000647247577801
8.5700939567677334	1.0000103982309476
8.5743558521052741	1.0000594249048684
8.5813572018701958	0.9998696618377704
8.5860055342069099	0.9999750490327270
8.5901098402071430	0.9999446974608734
8.5940505173825628	0.9999962860747300
8.5979768015559532	0.9999624986655509
8.6019314879697149	0.9999982705406235
8.6059267213778678	0.9999671690613289
8.6099550041031740	0.9999978917675965
8.6140098256427606	0.9999683569079847
8.6180838744440091	0.9999978203096408
8.6221832882471396	0.9999716065772195
8.6263296620541574	1.0000003119632828
8.6306347580053959	0.9999308398377658
8.6378038153459080	1.0000702389732681
8.6425540964488601	0.9999870444395073
8.6467513893806913	0.9999941481688808
8.6509039723973533	1.0000010369218248
8.6552075953475160	1.0000224915168952
8.6594989932539228	0.9999578713141030
8.6656862603824560	1.0001954818936121
8.6752269084642109	0.9997393713436022
8.6788218693362520	0.9999646672321010
8.6824771655801065	0.9999307330865619
8.6864010714571815	1.0000378426121344
8.6905419055712976	1.0000777631960047
8.6948174380730414	1.0000837798313791
8.7031416870415814	0.9997080677554323
8.7062056528231775	0.9999480313743223
8.7096795261328150	0.9998124355358310
8.7130963383539655	0.9999346236521351
8.7164662776479265	0.9998713549436442
8.7198156483699751	0.9999995823933150
8.7231810659111630	0.9999357601216424
8.7265829018630630	1.0000417731862219
8.7300584418303000	0.9999808496186970
8.7336307713562231	1.0000503006192212
8.7373357780719747	1.0000078627297400
8.7412290918075595	1.0000404919980350
8.7454643698782384	0.9999758599212936
8.7524152406254174	1.0001474162883439
8.7571881718859750	1.0000396713679576
8.7614952730269184	1.0000511382307944
8.7658692493190102	0.9999675842999886
8.7729118265698727	1.0001414652301808
8.7777566098176951	1.0000305813591726
8.7820974032278603	1.0000428860284223
8.7864816950540376	0.9999598211948794
8.7935339673842670	1.0001351814280877
8.7984549529497311	1.0000275132889405
8.8030378810988612	1.0000825910829354
8.8102074449104304	0.9998708600337541
8.8151332673761029	0.9999783267444025
8.8195105505992135	0.9999623217308574
8.8239053224707700	1.0000439552196465
8.8309120873828402	0.9998565202815060
8.8354951709051814	0.9999852615869443
8.8393896589927241	0.9999348749304786
8.8430250228513252	1.0000225955954545
8.8465802515412513	0.9999533012530688
8.8501194722920591	1.0000306185751502
8.8536748486716004	0.9999626391022410
8.8572609319282876	1.0000292608777379
8.8608946079085289	0.9999706942282893
8.8645931212056563	1.0000222364749092
8.8683887546060465	0.9999818911077629
8.8723370998565656	1.0000125815766434
8.8765869686997263	0.9999478863940576
8.8834853176035011	1.0001342476353399
8.8880482049469745	1.0000114646332070
8.8919512198187842	1.0000615125559873
8.8956006911693404	0.9999757607128030
8.8991621291977570	1.0000453244768766
8.9026988507090756	0.9999669614244168
8.9062364652317108	1.0000381846430921
8.9097889062158355	0.9999663153213937
8.9133637954843774	1.0000331605720649
8.9169717062711396	0.9999695427200840
8.9206231249186363	1.0000269455871951
8.9243377426671326	0.9999768206333980
8.9281438241206974	1.0000166884322692
8.9321000359329119	0.9999862667626236
8.9363507794062826	1.0000512504658448
8.9432912020595499	0.9998725590717029
8.9481289502974271	0.9999761343051303
8.9524832923543958	0.9999615981862789
8.9568690794825336	1.0000435603121476
8.9637760422897248	0.9998410552117296
8.9678855677512832	1.0000043097228788
8.9712688202361921	0.9998990847338262
8.9744234305580459	1.0000496750115846
8.9775271839434225	0.9999207766207896
8.9806362247692935	1.0000580955866532
8.9837754468564377	0.9999348916616244
8.9869517588544827	1.0000564885310681
8.9901722287630310	0.9999451777330606
8.9934384729285526	1.0000512929942131
8.9967561365488873	0.9999541249588997
9.0001283384614172	1.0000441112839173
9.0035639972150445	0.9999634963003438
9.0070725114747088	1.0000344370625049
9.0106735029292775	0.9999754623155895
9.0143961746692387	1.0000203561137679
9.0183019181139503	0.9999884601327069
9.0225390284628020	1.0000514558060905
9.0294994140333866	0.9998754566936007
9.0343513047316382	0.9999762813957747
9.0389150460328764	0.9999208926578632
9.0460946070877881	1.0001277402718061
9.0510468215395008	1.0000223502062253
9.0556410002140630	1.0000789583536600
9.0628100589146321	0.9998645688097365
9.0675623234401961	0.9999820200237139
9.0716679763119732	0.9999503873739746
9.0755945698551237	1.0000040609641567
9.0795832032247432	0.9999778204848326
9.0838478985438815	1.0000457814831527
9.0907865544881759	0.9998638518208268
9.0954133706627420	0.9999811294193037
9.0994380715712655	0.9999454432512319
9.1032730553033172	1.0000082894117950
9.1071135065972371	0.9999729621107414
9.1110739651281047	1.0000075826380368
9.1153293857286162	0.9999448913574263
9.1222678661237921	1.0001268453650174
9.1270241810238879	1.0000188953481752
9.1312377381949226	1.0000395328241858
9.1353426319026170	0.9999962335154853
9.1396469590208032	1.0000575231385151
9.1466112855250383	0.9998692211862465
9.1513471633182419	0.9999806780665529
9.1554957529506922	0.9999531956962110
9.1594692289755368	1.0000040163937185
9.1634894379545919	0.9999786706471758
9.1677623555899235	1.0000478453579673
9.1747055900995420	0.9998674706361690
9.1794453286108926	0.9999795257086144
9.1836034615626065	0.9999532200920512
9.1875853800299847	1.0000038682537771
9.1916110210010924	0.9999787706172547
9.1958853977341164	1.0000482051073707
9.2028447668606272	0.9998709756957262
9.2078496612161160	1.0000253393046581
9.2152738354974915	0.9998260516501701
9.2200023263785109	0.9999802274353596
9.2238464578390520	0.9999201723441725
9.2273402647672658	1.0000312977958723
9.2307011571856563	0.9999354747643168
9.2340040135156123	1.0000469237730301
9.2372818430467554	0.9999406190178488
9.2405451752360026	1.0000523169214928
9.2438024506448961	0.9999425147172746
9.2470558057331793	1.0000539911786646
9.2503101067670936	0.9999436436417387
9.2535662537750660	1.0000539446853169
9.2568283812268035	0.9999449055624158
9.2600970887665515	1.0000528875289951
9.2633762888845315	0.9999466024604952
9.2666665468984686	1.0000510778269802
9.2699718402295304	0.9999488598106842
9.2732930024641078	1.0000485608055911
9.2766344599587960	0.9999518083792041
9.2799978097453639	1.0000452184682207
9.2833885905444333	0.9999556950473072
9.2868101068763025	1.0000407182724207
9.2902703993904012	0.9999610314964559
9.2937766554999435	1.0000343165936170
9.2973430682036931	0.9999689340378495
9.3009871436642566	1.0000243714112076
9.3047421146507716	0.9999813808285898
9.3086656720880239	1.0000126326560517
9.3129088505493041	0.9999487613720734
9.3197819118170795	1.0001401226342084
9.3241466148962964	1.0000050726574961
9.3278342836139583	1.0000746859887630
9.3312827835800523	0.9999664920656908
9.3346588403927946	1.0000571898744559
9.3380228503033837	0.9999578634883700
9.3413980746558369	1.0000480612289167
9.3447966922538281	0.9999580052814562
9.3482248246052073	1.0000414878006054
9.3516910052665558	0.9999620101166075
9.3552026595637159	1.0000344399501477
9.3587738083669247	0.9999693626976890
9.3624218472872442	1.0000243758418617
9.3661798092175061	0.9999815192137308
9.3701052029561520	1.0000126856749647
9.3743488681875569	0.9999487295758346
9.3812362815390902	1.0001373641463713
9.3856866434520843	1.0000085330279240
9.3894756468111300	1.0000675059778803
9.3930308558998430	0.9999728380489008
9.3965217558716851	1.0000483454202778
9.4000141654400053	0.9999667816608385
9.4035383246649413	1.0000367198425557
9.4071159759865299	0.9999709362412404
9.4107679713495003	1.0000250951911411
9.4145283353773372	0.9999819983410889
9.4184551006844810	1.0000129289010962
9.4226991354878287	0.9999488108023971
9.4296506621290810	1.0001253090991520
9.4345226025468598	1.0000238109402753
9.4390898520333053	1.0000799724469411
9.4462201726868944	0.9998651018751330
9.4509468743861582	0.9999849639527076
9.4550001947247004	0.9999473967314979
9.4588364818800788	1.0000108242330392
9.4626702637918054	0.9999743696568161
9.4666247712505012	1.0000090659743370
9.4708788757680171	0.9999465049530664
9.4778358765913957	1.0001251672253642
9.4828356606459430	0.9999732111351840
9.4902741751566921	1.0001711223343499
9.4950395318451566	1.0000212846177268
9.4989592954408533	1.0000717628035849
9.5025643243229680	0.9999757099628233
9.5060642857788995	1.0000516790024818
9.5095345193815621	0.9999642263948287
9.5130024320136002	1.0000434613422386
9.5164787926708776	0.9999617261732183
9.5199655546406188	1.0000396629580341
9.5234645840598127	0.9999617580311447
9.5269738984059327	1.0000376505879620
9.5304940617890903	0.9999623948484573
9.5340223676250240	1.0000364605155534
9.5375591831285309	0.9999630258615956
9.5411016814093710	1.0000357371239113
9.5446502986059798	0.9999634824178278
9.5482023456926655	1.0000353128245851
9.5517585421656577	0.9999637734549707
9.5553165927512609	1.0000350476468101
9.5588777671980871	0.9999640085457312
9.5624404703677826	1.0000347638748655
9.5660068583270892	0.9999643840169252
9.5695764230158655	1.0000342091295225
9.5731526691375581	0.9999652002367460
9.5767367622882968	1.0000330092937777
9.5803343707107107	0.9999669253260627
9.5839495321076100	1.0000305547060697
9.5875920052929562	0.9999703843741593
9.5912719450133057	1.0000256778980787
9.5950091608639614	0.9999772583785890
9.5988317999896804	1.0000163049637227
9.6027980960057402	0.9999861650290272
9.6070516085395035	1.0000515331090742
9.6139573523607709	0.9998664478394896
9.6185854943616231	0.9999855244638710
9.6225677301340031	0.9999420129395288
9.6262982266517625	1.0000190741485802
9.6299499102585564	0.9999597191527347
9.6335900218144790	1.0000252450280613
9.6372577178606758	0.9999700135365454
9.6409787541222070	1.0000208641303672
9.6447893730297150	0.9999816209838253
9.6487463479229501	1.0000123334137350
9.6529986665983110	0.9999474602856235
9.6598918694819744	1.0001348364173825
9.6644389238777304	1.0000104492153075
9.6683143704620047	1.0000635963287898
9.6719274316320298	0.9999733592824944
9.6754443415196931	1.0000486100330448
9.6789280889883642	0.9999633461591565
9.6824033142692070	1.0000426205135744
9.6858822953692947	0.9999612751968158
9.6893700920274028	1.0000392114471623
9.6928730861632815	0.9999623266007049
9.6963950184559540	1.0000358650177008
9.6999438892748895	0.9999655177261456
9.7035267709416289	1.0000310495768505
9.7071576168991882	0.9999714888387583
9.7108534572127390	1.0000228484416129
9.7146467195437971	0.9999821087939967
9.7185935372112606	1.0000127123891678
9.7228430044129581	0.9999479971827052
9.7297647176800819	1.0001299543170497
9.7344739145562293	1.0000179182484266
9.7386022906645042	1.0000458884489309
9.7425634679715234	0.9999943846638421
9.7465749656096285	1.0000198121855490
9.7508467356450357	0.9999508318163915
9.7577643890344632	1.0001356502609082
9.7623488574542545	1.0000131449106793
9.7662814704293286	1.0000594563853071
9.7699760215883682	0.9999795924588366
9.7736066025901316	1.0000393664511502
9.7772476607482162	0.9999754638536587
9.7809414132362544	1.0000256865497017
9.7847293137268494	0.9999833040354456
9.7886720307938688	1.0000134435979422
9.7929204673480275	0.9999485497170884
9.7997964746563913	1.0001390111893425
9.8042094866375304	1.0000061149651913
9.8079352010240211	1.0000730165740233
9.8114052210259182	0.9999664692787641
9.8147874012288341	1.0000575966509504
9.8181432763070919	0.9999561957025710
9.8214963309396168	1.0000505178252221
9.8248581622382716	0.9999544550138870
9.8282333686382408	1.0000461518366852
9.8316278297598672	0.9999560228012851
9.8350445350188025	1.0000420871306124
9.8384902217374997	0.9999596132383614
9.8419699644767729	1.0000369893080960
9.8454942384202990	0.9999654247369794
9.8490741050230284	1.0000294493941244
9.8527303464816285	0.9999749032201828
9.8564927494473569	1.0000173829234817
9.8604222305001112	0.9999862634981319
9.8646657562953735	1.0000502859955056
9.8715484491279373	0.9998603840811007
9.8759581741741975	0.9999921718875484
9.8796968886498711	0.9999275534619481
9.8831916947084775	1.0000299880509131
9.8866133563785876	0.9999449314558071
9.8900206110869213	1.0000383473568633
9.8934413653384077	0.9999540260723466
9.8968861216064834	1.0000378125503486
9.9003660123542385	0.9999609912205011
9.9038889163462791	1.0000329913464236
9.9074693706495172	0.9999691832306685
9.9111247353800476	1.0000238496705049
9.9148880876455170	0.9999814538579339
9.9188167228122541	1.0000126067078265
9.9230612694274161	0.9999485781765847
9.9300109394414324	1.0001254977314191
9.9350085767417742	0.9999732884652285
9.9424492116693948	1.0001701017697413
9.9472595294787425	1.0000228547397032
9.9512414627337495	1.0000671394750493
9.9549250152918614	0.9999809720809764
9.9585285021567405	1.0000428992149502
9.9621409381265238	0.9999753290527511
9.9658100477513010	1.0000270898499832
9.9695792018983038	0.9999833010884176
9.9735104478864098	1.0000136017904455
9.9777557800545189	0.9999490346584262
9.9846392250959646	1.0001381922679260
9.9890718081647947	1.0000075982304126
9.9928334617852510	1.0000697945947337
9.9963532958798478	0.9999703220190876
9.9997994398920742	1.0000520892785802
