0.0000000000000000	0.0000000000000000
1.7662134524913766	0.0010000000000000
1.7708578658626164	0.0009314397677733
1.7741114643667180	0.0011693898182686
1.7772249500035122	0.0010698745674231
1.7804143568143165	0.0012865746169177
1.7837302497822023	0.0012679660184275
1.7871691260555158	0.0014892410196419
1.7907245582247608	0.0015624732361767
1.7943822466787105	0.0018230172729959
1.7981332572948983	0.0019949120228159
1.8019622819317453	0.0023234845604102
1.8058629150863261	0.0026056339482943
1.8098194255190041	0.0030310786954449
1.8138303528757649	0.0034439415150828
1.8178794987365634	0.0040004486991044
1.8219718195153072	0.0045768574150540
1.8260897903168343	0.0053087955440739
1.8302455224103591	0.0060972768106950
1.8344184804157082	0.0070641833745363
1.8386285849843365	0.0081331697625861
1.8428500244163739	0.0094156386931225
1.8471117128115790	0.0108595092036524
1.8513798522379261	0.0125667606479982
1.8556943988753245	0.0145144869232565
1.8600103157639287	0.0167944248233859
1.8643816351582827	0.0194215664127472
1.8687480752904717	0.0224740712044865
1.8731817873505203	0.0260188033387344
1.8776023505493260	0.0301127647789615
1.8821049738905291	0.0348962327319984
1.8865834675862185	0.0403901742499832
1.8911614143195865	0.0468401549020033
1.8957013020521318	0.0542047566314868
1.9003593011391569	0.0628782020853478
1.9049632589163537	0.0727157845983578
1.9097016753539762	0.0843082504014211
1.9143712277604399	0.0973579972341597
1.9191818278709170	0.1126745663955716
1.9239161781446594	0.1297794152774593
1.9287748431327612	0.1496182013438196
1.9335713161655739	0.1716267190582067
1.9384335744484045	0.1965372082348601
1.9432465173311042	0.2238629720271026
1.9481307053573746	0.2542924639998744
1.9573925214049126	0.3198453934762950
1.9625437493603008	0.3597529508093801
1.9671221104794914	0.3972615499786626
1.9713331955527391	0.4330130977128787
1.9758863124576278	0.4726753033785440
1.9803853056912171	0.5123829320950659
1.9852562942258851	0.5554676452947993
1.9902303107173509	0.5984836902604795
1.9964686404733218	0.6514888141293680
2.0097442007205495	0.7509898906075391
2.0210334290712408	0.8201957438327453
2.0250444090687472	0.8410721824462678
2.0288455564019827	0.8588938196148127
2.0325776554857056	0.8748675205502146
2.0363800526978113	0.8894390681246003
2.0401069779803911	0.9023735412076505
2.0438624759093633	0.9139299327537511
2.0475123614611235	0.9240828482017879
2.0511763836426318	0.9330445480289277
2.0547445399242297	0.9409528651522973
2.0583252952165347	0.9478716520017372
2.0618224751267080	0.9540289282293913
2.0653262615313541	0.9593534087242673
2.0687581795787362	0.9641497605674807
2.0721971278366400	0.9682475921260765
2.0755855955385094	0.9720055120194134
2.0789952370758593	0.9751849319066185
2.0823854079053383	0.9781599357686936
2.0858208353440846	0.9806612777092856
2.0892731298067875	0.9830395854088636
2.0928035371341003	0.9850403846617610
2.0963986573949351	0.9869546053697007
2.1001314335874519	0.9885940299010328
2.1040324236837109	0.9901562938759343
2.1082893620899466	0.9915287299356411
2.1149696682663830	0.9935713751175758
2.1196747011535608	0.9945041238153755
2.1237328148570054	0.9953123340528428
2.1276243560712862	0.9958950085705203
2.1315840538362276	0.9964845114080308
2.1358498768765686	0.9969366123791686
2.1426804120631573	0.9978069483397753
2.1470732333683245	0.9980254637711685
2.1507888104447148	0.9983483222305520
2.1542774951574550	0.9984565029655315
2.1577029852360776	0.9987221149380616
2.1611252207478304	0.9987907272934854
2.1645599302715084	0.9990146763677120
2.1680155044898850	0.9990562552051980
2.1714891695150009	0.9992456764880414
2.1749831003430433	0.9992651552082504
2.1784931927654227	0.9994263826880505
2.1820216217317148	0.9994282965927027
2.1855656648934683	0.9995664878349274
2.1891288920279872	0.9995554892438195
2.1927110889688222	0.9996741193498389
2.1963186527053971	0.9996553139881805
2.1999558620478004	0.9997555628293798
2.2036353787431393	0.9997355060747180
2.2073719273813870	0.9998149233887625
2.2111965312642701	0.9998036031552355
2.2151626750291427	0.9998584499718226
2.2194176555826433	0.9998157537858181
2.2263112998379961	1.0000321495609497
2.2309068558155070	0.9999262573860346
2.2348338514092023	0.9999871657817397
2.2384922149401958	0.9999107550511809
2.2420473839861370	0.9999903436887122
2.2455620408559680	0.9999152088121154
2.2490606639087973	0.9999984637482850
2.2525543239653971	0.9999235094282464
2.2560466376182196	1.0000064958742507
2.2595412663716035	0.9999316164589924
2.2630385126150250	1.0000131008793438
2.2665409457195320	0.9999386408605534
2.2700481668862316	1.0000181129334222
2.2735625064047542	0.9999445349270991
2.2770832754017882	1.0000217277525314
2.2806126795413655	0.9999494576141895
2.2841498447650235	1.0000242071582872
2.2876969100836142	0.9999536010799838
2.2912529148247924	1.0000257785965212
2.2948200454935872	0.9999571574754811
2.2983974328579415	1.0000265942805668
2.3019875574827555	0.9999603394130215
2.3055900121816282	1.0000266903589927
2.3092081194610605	0.9999634446522255
2.3128427691361519	1.0000258996223694
2.3164994253033182	0.9999670061510455
2.3201823510048349	1.0000236293330633
2.3239026388372417	0.9999721651536155
2.3276740953694057	1.0000183097791109
2.3315255551536636	0.9999811264866093
2.3355086298853811	1.0000110892571628
2.3397679324344773	0.9999453078614069
2.3466798255134482	1.0001289735859580
2.3514077561832258	1.0000149013079980
2.3555050068046652	1.0000503415832758
2.3593490881380319	0.9999829727861077
2.3631021447119203	1.0000339556156597
2.3668301072019919	0.9999756258709274
2.3705627171130645	1.0000268804657164
2.3743202124859373	0.9999766163446983
2.3781203075248203	1.0000201763442724
2.3819927025458543	0.9999834426369868
2.3859886282320937	1.0000127381142718
2.3902514972101434	0.9999461952643546
2.3971804711430953	1.0001262115817564
2.4021845658974228	0.9999715955775618
2.4095906388492696	1.0001716439506296
2.4222208114147556	1.0004474896506785
2.4310091049000775	0.9997785595442570
2.4354627728475760	0.9999769535567727
2.4389391762326897	0.9998796865971540
2.4423549488353977	0.9999837733780167
2.4458687144049120	0.9999240274736647
2.4495309532557230	0.9999811907858501
2.4534026470700692	0.9999564221539278
2.4576286474298681	1.0000281959146853
2.4643566431704120	0.9998301493638585
2.4685774405903564	0.9999815672558043
2.4721476329243792	0.9999080841615565
2.4755507379601580	1.0000212196107121
2.4789562372637874	0.9999434725429291
2.4824107919459117	1.0000302613286818
2.4859283392164051	0.9999638348791242
2.4895045417981385	1.0000325181976042
2.4931361457641006	0.9999752178435228
2.4968169758017611	1.0000317485227943
2.5005491858118640	0.9999826691720050
2.5043385669920148	1.0000271746752900
2.5082078824573606	0.9999909330777829
2.5122032515451513	1.0000201165379217
2.5164657497940017	0.9999532827447941
2.5233802544165869	1.0001351141963659
2.5280164179565654	1.0000145878305231
2.5320016427630700	1.0000566358284202
2.5357356143387726	0.9999788111079781
2.5393899268580529	1.0000369675985139
2.5430345495431816	0.9999712110694577
2.5467003329273541	1.0000271608388087
2.5504065838535266	0.9999735826256657
2.5541692368239142	1.0000198185528213
2.5580158026070281	0.9999828323331252
2.5619964755555085	1.0000136064624909
2.5662549476630607	0.9999491003264518
2.5731619978040423	1.0001360092846894
2.5778226028344378	1.0000203862562347
2.5818582995324744	1.0000583279630642
2.5856872794850627	0.9999948361658573
2.5895127911404798	1.0000318577275638
2.5934632296909115	0.9999966278846385
2.5977151598794390	1.0000580607114549
2.6046176745169380	0.9998656819152323
2.6087828496417451	1.0000106117076328
2.6123444439077863	0.9999347999673573
2.6157703967132022	1.0000385846148905
2.6192470746579990	0.9999713760265719
2.6228604143892214	1.0000298710839775
2.6266973008684924	0.9999978605738182
2.6309169655059881	1.0000595239262204
2.6378193633396281	0.9998709148954036
2.6422112535190156	0.9999900592114258
2.6460626649116770	0.9999416896442955
2.6498254903455614	1.0000008472427209
2.6537249646431755	0.9999740581567212
2.6579637570491697	1.0000490250331628
2.6636830998799099	0.9996848243378677
2.6690881918137332	1.0002338474709338
2.6771140531070001	0.9997157375478737
2.6855573117747498	0.9995406506105503
2.6932219066948329	1.0001744926103919
2.6976633461302924	1.0000014209050350
2.7008887596371660	1.0001525201895254
2.7038754367094380	0.9999769566495810
2.7068382005903402	1.0001260298131613
2.7098319401940998	0.9999678987956044
2.7128667733951208	1.0001017283960287
2.7159445357422087	0.9999606483952552
2.7190561828106463	1.0000839170901223
2.7222065920719345	0.9999579530563106
2.7253845238600709	1.0000723463592245
2.7285866889832158	0.9999522425835524
2.7318084783689476	1.0000633832444514
2.7350477645826570	0.9999489991404548
2.7383003847640612	1.0000565963178207
2.7415669291307716	0.9999467216086401
2.7448454089047165	1.0000513444020827
2.7481379069161398	0.9999459615304079
2.7514437850811881	1.0000471467142038
2.7547660420023554	0.9999467379093145
2.7581049139625828	1.0000435188687253
2.7614642090818542	0.9999489480090253
2.7648451691803846	1.0000399491959580
2.7682528735323495	0.9999525953814539
2.7716903725704918	1.0000358048809888
2.7751653358968067	0.9999579881665525
2.7786847397573835	1.0000301140145931
2.7822624713945681	0.9999660938559046
2.7859158227014666	1.0000210656027577
2.7896777087665772	0.9999788099146351
2.7936054922275511	1.0000102525999064
2.7978497957531117	0.9999465485590099
2.8047203527859725	1.0001387850491281
2.8090790829642307	1.0000030872124854
2.8127526476491527	1.0000750438015720
2.8161781617814978	0.9999633603506787
2.8195208218850509	1.0000595929834992
2.8228389684444668	0.9999530272501568
2.8261532334392512	1.0000529280938542
2.8294726019481451	0.9999506879254721
2.8327990078486853	1.0000496647627668
2.8361354675955184	0.9999509599731353
2.8394816062733699	1.0000475170428651
2.8428400800012108	0.9999522881462841
2.8462106085579690	1.0000455136639810
2.8495963753934572	0.9999542720058374
2.8529978184652913	1.0000431636875664
2.8564191213337748	0.9999569605444767
2.8598620765023011	1.0000400572566799
2.8633327269285882	0.9999606980722969
2.8668355263767848	1.0000356021679233
2.8703804961400379	0.9999662537117743
2.8739782394102664	1.0000286381896810
2.8776491400183941	0.9999752981470221
2.8814225141923369	1.0000171306081698
2.8853586981435142	0.9999862135003839
2.8896040219736756	1.0000504894533262
2.8965106597274461	0.9998651834392889
2.9010769464275219	0.9999861316086477
2.9050100013402771	0.9999407039223113
2.9087191299186475	1.0000176713844058
2.9123835843109425	0.9999627094983293
2.9160797105598331	1.0000191132168537
2.9198648465502068	0.9999793422847333
2.9238043012806596	1.0000114018646820
2.9280521761452820	0.9999476664964537
2.9349338347636524	1.0001379402542048
2.9393657573132490	1.0000068903966843
2.9431172841994422	1.0000709968585926
2.9466156844954257	0.9999681095803497
2.9500270876030670	1.0000554618583415
2.9534118302923891	0.9999579050572941
2.9567921957868162	1.0000487813784553
2.9601784069921182	0.9999557172672259
2.9635735560457275	1.0000452140196263
2.9669817843840276	0.9999563404471857
2.9704040726099232	1.0000424228791898
2.9738446636199072	0.9999583813095982
2.9773054061096231	1.0000392988918749
2.9807922712901305	0.9999617037810717
2.9843096372374096	1.0000349998260165
2.9878674196398389	0.9999669110749045
2.9914760903706359	1.0000282763749389
2.9951558769272624	0.9999756186949654
2.9989358763542948	1.0000170473225953
3.0028761048203094	0.9999862332770273
3.0071225189188744	1.0000506497925317
3.0140474544252691	0.9998688305894963
3.0187392465286420	0.9999811634489896
3.0228541809789826	0.9999525848311878
3.0268038128451211	1.0000045796351598
3.0308099595194475	0.9999790583209103
3.0350789819619561	1.0000478146430545
3.0420083846841166	0.9998647766892463
3.0466323758405491	0.9999837258695885
3.0506317390510111	0.9999442369066115
3.0544143837259501	1.0000136881241042
3.0581661117859804	0.9999682985220987
3.0619758045738097	1.0000128448531427
3.0659285220403212	0.9999839207924696
3.0701789994471147	1.0000496638767968
3.0771068670354369	0.9998684627887814
3.0818059723972198	0.9999808682630345
3.0859273241522716	0.9999526751012241
3.0898816603752270	1.0000044930761007
3.0938906209592965	0.9999790440864235
3.0981604160918570	1.0000479018014050
3.1050793320738745	0.9998629324431768
3.1096434288390036	0.9999864741793018
3.1135519513053160	0.9999376433120252
3.1172129311064833	1.0000215763426363
3.1207990215021235	0.9999557785187325
3.1243738198360189	1.0000285258036605
3.1279713048088551	0.9999656457815120
3.1316097707994013	1.0000257459861845
3.1353126831944960	0.9999754420533955
3.1391095288433024	1.0000162904818366
3.1430600137368909	0.9999859583374039
3.1473091949230292	1.0000508638333006
3.1542048794526831	0.9998637603781575
3.1587342704609696	0.9999887479995462
3.1625950938512739	0.9999344195616144
3.1661930806039833	1.0000261984622640
3.1696964387451461	0.9999492271927759
3.1731631939736018	1.0000366868848478
3.1766195537313089	0.9999547104060941
3.1800729977257687	1.0000395446151518
3.1835300077742761	0.9999571961652520
3.1869917679261222	1.0000397112291828
3.1904626636105808	0.9999590543832422
3.1939440903532530	1.0000384436323553
3.1974414416107968	0.9999613927244944
3.2009579396385384	1.0000358036674768
3.2045016128010602	0.9999650478070439
3.2080795894200747	1.0000311657781260
3.2117060093715706	0.9999712471102492
3.2153980797770201	1.0000229331047592
3.2191884429913724	0.9999820371060739
3.2231334617560119	1.0000126988127238
3.2273824469833219	0.9999480534493500
3.2342914672618090	1.0001324223027177
3.2389143696708524	1.0000144576776999
3.2429131354614804	1.0000542434853608
3.2466970563580144	0.9999849717048785
3.2504477536601373	1.0000305127573128
3.2542579253860939	0.9999859795271524
3.2582093799271967	1.0000149471767903
3.2624607902520686	0.9999492055320173
3.2693774986020001	1.0001321303170250
3.2740260342606935	1.0000159542715124
3.2780671724548069	1.0000512385756155
3.2819137937193310	0.9999890691658169
3.2857591439625589	1.0000243951184176
3.2897234359161271	0.9999899402623692
3.2939787424079365	1.0000528324928686
3.3009278202425243	0.9998726357265417
3.3057428774514714	0.9999763442018822
3.3100795162133103	0.9999616317042938
3.3144606076707981	1.0000430495833719
3.3214811739324555	0.9998610665185753
3.3262148330134762	0.9999787247276741
3.3303399441452957	0.9999509023822392
3.3342890888390251	1.0000039748046690
3.3382930750498514	0.9999786482369253
3.3425617354051051	1.0000474643792923
3.3494710881196439	0.9998605427574031
3.3539570645363774	0.9999888814381059
3.3577770583917963	0.9999324412170362
3.3613538593124805	1.0000251467295738
3.3648625216107222	0.9999513258802009
3.3683671401436062	1.0000316103471920
3.3719021719903335	0.9999626184360498
3.3754867434134379	1.0000277213668269
3.3791453882386611	0.9999739972582883
3.3829089825647318	1.0000168531998457
3.3868390933249017	0.9999859805088840
3.3910827900851834	1.0000501556785302
3.3980277117963138	0.9998720207922188
3.4028276921967309	0.9999760107009813
3.4071545741763947	0.9999614108524908
3.4115329380379062	1.0000426206992996
3.4185200916054712	0.9998546049293647
3.4230301916971633	0.9999871042649118
3.4268492721971220	0.9999306111579243
3.4304184811889797	1.0000249502181107
3.4339189352299684	0.9999504568806172
3.4374162899392240	1.0000316942044045
3.4409453775066674	0.9999622253412945
3.4445252539433264	1.0000278070018924
3.4481803449771897	0.9999738495354571
3.4519414204511603	1.0000168724865808
3.4558700359760537	0.9999859717041789
3.4601133228394469	1.0000500996988004
3.4670682237459900	0.9998738350401392
3.4719381161945204	0.9999752815434738
3.4765065492698359	0.9999193892423442
3.4836797092304259	1.0001273040047078
3.4886493337893820	1.0000219532193024
3.4932480556657342	1.0000796926760736
3.5003754534659439	0.9998590987697442
3.5049295983226587	0.9999916729655960
3.5087414797090384	0.9999306797551742
3.5122842693454128	1.0000282583987021
3.5157489216642168	0.9999483283098021
3.5192033233731119	1.0000351166893962
3.5226809888198871	0.9999586988249383
3.5261976560529935	1.0000323868044410
3.5297713164568045	0.9999682892074290
3.5334205472354081	1.0000237500225351
3.5371791626286435	0.9999812007201404
3.5411048525030999	1.0000125252398453
3.5453486233919085	0.9999486514604456
3.5522907882782460	1.0001270592395231
3.5570887134528593	1.0000229030936161
3.5614116310340296	1.0000375654983125
3.5657902659056036	0.9999564099904695
3.5728083697645783	1.0001385615246601
3.5775186909121235	1.0000199626649964
3.5816189772490512	1.0000488903622282
3.5855514803093245	0.9999948997173339
3.5895440824411540	1.0000203780072809
3.5938108571621332	0.9999518275937920
3.6007051900843785	1.0001411595947058
3.6051062951652226	1.0000069023530362
3.6088257313067644	1.0000733362618879
3.6122999947161647	0.9999678039715735
3.6156961888813894	1.0000562532767123
3.6190742040578709	0.9999582828915120
3.6224559803302760	1.0000482671074713
3.6258515593204850	0.9999569800754697
3.6292640950966435	1.0000435698878629
3.6326980222791971	0.9999586098343763
3.6361549870058112	1.0000396149599307
3.6396404079390008	0.9999618989507519
3.6431581186402977	1.0000349812855687
3.6467174352397942	0.9999670961317214
3.6503282839423514	1.0000281843885694
3.6540103784177451	0.9999757297503189
3.6577923690534488	1.0000170173534930
3.6617338890258231	0.9999862391536468
3.6659806362901795	1.0000507010050974
3.6729322172334413	0.9998739260193762
3.6778130039893564	0.9999755011931191
3.6823842585129993	0.9999190804144508
3.6895179072602575	1.0001335118300909
3.6942594363011829	1.0000135793740215
3.6983122480760962	1.0000527123719769
3.7021243308422940	0.9999849692563562
3.7058920949690686	1.0000298512357559
3.7097133278334096	0.9999859762294844
3.7136711029002099	1.0000148854822335
3.7179242781598245	0.9999489797992367
3.7248142143823046	1.0001369198132033
3.7293078043126973	1.0000090461310234
3.7331230317345190	1.0000673398068132
3.7366791870480554	0.9999709251531664
3.7401441326660416	1.0000518281720423
3.7435814553083264	0.9999612064564917
3.7470169864784868	1.0000446862747694
3.7504648691983502	0.9999602425676972
3.7539328523512130	1.0000395163912483
3.7574308742023637	0.9999633457087436
3.7609675802250053	1.0000334035058502
3.7645580694778791	0.9999700298842015
3.7682205673039055	1.0000239659059915
3.7719886829966738	0.9999816956400154
3.7759200835005826	1.0000127048568477
3.7801653985626569	0.9999485347692399
3.7870408547033025	1.0001393556609084
3.7914340239524171	1.0000060061337086
3.7951504512624297	1.0000727644230956
3.7986264771713913	0.9999680934224636
3.8020314668998281	1.0000548119784478
3.8054288294503578	0.9999604249103996
3.8088450020271662	1.0000445951748815
3.8122957840601006	0.9999622334403743
3.8157920457806158	1.0000359307826727
3.8193491658965826	0.9999691584526117
3.8229854749299874	1.0000249945397901
3.8267345496718161	0.9999814794810700
3.8306545169487034	1.0000127502960114
3.8348967314455495	0.9999489584514792
3.8418497072587030	1.0001253136096919
3.8467161591015335	1.0000239117889913
3.8512819893893178	1.0000798290884259
3.8584029131651754	0.9998631415794432
3.8630550883415422	0.9999873288129386
3.8670135583002772	0.9999417535648454
3.8707416229914555	1.0000162038130131
3.8744434094621893	0.9999666910596944
3.8782145015197180	1.0000135673322370
3.8821434137313520	0.9999839690871536
3.8863875330227442	1.0000488449722165
3.8933371821721496	0.9998713644934455
3.8981215334574171	0.9999758055347350
3.9024367587344342	0.9999612192916796
3.9068120141351179	1.0000421162402409
3.9137804684475057	0.9998506073253939
3.9181607120160837	0.9999911793742033
3.9218443404095757	0.9999221928686592
3.9252931798364306	1.0000301451766802
3.9286886837697224	0.9999439812126286
3.9320949381376855	1.0000357931644250
3.9355458633109266	0.9999581797456460
3.9390603163788454	1.0000302676479180
3.9426630454103839	0.9999720400233570
3.9463856039385030	1.0000175421035367
3.9502909677594999	0.9999859875566853
3.9545280348841376	1.0000492915135359
3.9614395725973957	0.9998645414602075
3.9659676391333800	0.9999853653697384
3.9698949113891553	0.9999429462593420
3.9736495742812661	1.0000114902043045
3.9774306045491485	0.9999728726799112
3.9813552653673154	1.0000085651968154
3.9856010970448628	0.9999471711175851
3.9925259683607917	1.0001320291117917
3.9971194736240969	1.0000159185731039
4.0011362537742787	1.0000496779930579
4.0050139929969752	0.9999938026304015
4.0089756878946599	1.0000201307233172
4.0132338486917147	0.9999526652460518
4.0201564284965086	1.0001368041162453
4.0246765621293896	1.0000139113878816
4.0285884848400366	1.0000571623332992
4.0323313232473774	0.9999873747588225
4.0361020704758337	1.0000264252844653
4.0400220053122844	0.9999904637146336
4.0442653244653721	1.0000515755758679
4.0512335359178051	0.9998743559772840
4.0562282122117823	1.0000248844638515
4.0636765827096655	0.9998271481040947
4.0683910499990139	0.9999763885231870
4.0723046341906777	0.9999299395506855
4.0759664734593581	1.0000147029091295
4.0796084047446621	0.9999619004477271
4.0833337303725203	1.0000129128003592
4.0872349033554762	0.9999831395360981
4.0914716292865450	1.0000474063117004
4.0983676642955640	0.9998596917653282
4.1027582199995782	0.9999896049767009
4.1065308055915191	0.9999333508656526
4.1101278065762186	1.0000186624703700
4.1137360210749918	0.9999628256152636
4.1174427882555156	1.0000139973914768
4.1213342787916183	0.9999836229447319
4.1255682497048616	1.0000473704787658
4.1325063466617875	0.9998674750566841
4.1371347813600616	0.9999795401550180
4.1412386792697822	0.9999553290365368
4.1452746975831882	1.0000006430003923
4.1495618143753044	0.9999422132347912
4.1565615517183270	1.0001247285561616
4.1614116918456228	1.0000236890739136
4.1659743994302696	1.0000786135340383
4.1730993603450077	0.9998607717280119
4.1776560384055221	0.9999880486897290
4.1815445878746234	0.9999401341430458
4.1852519726044370	1.0000130984917988
4.1889946118473462	0.9999718879475862
4.1928955796028964	1.0000084252805042
4.1971352437893810	0.9999479619261405
4.2040428806842138	1.0001365174353278
4.2084791203245375	1.0000111655205297
4.2123175406586126	1.0000598588304255
4.2160057322789379	0.9999861151445314
4.2197389824518687	1.0000273283952352
4.2236372455647579	0.9999906583555910
4.2278747236101433	1.0000509525450445
4.2348003251228450	0.9998654640879406
4.2393232602142685	0.9999840943492113
4.2432798806018281	0.9999469822384083
4.2471134137837865	1.0000053378537497
4.2510509911386682	0.9999785223877262
4.2553013550636765	1.0000451981291947
4.2622843583590395	0.9998717920578923
4.2671189024624940	0.9999738610350072
4.2716787467146693	0.9999202346453634
4.2787745376302873	1.0001436829885284
4.2831370788149901	1.0000031556426436
4.2867956233268991	1.0000750714123401
4.2902481953667593	0.9999703197677698
4.2936788915245687	1.0000495735076247
4.2971592647493901	0.9999701715754333
4.3007284883346157	1.0000301465668231
4.3044266120413690	0.9999819909062480
4.3083157109052959	1.0000135293274657
4.3125496839804196	0.9999504580285864
4.3194973075898861	1.0001279854803782
4.3242428260872048	1.0000230987781378
4.3285286848163427	1.0000379671901116
4.3328973538204236	0.9999578729979191
4.3398770292786359	1.0001472511188438
4.3442830708433000	1.0000100846948923
4.3480173252950491	1.0000718974849263
4.3515409514030301	0.9999745884379896
4.3550319170301162	1.0000468703680199
4.3585612940907144	0.9999723062968707
4.3621687396104702	1.0000289033150014
4.3658944189261497	0.9999825388981874
4.3697999259296036	1.0000135618216903
4.3740382708369747	0.9999499039689093
4.3809352917003723	1.0001367616594001
4.3853982582255968	1.0000104176594800
4.3892273308113792	1.0000634119161262
4.3928523725864528	0.9999788171131059
4.3964487205962870	1.0000392033876129
4.4000940854034836	0.9999786605831960
4.4038413774042082	1.0000204503572694
4.4077596518051063	0.9999876839842435
4.4120005289512862	1.0000505468876069
4.4189031843863420	0.9998635343249702
4.4233960364138394	0.9999879510949684
4.4272561356664504	0.9999371492827943
4.4309044666439394	1.0000194778533160
4.4345202946679594	0.9999605884565209
4.4381788266581372	1.0000199733263335
4.4419368601092843	0.9999787169949220
4.4458600702821318	1.0000112820225957
4.4501035410743262	0.9999481649252644
4.4570098165219001	1.0001340192303241
4.4615567258744502	1.0000128106063102
4.4654800155127976	1.0000576102277303
4.4692018481109281	0.9999834653264857
4.4729046184810830	1.0000322176132608
4.4766803863911200	0.9999856166699388
4.4806113111506276	1.0000150257142175
4.4848571121931533	0.9999499496469869
4.4917576253751967	1.0001360615083128
4.4962640651054198	1.0000113967344653
4.5001312440561341	1.0000616882427296
4.5037847063374388	0.9999795183344385
4.5074015929303206	1.0000383325641453
4.5110615470206010	0.9999789248948988
4.5148187060824760	1.0000202070948483
4.5187427085001231	0.9999876253799496
4.5229851630029829	1.0000507123682698
4.5299203655917797	0.9998698773482468
4.5346284735776736	0.9999791950626803
4.5388015072370553	0.9999573323492316
4.5428794641705785	1.0000013822560663
4.5471778721920861	0.9999412343342742
4.5541695801585478	1.0001247322661071
4.5590519193350083	1.0000231708629315
4.5636229323640780	1.0000795174269570
4.5707566930739585	0.9998642222912025
4.5754553133534568	0.9999854009917633
4.5794793007701395	0.9999461094338847
4.5832915394262281	1.0000112421368412
4.5871077777595053	0.9999739113686197
4.5910517901256878	1.0000089460528852
4.5953030572446476	0.9999467916354727
4.6022637228465300	1.0001248777821339
4.6071301660638024	1.0000236642602518
4.6116961638858616	1.0000795871647761
4.6188354182719120	0.9998658883542917
4.6235847554160623	0.9999833010351632
4.6276883272114011	0.9999514531323482
4.6316124594769388	1.0000053635590049
4.6355992830316044	0.9999790985279270
4.6398635723632609	1.0000470199146556
4.6466339856212384	0.9998337485206837
4.6504097192062606	1.0000184910762393
4.6535477289005502	0.9998814040659462
4.6565251880095149	1.0000587723828636
4.6594887929459841	0.9999075402785530
4.6624767012268702	1.0000652006081967
4.6655037231292731	0.9999234925252776
4.6685706787266099	1.0000631552577437
4.6716808229348574	0.9999340372531922
4.6748329316300916	1.0000580872051150
4.6780303270782779	0.9999424795381486
4.6812734692965643	1.0000515134281498
4.6845677483695933	0.9999506667051395
4.6879168065889374	1.0000435000511994
4.6913303432051947	0.9999600336449660
4.6948187712538960	1.0000330823659318
4.6984027184188069	0.9999725326238257
4.7021124306575555	1.0000183559045583
4.7060102488581217	0.9999863082380200
4.7102452951708482	1.0000491894581436
4.7171809445202388	0.9998687978167109
4.7218432556665837	0.9999794574128010
4.7259768490531977	0.9999562767221802
4.7300308893853868	1.0000009975530959
4.7343228205772405	0.9999418140402189
4.7412290769647552	1.0001414341116066
4.7455360052490239	1.0000032801569014
4.7491792578212522	1.0000757358913703
4.7526166254420525	0.9999686438978314
4.7560195786573924	1.0000526036901498
4.7594535421826132	0.9999658708101213
4.7629507027664157	1.0000362171327706
4.7665384549589724	0.9999744232650172
4.7702501677252549	1.0000193651601597
4.7741488844031919	0.9999868619696539
4.7783842391175479	1.0000494995033653
4.7853337938463039	0.9998715383251019
4.7900888634092489	0.9999759651074172
4.7943838641764973	0.9999611225075083
4.7987536670277509	1.0000413649403286
4.8057258509622995	0.9998503586884478
4.8100893772192803	0.9999907904777821
4.8137722626324146	0.9999230379732993
4.8172364972232913	1.0000280346211434
4.8206619618697983	0.9999469111784329
4.8241127681878968	1.0000319302411120
4.8276251387810509	0.9999631661783616
4.8312234167763313	1.0000240405755736
4.8349442573763675	0.9999796774125793
4.8388470214975712	1.0000120384385727
4.8430846927731874	0.9999491976966448
4.8500170090334409	1.0001298938297161
4.8546951174937085	1.0000195380964625
4.8588396542406516	1.0000423451387821
4.8629018847431240	0.9999978256289217
4.8671946985036945	1.0000573188491801
4.8740753918138644	0.9998528241645630
4.8782504884482387	1.0000020371456126
4.8817409609596361	0.9999103722724416
4.8850085939371226	1.0000424603570248
4.8882184359340322	0.9999288548275931
4.8914202091458838	1.0000517443853583
4.8946339314762550	0.9999382647620638
4.8978625897257659	1.0000530999669917
4.9011094862647466	0.9999433932182720
4.9043726308110296	1.0000520556425447
4.9076534043419899	0.9999467017950654
4.9109495846826743	1.0000502796812714
4.9142624943340651	0.9999492532375027
4.9175901894900820	1.0000482978775393
4.9209342152462181	0.9999515059560058
4.9242929884679825	1.0000462348858039
4.9276684034686635	0.9999537003387292
4.9310593628091963	1.0000440473991956
4.9344683135568923	0.9999560317043842
4.9378949216829273	1.0000415808592467
4.9413425971438709	0.9999587507356816
4.9448123528421153	1.0000385380659638
4.9483094557004179	0.9999622746570342
4.9518375711092002	1.0000343522986557
4.9554059720891246	0.9999674139267070
4.9590244997807336	1.0000278464203314
4.9627128035679693	0.9999758866945700
4.9664994057295626	1.0000169167587796
4.9704437408161644	0.9999862206111592
4.9746912494748647	1.0000507887643102
4.9815912693462492	0.9998643587814285
4.9861346322196143	0.9999879131851903
4.9900194527519703	0.9999362993251377
4.9936490057673391	1.0000241358936748
4.9971905548086717	0.9999520519218560
5.0007014434422592	1.0000337893360332
5.0042071271137196	0.9999580592397200
5.0077139315122414	1.0000362144283230
5.0112268483463369	0.9999606411009057
5.0147450758748544	1.0000364902496268
5.0182705701146926	0.9999619878896007
5.0218016472858666	1.0000361049457975
5.0253399168522739	0.9999629062166784
5.0288837643064621	1.0000354920886054
5.0324349816237151	0.9999637223872668
5.0359922889701867	1.0000347262292189
5.0395579404426085	0.9999646332328054
5.0431312895701970	1.0000337141059583
5.0467154722229406	0.9999658630565993
5.0503110530966930	1.0000322060771951
5.0539229095123064	0.9999677916384194
5.0575541073355739	1.0000296835328033
5.0612133242167694	0.9999711824172756
5.0649095336737808	1.0000250201189047
5.0686613360354951	0.9999777128375338
5.0724956160676733	1.0000160956327973
5.0764692947337631	0.9999861477241655
5.0807247880847397	1.0000517885055629
5.0876344739565713	0.9998675663650598
5.0923055308740928	0.9999844567058822
5.0963368059493002	0.9999444000767388
5.1001121433378911	1.0000177266230093
5.1038003802559855	0.9999610905623105
5.1074652294182092	1.0000251609275725
5.1111410411183815	0.9999691079417086
5.1148460286929227	1.0000235782901215
5.1186030948174999	0.9999770871107413
5.1224405454741992	1.0000156689755848
5.1264160175727120	0.9999859328437722
5.1306720175646401	1.0000517338339585
5.1376096119862282	0.9998728155663741
5.1424727433890238	0.9999762584727496
5.1468458276936779	0.9999618381883020
5.1512367123096459	1.0000444572969427
5.1582753410165232	0.9998662247284064
5.1632286088095958	0.9999736967588323
5.1678218308932999	0.9999166944637762
5.1749859421003732	1.0001281655671872
5.1799649369419605	1.0000207962652643
5.1843795393195560	1.0000366308948931
5.1887858131320224	0.9999537683600027
5.1957999134406476	1.0001389927768558
5.2005382842641072	1.0000173753799599
5.2046025810764913	1.0000550961265400
5.2084014375167849	0.9999827516101679
5.2121103478593840	1.0000368915783884
5.2158022140680984	0.9999757435308686
5.2195131853121657	1.0000273169910139
5.2232717573322294	0.9999791070918166
5.2271094305671113	1.0000168198710162
5.2310846684463268	0.9999865447733803
5.2353406823134527	1.0000520392465506
5.2422544664648676	0.9998684211158475
5.2469535409464676	0.9999833279317160
5.2510281967534382	0.9999473643278919
5.2548627644943036	1.0000140920166536
5.2586326470144673	0.9999670779897554
5.2624135874258391	1.0000172064970250
5.2662617745890152	0.9999807023664278
5.2702397844983002	1.0000116715447489
5.2744981660012877	0.9999464756601113
5.2814039741615568	1.0001317515710912
5.2860633550058909	1.0000137002112226
5.2900708271979155	1.0000561398802983
5.2938149249642548	0.9999790561144244
5.2974580407711649	1.0000412060331048
5.3010624578227477	0.9999692810814911
5.3046517806158811	1.0000363291605738
5.3082365727451704	0.9999663742881799
5.3118191539911672	1.0000346575593633
5.3154023570246034	0.9999655069012263
5.3189851025029471	1.0000340733260766
5.3225690825511318	0.9999652576025982
5.3261526519808875	1.0000338653429288
5.3297373476136238	0.9999651867579229
5.3333214305365990	1.0000337966662916
5.3369064310808829	0.9999651577429133
5.3404906087268271	1.0000337862542121
5.3440755183985491	0.9999651318308201
5.3476594498225412	1.0000338013397276
5.3512440038652107	0.9999651050338917
5.3548275287559335	1.0000338204504056
5.3584117022852631	0.9999650901013150
5.3619949717075617	1.0000338185980486
5.3655791426787793	0.9999651144427129
5.3691628276487329	1.0000337575807101
5.3727480470558486	0.9999652260382803
5.3763336925853586	1.0000335739794615
5.3799221534374846	0.9999655074507080
5.3835128067831253	1.0000331585669500
5.3871086973988174	0.9999661038045308
5.3907100848223219	1.0000323161322837
5.3943212437801122	0.9999672808850917
5.3979441516118705	1.0000306787630719
5.4015855958181520	0.9999695584482223
5.4052512865981610	1.0000274943268381
5.4089539179655413	0.9999740526282069
5.4127089654356988	1.0000211060043485
5.4165470092779691	0.9999828614740297
5.4205214632314851	1.0000127744853411
5.4247784559154164	0.9999470627819043
5.4317189989554944	1.0001251569879008
5.4366291108381635	1.0000230643757742
5.4412063563354067	1.0000810160465883
5.4483378955740847	0.9998676627303664
5.4531938092662440	0.9999831020231110
5.4573804281851430	0.9999525212486547
5.4613263990788115	1.0000090408207882
5.4652407998579138	0.9999762606319424
5.4692439999557383	1.0000095655833596
5.4735114473581614	0.9999451193429465
5.4804542437442372	1.0001259186027658
5.4853214869930422	1.0000224501966606
5.4896938569827105	1.0000370398649117
5.4940859909368918	0.9999544744058060
5.5011229790090379	1.0001329147325284
5.5060776861680258	1.0000253814411530
5.5106695389084930	1.0000825619921725
5.5178277200681478	0.9998705415084905
5.5229095106990655	1.0000296088951162
5.5304061650100360	0.9998304630781508
5.5354367222944223	0.9999730472734729
5.5396433363496094	0.9999423854336671
5.5435266079709313	1.0000115313273019
5.5473133947999047	0.9999655923584788
5.5510989063953033	1.0000165949782711
5.5549474830104923	0.9999802901050971
5.5589248765466976	1.0000115232831361
5.5631832181494305	0.9999464940074426
5.5701126697329357	1.0001275331788932
5.5749222877160980	1.0000204231777838
5.5791839926075815	1.0000395651856899
5.5833189532401626	0.9999968324250988
5.5876315686919673	1.0000592484760822
5.5946126682686250	0.9998743190773205
5.5995364444260929	0.9999766093116670
5.6041200683506780	0.9999184226041512
5.6112598581157673	1.0001316905962592
5.6161089666916739	1.0000159017211603
5.6202856450932286	1.0000468244219440
5.6242254079642100	0.9999898896201519
5.6281336756333005	1.0000228734849368
5.6321346867881665	0.9999894935199549
5.6364002233428527	1.0000538363445297
5.6432821779846956	0.9998614286685087
5.6477408428608573	0.9999931495673086
5.6514881689678065	0.9999256382837308
5.6549451823299313	1.0000358288204556
5.6582848809751605	0.9999363857253420
5.6615677231854962	1.0000499129146301
5.6648217988807907	0.9999393430122006
5.6680566501532121	1.0000553167553881
5.6712808233777565	0.9999400681576435
5.6744970792395169	1.0000572843472189
5.6777109634341949	0.9999405652101950
5.6809240336806051	1.0000574786858170
5.6841410182735324	0.9999415074855728
5.6873629839362634	1.0000565459741322
5.6905942432813834	0.9999430689691120
5.6938356075061707	1.0000547692413713
5.6970912332588908	0.9999452838750083
5.7003619547126201	1.0000522506421814
5.7036521063484065	0.9999481989375203
5.7069629551478629	1.0000489524372005
5.7102995265358514	0.9999519568927601
5.7136642105022553	1.0000446691106959
5.7170636743121293	0.9999568933505899
5.7205028453155791	1.0000389099555804
5.7239922264843885	0.9999637475390428
5.7275429215655613	1.0000305686567046
5.7311758492097784	0.9999741476416295
5.7349211106555220	1.0000176879955025
5.7388402267668086	0.9999862761580947
5.7430809674181882	1.0000499251596264
5.7499750010714044	0.9998620050883696
5.7544291988106115	0.9999895372807078
5.7582378405016046	0.9999334499949910
5.7618261932145352	1.0000230227703901
5.7653709076849236	0.9999553976219658
5.7689408508403899	1.0000257013276255
5.7725803192532581	0.9999713459186462
5.7763271788370885	1.0000161975141573
5.7802466140975888	0.9999854433972191
5.7844874971827638	1.0000494727136020
5.7914227380536394	0.9998694518727985
5.7961267194276385	0.9999790408195206
5.8002963711547055	0.9999571607935347
5.8043723074816533	1.0000013039580733
5.8086701613281706	0.9999412592849548
5.8155704629922793	1.0001417256995462
5.8198800038903498	1.0000018385997620
5.8234976778730880	1.0000794874078265
5.8268778961974030	0.9999625174140450
5.8301883268142429	1.0000620282447452
5.8334877331530395	0.9999536361670106
5.8367973598957112	1.0000529120796153
5.8401273879926858	0.9999532401321566
5.8434815464971139	1.0000469063901529
5.8468653698103230	0.9999561283206746
5.8502819915643540	1.0000413491163291
5.8537389625065064	0.9999611843378490
5.8572431089340116	1.0000345375586812
5.8608082425273125	0.9999690062297436
5.8644516002004892	1.0000244461725378
5.8682061854692424	0.9999814196151069
5.8721295518794623	1.0000126613234919
5.8763726694450673	0.9999487884469692
5.8832542925221789	1.0001385369183604
5.8876671170280925	1.0000070458059431
5.8914111178466522	1.0000706890414834
5.8949176629284032	0.9999698951821443
5.8983541742457826	1.0000525910427696
5.9017829252651923	0.9999622432015202
5.9052294492071464	1.0000427311371101
5.9087087010590755	0.9999637032752672
5.9122307924933013	1.0000346339705639
5.9158104235494298	0.9999700636460152
5.9194652638966163	1.0000243716208468
5.9232282418645275	0.9999817290349480
5.9271566869626646	1.0000127564487218
5.9314011677217691	0.9999486609906850
5.9382923897247553	1.0001365241226607
5.9427710938763019	1.0000094447495576
5.9465907951842807	1.0000656727810848
5.9501742788133791	0.9999740563835520
5.9536905583678461	1.0000468471375772
5.9572055634632886	0.9999677880956934
5.9607495262523393	1.0000357338365102
5.9643440717419276	0.9999715624669631
5.9680097976653270	1.0000246352653492
5.9717803983209752	0.9999821728579383
5.9757133948877090	1.0000129347568505
5.9799591049203311	0.9999485969246535
5.9868451937445846	1.0001373259959496
5.9913019325942818	1.0000081713783395
5.9950864662944650	1.0000686381961912
5.9986219483346792	0.9999704488437571
6.0020741370698287	1.0000523688504770
6.0055037634327260	0.9999609931727637
6.0089336976278727	1.0000451113393802
6.0123748404038810	0.9999595748202784
6.0158312533184102	1.0000407943748550
6.0193084261866030	0.9999612031393627
6.0228093591278480	1.0000368174384155
6.0263413508757093	0.9999648473442396
6.0299108744221632	1.0000315684257266
6.0335313457985169	0.9999711527578189
6.0372193805956549	1.0000230633288125
6.0410071254077478	0.9999820229736964
6.0449506578164129	1.0000127074096954
6.0491992161677652	0.9999481093300383
6.0561150209015890	1.0001312031463769
6.0607783260419854	1.0000161164429564
6.0648369311279708	1.0000503519192261
6.0686991751647454	0.9999893372740225
6.0725565778423212	1.0000240707739423
6.0765283111186896	0.9999898580898211
6.0807856111424128	1.0000530495688655
6.0877243776761745	0.9998710430201728
6.0924869639987440	0.9999789806863113
6.0967073801161851	0.9999585409204864
6.1008144668511157	1.0000018473827430
6.1051208157347938	0.9999405318467931
6.1120993295964210	1.0001261670566453
6.1169450901630578	1.0000221398855831
6.1212959335008827	1.0000370935339886
6.1256825928944627	0.9999553751171755
6.1326783706076311	1.0001419480502940
6.1372837441108006	1.0000141298862750
6.1411980788937184	1.0000631102626860
6.1448503442856541	0.9999767616464043
6.1484161012372409	1.0000451750407080
6.1519636494657286	0.9999684823954748
6.1555227111456858	1.0000361915751124
6.1591118769402984	0.9999696807640267
6.1627454362726644	1.0000282759051038
6.1664446239274397	0.9999766723293495
6.1702388573147635	1.0000170729061295
6.1741876968040410	0.9999863615437329
6.1784364610941278	1.0000510200004453
6.1853370398127154	0.9998646905658637
6.1898936683189829	0.9999874199394176
6.1937962474861603	0.9999376897790353
6.1974500711771414	1.0000222794986360
6.2010274035906532	0.9999553257291262
6.2045923324355385	1.0000291591546508
6.2081795021584121	0.9999651487763525
6.2118079898920202	1.0000261917760804
6.2155020224378204	0.9999751582445012
6.2192918508228585	1.0000164298952765
6.2232379288055855	0.9999859722613091
6.2274859388829933	1.0000507149906308
6.2343759157934509	0.9998624655591337
6.2388614368057924	0.9999900659756812
6.2426746881238424	0.9999317435313666
6.2462309715197115	1.0000277279022585
6.2497012212450613	0.9999476265823556
6.2531453586786316	1.0000370729448969
6.2565918544438501	0.9999550353823540
6.2600510668344258	1.0000378605213940
6.2635331838186232	0.9999602583498867
6.2670442030810669	1.0000348061557991
6.2705952052273295	0.9999662082988300
6.2741972976490281	1.0000283711784215
6.2778713014890117	0.9999753159745793
6.2816467657442541	1.0000170746692758
6.2855841695813259	0.9999862066111680
6.2898298322804713	1.0000505350276598
6.2967632584260960	0.9998702752304769
6.3015040810760921	0.9999788516294925
6.3057062959513948	0.9999580009664188
6.3098022772820093	1.0000016199776762
6.3141055820751877	0.9999407676078019
6.3210471201785134	1.0001333757082151
6.3256298712135184	1.0000119885020071
6.3295630611365574	1.0000581882003674
6.3332693900259773	0.9999807828242867
6.3369280435208450	1.0000363608440856
6.3406202925989072	0.9999795895001248
6.3444007506692754	1.0000196256164495
6.3483387398339213	0.9999875055346942
6.3525849717388736	1.0000511414622670
6.3595193651715958	0.9998703567973546
6.3642544377779044	0.9999789959446330
6.3684512887159146	0.9999579187100318
6.3725439052280954	1.0000015989806124
6.3768462974016922	0.9999408691766208
6.3838262753259514	1.0001263845376303
6.3886525433382797	1.0000221846334572
6.3929892196587428	1.0000372083862179
6.3973720542867945	0.9999559152807456
6.4043840265761345	1.0001396437440504
6.4090609426293961	1.0000181112297186
6.4131001175968105	1.0000533358450214
6.4169368330869121	0.9999894718369872
6.4207725750145226	1.0000250830544217
6.4247304593005374	0.9999902177019807
6.4289841185952339	1.0000527370368999
6.4358606119207193	0.9998587201602404
6.4402098829746830	0.9999951827114816
6.4438734343434101	0.9999221350688346
6.4472885156789399	1.0000349923440004
6.4506256377980185	0.9999383361409137
6.4539415676133034	1.0000447851686458
6.4572617617524850	0.9999462765874469
6.4605937384009673	1.0000460361454111
6.4639447339577210	0.9999512914211781
6.4673168999534560	1.0000440334995502
6.4707160496913563	0.9999558385170463
6.4741453676266838	1.0000400777540053
6.4776128259702972	0.9999613060332935
6.4811254659132667	1.0000339630588306
6.4846973798279386	0.9999691403711097
6.4883459422620016	1.0000242249884581
6.4921042634078168	0.9999814505496440
6.4960298580006208	1.0000126476141920
6.5002735826609550	0.9999487045046885
6.5071696335036942	1.0001357316789472
6.5116715012197934	1.0000106594210982
6.5155264354859046	1.0000628646385508
6.5191568130504862	0.9999773810063395
6.5227354613761657	1.0000417216346427
6.5263349718523243	0.9999741632885565
6.5299964656063105	1.0000267465362433
6.5337609926783200	0.9999829645506242
6.5376896598792769	1.0000134491027370
6.5419342706182428	0.9999490384241365
6.5488563479100534	1.0001309899823125
6.5535217572870144	1.0000174303263938
6.5576082037449881	1.0000473368369702
6.5615380073703591	0.9999942382707209
6.5655307189028695	1.0000199550927027
6.5697973129757461	0.9999515372712694
6.5767161442221740	1.0001362105799572
6.5812715139495790	1.0000130620866818
6.5851855855110264	1.0000596239563762
6.5888790577948066	0.9999809644163503
6.5925290717784355	1.0000369202706061
6.5962154589701827	0.9999796322044587
6.5999920897537931	1.0000197820454690
6.6039278828704031	0.9999875624017901
6.6081735006605351	1.0000510934906459
6.6150811294534435	0.9998652505625238
6.6196404120767980	0.9999863436100894
6.6235673198083482	0.9999405116687435
6.6272721476959262	1.0000177690650534
6.6309337930743082	0.9999626271333274
6.6346281574891988	1.0000191373951470
6.6384122314188030	0.9999793234835037
6.6423511083468583	1.0000113970830855
6.6465988134798284	0.9999476834383927
6.6535013115910919	1.0001340514178465
6.6580567912371889	1.0000120032198918
6.6619684635117871	1.0000597626335799
6.6656494500136940	0.9999791421609431
6.6692715071502251	1.0000395343638151
6.6729073781078476	0.9999753340143830
6.6765980844120572	1.0000257227136584
6.6803842671546736	0.9999832790092557
6.6843260896511829	1.0000134352498582
6.6885742534241572	0.9999485731890870
6.6954553617039041	1.0001380715366273
6.6998962736877719	1.0000071049924069
6.7036527495830320	1.0000710907037178
6.7071501642636049	0.9999676325287463
6.7105546047752291	1.0000563443176460
6.7139265712301279	0.9999566600550022
6.7172885162957812	1.0000504179945970
6.7206508998339816	0.9999537781999135
6.7240170759147651	1.0000474843308700
6.7273914982174290	0.9999538183801863
6.7307754059585623	1.0000452089945628
6.7341732465938762	0.9999553742584192
6.7375868651614734	1.0000425401062396
6.7410219509645755	0.9999582153988176
6.7444821067332716	1.0000387962362600
6.7479756086570779	0.9999626925813159
6.7515099006218167	1.0000331178703923
6.7550993849701486	0.9999698526118009
6.7587616636055445	1.0000238428529897
6.7625299188391992	0.9999816437522046
6.7664614816823958	1.0000126687229660
6.7707068255397447	0.9999485068613637
6.7775763213186710	1.0001404403485741
6.7819361158821172	1.0000044086982149
6.7856096087475297	1.0000762078960146
6.7890353281870421	0.9999644794643903
6.7923799561894427	1.0000601127241371
6.7957032067531928	0.9999544295113966
6.7990270551371585	1.0000524870807128
6.8023618748385193	0.9999528052949177
6.8057111066362106	1.0000479341586717
6.8090794676931914	0.9999542645016664
6.8124686253611388	1.0000440570303710
6.8158837620184203	0.9999574063753028
6.8193279321368721	1.0000396185032672
6.8228088284940487	0.9999622081635062
6.8263333634560279	1.0000335273138785
6.8299154406166096	0.9999696173615956
6.8335722686278757	1.0000240008615222
6.8373367413066681	0.9999815858395801
6.8412660789898228	1.0000126664612530
6.8455108079650504	0.9999485831032283
6.8523932043496272	1.0001381192953569
6.8568218066296387	1.0000071911216686
6.8605753272204408	1.0000706440052998
6.8640805343936249	0.9999688417766021
6.8675023916297677	1.0000545921650494
6.8709000842934689	0.9999588671673594
6.8742947333322881	1.0000478122429304
6.8776952330101429	0.9999565588972190
6.8811031520815273	1.0000445890792258
6.8845208003571532	0.9999565861596980
6.8879469660765835	1.0000427084516370
6.8913831721727208	0.9999573544622437
6.8948278573980515	1.0000413200333846
6.8982825654429485	0.9999583652938220
6.9017458006576300	1.0000400902313720
6.9052193086476423	0.9999594905845808
6.9087018289027586	1.0000388525240322
6.9121954683221754	0.9999607544148978
6.9156994223553863	1.0000374607354829
6.9192164502088236	0.9999622848896986
6.9227466148960151	1.0000357028148017
6.9262939197810436	0.9999643487515054
6.9298601613072330	1.0000331953202035
6.9334519126850083	0.9999674803154556
6.9370747853165540	1.0000291610869538
6.9407414178139124	0.9999728268819240
6.9444674392511576	1.0000219047851089
6.9482838389592629	0.9999825109157002
6.9522450017064541	1.0000127437711661
6.9564983427790361	0.9999475128933516
6.9634015294070597	1.0001327666109721
6.9680225326874332	1.0000129705126777
6.9719894303386098	1.0000581452767614
6.9756973603430863	0.9999778766446504
6.9793093409925158	1.0000427723219021
6.9828872643931135	0.9999682879889762
6.9864544946546330	1.0000373279050279
6.9900215624084829	0.9999657697021551
6.9935910431157282	1.0000350681513916
6.9971662437949051	0.9999654691275227
7.0007468660453283	1.0000337532169201
7.0043357348046387	0.9999660646786332
7.0079328322789962	1.0000324682940847
7.0115420181054233	0.9999673555744739
7.0151648465836507	1.0000306118927809
7.0188076389946286	0.9999697076243762
7.0224756374216932	1.0000273567656741
7.0261810635986617	0.9999741904881171
7.0299389319631684	1.0000210115482415
7.0337793815597580	0.9999829095081741
7.0377554055645186	1.0000127799916438
7.0420128131886504	0.9999470102777451
7.0489183845509924	1.0001316476894271
7.0535878574827526	1.0000140627428800
7.0576078824466713	1.0000554826026318
7.0613652691598441	0.9999796889774245
7.0650226413495103	1.0000403026073428
7.0686432043529619	0.9999702755330645
7.0722519386149907	1.0000349578485184
7.0758613288296628	0.9999681159190194
7.0794763245948360	1.0000322396263948
7.0831034546608169	0.9999687845701487
7.0867468077629541	1.0000294898913169
7.0904155870883052	0.9999716322804407
7.0941192131777413	1.0000248741230648
7.0978765915350328	0.9999778859278855
7.1017148242201333	1.0000160583656312
7.1056908720538496	0.9999861521361935
7.1099470306763335	1.0000518730308701
7.1168579406590506	0.9998678969393793
7.1215423884138307	0.9999839442850837
7.1255934161902177	0.9999457524994805
7.1293957474854608	1.0000159825421808
7.1331221902026183	0.9999640467448103
7.1368429254667118	1.0000210577243873
7.1406028903911620	0.9999753828784376
7.1444388016533438	1.0000149420244397
7.1484124309673254	0.9999854892323873
7.1526680293339080	1.0000514055362781
7.1595710969130968	0.9998659911712248
7.1641920332262696	0.9999861912232304
7.1681551216695629	0.9999402170586105
7.1718523535607313	1.0000216969590898
7.1754530075794740	0.9999554590220885
7.1790187417781119	1.0000309786225645
7.1825799670839068	0.9999617356739369
7.1861486489189090	1.0000320793208417
7.1897367554430600	0.9999662181858684
7.1933525513794399	1.0000291644978130
7.1970107067958073	0.9999721485046419
7.2007283046143664	1.0000220528946739
7.2045376528355503	0.9999822870652457
7.2084942621507508	1.0000126841503629
7.2127464069824931	0.9999476405909888
7.2196475871151087	1.0001333643080836
7.2242457917825833	1.0000126267909701
7.2281927210651729	1.0000586305598764
7.2318930763520832	0.9999787774494423
7.2355169561441164	1.0000405122132259
7.2391348392162156	0.9999728526069068
7.2427823800828568	1.0000296596327165
7.2464887259304041	0.9999776428625061
7.2502869103725605	1.0000175124896744
7.2542377466663046	0.9999866065408974
7.2584871288869968	1.0000512011765070
7.2654287969175471	0.9998724876384367
7.2702569569589386	0.9999761607598331
7.2746042073227111	0.9999616302087638
7.2789880836146628	1.0000434435542942
7.2859891919181639	0.9998581252712384
7.2906273121774658	0.9999834058565714
7.2945914960168050	0.9999392788010943
7.2983040598360667	1.0000183255993706
7.3019488710189924	0.9999597989875282
7.3055992761274995	1.0000229905492475
7.3093017608987054	0.9999733981205876
7.3130945278910486	1.0000154844772575
7.3170416444848287	0.9999854482304755
7.3212900191201626	1.0000504500620135
7.3282233221856368	0.9998703968735283
7.3329795516294869	0.9999786913940395
7.3371954426920780	0.9999582942159932
7.3412998960044815	1.0000017262681917
7.3456055157072546	0.9999405456626049
7.3525324669664132	1.0001357596451654
7.3570423481324223	1.0000084275276107
7.3608666285860318	1.0000663987480785
7.3644320957080724	0.9999713428285960
7.3679089827390962	1.0000506785714236
7.3713613762929837	0.9999622260338216
7.3748147624179721	1.0000433401795004
7.3782825837245456	0.9999614961169926
7.3817716661584827	1.0000382005459159
7.3852909655733896	0.9999644964572464
7.3888481037629514	1.0000323782361833
7.3924572075592661	0.9999707997643487
7.3961355499362842	1.0000234407597612
7.3999158314189604	0.9999819208024090
7.4038547453871644	1.0000127174352194
7.4081020660373547	0.9999482769880644
7.4150111977569919	1.0001326810798672
7.4196215137470949	1.0000142761580095
7.4236086562413597	1.0000547200456051
7.4273837073162854	0.9999848160249361
7.4311280214280417	1.0000307290160475
7.4349338465157322	0.9999859517351180
7.4388827721245310	1.0000149632365039
7.4431334736360792	0.9999493009956752
7.4500579387648580	1.0001307753140447
7.4547515268001430	1.0000179225777861
7.4588642082895520	1.0000465325611583
7.4628134429270583	0.9999943804065171
7.4668177411512220	1.0000198934513109
7.4710875250239797	0.9999511177202319
7.4780343627869943	1.0001305030342742
7.4827925353260367	1.0000208033217401
7.4870031525954310	1.0000411781886303
7.4911050790189373	0.9999974554308952
7.4954087677459702	1.0000584120289595
7.5023979014167850	0.9998743544292262
7.5072953837096019	0.9999761437033478
7.5118720780006303	0.9999191923274870
7.5190192975801695	1.0001320456096070
7.5238284629714292	1.0000164807574705
7.5279882701351806	1.0000455739308196
7.5319567740663436	0.9999938821722197
7.5359687771946469	1.0000196678191913
7.5402411820845838	0.9999508745219340
7.5471987727535392	1.0001286840756214
7.5520272062584990	1.0000234997435808
7.5563688484081979	1.0000377924906045
7.5607527525131815	0.9999559566663259
7.5677437285797611	1.0001430839364804
7.5723105065107346	1.0000129716343591
7.5761787678219470	1.0000661202399883
7.5797813279657298	0.9999740153201468
7.5832910080997769	1.0000494173028960
7.5867714083479427	0.9999637461389753
7.5902461500805982	1.0000427848587758
7.5937256229597603	0.9999613923649792
7.5972125678586764	1.0000395946218181
7.6007104931241907	0.9999616207552252
7.6042196120227858	1.0000373957980211
7.6077433739926619	0.9999630144307762
7.6112827469873290	1.0000350764782311
7.6148428774517454	0.9999654436452646
7.6184272243522386	1.0000318019993464
7.6220448350428578	0.9999695231415132
7.6257051942372502	1.0000263204697086
7.6294274935618143	0.9999768945002393
7.6332394913125645	1.0000164842644346
7.6371993946339494	0.9999861923858894
7.6414511306578135	1.0000513273998797
7.6482039053887796	0.9998377234764284
7.6634422679603880	0.9996120958559610
7.6674054994281571	0.9998393670456691
7.6713239959974171	0.9997715946818374
7.6753955512880427	0.9997829692119967
7.6796816392436504	0.9997912304359269
7.6868923436525467	1.0002536408759415
7.6949227877362185	0.9998086062154730
7.6989553873367758	1.0000289560007938
7.7023056033861526	0.9999364843890846
7.7056965239729136	1.0000412758743646
7.7092387417025128	0.9999889223159617
7.7129423737788265	1.0000343371925435
7.7168414695721035	1.0000030813089489
7.7210573294054683	1.0000623001517799
7.7281558696813173	0.9999257907005082
7.7329058766082337	1.0000108539717658
7.7371665087203141	1.0000226082554509
7.7412855000921006	1.0000137110521437
7.7454058579831866	0.9999609241456100
7.7495377644150878	0.9999744668931336
7.7536856937217715	0.9999438699479889
7.7578677278017496	0.9999699319998671
7.7621816405652151	0.9998953355348943
7.7683993113798682	1.0001920645535967
7.7747069762260113	0.9997280355363130
7.8056422729790036	0.9999810500449472
7.8103153547819462	1.0000854749413846
7.8139794430788152	0.9999722184523987
7.8174141112957427	1.0000631701838543
7.8208200846556446	0.9999672065254973
7.8242387036156575	1.0000513483646374
7.8276739038576064	0.9999639099523864
7.8311189708696887	1.0000465122412523
7.8345702791457379	0.9999616877466622
7.8380233971304678	1.0000445172918695
7.8414789328143399	0.9999606459955490
7.8449363395704106	1.0000431585129672
7.8483998468117431	0.9999609107665862
7.8518722483242440	1.0000410519874521
7.8553612390223186	0.9999628986721892
7.8588733594396087	1.0000370891447741
7.8624209698914713	0.9999673939212163
7.8660170067452073	1.0000299771241354
7.8696840615785391	0.9999759380067520
7.8734533414135468	1.0000178580577830
7.8773866948099052	0.9999866052273814
7.8816313237189002	1.0000505396066734
7.8885316130615539	0.9998636252778985
7.8930534339969363	0.9999866645658156
7.8969452352176548	0.9999388465708468
7.9006328022307821	1.0000161075356957
7.9043065383249624	0.9999648531772128
7.9080580384260246	1.0000129970436920
7.9119754088247749	0.9999831758837380
7.9162164246001838	1.0000477410169086
7.9231243319107767	0.9998624293931844
7.9276221164905367	0.9999855963416030
7.9315151166966924	0.9999406923236818
7.9352400307441098	1.0000118050889171
7.9389986557855661	0.9999719752744420
7.9429097997023161	1.0000082590105785
7.9471520783326550	0.9999474972118233
7.9540027484382776	1.0001466082255031
7.9581585137144693	0.9999983600831797
7.9616598411945319	1.0000863001514846
7.9649657936910030	0.9999612918034494
7.9682345396147687	1.0000642930736270
7.9715173298938513	0.9999548954480861
7.9748299177519408	1.0000523085037361
7.9781777755703001	0.9999559368114302
7.9815600313465245	1.0000452159018545
7.9849771329929009	0.9999589129124018
7.9884262874055301	1.0000403711996984
7.9919076671458189	0.9999621915390169
7.9954185007449841	1.0000366159347054
7.9989593448986378	0.9999653152096711
8.0025278744211921	1.0000334004931910
8.0061254535879822	0.9999682939220845
8.0097508830833153	1.0000302976261830
8.0134074389453893	0.9999714913824196
8.0170969825213128	1.0000266021102318
8.0208281016072647	0.9999759338592664
8.0246119289030098	1.0000206550442619
8.0284746540332943	0.9999838384748564
8.0324652906667495	1.0000133059740965
8.0367265710151994	0.9999469729785355
8.0436505580015520	1.0001278503978006
8.0484804391828320	1.0000198915583667
8.0527355403602670	1.0000421481500210
8.0567987200511837	0.9999953490080932
8.0608740569487001	1.0000197962571051
8.0651633629053556	0.9999487693252318
8.0721131090379092	1.0001270802074111
8.0770591046783018	1.0000233051409015
8.0816462755813347	1.0000823338384961
8.0887705724254229	0.9998680404304511
8.0936606892387442	0.9999846213277592
8.0978445639392316	0.9999493459704155
8.1017190233152832	1.0000174319488078
8.1054597560134365	0.9999615569505153
8.1091300095757237	1.0000286708913870
8.1127585092968051	0.9999632117796434
8.1163539218454854	1.0000338384518848
8.1199238071343274	0.9999621631463150
8.1234707213687383	1.0000366917390582
8.1270008330516532	0.9999609768819782
8.1305174354804279	1.0000379680261933
8.1340276623722598	0.9999607187913655
8.1375359018525781	1.0000376818603811
8.1410503382900909	0.9999619114149915
8.1445766893052838	1.0000356191277704
8.1481250889020895	0.9999650405934519
8.1517043980969728	1.0000312017871620
8.1553301350865759	0.9999710882347443
8.1590205900674171	1.0000229571015880
8.1628092346561232	0.9999819217428502
8.1667530585299417	1.0000126177571929
8.1710017496320795	0.9999480118514958
8.1778938732994373	1.0001355787549122
8.1824086121988007	1.0000098929922048
8.1862569732938368	1.0000645638268015
8.1898545466583528	0.9999734463741369
8.1933683594008926	1.0000479989315316
8.1968617017458296	0.9999648205067581
8.2003600673437251	1.0000401907527481
8.2038772915539973	0.9999645902000437
8.2074210236191689	1.0000345260319767
8.2110018610388806	0.9999683332856129
8.2146304126017462	1.0000276927570109
8.2183265381907091	0.9999761841871639
8.2221188559223410	1.0000168219797279
8.2260666438843693	0.9999861771841693
8.2303150979526585	1.0000508505499521
8.2372232149245637	0.9998659722552472
8.2418246091416236	0.9999855424224400
8.2457885679144880	0.9999416651542584
8.2495147300849876	1.0000181314980934
8.2531772485551897	0.9999611871354843
8.2568455163740317	1.0000224716745576
8.2605638672221069	0.9999740241293676
8.2643691031061355	1.0000152923460355
8.2683240166330716	0.9999854304336501
8.2725744769518492	1.0000506971091441
8.2794755626452670	0.9998647111882094
8.2840424872197200	0.9999873721321437
8.2879490915269916	0.9999372270415916
8.2915949486727190	1.0000237107222618
8.2951476223009788	0.9999524696597685
8.2986653116386044	1.0000336778066119
8.3021743680982407	0.9999580899514837
8.3056820905955302	1.0000362690154161
8.3091946020189997	0.9999605927620359
8.3127125036996858	1.0000364004727857
8.3162395204960564	0.9999623020698881
8.3197762409792553	1.0000353455198294
8.3233272365445661	0.9999642736779114
8.3268948086083228	1.0000331777630516
8.3304860877981604	0.9999673194448691
8.3341072347408325	1.0000292670908824
8.3377714448256928	0.9999726724961175
8.3414948793912860	1.0000219844734413
8.3453090237451910	0.9999824501994682
8.3492687084850239	1.0000127279894924
8.3535216646801000	0.9999475530287419
8.3604171472723916	1.0001342816562251
8.3649864465707218	1.0000110841268646
8.3688859014275678	1.0000623492183596
8.3725196563272863	0.9999740448584228
8.3760523609047368	1.0000479457932252
8.3795458864432923	0.9999633729929904
8.3830234738525196	1.0000430368463784
8.3864955962100165	0.9999600824962418
8.3899649622809420	1.0000412560968084
8.3934349055423638	0.9999591562966859
8.3969051601081155	1.0000404421738716
8.4003782544152372	0.9999591405318051
8.4038536540930995	1.0000397878124103
8.4073340581587761	0.9999596279643320
8.4108192153184014	1.0000389459660906
8.4143123088254264	0.9999605767044188
8.4178137181260198	1.0000376785357949
8.4213275259272908	0.9999621359705310
8.4248553304261282	1.0000356832126911
8.4284029753515668	0.9999646651249927
8.4319745792774903	1.0000324194974106
8.4355798305819558	0.9999689243776932
8.4392288287827402	1.0000267526621553
8.4429413549464272	0.9999765804751525
8.4467457715550509	1.0000166117516427
8.4507009415066161	0.9999861962257619
8.4549514046614220	1.0000511588115149
8.4618996833773057	0.9998739353777707
8.4667912529156766	0.9999756898967217
8.4713653450557658	0.9999187606313396
8.4779473006242085	1.0002262447961672
8.4831935582867519	0.9999229432687414
8.4882323440413110	1.0002969230254999
8.4917146140949651	0.9999316108191164
8.4947839893983641	1.0000753200156287
8.4978818817366832	0.9999119247283043
8.5012144492139576	0.9999918624408908
8.5048851728106829	0.9999549928302047
8.5090719772534484	1.0000176404134311
8.5163205248914586	0.9998821214488580
8.5212273468005222	0.9999541573085572
8.5305366949471857	0.9998886715440348
8.5355004036676956	0.9999755358807852
8.5408678062332655	0.9995701030109807
8.5493428475885285	1.0002017170483992
8.5539573755052238	1.0000160763944237
8.5575192655195487	1.0001057388091175
8.5610007123736445	1.0000122918499934
8.5645918466410471	1.0000681996536427
8.5683267335585231	1.0000230809197417
8.5722213826473226	1.0000549962646159
8.5762391210761830	1.0000473220949317
8.5805162378883804	1.0001136362644343
8.5878478074417579	0.9998616626938114
8.5976014666960339	1.0002723616744831
8.6069946770989461	1.0002648819484534
8.6109124339336862	1.0000905271875453
8.6145252307270344	1.0001243194522123
8.6181354109963735	1.0000297768463269
8.6218085728193046	1.0000640929139775
8.6255562303403082	1.0000034184555515
8.6293966352336025	1.0000307464188785
8.6333765907249678	0.9999937502149533
8.6376333435053354	1.0000541829157734
8.6445118915415655	0.9998599991053778
8.6490006038071119	0.9999859319437451
8.6528284760967455	0.9999300830957086
8.6564283424453414	1.0000184313341947
8.6599810050744335	0.9999513097693328
8.6635500002946610	1.0000231666673058
8.6671634166980116	0.9999637040002456
8.6708289494034716	1.0000212972391400
8.6745539047755180	0.9999723676555369
8.6783438159857997	1.0000166631878380
8.6822177138063292	0.9999813749793857
8.6862173093319992	1.0000109123147203
8.6904806771525998	0.9999445110652865
8.6977053927808274	1.0000678374380505
8.7024920561989525	0.9999941984900650
8.7069842609303443	1.0000290337496436
8.7142520774361785	0.9999856112578631
8.7182507559812024	1.0000711578915431
8.7218701916434007	0.9999708485677002
8.7253394262857427	1.0000388097390116
8.7287715812538949	0.9999390000349032
8.7322399434145570	1.0000077911356755
8.7357920693736713	0.9999394626502157
8.7394468237064622	0.9999937467657470
8.7432086653920340	0.9999547732908795
8.7470784481334682	0.9999968135190627
8.7510829139378323	0.9999782627852088
8.7553448104448943	1.0000594941237404
8.7615814558001937	0.9997838062405733
8.7848214303913519	0.9997258706106941
8.7929682139832845	1.0001613911397091
8.8020591672538870	0.9997313877739840
8.8055349351364534	0.9999703300948722
8.8086852409522312	0.9998489734769463
8.8119423172401738	0.9999762143944602
8.8154128101521216	0.9999288208183765
8.8191701898767434	0.9999813121046981
8.8233694327221883	0.9999274140513432
8.8297032544768026	1.0001902088988359
8.8403839330577565	0.9996406116028680
8.8435687100896629	0.9998926729236547
8.8479802240919145	0.9999159759304174
8.8558365354841495	1.0001574987761290
8.8589972267519634	0.9999453996773634
8.8623166166464582	1.0000314415243665
8.8658773798561228	0.9999668497932778
8.8696943610207910	1.0000016452842180
8.8739033967582497	0.9999471465803355
8.8808700256118556	1.0001314296851478
8.8852236518089960	1.0000098342385983
8.8889952400879473	1.0000686240974292
8.8926009218259807	0.9999860109326573
8.8961888190992884	1.0000495008441037
8.8998051664010429	0.9999843387882734
8.9034584604945550	1.0000419738907751
8.9071452828507063	0.9999851499611854
8.9108558888957923	1.0000390884338335
8.9145854190436342	0.9999854782557415
8.9183306444958408	1.0000364145432143
8.9220993535490862	0.9999870731835619
8.9259052689207987	1.0000303199880960
8.9297795357299012	0.9999929619653298
8.9337757177956849	1.0000215856571149
8.9380388771883013	0.9999541603900659
8.9449298216036333	1.0001399307012937
8.9495508197634237	1.0000173598646500
8.9534972982073189	1.0000647316276379
8.9571718709900807	0.9999799648246750
8.9607455749836600	1.0000485503651049
8.9642867242886979	0.9999698347638866
8.9678242021482379	1.0000409619493593
8.9713740959797548	0.9999683221666611
8.9749453074563306	1.0000352953462686
8.9785492335288613	0.9999709623387032
8.9821968434449388	1.0000284546442824
8.9859081603691333	0.9999778412534451
8.9897116793662253	1.0000176542555790
8.9936662939323568	0.9999870106579751
8.9979166062668003	1.0000517756566119
9.0048575285680350	0.9998729576062616
9.0096927812161898	0.9999764737912565
9.0140453235747984	0.9999619088971002
9.0184306170940509	1.0000438325569203
9.0253641077221847	0.9998462325668720
9.0296280825380464	0.9999979423730809
9.0331524981845241	0.9999086338239159
9.0364187827424569	1.0000433830841631
9.0396096017201568	0.9999262991575724
9.0427859854592434	1.0000534897528981
9.0459761617636421	0.9999368968557579
9.0491897167035606	1.0000532643876638
9.0524359013055857	0.9999448130981156
9.0557184772936310	1.0000489488510129
9.0590450329499674	0.9999523972419480
9.0624206035912245	1.0000421681500649
9.0658558234927096	0.9999612160764425
9.0693616916204451	1.0000325666060845
9.0729591699264187	0.9999732313239156
9.0766786049008790	1.0000184648143449
9.0805822146372677	0.9999866324633297
9.0848188059717216	1.0000497575667255
9.0917795941453736	0.9998742342522293
9.0966292340746033	0.9999753905067590
9.1011924195072638	0.9999204440979437
9.1083726036837618	1.0001278009624099
9.1133221023160651	1.0000227807987654
9.1179156172256270	1.0000795552440034
9.1250819308611160	0.9998649730917679
9.1298098928433067	0.9999836924777703
9.1338902543563751	0.9999508054577461
9.1377970623912770	1.0000056802325661
9.1417736745581699	0.9999792566224154
9.1460351508109898	1.0000468763467509
9.1529696283910944	0.9998640202847637
9.1575447439953255	0.9999836934153927
9.1615164446306885	0.9999445618557052
9.1653075276072595	1.0000104910119936
9.1691155445272585	0.9999734236924107
9.1730564322417472	1.0000085859983059
9.1773065841157333	0.9999465616872661
9.1842456551740614	1.0001284976779761
9.1889631716965159	1.0000194375729536
9.1931419068249358	1.0000411272292511
9.1972251298841758	0.9999972067156442
9.2015235823952608	1.0000575477450517
9.2084879943958988	0.9998688398575755
9.2131775975862631	0.9999816512696430
9.2172818512991448	0.9999520832970467
9.2212220828252338	1.0000044844810350
9.2252223069579049	0.9999787821704510
9.2294897173432595	1.0000473014517657
9.2364339343332045	0.9998669411985226
9.2411367496807948	0.9999800097082140
9.2452600631226254	0.9999521933488280
9.2492161458956037	1.0000040476788314
9.2532263140687760	0.9999787161699561
9.2574963921948346	1.0000476642882850
9.2644601078499669	0.9998711629414432
9.2694635122185520	1.0000249705311666
9.2768944254880896	0.9998262099190102
9.2816201059057590	0.9999796466550125
9.2854723271269499	0.9999211586937635
9.2889830600077978	1.0000297650873879
9.2923667390697808	0.9999373684334052
9.2956959669911239	1.0000449221006786
9.2990020631111410	0.9999427488008749
9.3022942198131400	1.0000502608591615
9.3055798300938317	0.9999445143464384
9.3088602807083429	1.0000521326001917
9.3121399000273044	0.9999453422824558
9.3154192855075344	1.0000524019929287
9.3187023989224187	0.9999462514443059
9.3219898205287226	1.0000516850662353
9.3252855034493507	0.9999476116358187
9.3285901397439428	1.0000501865670957
9.3319078479123245	0.9999495805304983
9.3352396441638650	1.0000479288671595
9.3385901269234886	0.9999522986099911
9.3419610802967927	1.0000447898501554
9.3453582080524331	0.9999560098276281
9.3487849795094746	1.0000404428532295
9.3522495740362004	0.9999612165247062
9.3557593059385802	1.0000341547914751
9.3593284715170828	0.9999690227295260
9.3629746524938309	1.0000242963398396
9.3667311264166653	0.9999813954475826
9.3706555795624649	1.0000126231947746
9.3748990017737412	0.9999487205379484
9.3817717460846950	1.0001401331797162
9.3861363654436172	1.0000050250489287
9.3898233129228057	1.0000747558007816
9.3932706451715156	0.9999663900904332
9.3966452543422125	1.0000572981465687
9.4000076557487464	0.9999577462885910
9.4033811989860343	1.0000481702453652
9.4067781363395842	0.9999578971261769
9.4102046476640222	1.0000415783059449
9.4136693160169962	0.9999619256578675
9.4171796065284870	1.0000345017289025
9.4207495735007427	0.9999693104930460
9.4243966438179552	1.0000244036371408
9.4281538811141274	0.9999815023322566
9.4320788334304613	1.0000126818154635
9.4363223804785861	0.9999487419065183
9.4432094910888580	1.0001374393892370
9.4476572069687741	1.0000084535325968
9.4514435062352700	1.0000676610170449
9.4549963614316503	0.9999727433031551
9.4584852570657425	1.0000484598616399
9.4619759641297438	0.9999667096146602
9.4654986905825158	1.0000367891478350
9.4690751596581073	0.9999708936379194
9.4727262186818404	1.0000251256654036
9.4764858968645793	0.9999819864749401
9.4804122483846669	1.0000129281347183
9.4846561714472415	0.9999488246097348
9.4916077910145873	1.0001253099067811
9.4964794016304701	1.0000238167566897
9.5010465653356171	1.0000799630950667
9.5081768540745948	0.9998650759617682
9.5129023506015642	0.9999849830262418
9.5169544706996749	0.9999473477864561
9.5207897979913056	1.0000108402463197
9.5246228896344842	0.9999743522288158
9.5285769864286269	1.0000090613736718
9.5328309791152321	0.9999465163404512
9.5397880963736572	1.0001251612170377
9.5447878412652951	0.9999732196542583
9.5522219808442284	1.0001718361622387
9.5569606921343553	1.0000205038487182
9.5608480784791237	1.0000738835200165
9.5644199999297772	0.9999740418767080
9.5678865344093591	1.0000540135654894
9.5713227487582557	0.9999622322566820
9.5747559200205679	1.0000457714283275
9.5781968704232678	0.9999596097866679
9.5816477996461522	1.0000418910500219
9.5851108835844663	0.9999596648584308
9.5885845566814414	1.0000397311045082
9.5920698030815856	0.9999604495602998
9.5955643999403097	1.0000383111610829
9.5990691691444390	0.9999613371823330
9.6025817644554756	1.0000372740291588
9.6061030410054844	0.9999621384236372
9.6096307102506060	1.0000364684731906
9.6131657947281486	0.9999628309208910
9.6167062370600487	1.0000357881248700
9.6202534180314458	0.9999634806434555
9.6238057528716805	1.0000351022595435
9.6273652715414926	0.9999642320322025
9.6309312282827175	1.0000342107023721
9.6345067721040536	0.9999653344629721
9.6380926196162164	1.0000327854196542
9.6416939149486520	0.9999672172421369
9.6453141177495318	1.0000302457149095
9.6489623859792744	0.9999706881666030
9.6526482627356849	1.0000254282460699
9.6563909635341574	0.9999774396129381
9.6602180510759439	1.0000162262878405
9.6641871859945336	0.9999861619362468
9.6684414554334488	1.0000516350379207
9.6753486555961388	0.9998668734342890
9.6799929563834777	0.9999851127833093
9.6839937484741601	0.9999429643447300
9.6877418397249571	1.0000184496584965
9.6914094114660791	0.9999605019377465
9.6950635042827127	1.0000247465522158
9.6987431559483248	0.9999704867846262
9.7024739569102376	1.0000206134897014
9.7062919080390149	0.9999817650173061
9.7102533916692959	1.0000123572757815
9.7145069387333276	0.9999473171671657
9.7214014231031687	1.0001343980394579
9.7259659601811475	1.0000108995655834
9.7298598271814498	1.0000625993604912
9.7334893326328125	0.9999740061551994
9.7370206367314758	1.0000477767826872
9.7405170891243049	0.9999639422475928
9.7440036276358697	1.0000419814175170
9.7474927520241401	0.9999617802408542
9.7509896552972872	1.0000387238356134
9.7545008182256261	0.9999627289271921
9.7580300325805371	1.0000355051051777
9.7615853329759137	0.9999658098966634
9.7651737940966061	1.0000308113573342
9.7688093578778865	0.9999716623298486
9.7725090126504242	1.0000227352989814
9.7763051157763901	0.9999821577727916
9.7802536689770161	1.0000127157557201
9.7845036078046164	0.9999479378020212
9.7914253501555990	1.0001298694497340
9.7961386723237904	1.0000179695441467
9.8002710991969124	1.0000457516022787
9.8042353690203434	0.9999944000905886
9.8082487403985059	1.0000197979126635
9.8125210258681168	0.9999507601015232
9.8194395953713443	1.0001353978937499
9.8240334281567225	1.0000133849874477
9.8279763322898273	1.0000589140695642
9.8316803217141047	0.9999799212415043
9.8353191732442564	1.0000389603872291
9.8389672751533617	0.9999756896152381
9.8426667608111895	1.0000254890046907
9.8464589525008641	0.9999833648758718
9.8504042926891167	1.0000134398517646
9.8546534389134557	0.9999484552137151
9.8615322797985687	1.0001383573422302
9.8659667505392896	1.0000068104680186
9.8697149750575992	1.0000716017629272
9.8732051416157987	0.9999674002574058
9.8766050525769682	1.0000564174507551
9.8799765920399096	0.9999570247511821
9.8833435256727231	1.0000496352947801
9.8867176254761304	0.9999551230810330
9.8901036301851608	1.0000455128050378
9.8935075264632921	0.9999565232058444
9.8969324135645831	1.0000416427107763
9.9003851224361590	0.9999599595278114
9.9038708210880237	1.0000367020279357
9.9074000671769191	0.9999656358317643
9.9109839843996923	1.0000292931027228
9.9146434002939507	0.9999749956404239
9.9184081076025699	1.0000173391907898
9.9223389757155545	0.9999862584461402
9.9265828772156226	1.0000503314650604
9.9334656851622753	0.9998604690974335
9.9378788689116497	0.9999920975523251
9.9416204756060846	0.9999276965742100
9.9451172589944221	1.0000299420778120
9.9485401690357929	0.9999449889503138
9.9519481381095112	1.0000383403372406
9.9553692207827176	0.9999540319932421
9.9588140354312689	1.0000378254450792
9.9622938040758005	0.9999609770564726
9.9658164800799511	1.0000330081190774
9.9693966610214364	0.9999691684664596
9.9730517575345665	1.0000238593235860
9.9768148878372269	0.9999814484464472
9.9807433818639488	1.0000126056286927
9.9849878918337414	0.9999485822213732
9.9919376100865360	1.0001254952771088
9.9969352347779541	0.9999732909498177
