0.0000000000000000	0.0000000000000000
1.7432467773330753	0.0010000000000000
1.7553863146327375	0.0011461031463305
1.7588157475661790	0.0009513260726566
1.7623851411244025	0.0011185276725683
1.7658092408727011	0.0010908217698590
1.7691540349551553	0.0013387573706729
1.7725213415650121	0.0013836171494008
1.7759784701422185	0.0016698324458577
1.7795489096084669	0.0018177624496450
1.7832300460490758	0.0021524079845118
1.7870137127060031	0.0024111539385291
1.7908796154827242	0.0028245012209361
1.7948197172843914	0.0032068785006196
1.7988124128817737	0.0037352148449382
1.8028575712296417	0.0042688914017067
1.8069348248652852	0.0049560903325120
1.8110529612681305	0.0056851870925956
1.8151909962132495	0.0065875579026842
1.8193662450581789	0.0075749847177188
1.8235540658675240	0.0087671853742735
1.8277805563982779	0.0100994168687723
1.8320143042854413	0.0116816001090524
1.8362916780055509	0.0134762301392793
1.8405712871524456	0.0155832413107236
1.8449024247718797	0.0179997640726316
1.8492300200298062	0.0208132789835770
1.8536199532513187	0.0240676807662944
1.8579989759045723	0.0278319161892641
1.8624540982751181	0.0322154768705681
1.8668886099455755	0.0372565578438303
1.8714157309937223	0.0431583648726743
1.8759097700460021	0.0499062573819475
1.8805147170855210	0.0578364368484149
1.8850717499310183	0.0668458340215627
1.8897571316274220	0.0774507764957757
1.8943797141832983	0.0894125929379485
1.8991414778210725	0.1034628338894116
1.9038310522489172	0.1191895962365715
1.9086535512062173	0.1375049242261288
1.9134102339852572	0.1578623824617353
1.9182620252151654	0.1811357141783849
1.9230713150632863	0.2068174526147140
1.9278910892219787	0.2352456776176581
1.9327500139102600	0.2665955326691483
1.9376113684041831	0.3005322519788709
1.9460610923816757	0.3658826642282311
1.9505577632531719	0.4028562447076725
1.9548742914629487	0.4397399155388749
1.9591933648607258	0.4774204213236653
1.9640555289216082	0.5204430506497382
1.9690780777055599	0.5645084203405225
1.9829035402083937	0.6807554473132367
1.9863090252114408	0.7069922274479123
1.9906656139758399	0.7386261655776581
1.9990930633797923	0.7937315928605485
2.0026540288142245	0.8141391763922113
2.0061981347259339	0.8331300106889346
2.0099768886372762	0.8515560192735491
2.0138778844264635	0.8688882071944399
2.0179362470293722	0.8850362583345596
2.0219314649211979	0.8992941712740443
2.0259269404052747	0.9119027647956718
2.0297462433207221	0.9227049801611387
2.0335257585125333	0.9320919408542888
2.0371724538558813	0.9402579818942838
2.0408235922951379	0.9473887568784821
2.0443927711457017	0.9537073067691861
2.0479764350641703	0.9591916750884025
2.0514869076460527	0.9640975925939395
2.0549956923892863	0.9682872731956658
2.0584332952103703	0.9720856863310517
2.0618649775293934	0.9752756719455753
2.0652460715378855	0.9782361860929299
2.0686392021953632	0.9806907947244795
2.0720164163890624	0.9830301443122182
2.0754345741278404	0.9849540593828782
2.0788754177565170	0.9868240840533882
2.0823924342711981	0.9883627393091327
2.0859801575356753	0.9898665701337084
2.0897041595955206	0.9911310481186090
2.0936016923727290	0.9923543108193680
2.0978534182877135	0.9934077806868754
2.1045849554682245	0.9950474143424256
2.1092585467582672	0.9957404253970450
2.1133025051416561	0.9963739026148638
2.1171879449806248	0.9968132320222768
2.1211465018528410	0.9972769576368301
2.1254101495103166	0.9976128816755040
2.1322592799128994	0.9983314436310872
2.1366658747212743	0.9984729422394336
2.1404013079013362	0.9987368649342921
2.1439094093130429	0.9988006822897636
2.1473533700813641	0.9990236202488867
2.1507921648043031	0.9990585242533297
2.1542422196279847	0.9992489948719958
2.1577114043692376	0.9992640216062417
2.1611975080753116	0.9994271206174191
2.1647022787112884	0.9994256957318671
2.1682220426131011	0.9995663789522906
2.1717586450462334	0.9995518770654177
2.1753097348584562	0.9996741558501944
2.1788786656623507	0.9996502741195061
2.1824655737404872	0.9997566508261386
2.1860767455025871	0.9997277263260196
2.1897167965734456	0.9998185578133573
2.1933983471426561	0.9997905327930245
2.1971364187589448	0.9998626772335417
2.2009619929905972	0.9998450237083164
2.2049287427751909	0.9998941415100535
2.2091838213328980	0.9998461730207746
2.2160778255555713	1.0000557019969443
2.2206712754506621	0.9999459480265153
2.2245955068900312	1.0000043841550765
2.2282510161021256	0.9999254884026765
2.2318034076218076	1.0000035136679151
2.2353154801357635	0.9999264853960540
2.2388118208245338	1.0000085747711045
2.2423035999036887	0.9999321974227869
2.2457944670352203	1.0000142368716785
2.2492881782574554	0.9999383412574488
2.2527850219383381	1.0000189991614132
2.2562876209430667	0.9999438709787347
2.2597955395802218	1.0000225788319248
2.2633111281549212	0.9999486232347877
2.2668336492793451	1.0000250817326537
2.2703653066345875	0.9999526704496036
2.2739051709791140	1.0000267005940238
2.2774553633412178	0.9999561392666958
2.2810148621421980	1.0000276099147634
2.2845858216646140	0.9999591714359021
2.2881673039944359	1.0000279217898453
2.2917617417234202	0.9999619398599544
2.2953686467886882	1.0000276426993513
2.2989912738958238	0.9999647099230184
2.3026304137230516	1.0000265844125800
2.3062914371794827	0.9999679871875934
2.3099784834200783	1.0000241399655183
2.3137025202201151	0.9999728896188967
2.3174771965969185	1.0000187285961519
2.3213311734577884	0.9999816079006101
2.3253158331749022	1.0000114702977612
2.3295755683849011	0.9999455736620406
2.3364875617255856	1.0001291262692347
2.3412198546467047	1.0000151810755529
2.3453218803648643	1.0000503110242533
2.3491702740563603	0.9999832385387015
2.3529270198825141	1.0000339325830299
2.3566580632382896	0.9999758262481557
2.3603931869196551	1.0000268891023592
2.3641526843619709	0.9999767503162356
2.3679543166458297	1.0000202106439107
2.3718278202303229	0.9999835186236955
2.3758244187859372	1.0000127927581506
2.3800874779178760	0.9999462181436098
2.3870162598376838	1.0001262560193716
2.3920204225221973	0.9999716095434558
2.3991191243251757	1.0002195960055518
2.4044911009836545	0.9998648698810972
2.4095916797213066	1.0002064793584233
2.4136857467329564	0.9999484258566814
2.4170595893137321	1.0000260034861925
2.4206852623259323	0.9999538384166695
2.4244432535871470	0.9999900714661972
2.4281854916262380	0.9999276954395493
2.4318389713933355	0.9999944336685656
2.4354472416391246	0.9999313115024412
2.4391171292847940	0.9999882925601407
2.4429773836581341	0.9999622094701330
2.4472053532198204	1.0000370623479535
2.4538552428551652	0.9998334371632934
2.4580670119667616	0.9999887091073230
2.4616353071725028	0.9999180179401058
2.4650555673474277	1.0000287804491443
2.4684950241353976	0.9999569944097781
2.4719949202565821	1.0000375973577669
2.4755639104043472	0.9999766009052333
2.4791919503301338	1.0000388963478082
2.4828711402676560	0.9999844134042413
2.4865912863258375	1.0000364877698675
2.4903529893780094	0.9999877334761988
2.4941622750713961	1.0000299629581988
2.4980439824063985	0.9999930352043374
2.5020462562402166	1.0000212774710138
2.5063108269268417	0.9999535829107110
2.5132330883691365	1.0001335705540826
2.5178259208381304	1.0000104952611415
2.5217734582592737	1.0000536910227229
2.5254851315537699	0.9999746367098842
2.5291321445503163	1.0000326564475250
2.5327807290543793	0.9999686006667616
2.5364576316699146	1.0000240476325097
2.5401781222534545	0.9999731224130056
2.5439552533703575	1.0000195275465549
2.5478140626258643	0.9999845657161297
2.5518027704352186	1.0000163483997424
2.5560633673003883	0.9999526067100871
2.5629647375100948	1.0001415524070363
2.5675951333196494	1.0000241022507577
2.5715930262914091	1.0000645997944706
2.5753870626792947	0.9999980162474260
2.5791853810993475	1.0000358908115177
2.5831191393752637	0.9999991176544658
2.5873666668097068	1.0000584823909102
2.5943008151789222	0.9998685632583232
2.5983747079293718	1.0000181351058368
2.6018752106346126	0.9999367755642394
2.6052622972768291	1.0000445741347419
2.6087137325133254	0.9999750383240985
2.6123109427807880	1.0000345035491269
2.6161389264787327	1.0000017676253361
2.6203561996647973	1.0000624321533091
2.6272758408187924	0.9998753713130794
2.6316362579992854	0.9999835749615399
2.6354990401714375	0.9999285288537313
2.6392862382296527	0.9999774258443210
2.6432059735134961	0.9999495860259968
2.6474479420112016	1.0000340302022899
2.6532500147121465	0.9997207745302980
2.6624397869823841	1.0001766697737511
2.6669106653098136	1.0000870627951655
2.6714617868580497	1.0001164046254130
2.6794505286990584	0.9999290478182132
2.6837815451484457	1.0000666993307514
2.6874099216604064	0.9999619161257505
2.6905704301706668	1.0001218972999735
2.6935406697684994	0.9999472606770191
2.6964795566993551	1.0001068451490922
2.6994553471982559	0.9999465145542278
2.7024826718188679	1.0000852555573663
2.7055622499508862	0.9999451253225595
2.7086853125432424	1.0000692982299204
2.7118456084408065	0.9999428219207079
2.7150339099353413	1.0000587617548977
2.7182455748512897	0.9999406244389558
2.7214741459202538	1.0000521061252403
2.7247179411935925	0.9999393227799492
2.7279734852563027	1.0000478901648733
2.7312416018401939	0.9999393400773084
2.7345208718636429	1.0000450497426312
2.7378136074219865	0.9999407165014312
2.7411194895900395	1.0000428672345700
2.7444416366202820	0.9999432863743625
2.7477804249149265	1.0000408188614627
2.7511396958030900	0.9999468927539445
2.7545207236899683	1.0000384250226515
2.7579285769558153	0.9999515537798722
2.7613662888280226	1.0000351092412196
2.7648415078830069	0.9999576294138295
2.7683611785314919	1.0000299637499908
2.7719391725642839	0.9999661540258167
2.7755927500737889	1.0000212416983287
2.7793548180733505	0.9999790925274302
2.7832827094828536	1.0000105927940326
2.7875270450763026	0.9999469167137037
2.7943978183078988	1.0001391058025184
2.7987581253370362	1.0000034960361526
2.8024333380784658	1.0000752633657171
2.8058603460819267	0.9999637400468990
2.8092043512342872	1.0000597757205010
2.8125237260866336	0.9999533511518792
2.8158391195439330	1.0000530771492440
2.8191595294546419	0.9999509533926528
2.8224868939982759	1.0000497808255870
2.8258242349059497	0.9999511708642754
2.8291711793137733	1.0000476040160571
2.8325303870797622	0.9999524512508337
2.8359015803670737	1.0000455770149497
2.8392879461226284	0.9999543950304470
2.8426899251980369	1.0000432090245395
2.8461117045422406	0.9999570509274923
2.8495550797010605	1.0000400896036108
2.8530260968638053	0.9999607623545015
2.8565292122045385	1.0000356257250276
2.8600744497635269	0.9999662972930573
2.8636724141294843	1.0000286564018186
2.8673434900738948	0.9999753252017329
2.8711169926472162	1.0000171461137850
2.8750532543276837	0.9999862276696588
2.8792985991938944	1.0000505034395808
2.8862052424050146	0.9998651959261743
2.8907717390294008	0.9999861333984837
2.8947049957949180	0.9999407179194173
2.8984142866045084	1.0000176710442992
2.9020788660065850	0.9999627177205079
2.9057750858453097	1.0000191137779619
2.9095602877852307	0.9999793457113701
2.9134997816759767	1.0000114036982921
2.9177476672924061	0.9999476664791136
2.9246293854563628	1.0001379282911442
2.9290617263983023	1.0000069063345323
2.9328137281302280	1.0000709652910456
2.9363126018779377	0.9999681359594428
2.9397244796206885	1.0000554273811608
2.9431097063807923	0.9999579362347472
2.9464905705952882	1.0000487460036862
2.9498772957807042	0.9999557511337934
2.9532729721884010	1.0000451785500899
2.9566817365087568	0.9999563747598352
2.9601045634413241	1.0000423889455436
2.9635456881121560	0.9999584134624052
2.9670069508056711	1.0000392687963415
2.9704943136467192	0.9999617309592058
2.9740121447261538	1.0000349761822487
2.9775703499714128	0.9999669305660616
2.9811793908087205	1.0000282616553009
2.9848594843225751	0.9999756282781328
2.9886397156428042	1.0000170430666260
2.9925800866042573	0.9999862329727107
2.9968265389802973	1.0000506546893588
3.0037514834515493	0.9998688392685257
3.0084436723341845	0.9999811578074305
3.0125590006098215	0.9999525983819768
3.0165089348783574	1.0000045777948203
3.0205152652424867	0.9999790595803073
3.0247843378306105	1.0000478215933548
3.0317138010520823	0.9998647963466060
3.0363385582785192	0.9999837088807931
3.0403387429645976	0.9999442752915583
3.0441221094611803	1.0000136692736823
3.0478744253750278	0.9999683196559657
3.0516845560007031	1.0000128398177770
3.0556375402102418	0.9999839216792817
3.0598880898596557	1.0000496736811926
3.0668159730308253	0.9998684785298607
3.0715157961312620	0.9999808583851273
3.0756378615181394	0.9999526995810398
3.0795927466817026	1.0000044898280727
3.0836020411833212	0.9999790463828759
3.0878719275553852	1.0000479144466585
3.0947910662171543	0.9998629892075088
3.0993572106521721	0.9999864162204822
3.1032680303203559	0.9999377712799974
3.1069311806181319	1.0000214896530137
3.1105192585096231	0.9999558879062039
3.1140958542250150	1.0000284503118455
3.1176949385606858	0.9999657206054917
3.1213347872234896	1.0000256970481651
3.1250388390403132	0.9999754782514207
3.1288365442072612	1.0000162764196483
3.1327875580869016	0.9999859577812076
3.1370368823173171	1.0000508822784888
3.1439326074193490	0.9998637937416702
3.1484634086394756	0.9999887232106116
3.1523254723272887	0.9999344729541250
3.1559242769597677	1.0000261904040710
3.1594280301913131	0.9999492308800325
3.1628947935895826	1.0000367151236584
3.1663508114235182	0.9999546694217751
3.1698036033966606	1.0000396051260976
3.1732596938474265	0.9999571244133153
3.1767203153619747	1.0000397931957064
3.1801899043780337	0.9999589670729991
3.1836699112829399	1.0000385330106576
3.1871657837600482	0.9999613052438853
3.1906807991287667	1.0000358858314087
3.1942230374561746	0.9999649744502919
3.1977996777051638	1.0000312275230117
3.2014249063045570	0.9999711998075939
3.2051159766331501	1.0000229642368279
3.2089055773006514	0.9999820231706062
3.2128501254641511	1.0000126976816548
3.2170989840676083	0.9999480693265127
3.2240078660881180	1.0001324702491392
3.2286288572215152	1.0000144157506048
3.2326255932456243	1.0000543368887458
3.2364077478537183	0.9999849263168442
3.2401570212570059	1.0000305634141997
3.2439661394473998	0.9999859675032865
3.2479169549840359	1.0000149491277166
3.2521681916073293	0.9999492285434570
3.2590848140264175	1.0001321751107413
3.2637314317833224	1.0000159202940520
3.2677706276910508	1.0000513181255655
3.2716156586030172	0.9999890417035557
3.2754598449927590	1.0000244236742004
3.2794234362272405	0.9999899474397489
3.2836785521736416	1.0000528121315995
3.2906277290406365	0.9998726245085102
3.2954418297385932	0.9999763414439932
3.2997777773608110	0.9999616253665355
3.3041586821309270	1.0000430222276402
3.3111792444443813	0.9998610327210941
3.3159112804086903	0.9999787423660352
3.3200348298347673	0.9999508484758811
3.3239828060677552	1.0000039799285720
3.3279860927741303	0.9999786424831599
3.3322545609030114	1.0000474375535047
3.3391637183054734	0.9998604755858600
3.3436472015849334	0.9999889425870262
3.3474647699051450	0.9999323098294356
3.3510395747693216	1.0000252149988282
3.3545466327925726	0.9999512384663761
3.3580499641956707	1.0000316575383166
3.3615839674271766	0.9999625702589451
3.3651677279501344	1.0000277471886538
3.3688257529814987	0.9999739771359822
3.3725889046521247	1.0000168597409833
3.3765187511590478	0.9999859803898558
3.3807623758892431	1.0000501463140545
3.3877073419054833	0.9998720169699310
3.3925069902868290	0.9999760094563895
3.3968336366707761	0.9999614084540916
3.4012119364703985	1.0000426112351715
3.4081990716113828	0.9998545905260100
3.4127085794437364	0.9999871157781884
3.4165271277871949	0.9999305835159144
3.4200959314483437	1.0000249617733525
3.4235960815355084	0.9999504405609522
3.4270932061716657	1.0000317015297171
3.4306221183277796	0.9999622170936643
3.4342018613456839	1.0000278108343794
3.4378568530555818	0.9999738462434868
3.4416178588121578	1.0000168733991395
3.4455464330875256	0.9999859716309670
3.4497897086385976	1.0000500982117355
3.4567446191537572	0.9998738349986722
3.4616144803838829	0.9999752809969393
3.4661829052203541	0.9999193901578682
3.4733560763274522	1.0001273039727581
3.4783256712025161	1.0000219537534463
3.4829243852666902	1.0000796918029782
3.4900517064944223	0.9998590836923078
3.4946053253390796	0.9999916895792833
3.4984166265026881	0.9999306439444382
3.5019588752175097	1.0000282833338006
3.5054230336394792	0.9999482972507114
3.5088769864347937	1.0000351388365187
3.5123542476630378	0.9999586764934923
3.5158705580959362	1.0000324025764609
3.5194439132579478	0.9999682762260539
3.5230928956969598	1.0000237575779110
3.5268513261182819	0.9999811970291957
3.5307769035042535	1.0000125248719129
3.5350206442363330	0.9999486551942280
3.5419628238935759	1.0001270616211220
3.5467605833240157	1.0000229035303261
3.5510833814411145	1.0000375666180994
3.5554619841941859	0.9999564146419874
3.5624800799593146	1.0001385685015063
3.5671900879531213	1.0000199587971494
3.5712900724144552	1.0000489010851075
3.5752223493280932	0.9999948985685916
3.5792148163715902	1.0000203790837809
3.5834815541259415	0.9999518326823709
3.5903762514639297	1.0001410974003646
3.5947791798637847	1.0000069814005650
3.5985008473326854	1.0000731744277023
3.6019774576559849	0.9999679424435893
3.6053760809162672	1.0000560717030949
3.6087566056470828	0.9999584443675243
3.6121409637117785	1.0000480860425678
3.6155391724315180	0.9999571470157176
3.6189543552299526	1.0000433992553093
3.6223909072354172	0.9999587671137959
3.6258504328287238	1.0000394652661460
3.6293383053433317	0.9999620321333506
3.6328583097711400	1.0000348641970185
3.6364197143909052	0.9999671918593812
3.6400323935916234	1.0000281114460978
3.6437160088217424	0.9999757769275149
3.6474991501683012	1.0000169961379262
3.6514413781007495	0.9999862375159162
3.6556883155974931	1.0000507252460820
3.6626397224353311	0.9998739278165897
3.6675210965848373	0.9999755117578359
3.6720925038518000	0.9999190632049503
3.6792262870684072	1.0001334510853981
3.6839705321166520	1.0000136317814246
3.6880262458136159	1.0000525842386037
3.6918408521304316	0.9999850322658175
3.6956106503481898	1.0000297807942435
3.6994333904863259	0.9999859933905214
3.7033920817590360	1.0000148830766340
3.7076455067362333	0.9999489470789679
3.7145349880342442	1.0001369641186313
3.7190277039375297	1.0000089688958398
3.7228410674089858	1.0000674991314620
3.7263946470021438	0.9999707460461578
3.7298565156519765	1.0000520574571667
3.7332904309771857	0.9999609860855987
3.7367223791991444	1.0000449222024230
3.7401666464433374	0.9999600299769450
3.7436311137227447	1.0000397184129846
3.7471258312644529	0.9999631762959330
3.7506595427230454	1.0000335460211713
3.7542474271576620	0.9999699259900604
3.7579077839198707	1.0000240347134204
3.7616742939583601	0.9999816665131457
3.7656047141901960	1.0000127034220139
3.7698497661121864	0.9999485686886962
3.7767247263302277	1.0001394951496621
3.7811131808557406	1.0000058726355394
3.7848251261816928	1.0000730289446200
3.7882975178785725	0.9999679548708856
3.7916996091830621	1.0000549898046136
3.7950946462258499	0.9999603273274773
3.7985089435870325	1.0000447009002373
3.8019582149868585	0.9999621725323073
3.8054532685825029	1.0000359891063946
3.8090094371979086	0.9999691277982027
3.8126450212621612	1.0000250202770831
3.8163935797200206	0.9999814738104209
3.8203132400125179	1.0000127530642551
3.8245553710678766	0.9999489722126571
3.8315084151505663	1.0001253176913840
3.8363746306675992	1.0000239197935319
3.8409403991134226	1.0000798264221566
3.8480612207747589	0.9998631136426730
3.8527120861639714	0.9999873617902963
3.8566692063443675	0.9999416929594510
3.8603961310101402	1.0000162387546705
3.8640970175203058	0.9999666614239876
3.8678674548840450	1.0000135793324276
3.8717959748040962	0.9999839717618800
3.8760399884683530	1.0000488346953920
3.8829896868221723	0.9998713591022372
3.8877734433072906	0.9999758077409293
3.8920882418668468	0.9999612185353748
3.8964633831949769	1.0000421025214825
3.9034310726574386	0.9998504503431965
3.9078063384929238	0.9999913406384617
3.9114850287838094	0.9999218800559897
3.9149296715150568	1.0000303257495959
3.9183216593636843	0.9999437592230607
3.9217249677181458	1.0000359244328871
3.9251734453187321	0.9999580499500627
3.9286859037802069	1.0000303417604328
3.9322870721685641	0.9999719842515151
3.9360085018715125	1.0000175608109798
3.9399131912661001	0.9999859866824666
3.9441500781696410	1.0000492666386014
3.9510614948059368	0.9998644843627486
3.9555873884172112	0.9999854069234517
3.9595126180401956	0.9999428539395274
3.9632657041963761	1.0000115153232219
3.9670456280748150	0.9999728396962082
3.9709696411119570	1.0000085544323574
3.9752152977414830	0.9999471856750741
3.9821401145952149	1.0001320611536202
3.9867320091729090	1.0000158895106601
3.9907473195371375	1.0000497276345810
3.9946239979253710	0.9999937925131439
3.9985850728900512	1.0000201320075077
4.0028430646575099	0.9999526846619186
4.0097654732670147	1.0001368577226677
4.0142834570463224	1.0000138624757768
4.0181933424723084	1.0000572510165515
4.0219345949944350	0.9999873419093990
4.0257042240643486	1.0000264526027356
4.0296235027906411	0.9999904677339547
4.0338666458476062	1.0000515535812724
4.0408350502895276	0.9998743614153069
4.0458296644438203	1.0000248656676962
4.0532777072337405	0.9998270540168754
4.0579885599432277	0.9999764490782259
4.0618986195760396	0.9999297514399861
4.0655576479261697	1.0000147675160564
4.0691974612086517	0.9999618079721232
4.0729212980360243	1.0000129239687938
4.0768215985546892	0.9999831306200087
4.0810580906457252	1.0000473706340363
4.0879536714901032	0.9998595632199311
4.0923400479435070	0.9999897127007478
4.0961087747880809	0.9999331457520151
4.0997027650087068	1.0000187417548962
4.1033087415458729	0.9999627310450765
4.1070139512146797	1.0000140124923642
4.1109045339138515	0.9999836157286317
4.1151382617672851	1.0000473348496106
4.1220763772441975	0.9998674347004833
4.1267029622303504	0.9999795562655946
4.1308053121057515	0.9999552864150334
4.1348404104958512	1.0000006280606977
4.1391272798133638	0.9999422351506239
4.1461271902527370	1.0001247284417103
4.1509766356128113	1.0000236997693659
4.1555391645409117	1.0000785937758794
4.1626640274641318	0.9998607133751728
4.1672182764616377	0.9999880920969714
4.1711046968322263	0.9999400389874985
4.1748105415744732	1.0000131225785482
4.1785521514246211	0.9999718576687461
4.1824525330425653	1.0000084170242030
4.1866920384718345	0.9999479772018437
4.1935997082817149	1.0001365328324183
4.1980350992533966	1.0000111534364617
4.2018728960109843	1.0000598828912284
4.2055607054346904	0.9999861128025365
4.2092937339895169	1.0000273350779778
4.2131918800742651	0.9999906607050447
4.2174293244727794	1.0000509499223040
4.2243550345379282	0.9998654815738955
4.2288784140188751	0.9999840819037435
4.2328355209514248	0.9999470035960826
4.2366694435294514	1.0000053335742753
4.2406072579787146	0.9999785240940102
4.2448576834089975	1.0000452071388966
4.2518406338056849	0.9998717943271407
4.2566753963629802	0.9999738650296006
4.2612352947843961	0.9999202284389268
4.2683321042818871	1.0001434922360766
4.2727004879534389	1.0000033458966762
4.2763646450051098	1.0000747197357212
4.2798218774423020	0.9999705071522200
4.2832563811838362	1.0000493510941599
4.2867398296026957	0.9999702810835802
4.2903114528096529	1.0000300504790598
4.2940113106236995	0.9999820176776254
4.2979014406461369	1.0000135267916259
4.3021356871300149	0.9999504210192341
4.3090831951461475	1.0001279589643994
4.3138303022466538	1.0000230964616008
4.3181172768535490	1.0000379558527208
4.3224862428679360	0.9999578295373270
4.3294668313055444	1.0001470339803922
4.3338799522872549	1.0000102843136105
4.3376210174727490	1.0000714970809290
4.3411502689614565	0.9999747890040117
4.3446457871614497	1.0000466194331801
4.3481788105156784	0.9999724245564111
4.3517890844702167	1.0000287947678019
4.3555168050842905	0.9999825677790559
4.3594235294116812	1.0000135586432306
4.3636622006172816	0.9999498601140518
4.3705596497328036	1.0001366250336456
4.3750275251825856	1.0000105401781887
4.3788613409546340	1.0000631648074982
4.3824902637814152	0.9999789337483458
4.3860896716652995	1.0000390622990425
4.3897373782175144	0.9999787140704210
4.3934863425796857	1.0000204093846894
4.3974056135241275	0.9999876760481261
4.4016467591248807	1.0000505775728679
4.4085495748847423	0.9998636093351486
4.4130454358711102	0.9999878843015569
4.4169083599646877	0.9999372876955072
4.4205589277247261	1.0000194174312347
4.4241764651587010	0.9999606638183378
4.4278362701042422	1.0000199469212281
4.4315951963084084	0.9999787385234171
4.4355189339089742	1.0000112865548183
4.4397625484337162	0.9999481491038796
4.4466687983108342	1.0001340023495313
4.4512166172990897	1.0000128233774148
4.4551406677425147	1.0000575797121376
4.4588630270109251	0.9999834726077478
4.4625661431341843	1.0000322057589492
4.4663421292509797	0.9999856172227860
4.4702731754499885	1.0000150245392703
4.4745190112647668	0.9999499448968121
4.4814193869788737	1.0001360829065675
4.4859252284427260	1.0000113740159959
4.4897916685012893	1.0000617319219833
4.4934444067233912	0.9999794894673598
4.4970606419568995	1.0000383638158825
4.5007200495013597	0.9999789094020269
4.5044767945653899	1.0000202167604595
4.5084005435234760	0.9999876268268439
4.5126429308957361	1.0000507041869524
4.5195781342153003	0.9998698650093427
4.5242856409052603	0.9999792003958501
4.5284581339931798	0.9999573187132491
4.5325357559780075	1.0000013774308674
4.5368340738412529	0.9999412427860150
4.5438258476971054	1.0001247326478291
4.5487079225265612	1.0000231754488120
4.5532788673905182	1.0000795101250031
4.5604125621029139	0.9998641948330228
4.5651100024858815	0.9999854219395082
4.5691328076564597	0.9999460594344480
4.5729440971085822	1.0000112591021539
4.5767596518881675	0.9999738937403192
4.5807032581366132	1.0000089415914415
4.5849544153838755	0.9999468029826540
4.5919151639333231	1.0001248782533096
4.5967812890751185	1.0000236697048852
4.6013472045919031	1.0000795782470298
4.6084864488925286	0.9998658672406455
4.6132347586101607	0.9999833138468845
4.6173373494327299	0.9999514189208113
4.6212607576607434	1.0000053674813669
4.6252471526411520	0.9999790950629999
4.6295113248745929	1.0000470035632096
4.6362795831355852	0.9998333335304016
4.6400462850053792	1.0000189052538007
4.6431774451288188	0.9998808512886926
4.6461499633843308	1.0000590356939540
4.6491098287726542	0.9999072061829249
4.6520947890520663	1.0000653737704222
4.6551194301317711	0.9999232926313864
4.6581844328009430	1.0000632741601114
4.6612929639292044	0.9999339152848081
4.6644437326426429	1.0000581680642013
4.6676400143370866	0.9999424043953699
4.6708822302338753	1.0000515664640302
4.6741757421434418	0.9999506212841344
4.6775241684822246	1.0000435324214871
4.6809371912619273	0.9999600084045308
4.6844252095018506	1.0000330989610031
4.6880088418437778	0.9999725221780044
4.6917183295156466	1.0000183601598036
4.6956160145330248	0.9999863084248539
4.6998510252422125	1.0000491848591497
4.7067866821365332	0.9998687928859947
4.7114487372077507	0.9999794595152697
4.7155821136009459	0.9999562710778603
4.7196360237855224	1.0000009955603248
4.7239279197352229	0.9999418172396767
4.7308342474362428	1.0001414256011787
4.7351413434402385	1.0000032907676744
4.7387848455685218	1.0000757157803790
4.7422224907366894	0.9999686605668251
4.7456257242479492	1.0000525846953037
4.7490599542917664	0.9999658844144946
4.7525573544177906	1.0000362051870926
4.7561453074635551	0.9999744299724386
4.7598571717751135	1.0000193617025201
4.7637559806236096	0.9999868616294507
4.7679913594664534	1.0000495025890983
4.7749409039592488	0.9998715410842109
4.7796961328542373	0.9999759653107139
4.7839912472459289	0.9999611236585093
4.7883610801511400	1.0000413694573043
4.7953335866099707	0.9998504229587510
4.7996990624809772	0.9999907262279967
4.8033839020832101	0.9999231630256504
4.8068498221827092	1.0000279631956506
4.8102767177745722	0.9999469993594872
4.8137287309796539	1.0000318803501822
4.8172420995218426	0.9999632139937515
4.8208411694369113	1.0000240176602089
4.8245625886011547	0.9999796908486415
4.8284656999063529	1.0000120403076707
4.8327034635048127	0.9999491866097368
4.8396357781946646	1.0001298783343318
4.8443146477008812	1.0000195450049247
4.8484598488763471	1.0000423279982289
4.8525224845667214	0.9999978197485543
4.8568154072848468	1.0000573292037747
4.8636972842947790	0.9998530582482119
4.8678789214546914	1.0000017775080270
4.8713756050169081	0.9999108265440360
4.8746485704335401	1.0000421676638021
4.8778631195266486	0.9999292308509670
4.8810691944550992	1.0000514673565715
4.8842869450296771	0.9999385775913171
4.8875194415608396	1.0000528376573290
4.8907700343985994	0.9999436678645738
4.8940367703183876	1.0000518065158117
4.8973210518748092	0.9999469530632417
4.9006206761885371	1.0000500424245280
4.9039369746356405	0.9999494883743610
4.9072680116982257	1.0000480721793779
4.9106153318523056	0.9999517272772066
4.9139773511910967	1.0000460220732008
4.9173559549743011	0.9999539067361424
4.9207500367965338	1.0000438506873530
4.9241620269063073	0.9999562194728141
4.9275915747686412	1.0000414053058906
4.9310420668138946	0.9999589141091826
4.9345144917427497	1.0000383902284766
4.9380140893626923	0.9999624063080594
4.9415444933903476	1.0000342399565936
4.9451149452673802	0.9999675058708966
4.9487352495431187	1.0000277776285798
4.9524250169141943	0.9999759314839579
4.9562127210309992	1.0000168969677834
4.9601577329823998	0.9999862191906683
4.9644054241344495	1.0000508120491800
4.9713058815616851	0.9998644738502660
4.9758534144087001	0.9999877894936122
4.9797429333547081	0.9999365704318349
4.9833770011209539	1.0000239377840843
4.9869228195635111	0.9999523109881631
4.9904377680843766	1.0000335825766131
4.9939473379798587	0.9999582873799904
4.9974578699778975	1.0000360162748816
5.0009743615018287	0.9999608418487985
5.0044960073498448	1.0000363082554582
5.0080247600525674	0.9999621640490717
5.0115589285690882	1.0000359428393606
5.0151001181338213	0.9999630589021459
5.0186467077818326	1.0000353516367275
5.0222004867888899	0.9999638519966423
5.0257601710520179	1.0000346081031419
5.0293280141811216	0.9999647400844860
5.0329033680721356	1.0000336182937153
5.0364893703989990	0.9999659476407980
5.0400865866563018	1.0000321321516117
5.0436998976012131	0.9999678545651922
5.0473323711126845	1.0000296309980881
5.0509926878849800	0.9999712240561592
5.0546898214250717	1.0000249889856936
5.0584423694550029	0.9999777327396223
5.0622772056341843	1.0000160865584276
5.0662512265933124	0.9999861467596470
5.0705068140952685	1.0000518000610987
5.0774164848953305	0.9998675792791296
5.0820882413382291	0.9999844465787657
5.0861201938917509	0.9999444278127392
5.0898960694581037	1.0000177148298395
5.0935847101394769	0.9999611065489391
5.0972498529858763	1.0000251544318537
5.1009258720332786	0.9999691146980378
5.1046310013163785	1.0000235757860363
5.1083881608130488	0.9999770891976970
5.1122256702511413	1.0000156685274777
5.1162011752800627	0.9999859328651051
5.1204571849913743	1.0000517349555011
5.1273947715171886	0.9998728150957872
5.1322579154709596	0.9999762586580994
5.1366310064682583	0.9999618382824260
5.1410218933872498	1.0000444575801553
5.1480605205130088	0.9998662244747857
5.1530137864574401	0.9999736966714907
5.1576070084951002	0.9999166944737973
5.1647711162103001	1.0001281663790733
5.1697500821465159	1.0000207962845149
5.1741646605103009	1.0000366310055238
5.1785709281909211	0.9999537692010459
5.1855850059228858	1.0001389981165982
5.1903231748778129	1.0000173704960822
5.1943872286379555	1.0000551080572067
5.1981858491480146	0.9999827436818216
5.2018945451444969	1.0000369014472146
5.2055862231299717	0.9999757372292608
5.2092970346073120	1.0000273228562921
5.2130554769205260	0.9999791039126680
5.2168930531208124	1.0000168216106240
5.2208682311667864	0.9999865450204607
5.2251242285996584	1.0000520372568422
5.2320380349540647	0.9998684225165602
5.2367371115504868	0.9999833256124886
5.2408118131625949	0.9999473682170995
5.2446464599469849	1.0000140875522834
5.2484164386276317	0.9999670826136408
5.2521974762229995	1.0000172033424888
5.2560457463339905	0.9999807040727923
5.2600238103274766	1.0000116717744219
5.2642822061127310	0.9999464738858806
5.2711880820328298	1.0001317361319135
5.2758480272620174	1.0000137174193686
5.2798562116241916	1.0000561005569968
5.2836010547773720	0.9999790883151557
5.2872449172341920	1.0000411640056790
5.2908500709285597	0.9999693165307867
5.2944401116616584	1.0000362906944635
5.2980255949526951	0.9999664079475865
5.3016088314414986	1.0000346244950411
5.3051926459523333	0.9999655359041132
5.3087759513514605	1.0000340467668878
5.3123604337704853	0.9999652802230169
5.3159444425310083	1.0000338460740874
5.3195295106418028	0.9999652020266007
5.3231138959684907	1.0000337851521397
5.3266991269966342	0.9999651652243851
5.3302834619691017	1.0000337826361307
5.3338684556478118	0.9999651314928176
5.3374523982560724	1.0000338054485931
5.3410368919891864	0.9999650971836916
5.3446202871723374	1.0000338318100366
5.3482042643459211	0.9999650753698097
5.3517872744307677	1.0000338364108368
5.3553711272743891	0.9999650937985191
5.3589544405932727	1.0000337807000279
5.3625392405126018	0.9999652008151569
5.3661244256092120	1.0000336008796487
5.3697123922901788	0.9999654793731336
5.3733025262065865	1.0000331873230661
5.3768978808104384	0.9999660749980874
5.3804987255750172	1.0000323444217156
5.3841093452232291	0.9999672538590398
5.3877317282620156	1.0000307039013137
5.3913726733171501	0.9999695360376902
5.3950379028161324	1.0000275133505616
5.3987401231242327	0.9999740378712257
5.4024948236888690	1.0000211158951469
5.4063326004569614	0.9999828569972609
5.4103068876866374	1.0000127740523499
5.4145638348984235	0.9999470684087819
5.4215044166748676	1.0001251573378536
5.4264143941985745	1.0000230670234143
5.4309916043252437	1.0000810123618309
5.4381231436318318	0.9998676544106080
5.4429786138947955	0.9999831079743441
5.4471647546330413	0.9999525037862982
5.4511103174492863	1.0000090473903669
5.4550244098849605	0.9999762538899850
5.4590274203762181	1.0000095637941575
5.4632948156074477	0.9999451248626066
5.4702376386146172	1.0001259212627014
5.4751046312413694	1.0000224512000184
5.4794768149174740	1.0000370413500470
5.4838688980448032	0.9999544815989032
5.4909059296183278	1.0001329154014338
5.4958604878668602	1.0000253846920266
5.5004523013237314	1.0000825580458503
5.5076105489609306	0.9998705438955360
5.5126923251963049	1.0000296046049220
5.5201889809315912	0.9998304518683004
5.5252189578641557	0.9999730534346123
5.5294249077272415	0.9999423563194278
5.5333075752001513	1.0000115461063692
5.5370938469549156	0.9999655717844976
5.5408789393157516	1.0000166036437630
5.5447272009435355	0.9999802834616479
5.5487044002119257	1.0000115218439158
5.5529626885644410	0.9999464999547815
5.5598921561090204	1.0001275384433759
5.5647014306097571	1.0000204212881458
5.5689628174445467	1.0000395721690003
5.5730975754684913	0.9999968351179958
5.5774101353441230	1.0000592430451141
5.5843912806106575	0.9998743193540105
5.5893149004150926	0.9999766065573850
5.5938984829118414	0.9999184272124841
5.6010382763549629	1.0001316997195893
5.6058868851109906	1.0000158949790601
5.6100630315201112	1.0000468438506709
5.6140023435758826	0.9999898823202759
5.6179102725565260	1.0000228808791085
5.6219110759109059	0.9999894954036145
5.6261765553709839	1.0000538301515771
5.6330571281956914	0.9998611621685529
5.6375072835638118	0.9999934747723179
5.6412446385137160	0.9999249567443647
5.6446918319141419	1.0000363762593285
5.6480221267631316	0.9999356881007480
5.6512960365904039	1.0000504874594340
5.6545416985062271	0.9999387235337996
5.6577687011992683	1.0000558450311166
5.6609856405179872	0.9999395493539648
5.6641952963921005	1.0000577325775839
5.6674032225494573	0.9999401491011481
5.6706109567984875	1.0000578382255119
5.6738232017175667	0.9999411852157071
5.6770409816396752	1.0000568227835536
5.6802685679697680	0.9999428265226563
5.6835067228953156	1.0000549756290982
5.6867595592611266	0.9999451061397456
5.6900278648202374	1.0000524002116449
5.6933159342990578	0.9999480720386777
5.6966249949305334	1.0000490575735814
5.6999600390827041	0.9999518692234959
5.7033234249137914	1.0000447399962162
5.7067217940060537	0.9999568358459331
5.7101600499012664	1.0000389543459487
5.7136486773261881	0.9999637136107657
5.7171987647774385	1.0000305920009018
5.7208312206075602	0.9999741329034060
5.7245761422160921	1.0000176940375716
5.7284950549829601	0.9999862763678777
5.7327357407654249	1.0000499180147493
5.7396297475758793	0.9998619903083836
5.7440833700096752	0.9999895498619275
5.7478914932737037	0.9999334237138420
5.7514794510817140	1.0000230334968676
5.7550238728668939	0.9999553833452099
5.7585936007938301	1.0000257066564358
5.7622329138057147	0.9999713403253796
5.7659796668329770	1.0000161985648728
5.7698990399104524	0.9999854430632289
5.7741399058923353	1.0000494703361802
5.7810751560639853	0.9998694508079637
5.7857790593579290	0.9999790410144505
5.7899486485839633	0.9999571592307589
5.7940245483801336	1.0000013033153681
5.7983223920057094	0.9999412601246552
5.8052229619369253	1.0001416773273881
5.8095338821525351	1.0000018944399354
5.8131530409005618	1.0000793811748634
5.8165346500959316	0.9999625941677227
5.8198463774219960	1.0000619316703716
5.8231470005753279	0.9999537104385613
5.8264577721769797	1.0000528323210411
5.8297888724919389	0.9999533052816573
5.8331440276117270	1.0000468432802931
5.8365287667062695	0.9999561807492241
5.8399462189945170	1.0000413023788475
5.8434039299982956	0.9999612220295916
5.8469087214776483	1.0000345071938079
5.8504744002928115	0.9999690280998685
5.8541181970090070	1.0000244322188945
5.8578731069973999	0.9999814257165738
5.8617966701322981	1.0000126617882268
5.8660398405256551	0.9999487818474535
5.8729216687601422	1.0001384894574596
5.8773360489444455	1.0000070960614784
5.8810816666596395	1.0000705892289046
5.8845896574258481	0.9999699596167132
5.8880274446796950	1.0000525101861200
5.8914573273347779	0.9999622986488387
5.8949048545780691	1.0000426736431425
5.8983849888780782	0.9999637444206648
5.9019078431435155	1.0000345975777294
5.9054881162131307	0.9999700879448695
5.9091434724635139	1.0000243549783840
5.9129068319293987	0.9999817357520924
5.9168355083625483	1.0000127568001311
5.9210800514472925	0.9999486531090295
5.9279714436967543	1.0001364815903695
5.9324516203270292	1.0000094885827817
5.9362728813630623	1.0000655824543563
5.9398577717909777	0.9999741137646013
5.9433752906326722	1.0000467757445424
5.9468913820606426	0.9999678345882793
5.9504362853400838	1.0000356878513470
5.9540316259403543	0.9999715911039370
5.9576979941431638	1.0000246139899909
5.9614690720507406	0.9999821807773842
5.9654023589046101	1.0000129349747862
5.9696481472227134	0.9999485869181026
5.9765345388427527	1.0001372558847921
5.9809936312695271	1.0000082478180203
5.9847807194184206	1.0000684802391508
5.9883185835702957	0.9999705599890842
5.9917729669278117	1.0000522262002454
5.9952046311025455	0.9999611018261356
5.9986364658557871	1.0000449937347009
6.0020793814476301	0.9999596711895823
6.0055374388178073	1.0000407002333229
6.0090161253555205	0.9999612820365112
6.0125184346300280	1.0000367461909376
6.0160516594161999	0.9999649053776002
6.0196222640977357	1.0000315208237567
6.0232436560311218	0.9999711873648851
6.0269324383369893	1.0000230407199802
6.0307207410442878	0.9999820327919743
6.0346646143811098	1.0000127081453345
6.0389132650892545	0.9999480977859473
6.0458290970471413	1.0001311824900974
6.0504933382184927	1.0000161321269636
6.0545528884896394	1.0000503142325627
6.0584159058646110	0.9999893501304613
6.0622738750028642	1.0000240571507553
6.0662459500871213	0.9999898545838192
6.0705033434394693	1.0000530594888737
6.0774420842073491	0.9998710526124442
6.0822052779454090	0.9999789767810403
6.0864262391556920	0.9999585535778305
6.0905336655184383	1.0000018521839935
6.0948401072999738	0.9999405231765260
6.1018185779171610	1.0001261626403919
6.1066647764416082	1.0000221385644046
6.1110159378299649	1.0000370909054446
6.1154026836392177	0.9999553628995654
6.1223984883852136	1.0001419287437685
6.1270046974598200	1.0000141444289363
6.1309198221726762	1.0000630726385413
6.1345727000982899	0.9999767770420608
6.1381389056923119	1.0000451542589994
6.1416867716483612	0.9999684900895889
6.1452460490343848	1.0000361834198050
6.1488353538343965	0.9999696831109455
6.1524689965930417	1.0000282737838657
6.1561682304921339	0.9999766725246440
6.1599624875422556	1.0000170725889126
6.1639113384579911	0.9999863614266139
6.1681601064713174	1.0000510203176929
6.1750605657330029	0.9998646682364490
6.1796164796220454	0.9999874452021442
6.1835181709768365	0.9999376364677355
6.1871710871175134	1.0000223207737922
6.1907475374160281	0.9999552749295020
6.1943116329257917	1.0000291971173474
6.1978980376013713	0.9999651118954799
6.2015258497211034	1.0000262169856342
6.2052193178910207	0.9999751399927175
6.2090087174445419	1.0000164372357003
6.2129545309644136	0.9999859726088924
6.2172024699017143	1.0000507058052699
6.2240921858917053	0.9998624036341659
6.2285755917416035	0.9999901327186960
6.2323865267938539	0.9999316036892159
6.2359406575525727	1.0000278251746531
6.2394089470296734	0.9999475032752010
6.2428512995206864	1.0000371639846941
6.2462961703226219	0.9999549393554373
6.2497539118324514	1.0000379355229474
6.2532347102727943	0.9999601883197303
6.2567445648457669	1.0000348607534886
6.2602945582445146	0.9999661630717334
6.2638958021426934	1.0000284032215980
6.2675691236281947	0.9999752950781847
6.2713440831558191	1.0000170836640594
6.2752811800757904	0.9999862072506023
6.2795267598522155	1.0000505245357540
6.2864602096724260	0.9998702650818435
6.2912004527337020	0.9999788554926277
6.2954021515179575	0.9999579885615888
6.2994978132904675	1.0000016153632652
6.3038010309555084	0.9999407757088321
6.3107424752081869	1.0001334048598731
6.3153240381885896	1.0000119604789826
6.3192560021256305	1.0000582485270866
6.3229612750872155	0.9999807508625976
6.3266190623583469	1.0000363985744611
6.3303106279056696	0.9999795734570296
6.3340905865947059	1.0000196369336636
6.3380282739870450	0.9999875075881444
6.3422744243186457	1.0000511319585201
6.3492088366961221	0.9998703465912394
6.3539433280715309	0.9999790001148087
6.3581396612345538	0.9999579061886555
6.3622319572976904	1.0000015943510969
6.3665342622767831	0.9999408772687068
6.3735142776637659	1.0001263893244932
6.3783401165652833	1.0000221856466722
6.3826764836646168	1.0000372110036346
6.3870592347365749	0.9999559271354361
6.3940711586853078	1.0001396665054600
6.3987471081707117	1.0000180950875510
6.4027853090224980	1.0000533767239246
6.4066212321270672	0.9999894584161747
6.4104563973231743	1.0000250976851148
6.4144139358020373	0.9999902214222554
6.4186675012860936	1.0000527270916528
6.4255437335654166	0.9998586566648477
6.4298909298839870	0.9999952479391153
6.4335524970692024	0.9999220121400288
6.4369659582224728	1.0000350606765533
6.4403017816661636	0.9999382519452955
6.4436166726325306	1.0000448334369303
6.4469360423040367	0.9999462270333432
6.4502673731710924	1.0000460656673431
6.4536178745955990	0.9999512653087236
6.4569896727603071	1.0000440486713018
6.4603885591192727	0.9999558269225695
6.4638176970387908	1.0000400836653300
6.4672850401572246	0.9999613023198848
6.4707976125317836	1.0000339642840657
6.4743694917278072	0.9999691398856987
6.4780180397798377	1.0000242248221138
6.4817763569405118	0.9999814505885896
6.4857019509502996	1.0000126475754789
6.4899456750662088	0.9999487044920179
6.4968418187322952	1.0001357140379732
6.5013442393925907	1.0000106782047291
6.5051998152126034	1.0000628268301364
6.5088308084684821	0.9999774063897250
6.5124100164977090	1.0000416919953274
6.5160100165570922	0.9999741809498617
6.5196719157520970	1.0000267319711367
6.5234367488270841	0.9999829694879860
6.5273656031660261	1.0000134490468482
6.5316102639372700	0.9999490318901887
6.5385323662840857	1.0001309764595971
6.5431983532352378	1.0000174392199261
6.5472853698617994	1.0000473165998862
6.5512156092000051	0.9999942411389060
6.5552085838634859	1.0000199533100000
6.5594752495296076	0.9999515275040941
6.5663942247637870	1.0001361723556574
6.5709509800140351	1.0000130976546069
6.5748665251306724	1.0000595477434444
6.5785613024356655	0.9999810063160276
6.5822124126874613	1.0000368710816239
6.5858996807582573	0.9999796537961394
6.5896769628876335	1.0000197671059574
6.5936131517006524	0.9999875597765333
6.5978588758880390	1.0000511060187915
6.6047666555223499	0.9998652973802078
6.6093277215146369	0.9999862995052962
6.6132565029533170	0.9999406057835599
6.6169629720191274	1.0000177181011654
6.6206259851490747	0.9999626872038878
6.6243214413751756	1.0000191113289083
6.6281063204276478	0.9999793417475653
6.6320456858189569	1.0000114004828686
6.6362935229357953	0.9999476683211571
6.6431961968382796	1.0001339970680996
6.6477537679132475	1.0000120557950563
6.6516676367477281	1.0000596495438272
6.6553505614392670	0.9999792071922456
6.6589742633186928	1.0000394550685436
6.6626114998134236	0.9999753766528150
6.6663032965824094	1.0000256857914978
6.6700902853421038	0.9999832905436812
6.6740325975587336	1.0000134349218197
6.6782808942556633	0.9999485560093839
6.6851619188183129	1.0001380649419791
6.6896033108317576	1.0000070979995321
6.6933598890773229	1.0000711075410453
6.6968569869629269	0.9999675844103413
6.7002607492922426	1.0000564111370116
6.7036317364387790	0.9999565761266488
6.7069924544137827	1.0000505163706206
6.7103534164770480	0.9999536723267578
6.7137180271888122	1.0000475972389502
6.7170907907722617	0.9999537047813438
6.7204729923698521	1.0000453222598760
6.7238691236758168	0.9999552657222789
6.7272810678040393	1.0000426422830153
6.7307145498589618	0.9999581222301450
6.7341732023930456	1.0000388786652863
6.7376653282203929	0.9999626223942272
6.7411983954181149	1.0000331744038380
6.7447868271964673	0.9999698105120971
6.7484482472361487	1.0000238696707737
6.7522158614017664	0.9999816317489285
6.7561470335457710	1.0000126677135581
6.7603922723426013	0.9999485199299213
6.7672615793723843	1.0001404936478999
6.7716195804264689	1.0000043583097000
6.7752914427968243	1.0000763025373054
6.7787159252292311	0.9999644366995331
6.7820596628556649	1.0000601638911646
6.7853823051473050	0.9999544112274805
6.7887057768254424	1.0000525029575982
6.7920404111773012	0.9999528069267186
6.7953896143184949	1.0000479281105874
6.7987580718103153	0.9999542790133618
6.8021474216076570	1.0000440398034598
6.8055628184077603	0.9999574264220124
6.8090072910007464	1.0000395984932651
6.8124885083009667	0.9999622271686727
6.8160133607634501	1.0000335108984069
6.8195957323178806	0.9999696302039657
6.8232528134861292	1.0000239923661007
6.8270174815033569	0.9999815896518628
6.8309469399359752	1.0000126667429050
6.8351917009756029	0.9999485790298956
6.8420745591213610	1.0001380269877489
6.8465060687726629	1.0000072990970799
6.8502629110842710	1.0000704225308203
6.8537713994454350	0.9999690154771870
6.8571964740031781	1.0000543651168825
6.8605973539625262	0.9999590600524675
6.8639951843274742	1.0000475948804659
6.8673988673084647	0.9999567582355439
6.8708099733870851	1.0000443804962424
6.8742308057853698	0.9999567851217062
6.8776601470503191	1.0000425079868109
6.8810995105590118	0.9999575486330928
6.8845473266744479	1.0000411282264849
6.8880051306585370	0.9999585513528375
6.8914714152992653	1.0000399087559289
6.8949479171694685	0.9999596656467609
6.8984333628494285	1.0000386838096900
6.9019298483014389	0.9999609153390516
6.9054365538892695	1.0000373080008971
6.9089562251923384	0.9999624279033065
6.9124889072500757	1.0000355701867036
6.9160385863921059	0.9999644691944702
6.9196070375642051	1.0000330879490338
6.9232008127908342	0.9999675725112984
6.9268254975201051	1.0000290851621376
6.9304937032099465	0.9999728842275649
6.9342210247256206	1.0000218670673089
6.9380384094198329	0.9999825277469748
6.9420001807738574	1.0000127452567280
6.9462536875290448	0.9999474923356769
6.9531570693969593	1.0001327021900703
6.9577806569638252	1.0000130367424922
6.9617504735707989	1.0000579910057990
6.9654611961119439	0.9999779865963749
6.9690757857406744	1.0000426273410277
6.9726561548198358	0.9999684010752118
6.9762256868344767	1.0000372037898428
6.9797949261748213	0.9999658751685345
6.9833664519262637	1.0000349625420641
6.9869435737760170	0.9999655625825409
6.9905259914125013	1.0000336643274341
6.9941165293738061	0.9999661439706190
6.9977151669581152	1.0000323956145307
7.0013257625686069	0.9999674194033856
7.0049498672336519	1.0000305557570792
7.0085937999440340	0.9999697547802520
7.0122627980393926	1.0000273182449533
7.0159690778305350	0.9999742192846063
7.0197276437319607	1.0000209925739512
7.0235686190679365	0.9999829179444161
7.0275449681811093	1.0000127808011208
7.0318024652079592	0.9999469992973802
7.0387080116140073	1.0001316378487266
7.0433780555216874	1.0000140681123673
7.0473985743076417	1.0000554662049583
7.0511562692734318	0.9999796881545490
7.0548137626115262	1.0000403050255080
7.0584342777590185	0.9999702616702660
7.0620428151230783	1.0000349759452125
7.0656518815248397	0.9999680917111240
7.0692664511267971	1.0000322665809953
7.0728930801542047	0.9999687559052663
7.0765358880841909	1.0000295179104710
7.0802041107819074	0.9999716068255787
7.0839072037983914	1.0000248949223154
7.0876641083597782	0.9999778715951669
7.0915019644308339	1.0000160649935037
7.0954777734631778	0.9999861527454170
7.0997338677179291	1.0000518648291290
7.1066446601170350	0.9998678628203522
7.1113277628106335	0.9999839785739359
7.1153771811698858	0.9999456728670522
7.1191779282140288	1.0000160374075113
7.1229028995113177	0.9999639797056432
7.1266223225626533	1.0000210996132879
7.1303811776010937	0.9999753477281327
7.1342162337065593	1.0000149545786370
7.1381893292151348	0.9999854894516558
7.1424447825225830	1.0000513867295353
7.1493475469558021	0.9998659082217122
7.1539653320611611	0.9999862796920753
7.1579247234295353	0.9999400143984890
7.1616183249313705	1.0000218479186413
7.1652155323272861	0.9999552640618572
7.1687780260906688	1.0000311302037832
7.1723362277173832	0.9999615756711210
7.1759021226949091	1.0000322077682131
7.1794877024338994	0.9999660997779461
7.1831012594425303	1.0000292558640393
7.1867574916390176	0.9999720769236793
7.1904735156054009	1.0000220977597565
7.1942816811943953	0.9999822662077090
7.1982375635973908	1.0000126820657289
7.2024895105654432	0.9999476649099537
7.2093905115790662	1.0001334307632501
7.2139860180432640	1.0000125632896368
7.2179300824240409	1.0000587750396672
7.2216278892553252	0.9999786914508328
7.2252495844217455	1.0000406201608898
7.2288656198119599	0.9999727883363183
7.2325116300295758	1.0000297207347546
7.2362167539728830	0.9999776116191126
7.2400140368443617	1.0000175302284371
7.2439643238229410	0.9999866090588536
7.2482135565490919	1.0000511831333385
7.2551553146520300	0.9998724792679263
7.2599827420889387	0.9999761579729748
7.2643294602369277	0.9999616252694706
7.2687131919460146	1.0000434223874717
7.2757142061159730	0.9998580826653463
7.2803505548086305	0.9999834417476297
7.2843129052746622	0.9999391881418411
7.2880238858181396	1.0000183735294834
7.2916673804259684	0.9999597371099658
7.2953167122056373	1.0000230218375146
7.2990183509248459	0.9999733698060450
7.3028104983420432	1.0000154927376486
7.3067572395481557	0.9999854477284306
7.3110055118848427	1.0000504365917529
7.3179388486717514	0.9998703855733433
7.3226944105659015	0.9999786952140994
7.3269097062624216	0.9999582800827969
7.3310137899956445	1.0000017208654184
7.3353193085324957	0.9999405549930559
7.3422461107220025	1.0001358007067205
7.3467544203194644	1.0000083845049670
7.3505770927951319	1.0000664890945206
7.3541411646078068	0.9999712873054524
7.3576168665008144	1.0000507484767436
7.3610682507013445	0.9999621802234115
7.3645207764893357	1.0000433878563675
7.3679878659854969	0.9999614625320600
7.3714763308280347	1.0000382312770626
7.3749951141257979	0.9999644744211528
7.3785518277126663	1.0000323961685709
7.3821605895220479	0.9999707878179996
7.3858386665199465	1.0000234485495876
7.3896187562331814	0.9999819175988223
7.3935575549192434	1.0000127172247537
7.3978048440573225	0.9999482808989605
7.4047139921318266	1.0001326830632571
7.4093241622024824	1.0000142753680139
7.4133111959649538	1.0000547234076642
7.4170861854689010	0.9999848163267755
7.4208304703519605	1.0000307297113329
7.4246362838253575	0.9999859521529392
7.4285852052350911	1.0000149634414146
7.4328359050285746	0.9999493012399124
7.4397603899082494	1.0001307714699137
7.4444541033524461	1.0000179254425541
7.4485669287635350	1.0000465271371615
7.4525162840728925	0.9999943816067760
7.4565206583926305	1.0000198931191411
7.4607904625072052	0.9999511149884016
7.4677373084078615	1.0001304979562224
7.4724957047711076	1.0000208053910762
7.4767065351365520	1.0000411729299032
7.4808085978748347	0.9999974536036246
7.4851123230439987	1.0000584156636994
7.4921014262863093	0.9998743546771282
7.4969990233739949	0.9999761457058546
7.5015757472196594	0.9999191889678138
7.5087229893237257	1.0001320344052205
7.5135326699237464	1.0000164881829778
7.5176930124312689	1.0000455556717462
7.5216619376328824	0.9999938852457635
7.5256741988718234	1.0000196664356256
7.5299466738908292	0.9999508651873917
7.5369042385341176	1.0001286779226906
7.5417330624426491	1.0000234984271166
7.5460749914607810	1.0000377899079476
7.5504589725805609	0.9999559456052143
7.5574503513152669	1.0001429972683213
7.5620201488049483	1.0000130652744663
7.5658918984821861	1.0000659081356722
7.5694978733867053	0.9999741734397027
7.5730108273723786	1.0000492092191196
7.5764943735864607	0.9999639130398985
7.5799721413490024	1.0000426009289922
7.5834545198376011	0.9999615506394096
7.5869442382371828	1.0000394358909164
7.5904447937207955	0.9999617613709199
7.5939563845608866	1.0000372627469070
7.5974824490358790	0.9999631320464212
7.6010239422929180	1.0000349703283555
7.6045860015351590	0.9999655348116123
7.6081720747581993	1.0000317244791017
7.6117912001467971	0.9999695850821555
7.6154528498085430	1.0000262738875325
7.6191762004605366	0.9999769243726974
7.6229889858144633	1.0000164707398298
7.6269493734670517	0.9999861911317968
7.6312012414771422	1.0000513438586054
7.6375183647103002	0.9997592886723521
7.6426772019734130	1.0000513709534775
7.6478214466022374	0.9997041478855052
7.6535552347727993	1.0002093587634540
7.6590506333766157	0.9998092745332087
7.6749441894643713	1.0006848943794735
7.6781575081657172	1.0002615411437472
7.6811729458344491	1.0003294228464865
7.6843856220729334	1.0001362632217932
7.6877887762463430	1.0001571314803757
7.6913318656880181	1.0000507056991261
7.6949861870214447	1.0000752734835672
7.6987331401704475	1.0000100612405836
7.7025799562124861	1.0000338519473742
7.7065652909134936	0.9999960589373257
7.7108234981206456	1.0000569083361421
7.7174799163927741	0.9998231359673411
7.7342560560304374	0.9996526526084532
7.7396011058870728	0.9998407300362416
7.7439870854386390	0.9999023961496408
7.7481764327770488	0.9999669271213562
7.7525106469161695	0.9998999841827316
7.7587522847379944	1.0001719050525411
7.7669869182674649	0.9998531096728135
7.7717089184299954	1.0000068279336700
7.7754926260664456	0.9999397973011127
7.7790191332063143	1.0000365223623813
7.7825100907668734	0.9999603632173879
7.7860127953966236	1.0000390452963293
7.7895302263415704	0.9999634881867708
7.7930475900588787	1.0000395660860451
7.7965565854376093	0.9999610010799623
7.8000508891178342	1.0000404294327903
7.8035327588191938	0.9999590406398524
7.8070039090670358	1.0000411780904004
7.8104695963985229	0.9999587108418914
7.8139311890339664	1.0000418292209883
7.8173917445091492	0.9999590998066297
7.8208501131774533	1.0000425753849467
7.8243076531617222	0.9999594121823299
7.8277626752403249	1.0000431856948635
7.8312173172979351	0.9999596218539686
7.8346716845319477	1.0000430330162458
7.8381305233306868	0.9999603164406379
7.8415970014030014	1.0000413468189324
7.8450792966046201	0.9999623642262634
7.8485843879598374	1.0000373389202035
7.8521251110305910	0.9999668259477679
7.8557148062671400	1.0000299428065378
7.8593764452168857	0.9999753704227459
7.8631415676269700	1.0000174744348458
7.8670723557915956	0.9999860889000332
7.8713163034028426	1.0000498942640526
7.8782151601661452	0.9998626801456423
7.8827233058495221	0.9999864757071405
7.8866013132901589	0.9999376776316682
7.8902774531275401	1.0000159886037290
7.8939423436390612	0.9999641436575902
7.8976875232484476	1.0000127685747680
7.9016011457098330	0.9999829287960277
7.9058411550504344	1.0000474489392566
7.9127482593518010	0.9998620657418736
7.9172336089040174	0.9999858858624374
7.9211151916773055	0.9999402609029094
7.9248314774565385	1.0000120842332563
7.9285841506564765	0.9999719712005276
7.9324918477059292	1.0000084116607171
7.9367331977541919	0.9999478125354702
7.9435856474253113	1.0001466576062445
7.9477450615197114	0.9999989193077623
7.9512525361985569	1.0000859612126014
7.9545661940842010	0.9999621528700670
7.9578438576798725	1.0000637726257826
7.9611365991241501	0.9999558875963412
7.9644600530073291	1.0000517115081533
7.9678195755715668	0.9999569817839733
7.9712141954630225	1.0000445794240069
7.9746442598146219	0.9999599614820547
7.9781068856948139	1.0000397153399079
7.9816021531146477	0.9999632076561319
7.9851271870690113	1.0000359594454651
7.9886824470335815	0.9999662685787831
7.9922654756173896	1.0000327689622877
7.9958774992703852	0.9999691510225015
7.9995171280940172	1.0000297301726524
8.0031874194433588	0.9999722046703762
8.0068899374186842	1.0000261613586390
8.0106329126252191	0.9999764298451568
8.0144270069737633	1.0000204335669567
8.0182978244159067	0.9999840261265937
8.0222935970698117	1.0000133662134969
8.0265562811901763	0.9999468359640786
8.0334799730184407	1.0001276895251006
8.0383205525294663	1.0000200097330163
8.0425869094963947	1.0000418280488086
8.0466592375118484	0.9999953976329676
8.0507403757836702	1.0000197702942479
8.0550312981809657	0.9999485520767498
8.0619797537673250	1.0001270586988269
8.0669302346078524	1.0000231961784736
8.0715186028980490	1.0000824387208627
8.0786414424347512	0.9998680445682352
8.0835371653207240	0.9999846811738486
8.0877240511242015	0.9999492512695940
8.0915972813100012	1.0000177412397646
8.0953325720133940	0.9999610425218595
8.0989936988722242	1.0000292992816453
8.1026101184175356	0.9999623998787924
8.1061913902021683	1.0000346532968944
8.1097459920939325	0.9999612492960793
8.1132773602031758	1.0000375154718535
8.1167923857841817	0.9999601326120456
8.1202949169864151	1.0000386642971715
8.1237924339793075	0.9999600429951879
8.1272895129026477	1.0000381912008018
8.1307943758080672	0.9999614282363271
8.1343126913529620	1.0000359444259910
8.1378544741461329	0.9999647284488965
8.1414284452358032	1.0000313752341563
8.1450499731209387	0.9999709119269066
8.1487372244796568	1.0000230125556662
8.1525235871588144	0.9999818523827682
8.1564660481321276	1.0000125839551171
8.1607143636772204	0.9999480281051346
8.1676067495397398	1.0001355601008575
8.1721203036090238	1.0000098748800605
8.1759681732842324	1.0000645310119338
8.1795659521913198	0.9999734765988537
8.1830804720102410	1.0000479129585500
8.1865748531751112	0.9999648772972178
8.1900744598680184	1.0000400902244351
8.1935930235516139	0.9999646493536397
8.1971381080241503	1.0000344364930687
8.2007202392882448	0.9999683773922690
8.2043499635583981	1.0000276300992812
8.2080470853066654	0.9999762011605364
8.2118401678950441	1.0000167950414895
8.2157884301342072	0.9999861644947139
8.2200370115171957	1.0000508565637696
8.2269452903434761	0.9998660179838164
8.2315487940719230	0.9999854839572315
8.2355150497260041	0.9999417743539812
8.2392432977542018	1.0000180571196147
8.2429076293262007	0.9999612674878863
8.2465774304726516	1.0000224204957200
8.2502970255734027	0.9999740619322752
8.2541031918509766	1.0000152767004702
8.2580586758466374	0.9999854288727402
8.2623092912006442	1.0000507161178065
8.2692105327269996	0.9998647673017227
8.2737796856582104	0.9999873166958057
8.2776886484949213	0.9999373520696541
8.2813366057421920	1.0000236332744750
8.2848910956470441	0.9999525701251103
8.2884103465377788	1.0000336120405005
8.2919207383991029	0.9999581600946511
8.2954295906374362	1.0000362208464688
8.2989430428590882	0.9999606383776855
8.3024617114596388	1.0000363697702561
8.3059893372307592	0.9999623288377064
8.3095265253533164	1.0000353294029991
8.3130778654308273	0.9999642869186353
8.3166456777187481	1.0000331719514985
8.3202371124805055	0.9999673243121321
8.3238583497206502	1.0000292669250772
8.3275226036116941	0.9999726736319305
8.3312460526704921	1.0000219859232227
8.3350601970465217	0.9999824509018739
8.3390198786609044	1.0000127288967857
8.3432728346430647	0.9999475540055615
8.3501681833201538	1.0001343080618674
8.3547366398414749	1.0000110544641161
8.3586350294691787	1.0000624158202098
8.3622676672360150	0.9999739901548241
8.3657992488858692	1.0000480176302047
8.3692916642018584	0.9999633129074044
8.3727681702493530	1.0000431026927565
8.3762392561155679	0.9999600260732557
8.3797076476487877	1.0000413117891067
8.3831766926718405	0.9999591090077951
8.3866461381421793	1.0000404853475269
8.3901185211958911	0.9999591053282300
8.3935933135853613	1.0000398175455725
8.3970732162458912	0.9999596055913135
8.4005579770171828	1.0000389628914881
8.4040507746089883	0.9999605660196568
8.4075519813875808	1.0000376847557999
8.4110656701520909	0.9999621343451066
8.4145934272394030	1.0000356819806979
8.4181410827715961	0.9999646689560926
8.4217127406355523	1.0000324147002122
8.4253180740082367	0.9999689297321335
8.4289671671837301	1.0000267481288878
8.4326797866729670	0.9999765838976293
8.4364842812689460	1.0000166102741155
8.4404395014328966	0.9999861961776088
8.4446899777590527	1.0000511606111453
8.4516382434454300	0.9998739357051784
8.4565298594620444	0.9999756908119650
8.4611039634849750	0.9999187593095287
8.4685706154354516	1.0000737993410092
8.4734291520192926	0.9999964731315677
8.4779531990229184	1.0000180928377782
8.4853509468101258	0.9999146039189880
8.4896108302507756	0.9999919457522614
8.4936784345522494	1.0000010500242793
8.4979845009927182	1.0000947544423378
8.5044985306802872	0.9997869547908803
8.5183378202482825	0.9996206182775302
8.5244992911669311	1.0002221476389332
8.5306419003449374	0.9996597327353249
8.5360321864383106	0.9998217757952367
8.5429193123353979	0.9999113223511217
8.5467120945572699	1.0000354609201536
8.5503373568603998	0.9999839026321998
8.5540608182907079	1.0000457504513034
8.5579484694837760	1.0000485220612625
8.5619915769421109	1.0000859186945390
8.5662534579109284	0.9999759330488652
8.5710559159567694	1.0003683983743501
8.5769455102899279	0.9997413261312222
8.5826874764521133	1.0002600047024846
8.5859415515800492	0.9999279664399255
8.5893276989511929	1.0000282214936889
8.5928168483084768	0.9999492261211786
8.5964380323155538	1.0000144488782883
8.6001647788996465	0.9999758859216971
8.6039560631860859	1.0000270800764723
8.6077667963433449	0.9999806056349536
8.6115663735553714	1.0000276091471081
8.6153673755002345	0.9999770704367230
8.6192136184105994	1.0000125389947925
8.6231876348208392	0.9999786920344239
8.6274446489445147	1.0000419098685764
8.6343217484813586	0.9998500371446356
8.6387292762233532	0.9999817574798293
8.6424990646206759	0.9999249647738732
8.6460741188095867	1.0000155407702072
8.6496279954600865	0.9999515043957713
8.6532160150904502	1.0000211307279960
8.6568599207793646	0.9999660918030497
8.6605623334215398	1.0000201680727241
8.6643265340884010	0.9999748590618088
8.6681540692860697	1.0000163570743461
8.6720598224202483	0.9999826256908990
8.6760804257454005	1.0000114642351068
8.6803494665419532	0.9999440395181706
8.6871379153955548	1.0001493630767591
8.7011141759655857	1.0004710007956956
8.7116311460019773	0.9996166482000965
8.7153408153436001	0.9999023236513900
8.7185159492778688	0.9997865862880750
8.7218214760380040	0.9999219145581049
8.7253370309371405	0.9998930776344387
8.7290456850751994	0.9999672508237100
8.7329151290952307	0.9999604780865742
8.7369055793437287	1.0000058346780278
8.7410044081207872	0.9999963716892057
8.7452881769363060	1.0000874395561603
8.7505968253164088	0.9996708253915799
8.7559230043047549	1.0002031305414840
8.7644017303984487	0.9996967291082935
8.7693827165228253	0.9999099093182989
8.7740920137899554	0.9999401281788444
8.7832401474932098	1.0001230669601939
8.7965028695332048	0.9997017413722052
8.8008331893816578	0.9999284649197254
8.8045860825289672	0.9999263397762129
8.8084180543547586	1.0000184227255593
8.8126521234180153	0.9999761987576824
8.8185201830630167	1.0002850975584257
8.8410243349501254	1.0001586063568482
8.8463148327993295	1.0000140732590825
8.8508865431280679	0.9999944571273682
8.8551162956343372	0.9999615644144597
8.8592916823145149	1.0000038629880263
8.8636088440933332	0.9999450454636796
8.8704527773719200	1.0001538539767880
8.8748283206753715	1.0000238818780398
8.8785898608385718	1.0000809071291428
8.8822041028726542	0.9999993720332256
8.8858283514933056	1.0000554272082767
8.8894994858168310	0.9999950619233262
8.8932126879002258	1.0000455693460140
8.8969529004796932	0.9999914972553257
8.9007024167804669	1.0000421343297516
8.9044533197083986	0.9999880855605047
8.9082036621048015	1.0000388889254490
8.9119655638538280	0.9999875626161143
8.9157583276695966	1.0000315956625176
8.9196186419277055	0.9999928289738683
8.9236049634931280	1.0000213575509869
8.9278656255367110	0.9999539986676022
8.9347568186162025	1.0001397047098612
8.9393519180619645	1.0000160912787737
8.9432749615099478	1.0000647892520917
8.9469328038634259	0.9999787246189962
8.9504955942349529	1.0000480937593372
8.9540300197808822	0.9999688793234965
8.9575636422300686	1.0000402883820674
8.9611115256134877	0.9999675823083882
8.9646818833474136	1.0000346356343481
8.9682856177354910	0.9999703836826115
8.9719333886250023	1.0000279066838347
8.9756450019788474	0.9999773908022807
8.9794488218297648	1.0000172449631526
8.9834036413605372	0.9999866679399444
8.9876540066178112	1.0000514983868025
8.9945948903333832	0.9998727563653242
8.9994305137927295	0.9999763106821326
9.0037833328405767	0.9999617778355809
9.0081687004683957	1.0000437345901469
9.0150982204772880	0.9998454457643842
9.0193414952009423	0.9999986870139771
9.0228458497996886	0.9999071644535387
9.0260955167281942	1.0000442101110090
9.0292728074690416	0.9999252855596530
9.0324382244732480	1.0000541005866386
9.0356196128951041	0.9999363245077827
9.0388262399378370	1.0000536687244630
9.0420670947625972	0.9999445550092838
9.0453456770120404	1.0000492047143994
9.0486693397896403	0.9999523407351555
9.0520428877549968	1.0000423417592712
9.0554767532370875	0.9999612762129177
9.0589817516530768	1.0000327114383163
9.0625786961664936	0.9999733515319023
9.0662978167376860	1.0000186105503495
9.0702012583523732	0.9999867820330394
9.0744378000897061	1.0000499063094759
9.0813986385092100	0.9998743934939019
9.0862481926250069	0.9999755421743601
9.0908113522747360	0.9999205912077535
9.0979915781917526	1.0001279197077988
9.1029410427256376	1.0000228822410175
9.1075345447422844	1.0000796340871074
9.1147011948100545	0.9998650746760748
9.1194310604112712	0.9999836714931643
9.1235135058841852	0.9999508856253847
9.1274219900681377	1.0000056430468860
9.1313996317509716	0.9999792229770654
9.1356613799967832	1.0000468561852760
9.1425965519235763	0.9998641167087183
9.1471781412141411	0.9999834442026776
9.1511565978437890	0.9999447584689517
9.1549533460756116	1.0000102583254291
9.1587655776917742	0.9999734112094385
9.1627090111451537	1.0000084860115248
9.1669598436717887	0.9999463612651318
9.1738989380085663	1.0001282603772248
9.1786220889925598	1.0000193646315334
9.1828059041244412	1.0000408833506271
9.1868922883998945	0.9999970500966394
9.1911915925851080	1.0000575241412581
9.1981561502124567	0.9998689021461195
9.2028535032638175	0.9999814578773859
9.2069652600779008	0.9999522599213100
9.2109111556704839	1.0000043800738023
9.2149147905648565	0.9999787419350510
9.2191831346292918	1.0000473733049509
9.2261273083310762	0.9998670383248562
9.2308372517959132	0.9999798893897086
9.2349673859496750	0.9999523864694799
9.2389285830824655	1.0000039943722627
9.2429418272246266	0.9999787136003440
9.2472127539540914	1.0000477597479158
9.2541755895356683	0.9998711156867444
9.2591792871729162	1.0000250347788979
9.2666094043078147	0.9998262578197800
9.2713388265914354	0.9999796680125846
9.2751930766767536	0.9999211892173957
9.2787038130722372	1.0000299065903051
9.2820859583001276	0.9999371944200720
9.2854125740934652	1.0000451695723696
9.2887153327042320	0.9999424757754443
9.2920037136297804	1.0000505509809767
9.2952853385927163	0.9999442201951021
9.2985617723523806	1.0000524173084857
9.3018374793557648	0.9999450711265727
9.3051131502169024	1.0000526525949505
9.3083928112193863	0.9999460237179765
9.3116770762554602	1.0000518895528221
9.3149699159725792	0.9999474326481824
9.3182720207644447	1.0000503440750499
9.3215875007017228	0.9999494471864363
9.3249173530834053	1.0000480444397655
9.3282661564677856	0.9999522041009592
9.3316356702599279	1.0000448707250356
9.3350315757041837	0.9999559465298653
9.3384573182130044	1.0000404962338925
9.3419210568767284	0.9999611776207591
9.3454300869635318	1.0000341866738003
9.3489986893111610	0.9999690030394777
9.3526444348161366	1.0000243109170799
9.3564005954876368	0.9999813913154124
9.3603248612511241	1.0000126242506406
9.3645682326051034	0.9999487282760205
9.3714410028664226	1.0001401379742851
9.3758054139063418	1.0000050259831963
9.3794922673394101	1.0000747571321125
9.3829396169490131	0.9999663996390000
9.3863143227084773	1.0000572892466564
9.3896768734097726	0.9999577602840380
9.3930505989501665	1.0000481578258809
9.3964477358681329	0.9999579114281276
9.3998744515597981	1.0000415666679472
9.4033393186689871	0.9999619374885912
9.4068497938613405	1.0000344933420628
9.4104199243563720	0.9999693180883017
9.4140671307212678	1.0000243998411624
9.4178244707595784	0.9999815049232786
9.4217494859226694	1.0000126825260074
9.4259930497396134	0.9999487403022151
9.4328802125662641	1.0001374270718899
9.4373283583560017	1.0000084668518785
9.4411151021166280	1.0000676353588838
9.4446683483394533	0.9999727594256217
9.4481575800097595	1.0000484406237509
9.4516485746988170	0.9999667220262628
9.4551715447083584	1.0000367773834546
9.4587482157135572	0.9999709010457657
9.4623994352255441	1.0000251204889021
9.4661592312267935	0.9999819885828826
9.4700856539016680	1.0000129283202310
9.4743295961613363	0.9999488222821395
9.4812811997324768	1.0001253097986720
9.4861528672519970	1.0000238157851058
9.4907200457462029	1.0000799647368861
9.4978503398168534	0.9998650804289753
9.5025760431603725	0.9999849797902551
9.5066283688567061	0.9999473561802846
9.5104638602920613	1.0000108375375367
9.5142970698237512	0.9999743552206676
9.5182512367087675	1.0000090621735072
9.5225052484889758	0.9999465144082809
9.5294623458960785	1.0001251622502685
9.5344620974771264	0.9999732182041697
9.5418969043496684	1.0001717269100030
9.5466396805673881	1.0000206232668081
9.5505319661998200	1.0000735600184101
9.5541088699425050	0.9999742950789966
9.5575804206228003	1.0000536585975808
9.5610217365649444	0.9999625356713544
9.5644601234429629	1.0000454185512810
9.5679064042766253	0.9999599346797114
9.5713627509891257	1.0000415467652233
9.5748313026184704	0.9999599912171441
9.5783104410079360	1.0000394033537905
9.5818010972313790	0.9999607603212212
9.5853009852253255	1.0000380107664240
9.5888108670349581	0.9999616171922225
9.5923283306430900	1.0000370127720892
9.5958541723954820	0.9999623747127291
9.5993860440957182	1.0000362568403454
9.6029249199153526	0.9999630138809243
9.6064686991778210	1.0000356330472486
9.6100187349447559	0.9999636056866714
9.6135734253794070	1.0000350050768421
9.6171348017463139	0.9999643011072085
9.6207021337133014	1.0000341658406020
9.6242786038375794	0.9999653566910066
9.6278649762719120	1.0000327803809077
9.6314664568153781	0.9999672080543536
9.6350865767704654	1.0000302627855615
9.6387345728268361	0.9999706666854392
9.6424200700732836	1.0000254479649753
9.6461623649866155	0.9999774242614371
9.6499890976417664	1.0000162331113329
9.6539579990206850	0.9999861621703385
9.6582122075097612	1.0000516265635391
9.6651191629047553	0.9998668139721847
9.6697613102214444	0.9999851733361966
9.6737595086391011	0.9999428274736848
9.6775050377211436	1.0000185465353462
9.6811702139857587	0.9999603819579445
9.6848221375275614	1.0000248274836008
9.6884998909765692	0.9999704111299184
9.6922291143109653	1.0000206554719542
9.6960458665995723	0.9999817417884258
9.7000066086635872	1.0000123537479928
9.7042599542867727	0.9999473410376055
9.7111541845069027	1.0001344789550966
9.7157155571985854	1.0000108165098569
9.7196060341350918	1.0000627837277056
9.7232324751369994	0.9999738845470114
9.7267610755158529	1.0000479327297993
9.7302551335453273	0.9999638303113941
9.7337395417466599	1.0000421005280828
9.7372267644612425	0.9999616867130641
9.7407219725077958	1.0000388132504765
9.7442316283937664	0.9999626558713840
9.7477595126666774	1.0000355697077004
9.7513136505886031	0.9999657578427235
9.7549011126087759	1.0000308532601276
9.7585358386687702	0.9999716317966924
9.7622348206425276	1.0000227548621294
9.7660304249564867	0.9999821490631696
9.7699786740122700	1.0000127149563134
9.7742285300219969	0.9999479479781231
9.7811502722091284	1.0001298830494219
9.7858629046009771	1.0000179610234505
9.7899946588358056	1.0000457738962389
9.7939584175734531	0.9999943974001269
9.7979714799493163	1.0000198000317191
9.8022436802450859	0.9999507716752809
9.8091621143289931	1.0001354362271320
9.8137544986332923	1.0000133482370326
9.8176958164480084	1.0000589968697771
9.8213983545707855	0.9999798709279225
9.8250359364284545	1.0000390222134841
9.8286829579782307	0.9999756549691008
9.8323815646162540	1.0000255189771712
9.8361730983519973	0.9999833553785630
9.8401180362406127	1.0000134402150938
9.8443670735564943	0.9999484695028150
9.8512454481125129	1.0001384633515480
9.8556764288061487	1.0000066961025709
9.8594209435042526	1.0000718352854743
9.8629077466419091	0.9999672426265157
9.8663046600985655	1.0000566170954186
9.8696735189537961	0.9999568808535445
9.8730380492356069	1.0000497884802948
9.8764100000692139	0.9999550044692870
9.8797940921895453	1.0000456263871114
9.8831962993290805	0.9999564324397577
9.8866197065925761	1.0000417234122061
9.8900711330517552	0.9999598954642059
9.8935557342597384	1.0000367551215250
9.8970840568124814	0.9999655961034214
9.9006672164745080	1.0000293223123904
9.9043260354039209	0.9999749779747364
9.9080903076956801	1.0000173472999405
9.9120209134541355	0.9999862592392330
9.9162647439692169	1.0000503227101525
9.9231475069258614	0.9998604484746828
9.9275599024605938	0.9999921164273204
9.9313008112070751	0.9999276595420578
9.9347970770423171	1.0000299577599778
9.9382196178228419	0.9999449691743837
9.9416273290936346	1.0000383481133104
9.9450482373973923	0.9999540240173123
9.9484929394443338	1.0000378281166258
9.9519726408470515	0.9999609749612847
9.9554952813794344	1.0000330083668358
9.9590754476930261	0.9999691685193086
9.9627305415557288	1.0000238590736743
9.9664936743532966	0.9999814486764699
9.9704221711220118	1.0000126057304424
9.9746666815725078	0.9999485822280736
9.9816163981230037	1.0001254954093779
9.9866140229153224	0.9999732910105086
9.9940545101329015	1.0001701324737728
9.9988635980908249	1.0000228291139031
