0.0000000000000000	0.0000000000000000
1.8112526544391998	0.0010000000000000
1.8158574012009392	0.0009444340341761
1.8192661464774744	0.0011779995831798
1.8226537629288444	0.0011694079065413
1.8261669976739707	0.0013802273147873
1.8298166489089722	0.0014577451768903
1.8335756944103081	0.0016903241568542
1.8374250842499527	0.0018481178476608
1.8413418449161492	0.0021368997272975
1.8453182526983596	0.0023858637189788
1.8493384364755656	0.0027600100970018
1.8534031503675452	0.0031230749293529
1.8574987775382437	0.0036155978694503
1.8616320581985064	0.0041263321500752
1.8657883578417156	0.0047790943194443
1.8699800157589503	0.0054839830781163
1.8741891645570523	0.0063523662478773
1.8784345701932508	0.0073152050442305
1.8826930467450573	0.0084738316382644
1.8869913641963030	0.0097820667841628
1.8912985679557839	0.0113322779494025
1.8956517224546812	0.0131057140583220
1.9000090119987605	0.0151854531371677
1.9044209354657202	0.0175880410789528
1.9088308682625006	0.0203848468387933
1.9133068829146780	0.0236403676291563
1.9177725958742369	0.0274081001992977
1.9223188100317956	0.0318203237249604
1.9268434942584423	0.0368997624299084
1.9314659796526981	0.0428765740972596
1.9360523827915821	0.0497186351402072
1.9407556959969277	0.0577964714500358
1.9454055149974623	0.0669834485174482
1.9501896453721301	0.0778402593844861
1.9549014248367673	0.0900903787172262
1.9597533692614144	0.1045103719007711
1.9645078875857704	0.1205994297636935
1.9693621832523049	0.1392162658276434
1.9741623160791981	0.1600582993992841
1.9804936896697807	0.1908417123478403
2.0030700359805631	0.3394004418910205
2.0108646648769035	0.4024898890828270
2.0278554030330551	0.5516317297950629
2.0315178989353919	0.5836368709218605
2.0352833842697717	0.6158919312460472
2.0393261657707442	0.6496378342841397
2.0432442056093589	0.6810289242794583
2.0472906351286966	0.7119963135266277
2.0512197643269960	0.7403061986911642
2.0551601661315666	0.7669883331662503
2.0590072117617857	0.7911114143632637
2.0627847920696278	0.8131257855174925
2.0665184659933340	0.8330147777018422
2.0701641883067441	0.8509299682685159
2.0738067751643365	0.8671137759154351
2.0773585189556982	0.8816006534363596
2.0809277903732215	0.8946350794498633
2.0844081842411102	0.9062757299844220
2.0879136833969651	0.9166768524794215
2.0913380486485882	0.9259835800910518
2.0947920449030057	0.9342354824604705
2.0981804910220738	0.9416657846132994
2.1016070425208646	0.9482091782700256
2.1049909516425211	0.9541559298709076
2.1084274968667382	0.9593658476863594
2.1118503369031831	0.9641468038773204
2.1153478254754687	0.9683256564470795
2.1188691060681530	0.9721889417817245
2.1225032418543197	0.9755812601886732
2.1262257250904431	0.9787283735436662
2.1301602452639599	0.9815553207720631
2.1344067518953573	0.9842737582622270
2.1419107791023628	0.9879129375994122
2.1462002750852274	0.9897883640655102
2.1500328335699939	0.9910988849530195
2.1538069269446227	0.9923134421800982
2.1577294611056899	0.9933309292162895
2.1619442443076231	0.9943618984334708
2.1688741648167005	0.9954720725303662
2.1731547290864510	0.9962564074617321
2.1767920078927760	0.9966585663231395
2.1802192493449568	0.9971580103853781
2.1836006297644026	0.9974129405514445
2.1869816293832707	0.9978087492133341
2.1903829280556173	0.9979878454873599
2.1938032540300498	0.9983110314762251
2.1972489784370808	0.9984376207815348
2.2007136196949744	0.9987036026289791
2.2042009535985390	0.9987889943567108
2.2077057990061344	0.9990092781263613
2.2112322503145574	0.9990628610832901
2.2147774429839524	0.9992461344672859
2.2183470606558338	0.9992764170020256
2.2219416756725394	0.9994285731368451
2.2255707518338266	0.9994441016727345
2.2292415679462270	0.9995675852500084
2.2329736510780425	0.9995787493734359
2.2367929831150817	0.9996710778164205
2.2407579925566683	0.9996886027791266
2.2450111186367749	0.9997976392383592
2.2519201103668487	0.9996696973121767
2.2565087665724453	0.9998222329758125
2.2604359000510317	0.9997958934628973
2.2640958609918220	0.9998995838076989
2.2676559230105191	0.9998440891568475
2.2711745473218170	0.9999390437313774
2.2746785706098653	0.9998741078499093
2.2781757334291353	0.9999641903042649
2.2816722260564184	0.9998952044875726
2.2851686724655029	0.9999818481109041
2.2886680734185152	0.9999109621873182
2.2921700734327994	0.9999947134025927
2.2956770812848766	0.9999231433947827
2.2991885536219789	1.0000041781312399
2.3027067088166526	0.9999327549907693
2.3062308748801903	1.0000111076462321
2.3097631963360894	0.9999404536635006
2.3133028920269894	1.0000160973528178
2.3168521324409137	0.9999467193926108
2.3204101411144467	1.0000195630227451
2.3239792793651342	0.9999519465337294
2.3275590343489454	1.0000217598331225
2.3311523283180104	0.9999565248930142
2.3347594745825062	1.0000227490171918
2.3383848006268426	0.9999609571298973
2.3420307561812033	1.0000222725835495
2.3457051687924229	0.9999661029191280
2.3494161085947969	1.0000194027154590
2.3531811164606262	0.9999737439451051
2.3570259831222025	1.0000121204246064
2.3610063909882952	0.9999828658484766
2.3652637052199905	1.0000492327692492
2.3721776723717682	0.9998665427637711
2.3768926057771926	0.9999814458128264
2.3809785390190314	0.9999456617020267
2.3848103738800721	1.0000141946327892
2.3885543291855340	0.9999627169513380
2.3922728019373611	1.0000219751236399
2.3959989332605045	0.9999703731913331
2.3997494606577368	1.0000212541896192
2.4035455558948597	0.9999775509330661
2.4074134170331178	1.0000145996904157
2.4114080404956453	0.9999853848975377
2.4156692635826191	1.0000519562029304
2.4226009595606097	0.9998722944576036
2.4276030550101808	1.0000267575804260
2.4351521755279424	0.9998492939839999
2.4402001178177679	0.9999370308707823
2.4447476787844407	1.0000055030662365
2.4490943736942752	1.0000377181727378
2.4533220949695682	0.9999904207439289
2.4573739230380456	1.0000333592883697
2.4612375116304226	0.9999686668868303
2.4649486963641980	1.0000295388940874
2.4685799721814776	0.9999583713819183
2.4722111510409279	1.0000157612948168
2.4759265014022156	0.9999657543112602
2.4798183387304404	0.9999968369352212
2.4840547496925316	0.9999337133174254
2.4909250945233725	1.0001296893924618
2.4949911203337689	0.9999781141076108
2.4984556910558497	1.0000674635135296
2.5017738358359360	0.9999481773375649
2.5050945056592031	1.0000422421797979
2.5084617108076985	0.9999483578969456
2.5118867581259692	1.0000304004446869
2.5153715304828368	0.9999551843004956
2.5189137333786147	1.0000249266690924
2.5225143363047597	0.9999637884480120
2.5261751656235121	1.0000208903476406
2.5299075278734158	0.9999742325963773
2.5337322111968201	1.0000141014331196
2.5377014033703702	0.9999853101307038
2.5419553794805028	1.0000518492752215
2.5488593500700718	0.9998679106400203
2.5535214086788955	0.9999858605318268
2.5575384547171769	0.9999445643548770
2.5612974222465903	1.0000194108719584
2.5649692493285214	0.9999611236206660
2.5686191472332003	1.0000263681487058
2.5722824737603620	0.9999691501588830
2.5759777873870071	1.0000241613839769
2.5797278818097973	0.9999771506544719
2.5835606354082756	1.0000159048133148
2.5875333739979278	0.9999861651394367
2.5917885869719965	1.0000520391000143
2.5987006122099130	0.9998688670611720
2.6033982757796856	0.9999837393821325
2.6074852133668780	0.9999506997293138
2.6113623115933731	1.0000113815809417
2.6152286251472971	0.9999770274895458
2.6192032321750411	1.0000113661238492
2.6234627950978671	0.9999481124861690
2.6303184299851852	1.0001452574116552
2.6346865448051742	1.0000110626697269
2.6383996473017293	1.0000752233986805
2.6419304361520237	0.9999827825853660
2.6454765532712239	1.0000450322604164
2.6491365996443244	0.9999906305647864
2.6529982399197829	1.0000222997575496
2.6572258008684364	0.9999597540799517
2.6641399312704088	1.0001443264933685
2.6685490760559141	1.0000190662410566
2.6724029470281927	1.0000620105621107
2.6761657145540347	0.9999988877395688
2.6800610641365816	1.0000272210795864
2.6843015017978282	0.9999636248501476
2.6911913762973976	1.0001609503369808
2.6959328450848905	1.0000533213492684
2.7000769417883417	1.0000727050040701
2.7039953791052898	0.9999995392594971
2.7078420422500704	1.0000286377252336
2.7116997391974813	0.9999738117117015
2.7156210666941329	0.9999908216960762
2.7196454899248130	0.9999303719205118
2.7238405398735828	0.9999636363520822
2.7281006605649787	0.9999303797617939
2.7334217994219596	1.0002570832550928
2.7386026380926678	0.9999719360302388
2.7483483017745676	1.0000103901372950
2.7576448458690321	0.9999025590550953
2.7628726439839277	1.0000061955778352
2.7743287504432232	0.9997193308303794
2.7795617557664127	0.9999188161118724
2.7838001225795344	0.9999446508377655
2.7874818454665879	1.0000669219995868
2.7909166221870172	0.9999811636274576
2.7942748989188715	1.0000819961902190
2.7976487458968116	0.9999882366085177
2.8010680318532506	1.0000679550802207
2.8045500320527914	0.9999877450903655
2.8081021725725455	1.0000490513986078
2.8117415706353994	0.9999891299716785
2.8154941141709986	1.0000283006031210
2.8194183487796041	0.9999939656076934
2.8236603195446359	1.0000552454382063
2.8305335319607732	0.9998609911543651
2.8348840291903712	0.9999959854659678
2.8385532086973533	0.9999231351920690
2.8419738230165734	1.0000350259552913
2.8453138022899243	0.9999382222101001
2.8486280754974347	1.0000451273689237
2.8519403322735584	0.9999448334289075
2.8552562804041357	1.0000474427762334
2.8585810834142604	0.9999481873909679
2.8619145014954928	1.0000472442379822
2.8652593981352004	0.9999504868132311
2.8686151887196756	1.0000460272967540
2.8719848135280914	0.9999526574039703
2.8753682348600935	1.0000441606280552
2.8787690862006645	0.9999551669191035
2.8821883560809325	1.0000415798904332
2.8856310037676165	0.9999584150864020
2.8890999015586560	1.0000379340132848
2.8926026678349670	0.9999629893684741
2.8961461196835101	1.0000324502327531
2.8997441007817981	0.9999700503541280
2.9034136918052056	1.0000234593904884
2.9071875962459122	0.9999816351737082
2.9111226563419779	1.0000125793712502
2.9153689307134791	0.9999483091923602
2.9222726136360171	1.0001338093295578
2.9268406958488682	1.0000127105835410
2.9307725280342178	1.0000582007470107
2.9344821853543284	0.9999811896147244
2.9381454635954949	1.0000361900017853
2.9418421804957653	0.9999797688248655
2.9456262477174970	1.0000195567097119
2.9495665075180906	0.9999874954192038
2.9538133388033678	1.0000512119169707
2.9606975174900043	0.9998610448810794
2.9651261253655168	0.9999920462762117
2.9688770959540260	0.9999278295674716
2.9723733808271100	1.0000308561170546
2.9757843581799390	0.9999433594622488
2.9791671194388201	1.0000410771890658
2.9825470652859880	0.9999500427873949
2.9859312438237180	1.0000432730536684
2.9893259359451734	0.9999536142260024
2.9927321069570274	1.0000426530610151
2.9961539257440641	0.9999564133416092
2.9995924860000711	1.0000406102977684
3.0030528122566160	0.9999595505354336
3.0065377329034173	1.0000372789628722
3.0100548316759834	0.9999638670222332
3.0136108290123849	1.0000320554691868
3.0172194785450017	0.9999706122058885
3.0208977156020569	1.0000233257342586
3.0246780587644575	0.9999818650319189
3.0286170427019181	1.0000126845086064
3.0328643769728965	0.9999482566456390
3.0397863537509329	1.0001302516023125
3.0444796456343974	1.0000177372166759
3.0485929870905109	1.0000463813292655
3.0525430024444393	0.9999943329574954
3.0565478335582927	1.0000198601481838
3.0608177563801804	0.9999510807451333
3.0677439148400936	1.0001343321675016
3.0723686869735900	1.0000151470806105
3.0763655727153623	1.0000547784394056
3.0801476176903013	0.9999851821960967
3.0838971850956933	1.0000306667584118
3.0877067853148308	0.9999860567060929
3.0916579814246479	1.0000149904246969
3.0959092992323960	0.9999492383012737
3.1028340236640921	1.0001306363527349
3.1075340031418781	1.0000180175507625
3.1116530822271602	1.0000463123304781
3.1156072620120900	0.9999944124744510
3.1196145705295373	1.0000198743934423
3.1238851759990847	0.9999510062432865
3.1308005601785709	1.0001362550197122
3.1353622922002296	1.0000122965168656
3.1392647844013850	1.0000615806397446
3.1429216316524524	0.9999771262932494
3.1465022370629461	1.0000433938330837
3.1500736158745437	0.9999702052223047
3.1536664916939601	1.0000334448478356
3.1573025171357498	0.9999730502271222
3.1610018753343962	1.0000235579538990
3.1647975620380939	0.9999825901976549
3.1687458707792171	1.0000129526487962
3.1729957223447687	0.9999480722525095
3.1798885002324995	1.0001353704498035
3.1844163743976823	1.0000100805577605
3.1882730218281359	1.0000646590100053
3.1918694322833230	0.9999726573951258
3.1953704814221551	1.0000497310101157
3.1988374199700953	0.9999622541180758
3.2022932010270848	1.0000441424319841
3.2057483858880942	0.9999594768099387
3.2092062095183929	1.0000415827353630
3.2126709092418420	0.9999593676393512
3.2161435944734724	1.0000396844425081
3.2196287097810927	0.9999606608741711
3.2231283410077203	1.0000373407700123
3.2266487821911705	0.9999632920838530
3.2301947199330456	1.0000337133047457
3.2337764101531024	0.9999678893147675
3.2374045955365447	1.0000275697358774
3.2410997107125552	0.9999760563657693
3.2448908745991734	1.0000168529171187
3.2488378527422750	0.9999862167776125
3.2530861073687278	1.0000508789203837
3.2599982633135145	0.9998667408167715
3.2646232157990376	0.9999843558634243
3.2686273640327048	0.9999448994894308
3.2724143743810128	1.0000138348862648
3.2761692284965536	0.9999685216563674
3.2799809644468212	1.0000129044152606
3.2839348329629567	0.9999839655188556
3.2881856453683764	1.0000497272365079
3.2951056475811087	0.9998670355259813
3.2997562899538146	0.9999828707196570
3.3038027474896694	0.9999478801148937
3.3076521643414489	1.0000097759109008
3.3115011983029361	0.9999745932588389
3.3154662488491939	1.0000089951966076
3.3197230388167402	0.9999460302529354
3.3266693831504055	1.0001263913447849
3.3314889471687770	1.0000225658359445
3.3358263830013852	1.0000372992304045
3.3402090294128488	0.9999557947295324
3.3472273114496249	1.0001379291151942
3.3519672051048732	1.0000202476609708
3.3560953714219934	1.0000479126314006
3.3600484606891148	0.9999949688163746
3.3640532871690096	1.0000202632129260
3.3683234349720559	0.9999513530680744
3.3752301551779360	1.0001383383782005
3.3797253888998018	1.0000102074426120
3.3835514473447597	1.0000661264183999
3.3871347500309432	0.9999739643533588
3.3906471384523136	1.0000473494389819
3.3941562250747399	0.9999674464428386
3.3976934018249705	1.0000361644347695
3.4012811468740538	0.9999712764846636
3.4049407622734367	1.0000248657202027
3.4087065278493704	0.9999820869403884
3.4126365032160830	1.0000129343468771
3.4168814162217709	0.9999487033059488
3.4238230204054587	1.0001270449400492
3.4286265420175939	1.0000229005843599
3.4329534434412765	1.0000375268783328
3.4373331574370130	0.9999562463249206
3.4443181104148377	1.0001444159395172
3.4488323067071716	1.0000118584133710
3.4526523639151159	1.0000682372113112
3.4562238122823672	0.9999740153746882
3.4597244904158293	1.0000484187145022
3.4632234282772689	0.9999672591556715
3.4667523044243591	1.0000366765231525
3.4703334552006644	0.9999711351030476
3.4739880440294195	1.0000250683243825
3.4777502247212952	0.9999820576178741
3.4816780663687243	1.0000129488779919
3.4859223952426204	0.9999487863003643
3.4928736877203406	1.0001253151384162
3.4977464396908258	1.0000238018973644
3.5023139028145662	1.0000799998444061
3.5094801516028897	0.9998714298945568
3.5144530880144247	0.9999768755037630
3.5190545293467119	0.9999187655895264
3.5261783483666496	1.0001401990505492
3.5307389636541515	1.0000073840623420
3.5345523388205584	1.0000682739591629
3.5380974960234157	0.9999708076166608
3.5415625390761116	1.0000506127577513
3.5450187706425704	0.9999639377805249
3.5484965711211900	1.0000402507307689
3.5520148670035527	0.9999666459237886
3.5555884167722769	1.0000306727972046
3.5592390634269866	0.9999752548931121
3.5629972416895965	1.0000177725114179
3.5669241074945282	0.9999864458080588
3.5711669437536124	1.0000502967486198
3.5781122543831509	0.9998720678829096
3.5829080332896264	0.9999760537871879
3.5872319229812928	0.9999614185842668
3.5916094784781802	1.0000425284356482
3.5986300469404480	0.9998605732518813
3.6033388066772347	0.9999789836279993
3.6074406197739974	0.9999501115372849
3.6113726563724584	1.0000040506190229
3.6153665012185399	0.9999785706196669
3.6196323640297647	1.0000470849049938
3.6265291240541018	0.9998577704821147
3.6309235042984582	0.9999922182148170
3.6346383653241516	0.9999252346768488
3.6381063170895369	1.0000314464949553
3.6414977071752217	0.9999422663653134
3.6448691832668971	1.0000410210542900
3.6482458512221072	0.9999502502333337
3.6516346094908894	1.0000423358114297
3.6550418841735746	0.9999549704950175
3.6584690108943154	1.0000406842592506
3.6619209076326200	0.9999589750781798
3.6653999302781126	1.0000373406108731
3.6689132036946472	0.9999636844962303
3.6724669409847355	1.0000320569696137
3.6760744421336122	0.9999705823824112
3.6797522249372818	1.0000233110465908
3.6835324699490237	0.9999818661669301
3.6874714604166359	1.0000126849385895
3.6917187827899052	0.9999482583943222
3.6986674398954249	1.0001252210765987
3.7035495104641467	1.0000236006394156
3.7081193813734203	1.0000802420825734
3.7152466663432850	0.9998651970282177
3.7199848948228333	0.9999855159222866
3.7240342498942853	0.9999459639996459
3.7278403888720195	1.0000141550016153
3.7316045329692558	0.9999689462380053
3.7354213990779330	1.0000130264271641
3.7393779407697889	0.9999840555105324
3.7436295336795284	1.0000498468945194
3.7505235854104604	0.9998622224566436
3.7550151252700941	0.9999897654235276
3.7588335114307858	0.9999318712577179
3.7623930580368476	1.0000276669317065
3.7658644626997555	0.9999475519595943
3.7693076383295905	1.0000372778808069
3.7727512107110073	0.9999547381450798
3.7762058329560384	1.0000382397132110
3.7796820951817418	0.9999598561922323
3.7831864798951536	1.0000352176996115
3.7867305855123687	0.9999658491757341
3.7903260504320802	1.0000286722633325
3.7939942023244884	0.9999751244035486
3.7977650765311752	1.0000171713786783
3.8016996168030648	0.9999862193973199
3.8059445217942374	1.0000504426754768
3.8128242380525403	0.9998600525890762
3.8172272245364094	0.9999925598629174
3.8209560789149783	0.9999268660335534
3.8244409597311075	1.0000304396418995
3.8278546573217458	0.9999446014964751
3.8312577136804764	1.0000382169061608
3.8346799868225760	0.9999546287362684
3.8381343007481008	1.0000365128642714
3.8416348572093733	0.9999631644373462
3.8451939380916706	1.0000296773506965
3.8488332091431650	0.9999740076618898
3.8525829395805125	1.0000174286725401
3.8565047241926176	0.9999861763829727
3.8607461822303080	1.0000499695023473
3.8677026260775844	0.9998738527386593
3.8725669769455355	0.9999752026534563
3.8771339742325925	0.9999195611156623
3.8842613614827206	1.0001356485094033
3.8889134439970050	1.0000116994885733
3.8928718591490723	1.0000570831175914
3.8966026672890783	0.9999828489357064
3.9003054472437197	1.0000322043851035
3.9040788838117333	0.9999854223691960
3.9080078002558944	1.0000149814720398
3.9122531550687354	0.9999500228175885
3.9191987824403336	1.0001277590541178
3.9239874457788577	1.0000231456471445
3.9283031688214596	1.0000377543823691
3.9326799045195249	0.9999567630310604
3.9396478476912029	1.0001481211937007
3.9440420088263037	1.0000081574143744
3.9477366249822796	1.0000760359594314
3.9511963700843244	0.9999692481713883
3.9545995763196018	1.0000544464336310
3.9580137858760067	0.9999634876729662
3.9614698964200521	1.0000404634815026
3.9649900595341134	0.9999688756594496
3.9685958200881393	1.0000267808007213
3.9723220351047108	0.9999814586550256
3.9762281687827974	1.0000129533959170
3.9804666809516069	0.9999495487531386
3.9873751209319699	1.0001343972410042
3.9919113544480211	1.0000136790340777
3.9958433230293959	1.0000557664819667
3.9996030872184245	0.9999875083252928
4.0033861378032896	1.0000259796979227
4.0073134023360923	0.9999903360765710
4.0115586751670333	1.0000517736398642
4.0184866049737709	0.9998671093740855
4.0230818920789417	0.9999829230176887
4.0271031397556341	0.9999493797492818
4.0309825751944670	1.0000050805182696
4.0349467542643600	0.9999787717453974
4.0392043514983200	1.0000462278533160
4.0461310752634772	0.9998623830052418
4.0506536584969606	0.9999848735726155
4.0545710228658782	0.9999419679240423
4.0583166701200453	1.0000114445005865
4.0620909714809947	0.9999725448959045
4.0660115791861360	1.0000084413915131
4.0702563376336531	0.9999472428911710
4.0772215431899435	1.0001245946615753
4.0822181467173051	0.9999737352387165
4.0896607650355827	1.0001718594663311
4.0943890089753969	1.0000226362721940
4.0983113144937535	1.0000685127376610
4.1019811412914624	0.9999843264915915
4.1056273814155206	1.0000367663726151
4.1093571318300066	0.9999859904460271
4.1132594775841342	1.0000157072046862
4.1174977486766560	0.9999513278078322
4.1243912154256046	1.0001390088286313
4.1287947543709986	1.0000095433039626
4.1325764067120367	1.0000650335937784
4.1361818860372948	0.9999804150839129
4.1397948861180360	1.0000358247747241
4.1435064082123709	0.9999849193265666
4.1473992727025992	1.0000152259816590
4.1516348375396195	0.9999513533350785
4.1585688612931087	1.0001314734651705
4.1632050013834467	1.0000193895397678
4.1673124566027981	1.0000434800350315
4.1713520461964011	0.9999982250771918
4.1756388210569666	1.0000567671552336
4.1826406229589441	0.9998743463693731
4.1874904301113958	0.9999753664795301
4.1920547599033373	0.9999205877724312
4.1991846713656189	1.0001379746210362
4.2037458692963066	1.0000109829114650
4.2076376024679751	1.0000585559147848
4.2113495384983759	0.9999859159260994
4.2150940131381756	1.0000269691213979
4.2189975066571135	0.9999904952122016
4.2232365827055123	1.0000510092361943
4.2301468768337154	0.9998625980174581
4.2345842445787563	0.9999876990119629
4.2384260246600762	0.9999391871788085
4.2421150554152147	1.0000127843441955
4.2458502834296237	0.9999716299583936
4.2497482630655234	1.0000082671171724
4.2539869227796725	0.9999479181152255
4.2609091222853390	1.0001335999707979
4.2654345073712383	1.0000148054523201
4.2693902765076910	1.0000519566728554
4.2732245685582519	0.9999935580512238
4.2771610834219000	1.0000203679657991
4.2814123947136640	0.9999536330205190
4.2883906496453834	1.0001273975613250
4.2932283781354643	1.0000252639096616
4.2977873489399565	1.0000792596130093
4.3048738853058959	0.9998547697280776
4.3092279602117483	0.9999961166369375
4.3128775104188222	0.9999231131762827
4.3163198053209255	1.0000290341254721
4.3197430784160451	0.9999488677517582
4.3232158310376656	1.0000290172514945
4.3267804923469244	0.9999685750811292
4.3304738641589013	1.0000170043252390
4.3343615344772299	0.9999853848036502
4.3385939026390252	1.0000483270937481
4.3455457061988447	0.9998710508657784
4.3502846717441388	0.9999758130346925
4.3545684498789488	0.9999609428920490
4.3589352397032890	1.0000408844023778
4.3659154691424131	0.9998512837983045
4.3703015921259274	0.9999893465682470
4.3740197428311012	0.9999260535022974
4.3775286630677241	1.0000248384315198
4.3810092493911910	0.9999514441641066
4.3845288739716031	1.0000269182288901
4.3881302065555232	0.9999697612842936
4.3918500233986935	1.0000164608700606
4.3957534491649302	0.9999853481111861
4.3999900009179829	1.0000488635312168
4.4068893176175212	0.9998619360951790
4.4113369620889680	0.9999888249891714
4.4151542738329619	0.9999348693701552
4.4187682628102296	1.0000204042198959
4.4223574579233746	0.9999593477574600
4.4259958899061411	1.0000203971373087
4.4297396951492294	0.9999783609006448
4.4336544672904061	1.0000112080152606
4.4378956532114380	0.9999484185271956
4.4447947658393696	1.0001357191804496
4.4492816662896288	1.0000107651155492
4.4531332294003034	1.0000621633661178
4.4567761982103979	0.9999792527598457
4.4603863313372223	1.0000385422935110
4.4640420372568457	0.9999788585119472
4.4677966091555632	1.0000202580102504
4.4717191949364201	0.9999876388274554
4.4759612402758053	1.0000506726150600
4.4828704714353416	0.9998649540709895
4.4874118025032068	0.9999861464236617
4.4913329109350526	0.9999411863209333
4.4950516612660856	1.0000154772802865
4.4987537896402010	0.9999666390150660
4.5025276934318388	1.0000132934898192
4.5064589654608511	0.9999838675940559
4.5107036119460329	1.0000488886726071
4.5176077273353181	0.9998630106071797
4.5221121660151384	0.9999874688809958
4.5259808583800991	0.9999372896200606
4.5296344158017732	1.0000193304485281
4.5332531761864576	0.9999606277563020
4.5369132282109286	1.0000199500065545
4.5406719970093965	0.9999787168692431
4.5445955459210259	1.0000112795556275
4.5488391293075212	0.9999481515139119
4.5557712770732026	1.0001291516925441
4.5604830707199024	1.0000197244386060
4.5646565293065651	1.0000415808010459
4.5687363061126076	0.9999975448812725
4.5730338802415522	1.0000577502275347
4.5800271715668082	0.9998743361254951
4.5849083311888403	0.9999758570503121
4.5894807604854577	0.9999196570458793
4.5966186267716393	1.0001346560973341
4.6013184696217948	1.0000136040763135
4.6053425458262671	1.0000527534670107
4.6091572489526751	0.9999877680074003
4.6129739644876659	1.0000250151836452
4.6169197916631486	0.9999900164601998
4.6211702640469809	1.0000522060153680
4.6281331594390389	0.9998742512588592
4.6329982427329357	0.9999754191900788
4.6375656013729980	0.9999196789257302
4.6447096575447517	1.0001329826163639
4.6494594028642018	1.0000157174664084
4.6535624108616505	1.0000474499925953
4.6574884802431189	0.9999936240772597
4.6614751596538886	1.0000198330696326
4.6657406197750459	0.9999518013265404
4.6725122697823505	1.0001642325168967
4.6763139387912682	0.9999815480672473
4.6794691840410438	1.0001161450500249
4.6824603250994050	0.9999408583386035
4.6854327016714725	1.0000905519927832
4.6884291440247345	0.9999341879589539
4.6914614257118750	1.0000749288206094
4.6945343472384069	0.9999360849864722
4.6976478008992153	1.0000645727187985
4.7008042862180366	0.9999410469138671
4.7040037278597975	1.0000562430600128
4.7072501612257396	0.9999475427605518
4.7105456121927984	1.0000481285547138
4.7138971747475145	0.9999554999348997
4.7173112472585776	1.0000388144686525
4.7208015758727049	0.9999658784056561
4.7243855404813830	1.0000263572881285
4.7280967018689353	0.9999805708324334
4.7319939713049743	1.0000125980982775
4.7362301085804051	0.9999496640260607
4.7431621609742285	1.0001302593784331
4.7478279065195226	1.0000194623411176
4.7519615577142451	1.0000426520542356
4.7560171253067756	0.9999979319144530
4.7603081569471719	1.0000571518386254
4.7672160371741983	0.9998575642128751
4.7715213179668270	0.9999956362613186
4.7751652143887267	0.9999231584860195
4.7786013931632496	1.0000302964253884
4.7820046948103663	0.9999462829582236
4.7854374045952284	1.0000330707589935
4.7889349510886028	0.9999626811272146
4.7925215199214426	1.0000245090652469
4.7962338075718796	0.9999795466783947
4.8001314504060328	1.0000120466214697
4.8043677592482439	0.9999493778441015
4.8113137970712971	1.0001275437256307
4.8160712733972471	1.0000229427394014
4.8203654750098179	1.0000378092571456
4.8247363929458906	0.9999575047089093
4.8317051059256544	1.0001488471201396
4.8360666542030435	1.0000079861034645
4.8397444875925419	1.0000761812336851
4.8432057826462822	0.9999707242603220
4.8466272047275378	1.0000522206643405
4.8500760426737566	0.9999668814524986
4.8535853147436097	1.0000358739835173
4.8571825911663424	0.9999748351190447
4.8609012418464816	1.0000192806131634
4.8648041101038242	0.9999868839049418
4.8690405687715055	1.0000496585471241
4.8759763178068303	0.9998691458368354
4.8806499877317231	0.9999793997966578
4.8847935450117097	0.9999565665802070
4.8888536674930911	1.0000011041673809
4.8931472284443966	0.9999416729565698
4.9000232679259286	1.0001467823007120
4.9041832253625808	0.9999962026210594
4.9076570674240587	1.0000897135588636
4.9109119975527955	0.9999557132333763
4.9141091348693458	1.0000710173031921
4.9173009293699526	0.9999464684761138
4.9205036779001006	1.0000614354992112
4.9237235719764580	0.9999451497210335
4.9269603898070278	1.0000562011813017
4.9302154378133487	0.9999462283733336
4.9334866746025279	1.0000528263318409
4.9367751788846554	0.9999480366048978
4.9400789207684603	1.0000502290556734
4.9433992448569057	0.9999500507562173
4.9467344045226911	1.0000479385801733
4.9500860890025704	0.9999521499408600
4.9534529581985112	1.0000457060337811
4.9568371691704423	0.9999543819493117
4.9602379905336633	1.0000433297935065
4.9636583227279418	0.9999569057818898
4.9670984501988471	1.0000405541514168
4.9705626069966593	0.9999600215277890
4.9740529546997525	1.0000369562412179
4.9775764200038024	0.9999642963722968
4.9811391253564699	1.0000317233128424
4.9847542614522382	0.9999709085560714
4.9884382445520501	1.0000231390921348
4.9922231108602322	0.9999819556509428
4.9961649232808929	1.0000126927254880
5.0004130083857143	0.9999481615833984
5.0073091221208852	1.0001349705411033
5.0118445200025272	1.0000106864771150
5.0157170976947434	1.0000632947560351
5.0193364732892931	0.9999742785278883
5.0228666877844024	1.0000475077155095
5.0263683275615918	0.9999646033264076
5.0298635518269936	1.0000414276750744
5.0333618547473131	0.9999621987720959
5.0368650161666748	1.0000387824300012
5.0403754463494419	0.9999619615367101
5.0438919023151545	1.0000373785273549
5.0474159349643823	0.9999623944170528
5.0509459436911506	1.0000364049086947
5.0544835615905885	0.9999630593367710
5.0580273535476739	1.0000355333553212
5.0615792975103142	0.9999638793612885
5.0651384009467533	1.0000345666653927
5.0687072862020406	0.9999649464092732
5.0722858199226080	1.0000332807408263
5.0758778519136047	0.9999665094838240
5.0794849622893397	1.0000312958964523
5.0831135317773013	0.9999690875090097
5.0867689022239579	1.0000278481402185
5.0904634230450005	0.9999738088987372
5.0942122977463402	1.0000212589524424
5.0980459276107553	0.9999827968105017
5.1020177242119074	1.0000127688740152
5.1062739733088334	0.9999471528283440
5.1131812406947006	1.0001315202684287
5.1178522832066680	1.0000144166592098
5.1218806027358177	1.0000546168554958
5.1256551340955525	0.9999811400156015
5.1293411381824372	1.0000378821239118
5.1330057579081050	0.9999737205305511
5.1366798966964344	1.0000298339514955
5.1403851189271181	0.9999753183309084
5.1441408611869841	1.0000218374788890
5.1479788902597985	0.9999832417228218
5.1519532434906035	1.0000129831988478
5.1562102073557439	0.9999471786365610
5.1631452987495869	1.0001262481394324
5.1680104734387129	1.0000226639706549
5.1723825381734940	1.0000371225395643
5.1767745050503162	0.9999544859148406
5.1838111782779066	1.0001328978081876
5.1887664235069195	1.0000253488159363
5.1933584129010146	1.0000825432310383
5.2005179908398285	0.9998707571259351
5.2054985174785200	0.9999782662413668
5.2099161120309851	0.9999624106032710
5.2143219403211987	1.0000453367919455
5.2213389456185286	0.9998601281469875
5.2260757340500952	0.9999815961974978
5.2301413043590559	0.9999439153691079
5.2339396181584625	1.0000162018620857
5.2376497966252797	0.9999620991904418
5.2413412057377000	1.0000232035705845
5.2450533979939165	0.9999716575937323
5.2488114079808410	1.0000198419845019
5.2526502129354915	0.9999821411246765
5.2566246662172755	1.0000124116548994
5.2608817394614373	0.9999469011438094
5.2677931155533440	1.0001306532289060
5.2724944100798492	1.0000156060651995
5.2765682716162825	1.0000515902854274
5.2804037905867389	0.9999848396478741
5.2841727371750853	1.0000318654718841
5.2879544673561796	0.9999817248155415
5.2918016678981985	1.0000182371264212
5.2957805527413040	0.9999872678168815
5.3000378964726291	1.0000524563937674
5.3069457763756063	0.9998672677497326
5.3116019786718764	0.9999852583035197
5.3156087922210347	0.9999427097872897
5.3193503152910093	1.0000199393897977
5.3229925744250499	0.9999576199339493
5.3265944526455078	1.0000297234963860
5.3301829015492102	0.9999624979642063
5.3337652060040925	1.0000326278653657
5.3373469991074840	0.9999641777961850
5.3409278501626343	1.0000334855774220
5.3445099859874885	0.9999647741962135
5.3480918320147364	1.0000337204438912
5.3516750446038666	0.9999649972047339
5.3552578876804855	1.0000337738903458
5.3588419193289445	0.9999650828463090
5.3624253910421444	1.0000337839048481
5.3660098547800219	0.9999651112489574
5.3695935815512152	1.0000337903062493
5.3731781491283170	0.9999651142988493
5.3767618701600011	1.0000337980214231
5.3803463765529012	0.9999651126121095
5.3839300539882169	1.0000337951809462
5.3875146291390248	0.9999651303073237
5.3910986115590500	1.0000337552639045
5.3946838892420557	0.9999652046651382
5.3982691817750421	1.0000336312271931
5.4018566535755390	0.9999653981119909
5.4054453865695429	1.0000333415012490
5.4090380302416001	0.9999658188232533
5.4126343125107024	1.0000327419863866
5.4162377696156581	0.9999666609556406
5.4198493439362148	1.0000315679065079
5.4234743031017558	0.9999682915010712
5.4271160751977776	1.0000293004758776
5.4307836919856740	0.9999714621163075
5.4344864360821372	1.0000248246225132
5.4382431716832471	0.9999778304988868
5.4420809534829173	1.0000160429163891
5.4460567347833679	0.9999861414870626
5.4503128174182693	1.0000518585528577
5.4572560322233530	0.9998739549140603
5.4621641199525683	0.9999759897342708
5.4667425684387148	0.9999182736342827
5.4738797612160246	1.0001311684124758
5.4787341551680768	1.0000159125166908
5.4829185957296680	1.0000464166627616
5.4868655952651206	0.9999899671478150
5.4907795115585705	1.0000227079227144
5.4947840489986035	0.9999894343834237
5.4990505458548631	1.0000539268562756
5.5059942957609094	0.9998731537304794
5.5108608032052393	0.9999765328727768
5.5152349915505274	0.9999619681487780
5.5196262847857929	1.0000445427301248
5.5266654717236330	0.9998662481283638
5.5316184448792365	0.9999737194946130
5.5362116069888545	0.9999167466269135
5.5433716478506909	1.0001289864811289
5.5484550240557997	0.9999706637387420
5.5559780065791333	1.0001674093313067
5.5609927931898415	1.0000262374659754
5.5651910246388008	1.0000566430082980
5.5690735443015633	0.9999876782455933
5.5728598188756111	1.0000334691936348
5.5766471051807844	0.9999825505824658
5.5804956078152390	1.0000187978982216
5.5844744896408853	0.9999875789417300
5.5887319493940479	1.0000526315105320
5.5956631020534440	0.9998716506541055
5.6004718713731432	0.9999786233987571
5.6047354909021241	0.9999595257029760
5.6088699670238054	1.0000022486961921
5.6131838123949453	0.9999398527818391
5.6201642822805447	1.0001248057548298
5.6250895964601257	1.0000224575015111
5.6296718748909846	1.0000807481132712
5.6368088898017890	0.9998674008053801
5.6416595810947916	0.9999831365591726
5.6458398965244330	0.9999522782615151
5.6497803726209090	1.0000091380286351
5.6536906015817641	0.9999761838592730
5.6576912346132744	1.0000095564084608
5.6619579747750928	0.9999452045301515
5.6688418002823173	1.0001370453011749
5.6733218900758651	1.0000065916139551
5.6770918548469895	1.0000717468072839
5.6805732232692892	0.9999644619546086
5.6839349267267458	1.0000609127147420
5.6872404150040321	0.9999504645051773
5.6905144545751698	1.0000581053229765
5.6937696646904525	0.9999449593402403
5.6970111547722722	1.0000575950979225
5.7002449167065610	0.9999427997688491
5.7034731171601765	1.0000573287386894
5.7067006817953230	0.9999423848575087
5.7099290286669060	1.0000566043973649
5.7131626709322862	0.9999431066032279
5.7164026509803163	1.0000552327667429
5.7196532499897481	0.9999447002173071
5.7229153736463960	1.0000531747522130
5.7261933118569601	0.9999470688234663
5.7294881606107042	1.0000503853272789
5.7328046042638929	0.9999502486287420
5.7361444458716448	1.0000467268133411
5.7395134374209000	0.9999544408201116
5.7429150501566664	1.0000418700366018
5.7463575041552852	0.9999601310882196
5.7498481388082627	1.0000350820169670
5.7534013033512288	0.9999684177989151
5.7570346870717195	1.0000247345930751
5.7607817430146584	0.9999812495415075
5.7647005058682508	1.0000126384619925
5.7689423990750353	0.9999489374514136
5.7758334122834798	1.0001369929920900
5.7802917977060302	1.0000094133685153
5.7841014450680195	1.0000653877930781
5.7876920013211484	0.9999759218755643
5.7912368685575935	1.0000434701982723
5.7948083434624875	0.9999732293064828
5.7984474942260951	1.0000275492758841
5.8021955775349410	0.9999827178775749
5.8061143143213148	1.0000134599002886
5.8103562542227367	0.9999493884191710
5.8172880729242333	1.0001296124836021
5.8219950159063441	1.0000198722873543
5.8261643329894275	1.0000417782776534
5.8302415857128027	0.9999976322183319
5.8345384759331900	1.0000577116630485
5.8414396254013123	0.9998571704661299
5.8457446440948893	0.9999971899529989
5.8493599294761855	0.9999191926723306
5.8527361930059802	1.0000365740757937
5.8560444187466949	0.9999366645467747
5.8593401708825334	1.0000454525626210
5.8626479350194272	0.9999458130982662
5.8659746061815756	1.0000458273584238
5.8693272172999267	0.9999518556155008
5.8727080458608265	1.0000429101958135
5.8761234877613395	0.9999574529754341
5.8795778861593906	1.0000378224516138
5.8830812833928707	0.9999643074027513
5.8866442914360517	1.0000299655234766
5.8902874290846672	0.9999744396583037
5.8940403666882952	1.0000175135982774
5.8979641716271836	0.9999862524992553
5.9022061587476218	1.0000500788151603
5.9090902907010827	0.9998603807996077
5.9134968533696330	0.9999919894764225
5.9172374331271618	0.9999279799225341
5.9207394583827258	1.0000291735561666
5.9241735683968439	0.9999461225689596
5.9275987250743825	1.0000368078740116
5.9310435549897091	0.9999560431887726
5.9345198303240565	1.0000353163600053
5.9380408404123592	0.9999641954053942
5.9416180659355149	1.0000289164325773
5.9452724714977618	0.9999745076745923
5.9490336391019278	1.0000172070087248
5.9529624273132340	0.9999861586441051
5.9572057499274873	1.0000502057848761
5.9640995466799787	0.9998624127332055
5.9685722147494591	0.9999895731031598
5.9723886844719907	0.9999330234889133
5.9759677533606848	1.0000249930426224
5.9794817715584490	0.9999518911268760
5.9829933045841095	1.0000312374773823
5.9865357799241865	0.9999630683851075
5.9901275630578708	1.0000274220239276
5.9937925674431325	0.9999742286096205
5.9975611361146459	1.0000167613855195
6.0014943423513172	0.9999859763052659
6.0057388571273140	1.0000502625783569
6.0126271293073321	0.9998615354375707
6.0170756652731976	0.9999909255672190
6.0208544879996184	0.9999298843493575
6.0243831346053538	1.0000287335310041
6.0278306543888061	0.9999461880333781
6.0312544430475672	1.0000381878223732
6.0346804504446174	0.9999535104051440
6.0381164135360228	1.0000395802957411
6.0415695350300620	0.9999578885151512
6.0450421575067752	1.0000379118486140
6.0485404696772536	0.9999619243969869
6.0520685888726247	1.0000342175892856
6.0556362390487024	0.9999672334547046
6.0592535886176311	1.0000278546378487
6.0629406106886625	0.9999758014698965
6.0667260897053028	1.0000169225501225
6.0706696930970887	0.9999862124368013
6.0749170128260923	1.0000507582735474
6.0818356069703743	0.9998678012006442
6.0864941934412133	0.9999828352345973
6.0905511144706672	0.9999484840708850
6.0944103677386297	1.0000096125481865
6.0982672026123588	0.9999748187682688
6.1022371232377743	1.0000090571834566
6.1064952091671252	0.9999458966082916
6.1134316749821096	1.0001280335698040
6.1181947971498314	1.0000199306829742
6.1224129169793420	1.0000404463519321
6.1265201935557627	0.9999971216303507
6.1308252506623768	1.0000584412888309
6.1378048792270299	0.9998728540988787
6.1426481651553351	0.9999768032384329
6.1469995424617530	0.9999618697552610
6.1513850212415031	1.0000435531165384
6.1583829330416693	0.9998570672095385
6.1629839379012363	0.9999848503088047
6.1668968019675399	0.9999357237753993
6.1705462852957753	1.0000222263735978
6.1741113988792646	0.9999536896130407
6.1776570170298584	1.0000304848577664
6.1812160588066840	0.9999627063170413
6.1848037860333021	1.0000292686377172
6.1884377372345210	0.9999706414790229
6.1921357625242122	1.0000222651884423
6.1959306688171978	0.9999818544404020
6.1998784667934776	1.0000125659354937
6.2041282080282638	0.9999478921217019
6.2110263331306585	1.0001343168366088
6.2155865867111633	1.0000115477924467
6.2194902319114540	1.0000611293180928
6.2231468787773432	0.9999767243775617
6.2267252694793509	1.0000434848097071
6.2302928125378738	0.9999698407064150
6.2338808221046289	1.0000336887842372
6.2375116256107086	0.9999727821004165
6.2412060526187227	1.0000237199343984
6.2449977096812956	0.9999825047707370
6.2489434542697238	1.0000129439641432
6.2531926308395427	0.9999481582029656
6.2600804770494891	1.0001364240578481
6.2645733580039025	1.0000090032177631
6.2683915516662028	1.0000668346507544
6.2719540252072150	0.9999714194332763
6.2754283217041138	1.0000509823371320
6.2788776728252031	0.9999620653530504
6.2823274228556896	1.0000436405147810
6.2857910997353050	0.9999612431037798
6.2892757258390759	1.0000384835435689
6.2927904762392224	0.9999642496847518
6.2963432077551511	1.0000325969964809
6.2999482695794997	0.9999706296131156
6.3036231538043781	1.0000235513168150
6.3074007696260050	0.9999818677697190
6.3113380332700464	1.0000127107657546
6.3155849131973341	0.9999483298886205
6.3225152593050575	1.0001287683797757
6.3272600076985892	1.0000200768575060
6.3314628286438639	1.0000409213848447
6.3355607545623451	0.9999973186360606
6.3398632565148851	1.0000582376716121
6.3468062490691519	0.9998657178981262
6.3513906133105991	0.9999868571187607
6.3553280311294786	0.9999408973838296
6.3590362061664338	1.0000180582873002
6.3626979070149474	0.9999626573923505
6.3663910202110818	1.0000192926159828
6.3701736035167293	0.9999793256595589
6.3741114256781808	1.0000114200428301
6.3783588733315515	0.9999477366943080
6.3852903685913507	1.0001286826911735
6.3900292376947405	1.0000199346198633
6.3942266208124172	1.0000410042245653
6.3983211437354859	0.9999973408572409
6.4026227215488296	1.0000581359760854
6.4096039017316579	0.9998726634647138
6.4144297417263392	0.9999767573784328
6.4187684442359565	0.9999617598699786
6.4231505047139548	1.0000430555495119
6.4301650640598815	0.9998594928222669
6.4348421826923090	0.9999807842484545
6.4388845512534481	0.9999457162620807
6.4427222130879001	1.0000094328208096
6.4465602336967489	0.9999738942406842
6.4505180198478200	1.0000087309476475
6.4547729293580174	0.9999461709070586
6.4616478134557518	1.0001401486935688
6.4660043641846610	1.0000039039922344
6.4696722933101984	1.0000764729612912
6.4730924825068028	0.9999641115800441
6.4764323020647323	1.0000603609992123
6.4797518683261739	0.9999542717427812
6.4830735467860254	1.0000525027165486
6.4864081981214037	0.9999529727818217
6.4897598573195738	1.0000475459106404
6.4931339898159814	0.9999549377897701
6.4965332204598019	1.0000430380344516
6.4999640005980446	0.9999588694289216
6.5034311476109607	1.0000375964869173
6.5069449328295788	0.9999649713919019
6.5105162660967517	1.0000297759877441
6.5141658252481349	0.9999747022551375
6.5179233806761232	1.0000174703211027
6.5218499459472561	0.9999862689041276
6.5260926828129922	1.0000501852667532
6.5329915682845305	0.9998632800511532
6.5374899371252937	0.9999882907371973
6.5413441998208004	0.9999359804008380
6.5449723484894831	1.0000215826871985
6.5485506328882686	0.9999571317182419
6.5521482863755320	1.0000247870115964
6.5558097704249301	0.9999721374825820
6.5595727840613600	1.0000159587882649
6.5635019702014867	0.9999854579884608
6.5677454738455854	1.0000498240476179
6.5746706948940163	0.9998680401420692
6.5793323006308810	0.9999814963107584
6.5834181170700790	0.9999515466446951
6.5873458756605281	1.0000046768172144
6.5913388947109146	0.9999789478039554
6.5956043181013824	1.0000473080118228
6.6025260313609921	0.9998627545864284
6.6070756426283639	0.9999859272889040
6.6109868794349556	0.9999391186351988
6.6146763178013703	1.0000180398285565
6.6183245932738801	0.9999618771073948
6.6220080741544756	1.0000193277091369
6.6257840641302588	0.9999790951020295
6.6297180198184202	1.0000113407133300
6.6339644012828725	0.9999478252783633
6.6408688542592804	1.0001338994772933
6.6454261883911574	1.0000124530501322
6.6493479390534205	1.0000586308648629
6.6530498225732657	0.9999810130813400
6.6567073797991574	1.0000364266329154
6.6603999932742965	0.9999797078260723
6.6641812660337516	1.0000196307851796
6.6681198939496618	0.9999875195936481
6.6723662718278431	1.0000511711280375
6.6792710627674472	0.9998648475037799
6.6838190959684578	0.9999870299513891
6.6877260146720392	0.9999388701642827
6.6914012170322161	1.0000199242769821
6.6950199837415045	0.9999591749433075
6.6986516005671435	1.0000236792501176
6.7023404295052744	0.9999730930671992
6.7061237202570867	1.0000156577038151
6.7100652359268365	0.9999854684273181
6.7143120621215271	1.0000502631443378
6.7211961536435298	0.9998609208973558
6.7256329108994883	0.9999918026820744
6.7293890314267033	0.9999278127770767
6.7328855903000164	1.0000311880263086
6.7362917821938808	0.9999426808952550
6.7396647281370923	1.0000420782163204
6.7430298811711751	0.9999486924519192
6.7463943955707872	1.0000449040841242
6.7497647031595118	0.9999516704931730
6.7531419331067246	1.0000448406083287
6.7565304131528849	0.9999539560487610
6.7599312891306749	1.0000432927588865
6.7633494946096944	0.9999566074718137
6.7667874567825930	1.0000404863565013
6.7702518648192918	0.9999603124984043
6.7737477578849683	1.0000360631835516
6.7772857119253818	0.9999659342788889
6.7808768353051425	1.0000289692855127
6.7845419708836250	0.9999751409550118
6.7883108624435309	1.0000172479916554
6.7922442609821783	0.9999862441715824
6.7964888461166346	1.0000504129958305
6.8033617338259047	0.9998587305126876
6.8077238806516815	0.9999943659015883
6.8114023259197785	0.9999229663588364
6.8148305319035032	1.0000343037815231
6.8181784658167723	0.9999389555045954
6.8215027696186956	1.0000444129899901
6.8248287230823381	0.9999464903904144
6.8281635424654308	1.0000460866618879
6.8315140063199156	0.9999509856123023
6.8348816544896529	1.0000446622491035
6.8382714601358741	0.9999548324632404
6.8416854513945697	1.0000415399568885
6.8451299426089278	0.9999592628285013
6.8486094989157316	1.0000367439221722
6.8521342717657578	0.9999653609577277
6.8557149867096925	1.0000293265782463
6.8593721799434064	0.9999749027913469
6.8631354129696129	1.0000173406305402
6.8670654353008507	0.9999862482568953
6.8713090984038532	1.0000502961879010
6.8781933166232365	0.9998606961994373
6.8826126566850796	0.9999919781035952
6.8863588772179067	0.9999277418213419
6.8898553168253072	1.0000304863370992
6.8932702211499821	0.9999437737067307
6.8966594630662525	1.0000405140244388
6.9000472339113488	0.9999505748980587
6.9034392436269414	1.0000428419943388
6.9068402366797619	0.9999538185847651
6.9102493647143124	1.0000428180344756
6.9136685966923723	0.9999557195984839
6.9170963248461135	1.0000420425843661
6.9205341548925992	0.9999571307756965
6.9239805117254924	1.0000410158145316
6.9274370738146116	0.9999583868702681
6.9309024559760486	1.0000398661271128
6.9343785942403091	0.9999596564167199
6.9378644500563231	1.0000385689818372
6.9413624413781490	0.9999610876411521
6.9448721664754736	1.0000369948471648
6.9483969424059415	0.9999628949187789
6.9519375922538353	1.0000348749319081
6.9554992074675992	0.9999654642880670
6.9590851519062360	1.0000316726717542
6.9627043916188009	0.9999695756512303
6.9663663066746704	1.0000262391228107
6.9700899864101880	0.9999769263552027
6.9739030763093517	1.0000164553661055
6.9778636683836170	0.9999861839017884
6.9821155885651329	1.0000513455091675
6.9890208414821666	0.9998661181060773
6.9936331194279227	0.9999861104438820
6.9975933855222818	0.9999403877489338
7.0012932773580827	1.0000213176594115
7.0048994345969238	0.9999557716676211
7.0084702924288020	1.0000309159832237
7.0120324493195714	0.9999612659562400
7.0155931273687839	1.0000334167367135
7.0191581580314129	0.9999635712533766
7.0227275756434313	1.0000336880182292
7.0263043597307515	0.9999649276567835
7.0298880596170248	1.0000330569754547
7.0334819539077662	0.9999662531916045
7.0370866111305714	1.0000317264429883
7.0407069068450063	0.9999681517540985
7.0443458454773333	1.0000293308335468
7.0480120335452128	0.9999714529657003
7.0517143321391709	1.0000247997684888
7.0554712082379512	0.9999778515425735
7.0593093589021638	1.0000160290268878
7.0632854462761738	0.9999861401530676
7.0675415972851843	1.0000518696913261
7.0744495782042200	0.9998673609528766
7.0791151833260351	0.9999848669431166
7.0831343773808095	0.9999433770845892
7.0868895982606981	1.0000192372879981
7.0905470491212874	0.9999585900778917
7.0941664392523025	1.0000286209451354
7.0977760417406968	0.9999639730006395
7.1013849644687745	1.0000307547731306
7.1050014189878912	0.9999667154153831
7.1086285481519660	1.0000300726216360
7.1122737071952677	0.9999694719851565
7.1159426706357891	1.0000272284810237
7.1196481637680247	0.9999740766583936
7.1234055870081807	1.0000209972318954
7.1272454483406404	0.9999828681586268
7.1312210311375805	1.0000127646919803
7.1354783333873151	0.9999470179256903
7.1423871170599647	1.0001310714718734
7.1470765668001093	1.0000150371470597
7.1511302601392748	1.0000529980235335
7.1549370390944720	0.9999830496435785
7.1586658901940154	1.0000347177172513
7.1623904194471537	0.9999779471322047
7.1661519994632137	1.0000234509869514
7.1699907261696785	0.9999839994937595
7.1739646255454428	1.0000134254115653
7.1782215650834615	0.9999474532246696
7.1851228567632459	1.0001328551917972
7.1897533459501650	1.0000129224089827
7.1937244090682109	1.0000582222938930
7.1974312675432008	0.9999775730925679
7.2010394152907669	1.0000429806157662
7.2046138500013130	0.9999682991501834
7.2081816551072926	1.0000367820921521
7.2117580169953373	0.9999671469594281
7.2153515529797909	1.0000323988075650
7.2189737483079606	0.9999699735484772
7.2226358627601499	1.0000265840868003
7.2263582622778184	0.9999769716691453
7.2301696953666603	1.0000165738724451
7.2341290588814289	0.9999862234520022
7.2383806880077026	1.0000513180624984
7.2452849468749294	0.9998658469706236
7.2498878445281072	0.9999861139190890
7.2538429003931970	0.9999406611873638
7.2575488991140418	1.0000199049076754
7.2611792847077288	0.9999586789122497
7.2648011584596652	1.0000258867095972
7.2684535563508179	0.9999694107355495
7.2721622626996973	1.0000211850538872
7.2759637070024841	0.9999814461011317
7.2799150701770889	1.0000123110810717
7.2841658597164249	0.9999476458353814
7.2911044938433944	1.0001265538450939
7.2959369337751081	1.0000227457780226
7.3002847828377622	1.0000373045945912
7.3046701729384447	0.9999554134479970
7.3116694931540867	1.0001408307186952
7.3163143569973368	1.0000156132058120
7.3202825343554245	1.0000594231426858
7.3240002258760466	0.9999807288143227
7.3276477104355804	1.0000389658007596
7.3313018291866019	0.9999760193172189
7.3350057232833734	1.0000254531201975
7.3388010289569650	0.9999834626176466
7.3427482306926892	1.0000134714200675
7.3469978865352914	0.9999484100544844
7.3539280982350608	1.0001286487316761
7.3586885551169630	1.0000202416162174
7.3629053150841601	1.0000406273420652
7.3670118853599265	0.9999972152290026
7.3713167475489962	1.0000584712657219
7.3782451988540201	0.9998633684316108
7.3827579597668054	0.9999903727667198
7.3865876629450291	0.9999327773534011
7.3901560972284903	1.0000274293928360
7.3936369976763094	0.9999484355282123
7.3970913335481256	1.0000365734483250
7.4005478516818748	0.9999557166145073
7.4040168889271287	1.0000373368798712
7.4075084797556068	0.9999608127096214
7.4110284190958131	1.0000343683417015
7.4145875723429082	0.9999666006775043
7.4181968243576000	1.0000280931919419
7.4218767770763199	0.9999755091741250
7.4256567389850510	1.0000169962601548
7.4295969061737388	0.9999862043019266
7.4338433103928532	1.0000506328834358
7.4407553173461123	0.9998663867456049
7.4453638407141955	0.9999846312518272
7.4493521586674483	0.9999442291023617
7.4531265538665661	1.0000140947531342
7.4568719392782086	0.9999681977194549
7.4606770191914036	1.0000129624471108
7.4646269460406254	0.9999839475520446
7.4688766687129950	1.0000495817174506
7.4758042394738693	0.9998682846677619
7.4804951946411480	0.9999809908167292
7.4846083617275978	0.9999523931791658
7.4885563617089312	1.0000045345860682
7.4925614580447419	0.9999790191238754
7.4968302007776053	1.0000477564978110
7.5037801896083520	0.9998685659083594
7.5085354314112651	0.9999781176125998
7.5127463564585044	0.9999577675005561
7.5168469040923647	1.0000014913843054
7.5211515510977671	0.9999405788479440
7.5281392507423321	1.0001247137460099
7.5330381567999796	1.0000228790527679
7.5376134892811093	1.0000799786821857
7.5447568049093956	0.9998668807996458
7.5495662451329517	0.9999825203483809
7.5537276944492069	0.9999533740981709
7.5576951052855854	1.0000051012459497
7.5617077848048391	0.9999792767515544
7.5659791502873599	1.0000479917613856
7.5729412270416656	0.9998704637509602
7.5777656308299326	0.9999754427921262
7.5821070257825021	0.9999611832204606
7.5864894956439137	1.0000429364549708
7.5934814724236910	0.9998558160904714
7.5980390992865372	0.9999862032652412
7.6019000207202767	0.9999323454857669
7.6054936419455945	1.0000253170632671
7.6089963332438959	0.9999490353519475
7.6124683876186685	1.0000356112778546
7.6159366051910808	0.9999557152128640
7.6194082091222208	1.0000379471193235
7.6228891485539370	0.9999589591678655
7.6263797853793438	1.0000376771323296
7.6298835655324559	0.9999612150112429
7.6334007703749132	1.0000362267848373
7.6369356231524606	0.9999635962475897
7.6404900663265751	1.0000337302430142
7.6440708498549812	0.9999669388828707
7.6476837681542360	1.0000295745728673
7.6513416654099453	0.9999724965123638
7.6550604077220310	1.0000221189877727
7.6588712645333716	0.9999824165113569
7.6628289956225473	1.0000127383241670
7.6670814053417047	0.9999476322321784
7.6742891005758338	1.0000748713564096
7.6789731723613821	0.9999738217918238
7.6830301313354576	0.9999983866397016
7.6868663862759936	0.9999709140293850
7.6906052637600055	1.0000417615857895
7.6943029784822956	0.9999952934441996
7.6980562688252574	1.0000390751319073
7.7019657935385082	1.0000050027932754
7.7061999021135499	1.0000701592708257
7.7131229814603692	0.9999067466250552
7.7179869269595924	0.9999396866321559
7.7225087570641815	0.9999369869379068
7.7310891241960471	1.0002206231674546
7.7348633025055706	1.0000838306425819
7.7390063042167698	1.0001154185423338
7.7433398085951426	1.0000823736553137
7.7510444271351115	1.0001923954506753
7.7558357932285311	1.0001281230703349
7.7632318833904428	1.0001002207377152
7.7673615899223281	0.9999823924289343
7.7711508504935312	1.0000195719990161
7.7748986094634462	0.9999567806295514
7.7787190897500951	0.9999915622159615
7.7826811501947697	0.9999601467220833
7.7869333223362123	1.0000262915811053
7.7938545175042506	0.9998466100540401
7.7984825417018424	0.9999489298090348
7.8025642610295796	0.9999098686754618
7.8064997806822118	0.9999561045342774
7.8105046638260971	0.9999370081390170
7.8147701022638225	1.0000334748795254
7.8206556360521402	0.9997515552293805
7.8300223543498753	1.0002644639184359
7.8340962343866192	1.0001182262349511
7.8378918343024688	1.0001791117325631
7.8417592317607694	1.0001179835674308
7.8456372097278670	1.0001131071829035
7.8494707338296417	1.0000225286839282
7.8531885211139487	1.0000604522595224
7.8567853700766355	0.9999674933143579
7.8602956966476913	1.0000391978957464
7.8637592882635170	0.9999489997313534
7.8672054769850925	1.0000319767890247
7.8706520048867867	0.9999474626507708
7.8741078704711542	1.0000306662333560
7.8775800822115318	0.9999519310899074
7.8810728576486797	1.0000304777322140
7.8845940171836251	0.9999586941056013
7.8881510870976665	1.0000282412992589
7.8917586526441577	0.9999676448769077
7.8954346499070907	1.0000215116052893
7.8992125782448488	0.9999805534630450
7.9031498714475523	1.0000119421821327
7.9073968742408347	0.9999479664263560
7.9142976310809479	1.0001343179962450
7.9188515918146196	1.0000126520950832
7.9227737403993066	1.0000580744629082
7.9264885339859354	0.9999829714584393
7.9301820824094174	1.0000326284392798
7.9339493863996013	0.9999853732639197
7.9378747505825347	1.0000149196832402
7.9421191575369923	0.9999499977448510
7.9490257545485390	1.0001350367141306
7.9535570449608679	1.0000132306043479
7.9574784432264352	1.0000562828022683
7.9612265964337441	0.9999869330674430
7.9649998687322396	1.0000260364363165
7.9689209527912794	0.9999901744988442
7.9731646531757558	1.0000513935339999
7.9800149313307109	0.9998521246271175
7.9841663131552707	1.0000011329795526
7.9876593295772489	0.9999117667165295
7.9909505908023446	1.0000391453437825
7.9942025763999007	0.9999333919414546
7.9974639315053517	1.0000460915187692
8.0007541986527126	0.9999452869538533
8.0040758814646296	1.0000453963874627
8.0074317456434212	0.9999524110555575
8.0108192351050320	1.0000426300020313
8.0142390597642148	0.9999573418714216
8.0176884224607914	1.0000394513131767
8.0211679955033652	0.9999612169120897
8.0246754005965748	1.0000363215146952
8.0282118446448134	0.9999645907154977
8.0317757946756245	1.0000332189569336
8.0353697825624053	0.9999679215559655
8.0389943132450501	1.0000297466759476
8.0426552889674134	0.9999719693582768
8.0463587527644460	1.0000248253343673
8.0501203350060511	0.9999784568946560
8.0539640249277014	1.0000162173484624
8.0579441352621686	0.9999864554861337
8.0622012713698492	1.0000523330333173
8.0691279952099375	0.9998714620056055
8.0739305896825719	0.9999799615041640
8.0781601568797292	0.9999566334753180
8.0822008894311139	1.0000042867757495
8.0862636497250193	0.9999796337324558
8.0905481772479870	1.0000501728667694
8.0975035387750616	0.9998724595173321
8.1024366948182092	0.9999759287092187
8.1070222063651070	0.9999176081697191
8.1141546401114670	1.0001313373832899
8.1190233797566389	1.0000146652317172
8.1231886148538113	1.0000501454497062
8.1270564690846427	0.9999821490484907
8.1307987780642463	1.0000369667370503
8.1344813845581943	0.9999715625024586
8.1381283832719511	1.0000344700458612
8.1417502598020359	0.9999668953476747
8.1453494818668428	1.0000350391466115
8.1489300288064541	0.9999642097673297
8.1524930256875336	1.0000361385867123
8.1560434906491004	0.9999627675865789
8.1595841354739722	1.0000366084277659
8.1631217595567449	0.9999626761355578
8.1666608443924922	1.0000357748578399
8.1702101387711572	0.9999642921653858
8.1737765431510656	1.0000330273203093
8.1773723144951713	0.9999682862261059
8.1810098692473456	1.0000273239416795
8.1847110174285209	0.9999761595195428
8.1885059023835716	1.0000167885479512
8.1924549357448893	0.9999861889766839
8.1967037931104443	1.0000509185972333
8.2035982518903481	0.9998634498041195
8.2081170308036580	0.9999888237464031
8.2119706568659971	0.9999343799503089
8.2155695888348497	1.0000253607665064
8.2190847106668503	0.9999507399692258
8.2225765144705250	1.0000340701808033
8.2260740946059059	0.9999584548633463
8.2295884021090178	1.0000343258358866
8.2331305618718815	0.9999641093623413
8.2367081456867588	1.0000305614497509
8.2403352284103519	0.9999709847595984
8.2440284952739376	1.0000226569115664
8.2478201239513833	0.9999819273026151
8.2517660125629178	1.0000126000501730
8.2560152150597759	0.9999479465069965
8.2629201401426116	1.0001330781494671
8.2675189007873318	1.0000131201829097
8.2714767271933685	1.0000574176669064
8.2751988928440845	0.9999804975644327
8.2788562339809353	1.0000378249719719
8.2825216480492898	0.9999762205010500
8.2862361213864304	1.0000248911503766
8.2900399742667332	0.9999834951776264
8.2939925747656851	1.0000133937575788
8.2982436663553685	0.9999481608425289
8.3051415543226952	1.0001344053699257
8.3097050029715955	1.0000113168979123
8.3136047630009280	1.0000619571629166
8.3172460412616491	0.9999749247449149
8.3207930789975766	1.0000466552860445
8.3243073570900510	0.9999649928461974
8.3278119381014246	1.0000409671506367
8.3313172888821665	0.9999624532289111
8.3348262892393592	1.0000384106419666
8.3383427167019377	0.9999623735239951
8.3418670461305648	1.0000366601848503
8.3454030537458479	0.9999634734638169
8.3489520354024069	1.0000346586524962
8.3525195007788824	0.9999656760038501
8.3561092678992335	1.0000315936931836
8.3597307487139645	0.9999696105209865
8.3633937686693187	1.0000262312924022
8.3671178293782447	0.9999769082495468
8.3709309386192370	1.0000164519397960
8.3748914652466642	0.9999861739024102
8.3791433834543980	1.0000513326923441
8.3860417377834615	0.9998648014055534
8.3906105750774440	0.9999877457646225
8.3945130289953465	0.9999367050492493
8.3981482848211453	1.0000247295806952
8.4016842948547836	0.9999511209570545
8.4051795494642114	1.0000353884343272
8.4086604521777737	0.9999560247627551
8.4121342426018337	1.0000386871322424
8.4156067599358515	0.9999577901953478
8.4190781268048021	1.0000396345777578
8.4225512127366127	0.9999585815580452
8.4260253490510273	1.0000396791016561
8.4295031548194892	0.9999592093206279
8.4329841434638730	1.0000392228963659
8.4364712406020708	0.9999600241994236
8.4399644501516224	1.0000383033787505
8.4434673558636764	0.9999612678187104
8.4469808581128216	1.0000367677191970
8.4505097919467094	0.9999632452906746
8.4540568008907577	1.0000342541605933
8.4576292826268613	0.9999664987731595
8.4612336828123258	1.0000300017708275
8.4648834440344292	0.9999721632993184
8.4685950166172947	1.0000223453573591
8.4724002247556776	0.9999823082058105
8.4763544091292040	1.0000127242483980
8.4806058686708425	0.9999477466665277
8.4875510729285466	1.0001251933851092
8.4924450864765308	1.0000233750771459
8.4970180931307926	1.0000805718165056
8.5038648377558044	0.9998177466780656
8.5195478863566656	0.9996085675447380
8.5232198418951093	0.9999602881228185
8.5270286198622021	0.9999183736341579
8.5308055460795131	0.9999900183771130
8.5346761049063566	0.9999815758700187
8.5386643077749227	1.0000015497203965
8.5428484867316712	0.9999220723407162
8.5468500997852956	0.9999369637743833
8.5508160244315867	0.9999540245873351
8.5548142676292542	1.0000092683149175
8.5588573770270280	0.9999965763086905
8.5629435704832133	1.0000326315087769
8.5670891205666759	1.0000096746682621
8.5713895919115455	1.0000862324630815
8.5779264371285695	0.9998549765809767
8.5825708846093640	1.0000145057810810
8.5862034398699230	0.9999137999468816
8.5894233987235395	1.0000511859146313
8.5925811429034678	0.9999266333795802
8.5958415906431611	1.0000237165879384
8.5993016023518027	0.9999528683854825
8.6030490826024426	0.9999864846304108
8.6072474780354380	0.9999208567114610
8.6139272466504124	1.0001295231022240
8.6183284469577437	0.9999942015237092
8.6221027604188354	1.0000488881946803
8.6257054270929423	0.9999626195201379
8.6292825720331070	1.0000277983291193
8.6328702425260371	0.9999592602916101
8.6364749771552685	1.0000256674014265
8.6400991732815609	0.9999653237028124
8.6437475778049286	1.0000279270731041
8.6474325263818645	0.9999756660175171
8.6511711506186071	1.0000263694526452
8.6549956884758732	0.9999890669218821
8.6589614212037898	1.0000202640170541
8.6632161438003852	0.9999552212979705
8.6701051782992717	1.0001421926030287
8.6746591430507038	1.0000171995291116
8.6785477291310649	1.0000674017497608
8.6821880923965775	0.9999804825291709
8.6857535389676030	1.0000474181686803
8.6893126885084389	0.9999722697900835
8.6928945807107958	1.0000360407430804
8.6965156886229646	0.9999728437935539
8.7001864415506827	1.0000270153807012
8.7039230412152229	0.9999782121040069
8.7077491792067097	1.0000162423422976
8.7117187562420337	0.9999858516839381
8.7159729444757357	1.0000510621677334
8.7230044065346313	0.9998896717496203
8.7277742747022682	0.9999948161093004
8.7320375019887155	0.9999739515664732
8.7361755376654386	1.0000114849574484
8.7404937225157493	0.9999568261081689
8.7473327452756973	1.0002298738361386
8.7524904989044732	1.0000050772990219
8.7592031028970201	1.0002363022926435
8.7645111745090514	1.0000242939357440
8.7690493588399079	0.9999791176544968
8.7731819773122393	0.9999122868114109
8.7772688204018969	0.9999390986754711
8.7815655499719227	0.9998681861990548
8.7881858519890486	1.0001006615539139
8.8067952489958099	1.0004605031945477
8.8105378015976079	1.0001636540869405
8.8139113637549329	1.0001997466255279
8.8173768287799081	1.0000608150147658
8.8209176544805956	1.0000928847910917
8.8244487796540376	0.9999877609733967
8.8279244338126617	1.0000549035503368
8.8313526841120176	0.9999543962685363
8.8347824400989978	1.0000305242122214
8.8382766230811569	0.9999536556426145
8.8419026553012543	1.0000029438512470
8.8457457195482085	0.9999656949949748
8.8499678971176206	1.0000232694969833
8.8569564060922588	0.9998438050216275
8.8632211105385892	1.0003651946763137
8.8756656290924667	0.9995060925436540
8.8791311842522855	0.9999140964549089
8.8826205938869531	0.9998436186486775
8.8861715451867909	0.9999290244312382
8.8897791260481842	0.9998691134411324
8.8934914764428079	0.9999084676632009
8.8973856517215282	0.9998732744849125
8.9016047529398925	0.9999309743863369
8.9087481924729968	0.9997774651213815
8.9124782184515734	0.9999557644367896
8.9157908601536473	0.9998630128064785
8.9190566212997702	0.9999908571565039
8.9223917926864704	0.9999147882725318
8.9258074510445944	1.0000076087181569
8.9292938927855818	0.9999411101658404
8.9328422116172082	1.0000156427086460
8.9364450822694899	0.9999578395368649
8.9400933026873659	1.0000204842169966
8.9437851833478241	0.9999691307672223
8.9475208546848179	1.0000216002578606
8.9513119707954409	0.9999792800692073
8.9551793587166486	1.0000171942334493
8.9591746823569753	0.9999888519562764
8.9634359131279879	1.0000560417526838
8.9703358116168523	0.9998709187051003
8.9749965446312565	0.9999901252965649
8.9789923632198008	0.9999455072098523
8.9827092184144064	1.0000257175716032
8.9863187052239066	0.9999594207457121
8.9898857644033985	1.0000349613282131
8.9934436811045266	0.9999647953196682
8.9970065672553901	1.0000356188204500
9.0005879575683032	0.9999687314047812
9.0041971024683995	1.0000320672450809
9.0078493032542735	0.9999742686058773
9.0115619592533047	1.0000242885636159
9.0153676013207384	0.9999840738486451
9.0193219238584756	1.0000142980848554
9.0235734498096640	0.9999491121864060
9.0305115363696373	1.0001276126730541
9.0353491446047158	1.0000236425764064
9.0397008286720943	1.0000380260597832
9.0440872505103638	0.9999558866101318
9.0510275123356774	1.0001518289637081
9.0553393956271808	1.0000032060088682
9.0589086609778668	1.0000874723886122
9.0622144338108122	0.9999579047245538
9.0654366645759996	1.0000705672525929
9.0686406522444631	0.9999472521197968
9.0718520398546580	1.0000608092052719
9.0750844241901927	0.9999469395018834
9.0783441696488882	1.0000535261336498
9.0816389386566421	0.9999508469484351
9.0849734308321821	1.0000463792276268
9.0883564735614364	0.9999573775070257
9.0917958156942085	1.0000378524257740
9.0953060800618424	0.9999668658867842
9.0989052712046856	1.0000260363724440
9.1026272626720086	0.9999809386910588
9.1065309462157611	1.0000127738378428
9.1107688060343506	0.9999496179247654
9.1177254241983920	1.0001255275919292
9.1225786922010386	1.0000243344254058
9.1271411183082467	1.0000796642940450
9.1343138564275890	0.9998716036503228
9.1392674429142904	0.9999767318157218
9.1438638695206560	0.9999195356737328
9.1510252608359650	1.0001351385049062
9.1557567455152800	1.0000158598712539
9.1598348031477137	1.0000489251471856
9.1637407094343413	0.9999938290954655
9.1677150674588876	1.0000202442795465
9.1719772209973804	0.9999525869583887
9.1789077054951793	1.0001357457292304
9.1834724895076967	1.0000151982760666
9.1874302636270535	1.0000551846482439
9.1912111972262291	0.9999883324076422
9.1950100389062701	1.0000257929440115
9.1989468314884721	0.9999903935777404
9.2031946272571297	1.0000521427953144
9.2101362358742023	0.9998701472142811
9.2148396010560649	0.9999793670319951
9.2190083703003616	0.9999572791945812
9.2230838165317479	1.0000013336016207
9.2273815062607643	0.9999412544694156
9.2343440409613322	1.0001301627988803
9.2390171354585924	1.0000165779519927
9.2431027531331136	1.0000470193608495
9.2470306327097553	0.9999939048959036
9.2510219361938280	1.0000197314735355
9.2552881578811643	0.9999514090684082
9.2622286434918966	1.0001320718312481
9.2669161881517166	1.0000182386216725
9.2710216050948802	1.0000469029805064
9.2749657374712644	0.9999943813913841
9.2789671516961914	1.0000198526972688
9.2832360868850170	0.9999511275737667
9.2901995365191201	1.0001273680751370
9.2952040063101560	0.9999735876643154
9.3026300327975608	1.0001729913929014
9.3073465162786100	1.0000189104377901
9.3111886409339881	1.0000778966715935
9.3146958436518368	0.9999690294424174
9.3180785786974258	1.0000611356340454
9.3214116682138695	0.9999541942786825
9.3247224157867521	1.0000554399967225
9.3280224783267354	0.9999490371844908
9.3313153872310970	1.0000535669746611
9.3346052954196566	0.9999472234010851
9.3378928543772126	1.0000527608400704
9.3411816488602391	0.9999469270181767
9.3444721320591331	1.0000519423543297
9.3477680340008007	0.9999475720152974
9.3510699270032536	1.0000507002550258
9.3543817522329000	0.9999489840344568
9.3577043346376474	1.0000488517133068
9.3610419833690326	0.9999511592126681
9.3643960623914619	1.0000462435651298
9.3677716496136707	0.9999542286291973
9.3711712595776078	1.0000426276476431
9.3746016245869175	0.9999585216571327
9.3780677728689508	1.0000375022941732
9.3815802486143927	0.9999647686037655
9.3851501677850369	1.0000297632247792
9.3887984081056004	0.9999745923000778
9.3925548978851783	1.0000174449290895
9.3964807931444501	0.9999862317175722
9.4007233550151099	1.0000501297766111
9.4075990585467775	0.9998588749715508
9.4119622101498184	0.9999938332656023
9.4156503580084401	0.9999241483924188
9.4190970460960965	1.0000324933264062
9.4224724357589800	0.9999415784946518
9.4258338866488494	1.0000411591858551
9.4292079713968509	0.9999506960443549
9.4326037676008010	1.0000410187731401
9.4360307045280898	0.9999572919621933
9.4394941935074002	1.0000369945810668
9.4430049164730505	0.9999643807437164
9.4465737325649393	1.0000296075893560
9.4502213580980321	0.9999744924807161
9.4539775133508819	1.0000174077578596
9.4579032464693711	0.9999862200767233
9.4621457546761434	1.0000501274804252
9.4690357527245030	0.9998615601340112
9.4734800165038848	0.9999904806367337
9.4772658245443164	0.9999311858755356
9.4808167630638032	1.0000261985604686
9.4843055946989256	0.9999503993703556
9.4877947752829073	1.0000322283729510
9.4913176956654066	0.9999620913955476
9.4948928381189983	1.0000280359423539
9.4985443315970901	0.9999737735227185
9.5023028449754730	1.0000169304279241
9.5062299300526316	0.9999859788193068
9.5104728015231093	1.0000500469634779
9.5174280590734046	0.9998738296159095
9.5222967607194526	0.9999752568014595
9.5268648817068726	0.9999194200282852
9.5340014276416447	1.0001337696673849
9.5387230936838741	1.0000139669407906
9.5427712433761265	1.0000516433959667
9.5466061308934567	0.9999881240870804
9.5504377105724458	1.0000246218497473
9.5543924795739592	0.9999899202937911
9.5586453580509190	1.0000524692069406
9.5656043118906382	0.9998739190150379
9.5706023185549451	1.0000257610165446
9.5780360610194180	0.9998269888286252
9.5827636465520314	0.9999787124816468
9.5866406728206712	0.9999243098642017
9.5902001292633070	1.0000254969479374
9.5936557276875245	0.9999440933659658
9.5970792079038230	1.0000374273336072
9.6005009355970348	0.9999523373426027
9.6039285927856817	1.0000401038412494
9.6073675703490586	0.9999562331514448
9.6108169774149133	1.0000400576741901
9.6142785074505834	0.9999584241385071
9.6177500969637357	1.0000392433975791
9.6212328278133654	0.9999598976442550
9.6247244699966039	1.0000382920342346
9.6282260104508257	0.9999610139473236
9.6317352346201890	1.0000373972914061
9.6352531963714139	0.9999619226054210
9.6387778142235803	1.0000365881146334
9.6423103596613693	0.9999627235000228
9.6458490554277603	1.0000358085298759
9.6493956094326752	0.9999635363578909
9.6529488207055572	1.0000349275212008
9.6565111847941942	0.9999645470593679
9.6600825345583097	1.0000337110345405
9.6636667774512919	0.9999660686226115
9.6672656542802891	1.0000317439357034
9.6708857894843909	0.9999686698625060
9.6745328563094262	1.0000282275096528
9.6782195906990083	0.9999735099969824
9.6819616407244684	1.0000214693798302
9.6857898881125095	0.9999827046956937
9.6897582910463704	1.0000127624814767
9.6940136241481429	0.9999472694908080
9.7009189207605928	1.0001320526865176
9.7055696262044275	1.0000139285889458
9.7095749590457796	1.0000556742830515
9.7133294606263192	0.9999806796491232
9.7170014337011139	1.0000381481382197
9.7206612194181332	0.9999743528996929
9.7243443306551640	1.0000282547124832
9.7280796204226085	0.9999783993977243
9.7318994614470711	1.0000170972729738
9.7358635989715054	0.9999865510653084
9.7401165979909781	1.0000516424857477
9.7470142603791228	0.9998648466919415
9.7515846937517470	0.9999877886317764
9.7554880687327792	0.9999367970211440
9.7591246566276570	1.0000245766670184
9.7626639051531505	0.9999515457763615
9.7661659318184117	1.0000346650693415
9.7696589824304088	0.9999572478911360
9.7731524285352211	1.0000368784107516
9.7766547047398245	0.9999604284442453
9.7801691296087672	1.0000359875065923
9.7837027354458943	0.9999635815854920
9.7872603465572805	1.0000329651857207
9.7908523100285691	0.9999682151015966
9.7944892786817928	1.0000271717278364
9.7981915822421826	0.9999762324285072
9.8019881346624746	1.0000167352149216
9.8059384204974780	0.9999861962716654
9.8101875695457039	1.0000509842834338
9.8171121106130492	0.9998692220252168
9.8218248858211226	0.9999809185531208
9.8259597910468983	0.9999532385191059
9.8299243153507181	1.0000045081405862
9.8339393884847563	0.9999791224734742
9.8382108780011990	1.0000481519588267
9.8451327319636661	0.9998637510053089
9.8497276245131218	0.9999854369405081
9.8536749836625610	0.9999402076149031
9.8573814506269084	1.0000188696679064
9.8610241405035097	0.9999601008366356
9.8646739628130522	1.0000231401482662
9.8683763904178594	0.9999734956283101
9.8721692659954545	1.0000155253157954
9.8761164821703016	0.9999854706473374
9.8803648803117881	1.0000504645460349
9.8872476797451796	0.9998609333093045
9.8916883694910958	0.9999918135216883
9.8954463670452775	0.9999278873483818
9.8989439575609683	1.0000311113247509
9.9023521239409700	0.9999429932922057
9.9057296291909918	1.0000415204837063
9.9091034565025495	0.9999496663576884
9.9124822503442598	1.0000434838609491
9.9158739776889480	0.9999536940654993
9.9192814562629330	1.0000421547206944
9.9227109967675204	0.9999574849524576
9.9261662806568900	1.0000387896679930
9.9296556711170343	0.9999623581774644
9.9331865584990613	1.0000331789880434
9.9367733141326156	0.9999697061890558
9.9404334833393797	1.0000238785259541
9.9442002254039714	0.9999816032479000
9.9481308814553913	1.0000126594804397
9.9523759785986492	0.9999485340980133
9.9592560271909694	1.0001385047588620
9.9636739110326502	1.0000068725544169
9.9674170416357715	1.0000711055107223
9.9709163928362443	0.9999690224923499
9.9743397657078017	1.0000538583849645
9.9777494296874991	0.9999606068245254
9.9811703851018763	1.0000448525006107
9.9846164702729681	0.9999611092225984
9.9880957809337509	1.0000379299371613
9.9916194919990193	0.9999659199930042
9.9951990059095426	1.0000297494413029
9.9988550407362151	0.9999750652657799
