0.0000000000000000	0.0000000000000000
1.8380787606132987	0.0010000000000000
1.8435390877099869	0.0009837351222739
1.8472101402687227	0.0012234354076599
1.8507197564156392	0.0012510324137722
1.8543291379063405	0.0014703183471632
1.8580733937391685	0.0015851221292137
1.8619213742983662	0.0018366493249762
1.8658561384635439	0.0020336931124531
1.8698533016462735	0.0023502213209766
1.8739054627877465	0.0026442551146050
1.8779954786076130	0.0030571926015809
1.8821256710645222	0.0034752704552009
1.8862816249269267	0.0040212126166888
1.8904726450139886	0.0046025334600060
1.8946830711476401	0.0053288969906925
1.8989283697432739	0.0061275326228855
1.9031888613626466	0.0070977773085253
1.9074869730956150	0.0081877060899479
1.9117965621076245	0.0094877616474357
1.9161488849858115	0.0109702179048468
1.9205085470620693	0.0127170177465516
1.9249184080364676	0.0147306578079575
1.9293302951350217	0.0170835098444725
1.9338024212568998	0.0198181480967241
1.9382693243069478	0.0229936385925309
1.9428093918811788	0.0267083221465514
1.9473342770968756	0.0309992187343997
1.9519483094934786	0.0360448638896343
1.9565338092460056	0.0418425795317731
1.9612269472261694	0.0486872322105115
1.9658742075531177	0.0565042600295847
1.9706468335034331	0.0657506329747082
1.9753497047085395	0.0762244503365605
1.9801781196121651	0.0885601600871993
1.9848936017074190	0.1023380287121089
1.9897618212013639	0.1184586357775912
1.9962181717649092	0.1436462184324226
2.0020885500478944	0.1695538600066250
2.0076818642837675	0.1983161892851396
2.0138070934871708	0.2334889148551795
2.0299922185190202	0.3477597136888544
2.0354976855986147	0.3929216236748420
2.0386724858348937	0.4194856262286766
2.0427583682185024	0.4549419344125344
2.0463972400604811	0.4868229053099920
2.0506495429794169	0.5244691113781446
2.0548398487490194	0.5614303744023128
2.0592525020406711	0.5998049985753324
2.0633396357056757	0.6343816260968234
2.0674683984017110	0.6681671853259854
2.0713392502893395	0.6983658956640660
2.0752027341133847	0.7270942327023961
2.0789213561234852	0.7530312359486435
2.0826066631225020	0.7772513811796583
2.0862264244975095	0.7992595145186580
2.0897905098772203	0.8194951353661599
2.0933383094243752	0.8379066113688026
2.0968158599247912	0.8546477329523602
2.1003055314102155	0.8698389616211383
2.1037205922406992	0.8835691571209610
2.1071650664606847	0.8959691861712510
2.1105402987092208	0.9071629268043825
2.1139582842706197	0.9172185370033626
2.1173213852318948	0.9263203695891298
2.1207412456485426	0.9344569871002315
2.1241280040508306	0.9418580163876209
2.1275892280850361	0.9484508237164903
2.1310467961851134	0.9544787600497838
2.1346059832720665	0.9598476688241119
2.1382068315695277	0.9647767745836158
2.1419666238836896	0.9692085185293877
2.1458738174647509	0.9733058232258204
2.1501630600472308	0.9770980915406050
2.1568553498178473	0.9822010054029811
2.1828264029733062	0.9934615722830901
2.1969164491187869	0.9955638503180916
2.2004878485158161	0.9963731173592343
2.2034574281402204	0.9966057824128304
2.2064932110988917	0.9971260838787979
2.2096642404098756	0.9973509468826438
2.2129386363176264	0.9977619723482201
2.2162979640081479	0.9979482275195334
2.2197126004522083	0.9982794458909633
2.2231746020828087	0.9984177804910784
2.2266686227794548	0.9986864649123731
2.2301952446873239	0.9987829887561808
2.2337481844554721	0.9990017419879270
2.2373337078615050	0.9990667401749159
2.2409528213415597	0.9992438943482354
2.2446188977715100	0.9992892167002699
2.2483446392343165	0.9994279924108105
2.2521620709771226	0.9994683249093744
2.2561235625658140	0.9995698229647968
2.2603778678976663	0.9995700004128579
2.2672660509961275	0.9998425446120609
2.2718644309037699	0.9997669295081132
2.2757954158041565	0.9998493569028036
2.2794591441833489	0.9997912565492123
2.2830204492677306	0.9998851326147358
2.2865418611801531	0.9998237848205473
2.2900470893767899	0.9999176265499284
2.2935469385567706	0.9998532560271163
2.2970444125448597	0.9999444104970563
2.3005429870948837	0.9998775010774520
2.3040426152496543	0.9999655131921386
2.3075457494436145	0.9998968597702074
2.3110518806736073	0.9999817453506492
2.3145632686355837	0.9999121977256662
2.3180792933069334	0.9999940420939882
2.3216021187421436	0.9999243659292053
2.3251310644797005	1.0000032312921763
2.3286682566703898	0.9999340816015514
2.3322129998231262	1.0000099732820746
2.3357675239058850	0.9999419390073520
2.3393312586247634	1.0000147511285515
2.3429068107898288	0.9999484653738170
2.3464941119794300	1.0000178532888764
2.3500967001451580	0.9999542067581491
2.3537158643335707	1.0000193009846987
2.3573573861262731	0.9999598957759120
2.3610260080050542	1.0000186416085284
2.3647332550151221	0.9999668342874959
2.3684935176054212	1.0000144179235877
2.3723362261109844	0.9999773369761986
2.3763138034311853	1.0000079417636731
2.3805716062928903	0.9999428283366947
2.3874827867991550	1.0001273053568389
2.3921935016739075	1.0000128495191996
2.3962713775960918	1.0000497458658228
2.4000973508385401	0.9999811607600847
2.4038342575202507	1.0000335680478718
2.4075480683278405	0.9999742125467055
2.4112685052219542	1.0000265165615874
2.4150157631036131	0.9999756088501954
2.4188075902995960	1.0000197789099894
2.4226737842046249	0.9999828248971248
2.4266658718296665	1.0000122747338671
2.4309276727538141	0.9999459382372194
2.4378577935328889	1.0001258640073867
2.4428615103354572	0.9999714381014982
2.4507695895110126	1.0000905898043815
2.4558094589871415	1.0000135580162326
2.4641514470646064	1.0002465695020881
2.4672998926461820	1.0000123899918727
2.4704053643240371	1.0001400924486021
2.4736400269648899	1.0000203912922545
2.4770074268648652	1.0000950658737608
2.4804708276862786	1.0000091294080540
2.4840190519601340	1.0000660470313769
2.4876575543975359	1.0000022767519756
2.4914093135793411	1.0000378307215021
2.4953333264571298	0.9999999973319369
2.4995748061777334	1.0000583077771146
2.5063917557170425	0.9998506990498180
2.5105725560231740	0.9999954339766706
2.5140945909400738	0.9999084493154645
2.5174268024261823	1.0000275729998371
2.5207384658756364	0.9999311817007336
2.5240809878984694	1.0000302312601868
2.5274745761021782	0.9999451831017718
2.5309221298080145	1.0000270838156640
2.5344271092291781	0.9999552172183040
2.5379897818049280	1.0000226366321947
2.5416169444495909	0.9999648058835030
2.5453185936647356	1.0000161984264311
2.5491207112501715	0.9999772896262720
2.5530742767152965	1.0000086564850104
2.5573252950112875	0.9999447073016827
2.5642364344070034	1.0001298546466990
2.5688810158807627	1.0000128060923428
2.5728850043933988	1.0000548625648227
2.5766395183007051	0.9999801137102400
2.5803088095054556	1.0000384448946784
2.5839592268614551	0.9999731769311618
2.5876213253529516	1.0000303766545489
2.5913165597126415	0.9999751352302338
2.5950643373672362	1.0000222240788530
2.5988964862881283	0.9999833518809430
2.6028672329161626	1.0000132151292191
2.6071232062082590	0.9999476085734874
2.6140376293592329	1.0001307967080324
2.6187467001141478	1.0000170755124187
2.6228466264952601	1.0000495781788949
2.6267389362948448	0.9999904151651426
2.6306163021445768	1.0000245492262625
2.6345994871510974	0.9999907968574391
2.6388600425678170	1.0000545705661412
2.6457481723562855	0.9998632741993047
2.6501809860945107	0.9999933858770171
2.6539646207627383	0.9999361750818752
2.6575509974892428	1.0000237050246392
2.6611400058078032	0.9999656471766829
2.6648281747021598	1.0000185816916578
2.6687074380640889	0.9999879714436273
2.6729384468569077	1.0000515382520891
2.6798468777275746	0.9998660782661419
2.6842876851453719	0.9999898499692366
2.6881662908834909	0.9999479366491287
2.6919422865740130	1.0000104007764932
2.6958462298521675	0.9999833049225242
2.7000876519654740	1.0000499116340642
2.7070669628680779	0.9998781537872491
2.7116252459317001	0.9999953007434778
2.7156104196706026	0.9999576120264914
2.7194103642103444	1.0000225536250389
2.7231820451094482	0.9999748334187724
2.7269806344626848	1.0000182312556418
2.7308351867317842	0.9999751410050414
2.7347622550733353	1.0000039430796526
2.7387952472136781	0.9999681497262405
2.7430694752975762	1.0000173312046141
2.7510634077297911	0.9999629732396740
2.7583479841433576	1.0001281543421923
2.7734552766407505	0.9995411148307212
2.7854362897332376	1.0003969184297896
2.7889883825102988	1.0000711374695501
2.7922253549731741	1.0001544906742528
2.7955763124959727	1.0000179934342726
2.7990346511266213	1.0000734800334143
2.8025376823267596	0.9999833401546189
2.8060443715506964	1.0000543602934753
2.8095373169210274	0.9999714444832360
2.8130218805729537	1.0000502567954290
2.8165150404504207	0.9999725475797561
2.8200356228152383	1.0000452783511051
2.8236062434279159	0.9999797555016052
2.8272499151792720	1.0000351506631016
2.8310030844921465	0.9999913502843950
2.8349250275762023	1.0000218051377781
2.8391679264201932	0.9999568870925407
2.8460382371356414	1.0001468954180734
2.8503811646615160	1.0000089902838729
2.8540414542633701	1.0000810057425455
2.8574571326499210	0.9999673069266086
2.8607922798042433	1.0000636195753865
2.8641043778800985	0.9999555900762320
2.8674135090360475	1.0000555625734868
2.8707283765131759	0.9999522324078476
2.8740507430540836	1.0000513261421196
2.8773835403378047	0.9999518009611311
2.8807263421670228	1.0000485145524300
2.8840817747381235	0.9999526732894717
2.8874495402495839	1.0000460720620474
2.8908328050724137	0.9999543819668801
2.8942319977649329	1.0000434418249944
2.8976512873575708	0.9999569198400419
2.9010924589461173	1.0000401635357878
2.9045615417516131	0.9999605884649840
2.9080629850338005	1.0000356076442214
2.9116067983054204	0.9999661263649499
2.9152035839753845	1.0000285870556229
2.9188737216358014	0.9999751836628650
2.9226465368329189	1.0000170493217269
2.9265823812636786	0.9999861266227834
2.9308276139491447	1.0000503965698648
2.9377342118654983	0.9998650916917450
2.9422995055821919	0.9999860924891798
2.9462315876121132	0.9999406059439395
2.9499399190852560	1.0000176468301762
2.9536037474418362	0.9999626432356242
2.9572993975489776	1.0000190886916038
2.9610841938847723	0.9999793050249239
2.9650234458893370	1.0000113752716893
2.9692712652816970	0.9999476518865759
2.9761526796076616	1.0001379790806084
2.9805828073528970	1.0000068145356076
2.9843323430986053	1.0000711182334379
2.9878288063624967	0.9999679980950430
2.9912383140658574	1.0000555910178515
2.9946211656512505	0.9999577810096842
2.9979996196211842	1.0000489106946260
3.0013838922550340	0.9999555877958607
3.0047770788051471	1.0000453415300739
3.0081833345198521	0.9999562127481229
3.0116036581083607	1.0000425435260794
3.0150423174059000	0.9999582637714138
3.0185011884037500	1.0000394050869221
3.0219862721132875	0.9999616055642456
3.0255019797581189	1.0000350827826161
3.0290582594960433	0.9999668410770416
3.0326656182933527	1.0000283277211051
3.0363443188158215	0.9999755842298355
3.0401234988421129	1.0000170618603612
3.0440632241271635	0.9999862339571068
3.0483095030256786	1.0000506321929561
3.0552344078305897	0.9998687999433949
3.0599248064166349	0.9999811830644326
3.0640383596815322	0.9999525371742276
3.0679869320820110	1.0000045859570499
3.0719924355680974	0.9999790538117863
3.0762612824048161	1.0000477902369840
3.0831904721046337	0.9998647076226185
3.0878117768418840	0.9999837855137128
3.0918082622384002	0.9999441022354000
3.0955883803314519	1.0000137541393892
3.0993380521216700	0.9999682244735486
3.1031462142086599	1.0000128624457429
3.1070979994905947	0.9999839176589056
3.1113482244691060	1.0000496295951111
3.1182760356668404	0.9998684074094090
3.1229726228784189	0.9999809030569867
3.1270914723257373	0.9999525891155018
3.1310438847183306	1.0000045044848613
3.1350516755211144	0.9999790360115463
3.1393211510954333	1.0000478574904033
3.1462392271268800	0.9998627224048592
3.1507958043124700	0.9999866898689235
3.1546958764190758	0.9999371692435568
3.1583488571107519	1.0000218989617173
3.1619276089716095	0.9999553719794956
3.1654957596687536	1.0000288071678094
3.1690873215331954	0.9999653671422678
3.1727206622095019	1.0000259284513717
3.1764193488626384	0.9999753072313734
3.1802130065503476	1.0000163428894029
3.1841615299253418	0.9999859603872290
3.1884101810881140	1.0000507954327056
3.1953055510290573	0.9998636057598387
3.1998287309277940	0.9999888773135253
3.2036837357348791	0.9999341421776359
3.2072774069986010	1.0000262956881509
3.2107779871996538	0.9999491255064195
3.2142433816351352	1.0000366593350329
3.2176996740852433	0.9999547772242929
3.2211542152413464	1.0000393971960464
3.2246133498803782	0.9999573852263431
3.2280781036425701	1.0000394766887475
3.2315526911125732	0.9999593133806512
3.2350383201938935	1.0000381690884381
3.2385401939315215	0.9999616671935742
3.2420613377782703	1.0000355409340997
3.2456095911115344	0.9999652855482211
3.2491918950649223	1.0000309634534430
3.2528222151321606	0.9999714033767372
3.2565175858312396	1.0000228297127249
3.2603104789729587	0.9999820835647535
3.2642570632082002	1.0000127026317041
3.2685064691351697	0.9999480006623447
3.2754160022957857	1.0001322524931122
3.2800456169296415	1.0000146073436318
3.2840515851128118	1.0000539110547504
3.2878418279674535	0.9999851362426746
3.2915976563115308	1.0000303304292268
3.2954116424405466	0.9999860237680787
3.2993654164278445	1.0000149404988352
3.3036174567341674	0.9999491221956115
3.3105345091972200	1.0001319612685529
3.3151902388690253	1.0000160833565823
3.3192387241624925	1.0000509374005568
3.3230914021099975	0.9999891750700927
3.3269412062668300	1.0000242863704647
3.3309081868024526	0.9999899131153488
3.3351642238891221	1.0000529109056040
3.3421129234687945	0.9998726798850227
3.3469316894232910	0.9999763550268379
3.3512710146610281	0.9999616562269202
3.3556528314871437	1.0000431558810285
3.3626734334553765	0.9998612020095641
3.3674135551891311	0.9999786534016880
3.3715449282744454	0.9999511184258906
3.3754987822896116	1.0000039534273151
3.3795055956937516	0.9999786710173605
3.3837750323450555	1.0000475726225966
3.3906853158516439	0.9998608412759177
3.3951822582096418	0.9999886045487330
3.3990131294098229	0.9999330361375777
3.4025990542780047	1.0000248239995431
3.4061151875065443	0.9999517362290767
3.4096259065281771	1.0000313792557682
3.4131658932966631	0.9999628520202900
3.4167544264781236	1.0000275916068755
3.4204161345764321	0.9999740969384000
3.4241819346113500	1.0000168196412718
3.4281133675174478	0.9999859807449194
3.4323574237177450	1.0000502023816258
3.4393021277316991	0.9998720413214011
3.4441038179356216	0.9999760168967210
3.4484319179070235	0.9999614231198668
3.4528106122531277	1.0000426695375744
3.4597979148103906	0.9998546895847000
3.4643114023463388	0.9999870351045111
3.4681335887095921	0.9999307743987647
3.4717052063584855	1.0000248786169061
3.4752074933862258	0.9999505554897689
3.4787062502334249	1.0000316483361720
3.4822364137257202	0.9999622756289694
3.4858171109152387	1.0000277830908595
3.4894728134131467	0.9999738695943952
3.4932343180007517	1.0000168667586333
3.4971631874158220	0.9999859720794205
3.5014065439139439	1.0000501088101148
3.5083613855309439	0.9998738352527570
3.5132314692235189	0.9999752848895305
3.5177999528180064	0.9999193836391312
3.5249730444402627	1.0001273042296064
3.5299428493506291	1.0000219499644261
3.5345416187626508	1.0000796979727260
3.5416692785694170	0.9998591552916704
3.5462254556426216	0.9999916115593108
3.5500395311257340	0.9999308131761793
3.5535843330006611	1.0000281678531546
3.5570508015356808	0.9999484418597905
3.5605068417672014	1.0000350367896487
3.5639859759461476	0.9999587798340519
3.5675039363850742	1.0000323299431590
3.5710787017252055	0.9999683361973255
3.5747288309751202	1.0000237227723388
3.5784881154516346	0.9999812140870377
3.5824142122106641	1.0000125265895092
3.5866580922036038	0.9999486379697172
3.5936002039391739	1.0001270505995250
3.5983987297681699	1.0000229015180413
3.6027220804777009	1.0000375614476951
3.6071008317873789	0.9999563931341733
3.6141189692827180	1.0001385354431651
3.6188304529663782	1.0000199772744021
3.6229318649412119	1.0000488503044362
3.6268652139385007	0.9999949041326649
3.6308583221833253	1.0000203740273870
3.6351252352757397	0.9999518085602154
3.6420182865535020	1.0001413769349552
3.6464130466154048	1.0000066244204879
3.6501246946433090	1.0000739049298140
3.6535907423134040	0.9999673149201093
3.6569784106456145	1.0000568947863557
3.6603475995354500	0.9999577107465749
3.6637202824635970	1.0000489088217968
3.6671065914660876	0.9999563878460439
3.6705097930187875	1.0000441750704936
3.6739344657492596	0.9999580521559079
3.6773824044263166	1.0000401451528342
3.6808591917850548	0.9999614275473903
3.6843688324956747	1.0000353950164318
3.6879208108227108	0.9999667582121133
3.6915252337890605	1.0000284413341027
3.6952019961146894	0.9999755636805289
3.6989799565178649	1.0000170918518123
3.7029189991377307	0.9999862447852097
3.7071650810880996	1.0000506161111933
3.7141172708041190	0.9998739195606143
3.7189960011640921	0.9999754642262806
3.7235667212635102	0.9999191406151360
3.7306998277072165	1.0001337368730299
3.7354314372251181	1.0000133835444853
3.7394736318619186	1.0000531856977131
3.7432764660936075	0.9999847350795648
3.7470367652990810	1.0000301116857999
3.7508524630123907	0.9999859124442438
3.7548068740444323	1.0000148943852709
3.7590591337125745	0.9999490999678146
3.7659502076270632	1.0001368572735663
3.7704438432199279	1.0000092160214213
3.7742621902969242	1.0000669892929404
3.7778241847812324	0.9999714100801694
3.7812970893387026	1.0000511972453705
3.7847439286417499	0.9999618641183258
3.7881900064752423	1.0000439706796476
3.7916489579126993	0.9999609168628216
3.7951280452744998	1.0000388663034709
3.7986367700477328	0.9999639068365334
3.8021833774534723	1.0000329268208887
3.8057826220372482	0.9999703844834484
3.8094524069891307	1.0000237309377198
3.8132260345505791	0.9999817973281578
3.8171608148498559	1.0000127111775787
3.8214070356275927	0.9999484192635782
3.8282847517562475	1.0001387722931343
3.8326974252041794	1.0000065826718860
3.8364329828641441	1.0000716231097326
3.8399249838839329	0.9999687342131204
3.8433430650103886	1.0000540065473291
3.8467511889593164	0.9999608996028997
3.8501762246174493	1.0000440987158108
3.8536342753176713	0.9999625416845831
3.8571364366710972	1.0000356521838984
3.8606982580270075	0.9999693209242630
3.8643381811533533	1.0000248745339972
3.8680898453552084	0.9999815176216130
3.8720113570924077	1.0000127461670358
3.8762539906443312	0.9999488993949454
3.8832066211984766	1.0001253037716078
3.8880742706395379	1.0000238827505450
3.8926404138995125	1.0000798546024841
3.8997616433099798	0.9998632589343811
3.9044192010972587	0.9999872109843068
3.9083830695254309	0.9999419974809604
3.9121155855985936	1.0000160818411781
3.9158208199610769	0.9999668101758733
3.9195943887191285	1.0000135304231301
3.9235247765053458	0.9999839657640368
3.9277692951161831	1.0000488895955568
3.9347187491698832	0.9998713865243708
3.9395052330311722	0.9999758017795245
3.9438219825964915	0.9999612251383813
3.9481976468028521	1.0000421677318290
3.9551688953802997	0.9998511800669463
3.9595673578804251	0.9999905877140058
3.9632692843462811	0.9999233518132822
3.9667338576116782	1.0000294608902591
3.9701426886605709	0.9999448209065440
3.9735602207312639	1.0000352839682685
3.9770205989876191	0.9999586782196433
3.9805428109584855	1.0000299740384875
3.9841516482348527	0.9999722543516518
3.9878786435047386	1.0000174639828221
3.9917866641320794	0.9999859860931307
3.9960244408328709	1.0000493842327807
4.0029364920890966	0.9998647677279695
4.0074733798436952	0.9999851887092268
4.0114090097089807	0.9999433166872985
4.0151701635276327	1.0000113778419246
4.0189557680470189	0.9999730003613378
4.0228831132705016	1.0000086010559821
4.0271296699376640	0.9999471020044011
4.0340547658686763	1.0001318872563800
4.0386549683057122	1.0000160300769885
4.0426778773076633	1.0000494627877290
4.0465600488822657	0.9999938362229179
4.0505243371338793	1.0000201169684790
4.0547832051598141	0.9999525757271319
4.0617064166171142	1.0001365876527064
4.0662350808514027	1.0000140945379519
4.0701550551318775	1.0000568086019634
4.0739041393190494	0.9999874960542888
4.0776792796873114	1.0000263128530287
4.0816017901796071	0.9999904425792128
4.0858458019107449	1.0000516570180202
4.0928132587236643	0.9998743303618602
4.0978081795964778	1.0000249545060524
4.1052576887226166	0.9998274908092646
4.1099855592186376	0.9999761668022287
4.1139122295948383	0.9999306314971687
4.1175845130447852	1.0000144635792083
4.1212343179907673	0.9999622410538993
4.1249651813502455	1.0000128705363343
4.1288696016773017	0.9999831716932402
4.1331071988653054	1.0000475384108303
4.1400049978353408	0.9998601833873266
4.1444115977837788	0.9999891900457680
4.1481991549300714	0.9999341454055425
4.1518079382467938	1.0000183490842036
4.1554249692392080	0.9999631963208595
4.1591379009843008	1.0000139363012712
4.1630329940593258	0.9999836507882975
4.1672679291056189	1.0000475116772125
4.1742059730643701	0.9998676399199106
4.1788419110731105	0.9999794746624453
4.1829521269077681	0.9999555029293884
4.1869919120021502	1.0000007042363213
4.1912800414366416	0.9999421237337488
4.1982790692286773	1.0001247287539419
4.2031320724022718	1.0000236450144442
4.2076955156528477	1.0000786951350689
4.2148210580018475	0.9998610437443577
4.2193887935360950	0.9999878438760588
4.2232872330153581	0.9999405802849067
4.2270018939006198	1.0000129787367795
4.2307494573287352	0.9999720319524134
4.2346532462688877	1.0000084639100753
4.2388936718276575	0.9999478879147226
4.2458014694301331	1.0001363815529860
4.2502436418329275	1.0000112767214808
4.2540869431758788	1.0000596483414776
4.2577785114983548	0.9999861619234758
4.2615139448027763	1.0000272642627319
4.2654134324365289	0.9999906402169660
4.2696512459543152	1.0000509844319005
4.2765765586749458	0.9998654543484777
4.2811000890941351	0.9999841009985991
4.2850568985637674	0.9999469797408459
4.2888903982747397	1.0000053453428477
4.2928279107891942	0.9999785241437251
4.2970782666608143	1.0000451965457982
4.3040612971377543	0.9998717877321807
4.3088956618916576	0.9999738575393406
4.3134554667556602	0.9999202398282563
4.3205476261177029	1.0001443265414163
4.3248909702362770	1.0000025070086875
4.3285308639498608	1.0000762615572587
4.3319677882429133	0.9999696724833258
4.3353855895484434	1.0000503360192938
4.3388554815918452	0.9999697905852668
4.3424164916541068	1.0000304778593987
4.3461086663358444	0.9999818973507245
4.3499942259399118	1.0000135377881247
4.3542272627309240	0.9999505849233593
4.3611752698674833	1.0001280798259624
4.3659152434888746	1.0000231060762641
4.3701972095785582	1.0000380068000472
4.3745648440591109	0.9999580244638074
4.3815407906690975	1.0001481077384775
4.3859194160812764	1.0000092905608216
4.3896273456855548	1.0000734670633189
4.3931292275379077	0.9999737995225908
4.3966025779147051	1.0000478536145305
4.4001178319309044	0.9999718424538090
4.4037143154556109	1.0000293282832191
4.4074320835024352	0.9999824259607646
4.4113328756135344	1.0000135744803158
4.4155699589926289	0.9999500739877101
4.4224650593681103	1.0001373407749503
4.4269076312990263	1.0000098938998985
4.4307169716652783	1.0000644543567847
4.4343258262474707	0.9999783206487871
4.4379093738896191	1.0000398004223723
4.4415449181192193	0.9999784326867710
4.4452851863556484	1.0000206238039313
4.4491992745890396	0.9999877172502102
4.4534390264176960	1.0000504179070497
4.4603407833663002	0.9998631758608726
4.4648197179783828	0.9999882750152710
4.4686665843317197	0.9999364874460105
4.4723042901747512	1.0000197779376805
4.4759118857795546	0.9999602200547070
4.4795642146729451	1.0000201075864581
4.4833178608921056	0.9999786109151174
4.4872384693660532	1.0000112603451614
4.4914812340155876	0.9999482433784995
4.4983874402160806	1.0001341409963775
4.5029286601096814	1.0000127114968977
4.5068468459856810	1.0000578314887278
4.5105648537869536	0.9999833914981379
4.5142648994099925	1.0000323153550326
4.5180388244587864	0.9999856036506034
4.5219686838209094	1.0000150328326298
4.5262141888452376	0.9999499898068478
4.5331151032413146	1.0001360297585793
4.5376219009208949	1.0000114407424661
4.5414900634897171	1.0000616126075597
4.5451448170967623	0.9999795880469434
4.5487630560119969	1.0000382636114731
4.5524242468408032	0.9999789660850794
4.5561823889836797	1.0000201846131012
4.5601070054902193	0.9999876227994779
4.5643496202248901	1.0000507328154156
4.5712848550897158	0.9998699157231955
4.5759946907257163	0.9999791783461750
4.5801693080516497	0.9999573726894453
4.5842482551116950	1.0000013963332093
4.5885469281530282	0.9999412092344857
4.5955384411341509	1.0001247301671994
4.6004215825151746	1.0000231566128139
4.6049928012541628	1.0000795393151534
4.6121268436699179	0.9998643199824926
4.6168295408796132	0.9999853253290312
4.6208576834698540	0.9999462867637195
4.6246733024404643	1.0000111795994131
4.6284919969133540	0.9999739744799970
4.6324374748800059	1.0000089617536632
4.6366891375030983	0.9999467504280896
4.6436495024132718	1.0001248754655103
4.6485171068686411	1.0000236441475887
4.6530834045278251	1.0000796195650461
4.6602227209201930	0.9998659699885731
4.6649759695140194	0.9999832511655914
4.6690833050491225	0.9999515846783502
4.6730102306334205	1.0000053478629911
4.6769987123064398	0.9999791116615652
4.6812634540743270	1.0000470830767743
4.6880424793299236	0.9998354058314057
4.6918547497719798	1.0000168289509250
4.6950208005955352	0.9998836606287749
4.6980186462038498	1.0000576844611646
4.7009977735476971	0.9999089206953554
4.7039979820147213	1.0000644744498279
4.7070349850567279	0.9999243271678320
4.7101101650909776	1.0000626516515876
4.7132271326641257	0.9999345518971703
4.7163849340193664	1.0000577418416139
4.7195870812092764	0.9999427998738474
4.7228341917742922	1.0000512851393477
4.7261317703789087	0.9999508621589006
4.7294835562801829	1.0000433597579967
4.7328993184153578	0.9999601430915130
4.7363895264909148	1.0000330100708978
4.7399748442477199	0.9999725781494091
4.7436855357142829	1.0000183373251794
4.7475839351327949	0.9999863074298576
4.7518191367600107	1.0000492095453848
4.7587547549251692	0.9998688197324971
4.7634181961538431	0.9999794480771643
4.7675527492544454	0.9999563017107388
4.7716073658422857	1.0000010063762905
4.7758994529930572	0.9999417998804324
4.7828055610763238	1.0001414408234526
4.7871126344771557	1.0000032662555220
4.7907556900150503	1.0000757648447633
4.7941926306462905	0.9999686069952215
4.7975950380224317	1.0000526439454267
4.8010284179266440	0.9999658367548797
4.8045250177196897	1.0000362457373573
4.8081122807901346	0.9999744056762420
4.8118236161457189	1.0000193736602161
4.8157221011778679	0.9999868626459679
4.8199573957031436	1.0000494916401521
4.8269069734073504	0.9998715305108847
4.8316616158958539	0.9999759646266990
4.8359563106272150	0.9999611194247333
4.8403260328139845	1.0000413527940324
4.8472970617834497	0.9998501333893272
4.8516538131155444	0.9999910175354131
4.8553298703122447	0.9999225976958296
4.8587881848464738	1.0000282888061709
4.8622086005225897	0.9999465983178569
4.8656551325122264	1.0000321086308981
4.8691639597125409	0.9999629956444247
4.8727594196806043	1.0000241226647739
4.8764781991222748	0.9999796294362102
4.8803797259920589	1.0000120318048564
4.8846170685555110	0.9999492372266992
4.8915493848502294	1.0001299502633589
4.8962247443259805	1.0000195128200615
4.9003668796944035	1.0000424072308483
4.9044276456622828	0.9999978468654194
4.9087200658762589	1.0000572814121302
4.9155958057476630	0.9998518539661204
4.9197441535633919	1.0000031128072882
4.9232093551462039	0.9999085075147736
4.9264553555837702	1.0000436567149431
4.9296461438681884	0.9999273205624266
4.9328305466454658	1.0000528680595868
4.9360280518700206	0.9999369979656644
4.9392413145585499	1.0000541548844748
4.9424734482582959	0.9999422919470090
4.9457223168426410	1.0000530476824339
4.9489892162492923	0.9999457053340371
4.9522718471522396	1.0000512145503326
4.9555714951246568	0.9999483310271439
4.9588861807191300	1.0000491780273979
4.9622174474452150	0.9999506468851904
4.9655637103769861	1.0000470568240261
4.9689268935087414	0.9999529066362466
4.9723059280847144	1.0000448005936595
4.9757033194758939	0.9999553155614573
4.9791187902555736	1.0000422478762461
4.9825558331851294	0.9999581321206666
4.9860155460045004	1.0000390959546288
4.9895032910509531	0.9999617792925773
4.9930228457674239	1.0000347737091535
4.9965835945410317	0.9999670698253305
5.0001955083001084	1.0000281031531801
5.0038783738931016	0.9999757197576462
5.0076608879946480	1.0000169903241081
5.0116027147733284	0.9999862257666859
5.0158495474072620	1.0000507024010212
5.0227477866198456	0.9998639025050863
5.0272748145828263	0.9999884071357833
5.0311412292364057	0.9999352236459884
5.0347530681595751	1.0000249264491428
5.0382778167541042	0.9999510178271965
5.0417726686717916	1.0000346198826415
5.0452629338942740	0.9999571402646577
5.0487548771177568	1.0000370178284799
5.0522534668028811	0.9999598235630054
5.0557579153650138	1.0000372364871206
5.0592701938121678	0.9999612613471076
5.0627886495454177	1.0000367784924682
5.0663149119937794	0.9999622672653303
5.0698473969573552	1.0000360846809047
5.0733879126545247	0.9999631709275721
5.0769352035265873	1.0000352334129941
5.0804915338170913	0.9999641700621257
5.0840562738170121	1.0000341335135068
5.0876325634029218	0.9999654889706431
5.0912209774636876	1.0000325362877105
5.0948263938456622	0.9999675076753113
5.0984518867166662	1.0000299227108118
5.1021061385897575	0.9999709911889398
5.1057981420015484	1.0000251639438484
5.1095465276240999	0.9999776203781376
5.1133782476136300	1.0000161378038848
5.1173503474795554	0.9999861521150311
5.1216054075029280	1.0000517351140013
5.1285150946668825	0.9998674933404323
5.1331824738564285	0.9999845183129797
5.1372100322474781	0.9999442391731664
5.1409822542347197	1.0000178077768600
5.1446679906664317	0.9999609830875047
5.1483308635593534	1.0000252172620536
5.1520051323559963	0.9999690506794944
5.1557089352490557	1.0000236084375809
5.1594651166932168	0.9999770637917087
5.1633019439928729	1.0000156767121708
5.1672770433457007	0.9999859331117411
5.1715329385329882	1.0000517209927842
5.1784706062874468	0.9998728138427261
5.1833333660732919	0.9999762561549507
5.1877061850256148	0.9999618357038518
5.1920969952892850	1.0000444466810068
5.1991356896492258	0.9998662250658220
5.2040887748586231	0.9999736930491444
5.2086819467358252	0.9999166996518327
5.2158461230772302	1.0001281650756186
5.2208249241471707	1.0000207980854283
5.2252393905611196	1.0000366323101033
5.2296456252963530	0.9999537738965928
5.2366598278474292	1.0001389795739766
5.2413985635613143	1.0000173904461844
5.2454634154536848	1.0000550645916602
5.2492629014985441	0.9999827784111186
5.2529724530947206	1.0000368595806142
5.2566649337037425	0.9999757673777760
5.2603764629499734	1.0000272954018730
5.2641355113487487	0.9999791200161273
5.2679735531933778	1.0000168131650780
5.2719490219645495	0.9999865439373463
5.2762050985442643	1.0000520470268550
5.2831188354464578	0.9998684234911773
5.2878181664503590	0.9999833290034584
5.2918929887898862	0.9999473665426680
5.2957276050687110	1.0000140971004865
5.2994974494319864	0.9999670739600355
5.3032783057238095	1.0000172112444643
5.3071264016176114	0.9999807003949088
5.3111043470169372	1.0000116714490277
5.3153627124089091	0.9999464778860994
5.3222682776018386	1.0001318010033329
5.3269259303213996	1.0000136425251236
5.3309311266094550	1.0000562704685647
5.3346727500986457	0.9999789426611859
5.3383133006761607	1.0000413551835206
5.3419151062058985	0.9999691494135406
5.3455018081250625	1.0000364740779737
5.3490840057366720	0.9999662426793821
5.3526640589270764	1.0000347895058310
5.3562448364995801	0.9999653870403429
5.3598252956719614	1.0000341862057167
5.3634071587078038	0.9999651574716447
5.3669888090101550	1.0000339543764363
5.3705718053768079	0.9999651116022752
5.3741544286551655	1.0000338584867949
5.3777382230024671	0.9999651106548726
5.3813214592381167	1.0000338189770630
5.3849056986036317	0.9999651141324417
5.3884892344023436	1.0000338045330690
5.3920736669376499	0.9999651165003381
5.3956573407645640	1.0000337950980056
5.3992419266056446	0.9999651290518434
5.4028258610374884	1.0000337671103117
5.4064109362383128	0.9999651777288168
5.4099957470107674	1.0000336838620447
5.4135822938267752	0.9999653089665683
5.4171694437267224	1.0000334835276063
5.4207595593847646	0.9999656036875375
5.4243519864406995	1.0000330585593065
5.4279497367322396	0.9999662053198544
5.4315530318311680	1.0000322154384218
5.4351661076468547	0.9999673780053207
5.4387908980027095	1.0000305878091102
5.4424341465627188	0.9999696400971382
5.4461015153728596	1.0000274247291701
5.4498056496500524	0.9999741068806094
5.4535619703405835	1.0000210695976977
5.4574009969629307	0.9999828780222323
5.4613760652247079	1.0000127761163100
5.4656332253443471	0.9999470420773143
5.4725736255255892	1.0001251556654775
5.4774842340179406	1.0000230545937754
5.4820616101757462	1.0000810296748472
5.4891931538331749	0.9998676943375778
5.4940507374935299	0.9999830793219024
5.4982391650047546	0.9999525874641841
5.5021866848055838	1.0000090156917723
5.5061022588887401	0.9999762862840812
5.5101061814112882	1.0000095723827631
5.5143738274777796	0.9999450983042797
5.5213165228718974	1.0001259082936753
5.5261847272616995	1.0000224463722722
5.5305578125658101	1.0000370341936646
5.5349501415829039	0.9999544468125685
5.5419869625920564	1.0001329121259284
5.5469422429570718	1.0000253689240177
5.5515342468420554	1.0000825771854731
5.5586921719809910	0.9998705323374072
5.5637740179589947	1.0000296254079708
5.5712706719514564	0.9998305070288841
5.5763034966227014	0.9999730228381178
5.5805127154052521	0.9999424997049793
5.5843983641689237	1.0000114728420237
5.5881871831562844	0.9999656735138306
5.5919743522100473	1.0000165605771525
5.5958241759572225	0.9999803163604364
5.5998023392680398	1.0000115289554012
5.6040608918265473	0.9999464704202145
5.6109902802018503	1.0001275122474078
5.6158012619915647	1.0000204306737723
5.6200642308714146	1.0000395374563744
5.6241999971350021	0.9999968217264141
5.6285128335691494	1.0000592700820052
5.6354937513214711	0.9998743179855313
5.6404181495018486	0.9999766202826965
5.6450019382465069	0.9999184042748046
5.6521417102965206	1.0001316548266499
5.6569927889283438	1.0000159280388377
5.6611715619549914	1.0000467481420980
5.6651130981882796	0.9999899181737492
5.6690226973165112	1.0000228444620960
5.6730245252240961	0.9999894861027463
5.6772902862952268	1.0000538606735694
5.6841772308863305	0.9998623941187557
5.6886670603403804	0.9999919635396917
5.6924514819879688	0.9999281528830298
5.6959455735749280	1.0000337662833667
5.6993212698408566	0.9999390318402326
5.7026387484202976	1.0000476903312070
5.7059258502339469	0.9999417548927881
5.7091918664797854	1.0000532245303608
5.7124450783846807	0.9999421375850590
5.7156881002920521	1.0000554708048115
5.7189263800730430	0.9999422615315886
5.7221614964170904	1.0000559956124631
5.7253982301551529	0.9999428469443510
5.7286377773022306	1.0000553839605972
5.7318845828940432	0.9999440943283571
5.7351396304809175	1.0000538887535368
5.7384072335787479	0.9999460476080364
5.7416883998888295	1.0000516028546282
5.7449876136410420	0.9999487523299085
5.7483062955179891	1.0000484906027232
5.7516495990195819	0.9999523444483188
5.7550200397136004	1.0000443536571830
5.7584243859235782	0.9999571506445544
5.7618676598949579	1.0000387101735406
5.7653604367144009	0.9999639008177681
5.7689138804044182	1.0000304626836110
5.7725489493427906	0.9999742146222821
5.7762957567319457	1.0000176604026896
5.7802157989845595	0.9999862751367096
5.7844567894071490	1.0000499576482751
5.7913509944528396	0.9998620816845646
5.7958081012791345	0.9999894700681690
5.7996194314241656	0.9999335892064503
5.8032098898885645	1.0000229611427947
5.8067562116721128	0.9999554773974703
5.8103273712243695	1.0000256684490525
5.8139677406144648	0.9999713784382183
5.8177152298062085	1.0000161903655855
5.8216350359977511	0.9999854449643348
5.8258760203497024	1.0000494866513512
5.8328112178038891	0.9998694608773719
5.8375157565638753	0.9999790381917247
5.8416858733865986	0.9999571724796857
5.8457620875874889	1.0000013085013149
5.8500600180217583	0.9999412526525385
5.8569593619416809	1.0001418930604682
5.8612642262943186	1.0000016428076131
5.8648767632938004	1.0000798612352806
5.8682520848811555	0.9999622402037910
5.8715578829819517	1.0000623771750801
5.8748528899981638	0.9999533629117660
5.8781583370851429	1.0000532057522817
5.8814844194563296	0.9999529974864028
5.8848348862767317	1.0000471418148806
5.8882152988418097	0.9999559313756160
5.8916288134161423	1.0000415249948291
5.8950830054607817	0.9999610419309315
5.8985847226185095	1.0000346524449606
5.9021477982664461	0.9999689233263183
5.9057894960970829	1.0000244991096157
5.9095428525420335	0.9999813964669838
5.9134654742448962	1.0000126595751970
5.9177083919561380	0.9999488134403866
5.9245891993183344	1.0001387239677113
5.9289959238589232	1.0000068474776698
5.9327335839654047	1.0000710819489707
5.9362344579143249	0.9999696413161085
5.9396659620628611	1.0000529093848389
5.9430902709422320	0.9999620248701870
5.9465328559574608	1.0000429574503729
5.9500086433406540	0.9999635413774836
5.9535277402365212	1.0000347771266487
5.9571048514966067	0.9999699681186693
5.9607576674838993	1.0000244370280966
5.9645191488734826	0.9999817026453031
5.9684466866888384	1.0000127550723101
5.9726909230705392	0.9999486918983113
5.9795814789801609	1.0001366906357978
5.9840544284006816	1.0000092733924664
5.9878680536884232	1.0000660250303686
5.9914460728657604	0.9999738336966304
5.9949575508469612	1.0000471241137214
5.9984683563385266	0.9999676085028156
6.0020086903546916	1.0000359114989290
6.0056001730171351	0.9999714522073495
6.0092634281391817	1.0000247172262922
6.0130321946878418	0.9999821424381600
6.0169640763570253	1.0000129339517259
6.0212094857364047	0.9999486353701383
6.0280943674238747	1.0001376035188627
6.0325418375984849	1.0000078681440807
6.0363163250506098	1.0000692627470735
6.0398424423097534	0.9999700091074275
6.0432860000960735	1.0000529332055879
6.0467076059837295	0.9999605627684289
6.0501300503533555	1.0000455773356423
6.0535642010978652	0.9999591920933648
6.0570141182615398	1.0000411682316104
6.0604853042367992	0.9999608892031780
6.0639807868931230	1.0000371009265563
6.0675078904615871	0.9999646160685378
6.0710731240138891	1.0000317580621536
6.0746899399334024	0.9999710147346643
6.0783750050466780	1.0000231534033575
6.0821605330760891	0.9999819837990979
6.0861027109612991	1.0000127044627907
6.0903509025791438	0.9999481551717987
6.0972665886812445	1.0001312872338777
6.1019261121584618	1.0000160523170150
6.1059808936646416	1.0000505049845865
6.1098400059694002	0.9999892847947257
6.1136951131142441	1.0000241261069134
6.1176654610233658	0.9999898722738471
6.1219223830528042	1.0000530093420001
6.1288612500078505	0.9998710032470839
6.1336213469662351	0.9999789969747628
6.1378395273216659	0.9999584888559798
6.1419452207411096	1.0000018276896598
6.1462511887873896	0.9999405674092080
6.1532298781143782	1.0001261856331747
6.1580738287161685	1.0000221452471580
6.1624233573970573	1.0000371044040275
6.1668096598501361	0.9999554256013206
6.1738052371938617	1.0001420440572761
6.1784066203081878	1.0000140513442890
6.1823170264398044	1.0000633065502635
6.1859660772869276	0.9999766660677919
6.1895293058879757	1.0000453016776518
6.1930748882305542	0.9999684187806387
6.1966324400037980	1.0000362578774047
6.2002204614528242	0.9999696464434785
6.2038531711770508	1.0000283052106984
6.2075517446593738	0.9999766589751441
6.2113455580320318	1.0000170803274337
6.2152941511538273	0.9999863626400611
6.2195428464674736	1.0000510119491850
6.2264438178073354	0.9998647541416710
6.2310023353320396	0.9999873444171472
6.2349074273960365	0.9999378473344743
6.2385639487348810	1.0000221490321508
6.2421439994427814	0.9999554856714814
6.2457115656929858	1.0000290347604575
6.2493012054356525	0.9999652692795211
6.2529319066413063	1.0000261074569101
6.2566278076515882	0.9999752190033033
6.2604190653265697	1.0000164050592493
6.2643660275633577	0.9999859709947505
6.2686142750329106	1.0000507456744239
6.2755052644591292	0.9998626992106681
6.2799987147618017	0.9999898116549030
6.2838207650472073	0.9999322774817095
6.2873853241543927	1.0000273491190712
6.2908631897655605	0.9999481069049301
6.2943143253074796	1.0000367128950867
6.2977672418872404	0.9999554153649268
6.3012323049001511	1.0000375605888188
6.3047196961511043	0.9999605387211496
6.3082353962289588	1.0000345860384081
6.3117904683216279	0.9999663908539037
6.3153959950259360	1.0000282412627222
6.3190727673624165	0.9999754007442597
6.3228502829986919	1.0000170380832141
6.3267889354686542	0.9999862039863736
6.3310349354658335	1.0000505777106801
6.3379682657606011	0.9998703167018544
6.3427114543151477	0.9999788358733982
6.3469157790707937	0.9999580516173069
6.3510130679834083	1.0000016388321968
6.3553167292748602	0.9999407344342883
6.3622586381545370	1.0001332587962297
6.3668461797599649	1.0000121006063805
6.3707843108064104	1.0000579460407624
6.3744948921369922	0.9999809108053752
6.3781570310564657	1.0000362095451027
6.3818520284918403	0.9999796537169612
6.3856344936613523	1.0000195802375289
6.3895736956608555	0.9999874972707196
6.3938202556047479	1.0000511796473213
6.4007545696796493	0.9998703971170279
6.4054919572564870	0.9999789795505458
6.4096908695086903	0.9999579684414285
6.4137847617018204	1.0000016174083981
6.4180875011880278	0.9999408369516927
6.4250673284509574	1.0001263658228814
6.4298952949812476	1.0000221805433938
6.4342331952666969	1.0000371980309335
6.4386163608159439	0.9999558683425791
6.4456285102794686	1.0001395562763902
6.4503091686106062	1.0000181728885766
6.4543521087654296	1.0000531784548929
6.4581918830526579	0.9999895232038188
6.4620298494891877	1.0000250267359885
6.4659890672968334	0.9999902033246285
6.4702430886225155	1.0000527753653123
6.4771206871501201	0.9998589832540876
6.4814785252434515	0.9999949084684665
6.4851503982434977	0.9999226560619260
6.4885724019976303	1.0000346904123978
6.4919151989436914	0.9999387101980637
6.4952357927966222	1.0000445572582839
6.4985598128183995	0.9999465133647329
6.5018949102032764	1.0000458822591896
6.5052484187860742	0.9999514319145336
6.5086225815331353	1.0000439400513892
6.5120232890256355	0.9999559155573766
6.5154538012867613	1.0000400274367796
6.5189221560832502	0.9999613439322170
6.5224354554591839	1.0000339397703037
6.5260078436887019	0.9999691561055327
6.5296567377922479	1.0000242169334124
6.5334152796575067	0.9999814543149474
6.5373410012594233	1.0000126480925287
6.5415847615022349	0.9999487003862908
6.5484805197212577	1.0001357817173302
6.5529809013807299	1.0000106044504462
6.5568340307798527	1.0000629743401483
6.5604626185486437	0.9999773036224462
6.5640396010996271	1.0000418111418090
6.5676376303590569	0.9999741082938145
6.5712978837906588	1.0000267913477725
6.5750614684782374	0.9999829489853760
6.5789895577031841	1.0000134491748323
6.5832340143084025	0.9999490585619433
6.5901560002091335	1.0001310345985157
6.5948195335870512	1.0000174007847735
6.5989041182906911	1.0000474032590891
6.6028324943730921	0.9999942286292708
6.6068243425546207	1.0000199608799545
6.6110907020591476	0.9999515692852087
6.6180090055132439	1.0001363465091251
6.6225594991456633	1.0000129347058764
6.6264683603813985	1.0000598953235913
6.6301572000562006	0.9999808139238513
6.6338033102266794	1.0000370962631004
6.6374865536590226	0.9999795544786865
6.6412608568532159	1.0000198355529513
6.6451952354126798	0.9999875717337703
6.6494404732153134	1.0000510486688432
6.6563475145766899	0.9998650739456498
6.6609001397082013	0.9999865106495115
6.6648200363799903	0.9999401571478965
6.6685187102065058	1.0000179620665512
6.6721752175851705	0.9999624003386209
6.6758654753813582	1.0000192361645868
6.6796465190056873	0.9999792545220081
6.6835835573781104	1.0000113843227130
6.6878307661776839	0.9999477403591215
6.6947325411233845	1.0001342677119660
6.6992797935805113	1.0000117929868035
6.7031828037653574	1.0000602122176332
6.7068561270614477	0.9999788819968715
6.7104716646646239	1.0000398507858717
6.7141021112770973	0.9999751631339303
6.7177884791957343	1.0000258703305203
6.7215714525087753	0.9999832327430467
6.7255113247612517	1.0000134365537494
6.7297589597155980	0.9999486416047484
6.7366401690947475	1.0001381414985906
6.7410778218991334	1.0000070807611183
6.7448323095065144	1.0000711304511301
6.7483294072321218	0.9999677391682947
6.7517350084480574	1.0000561871514135
6.7551093809598672	0.9999569041259194
6.7584747735991497	1.0000501239227155
6.7618414479141284	0.9999541156356095
6.7652125701900383	1.0000471173338916
6.7685924056618152	0.9999541989162409
6.7719820186561570	1.0000448238929189
6.7753856861675699	0.9999557498386379
6.7788051022628171	1.0000421824775361
6.7822458132678918	0.9999585452450243
6.7857112977771035	1.0000385018168927
6.7892097216841982	0.9999629450731466
6.7927484264357352	1.0000329131458625
6.7963417253441385	0.9999700056614553
6.8000071294609059	1.0000237449002749
6.8037777255258360	0.9999816875725874
6.8077107172836131	1.0000126723676945
6.8119564451712140	0.9999484590113141
6.8188268126300473	1.0001402112640518
6.8231941984989533	1.0000046326509480
6.8268748134003960	1.0000757824528945
6.8303061646055996	0.9999646949421442
6.8336550876699711	1.0000598510615655
6.8369815368770475	0.9999545545783896
6.8403076758744197	1.0000523666125403
6.8436440246962809	0.9999528509165686
6.8469941501748020	1.0000479060052840
6.8503628834293302	0.9999542540377195
6.8537519990148974	1.0000440811326723
6.8571667798933307	0.9999573658825504
6.8606103748656908	1.0000396634422832
6.8640905639481096	0.9999621615775843
6.8676143394292160	1.0000335692377336
6.8711956764108617	0.9999695835122004
6.8748518479368386	1.0000240236415987
6.8786158048881596	0.9999815755563511
6.8825448213463067	1.0000126657295425
6.8867894655402022	0.9999485939670694
6.8936701052527196	1.0001384641007856
6.8980879575723462	1.0000067843572984
6.9018291346250251	1.0000714764069618
6.9053220837759435	0.9999681825830825
6.9087318569799434	1.0000554543634215
6.9121175210028607	0.9999581291532049
6.9155001090487689	1.0000486451418662
6.9188884928168655	0.9999557911016279
6.9222842395370803	1.0000453941336411
6.9256896886044190	0.9999558154300101
6.9291036528415484	1.0000434866444956
6.9325276964798777	0.9999565985333007
6.9359602916558192	1.0000420678693172
6.9394030203876502	0.9999576379721018
6.9428544332281108	1.0000408004627737
6.9463163135604127	0.9999588040175612
6.9497874538823821	1.0000395147169079
6.9532700066136375	0.9999601217768327
6.9567632288735854	1.0000380614038873
6.9602699359454201	0.9999617218049003
6.9637902638178169	1.0000362249658479
6.9673282851349763	0.9999638742456931
6.9708858828644162	1.0000336180765190
6.9744697153027522	0.9999671172122928
6.9780854971911968	1.0000294597589123
6.9817459747066257	0.9999726012948529
6.9854669114244956	1.0000220528802182
6.9892794607227922	0.9999824447528490
6.9932382457457880	1.0000127379200412
6.9974909399590191	0.9999475931435098
7.0043932971843699	1.0001330308255612
7.0090038155188488	1.0000126967949745
7.0129588498337796	1.0000587787019417
7.0166554007181405	0.9999774219291087
7.0202567134754723	1.0000433716693573
7.0238245967068931	0.9999678172165379
7.0273823361123799	1.0000378455832399
7.0309404078470701	0.9999653268916291
7.0345013748763536	1.0000355130840790
7.0380685362268762	0.9999650728855757
7.0416416050681594	1.0000341317644896
7.0452234123856954	0.9999657249041810
7.0488139577967237	1.0000327812400618
7.0524171122120070	0.9999670791304244
7.0560344507555213	1.0000308561291387
7.0596723121637535	0.9999695014341045
7.0633359671424962	1.0000275257785212
7.0670376693161527	0.9999740637052007
7.0707924848780648	1.0000210951995276
7.0746306287635843	0.9999828722428803
7.0786052258092669	1.0000127764214470
7.0828622415041265	0.9999470584618876
7.0897678378095197	1.0001317069772091
7.0944342551005848	1.0000140191356262
7.0984513529336946	1.0000556000402665
7.1022065155249852	0.9999796498053284
7.1058624017000760	1.0000403496456192
7.1094821492853351	0.9999702818779495
7.1130906641129741	1.0000349400094382
7.1167003504207607	0.9999681635459117
7.1203160726931722	1.0000321810009403
7.1239442645344386	0.9999688553820951
7.1275889097208358	1.0000294177620659
7.1312590991328610	0.9999717010075360
7.1349641341441252	1.0000248169529775
7.1387227992999733	0.9999779261439173
7.1425620717110139	1.0000160397498428
7.1465387836148384	0.9999861504831679
7.1507951203565128	1.0000518959228928
7.1577064428062211	0.9998680085653325
7.1623952066298928	0.9999838305573086
7.1664514843713176	0.9999460148329503
7.1702590550459524	1.0000157977005686
7.1739904186645198	0.9999642719995665
7.1777155809902204	1.0000209147845875
7.1814793151519041	0.9999755023747566
7.1853181436715419	1.0000148988265578
7.1892935983128545	0.9999854883273271
7.1935496922792970	1.0000514698146141
7.2004538978295640	0.9998662942537312
7.2050863010651032	0.9999858645585277
7.2090630279187016	0.9999409668792733
7.2127738271395252	1.0000211267862382
7.2163875170799612	0.9999561973060961
7.2199656419063283	1.0000303947556564
7.2235385442126541	0.9999623539553740
7.2271180846110248	1.0000315765290402
7.2307161145838750	0.9999666833507729
7.2343407641988104	1.0000288022339816
7.2380065693659104	0.9999724331534844
7.2417304568180629	1.0000218734050077
7.2455445477385574	0.9999823705377671
7.2495040781068045	1.0000126925398514
7.2537570179104085	0.9999475428503007
7.2606589559557211	1.0001330897586500
7.2652682900908436	1.0000128905310690
7.2692271499254808	1.0000580288494514
7.2729382098222182	0.9999791414306352
7.2765713352630019	1.0000400559237306
7.2801970882380864	0.9999731280371963
7.2838511835049768	1.0000293985207056
7.2875627837470605	0.9999777778559279
7.2913648570374106	1.0000174363495873
7.2953180668849376	0.9999865958382663
7.2995680949158839	1.0000512792735354
7.3065093740117613	0.9998725242383791
7.3113407158671722	0.9999761729846943
7.3156902817550993	0.9999616516200256
7.3200747870212961	1.0000435356286657
7.3270763041956410	0.9998583107276193
7.3317221536064165	0.9999832498358358
7.3356943623717781	0.9999396743593372
7.3394138724499625	1.0000181157009966
7.3430644684899686	0.9999600698441345
7.3467195942267107	1.0000228531769235
7.3504258025461775	0.9999735222828234
7.3542212978003523	1.0000154481304584
7.3581700681571380	0.9999854503717802
7.3624188936416708	1.0000505093737830
7.3693520447742982	0.9998704459811537
7.3741111957654679	0.9999786749551987
7.3783296925177480	0.9999583559190591
7.3824357636728770	1.0000017499170197
7.3867418264666052	0.9999405048039631
7.3936694220038737	1.0001355814746544
7.3981861502652686	1.0000086150951168
7.4020174672827785	1.0000660031137385
7.4055890745484154	0.9999715890638778
7.4090712138403276	1.0000503674908072
7.4125281194315766	0.9999624335526277
7.4159853908146109	1.0000431231168336
7.4194565551396741	0.9999616521793110
7.4229484943445803	1.0000380567088236
7.4264702124324833	0.9999646016824056
7.4300293663257140	1.0000322919648723
7.4336401132163425	0.9999708581710511
7.4373197436458032	1.0000234025418908
7.4411009627539730	0.9999819366810043
7.4450404423944789	1.0000127185064982
7.4492879172808673	0.9999482578167886
7.4561970243611615	1.0001326606751557
7.4608084065295719	1.0000142905482128
7.4647965030014749	1.0000546821628900
7.4685722578966223	0.9999848270820377
7.4723170619067494	1.0000307127802761
7.4761232115461862	0.9999859533793977
7.4800723231724309	1.0000149619350063
7.4843230773761231	0.9999492939487804
7.4912474793413661	1.0001307800591444
7.4959410397206225	1.0000179179211202
7.5000536173694350	1.0000465379353354
7.5040027325881615	0.9999943778989008
7.5080069470697888	1.0000198933588469
7.5122767102338894	0.9999511204856466
7.5192235114819992	1.0001305146596642
7.5239812352412478	1.0000207981104889
7.5281914072180482	1.0000411893342802
7.5322930437873854	0.9999974591376145
7.5365966559165001	1.0000584041524356
7.5435858555304307	0.9998743534021366
7.5484830806140302	0.9999761391141944
7.5530597093420457	0.9999191998237253
7.5602068425589284	1.0001320771927991
7.5650146229778032	1.0000164593606526
7.5691729662353531	1.0000456244909799
7.5731403056192104	0.9999938731097106
7.5771515918006109	1.0000196714767942
7.5814238026085832	0.9999509003500198
7.5883814613080709	1.0001287023537406
7.5932087717792163	1.0000235033342915
7.5975495864294036	1.0000377998719947
7.6019332688753112	0.9999559885033333
7.6089227154171653	1.0001434010844406
7.6134786017519325	1.0000126223780335
7.6173341498628480	1.0000669063396310
7.6209241307108391	0.9999734171038250
7.6244216177924100	1.0000502053942104
7.6278901755286794	0.9999631032157277
7.6313534082213952	1.0000434962973719
7.6348217204412192	0.9999607718767349
7.6382979101247512	1.0000402206524408
7.6417855417021681	0.9999610601074266
7.6452849001618048	1.0000379299034683
7.6487994931321506	0.9999625380494880
7.6523303544426335	1.0000355092585600
7.6558826834635525	0.9999650693106817
7.6594599998151480	1.0000321220370714
7.6630714046591750	0.9999692661734593
7.6667264502783379	1.0000265143831466
7.6704444043619011	0.9999767698819477
7.6742531391392461	1.0000165407521284
7.6782110342391103	0.9999861975850972
7.6824622238422764	1.0000512591399318
7.6896718020364512	0.9999240057329649
7.6943540407281157	1.0000247442655741
7.6984129687748473	1.0000002187241888
7.7023006689337841	1.0000135529440339
7.7061442470825900	0.9999514005182277
7.7099656600452207	0.9999844013251704
7.7138207764810902	0.9999464807704038
7.7177956265367094	0.9999808226586250
7.7220527104364916	0.9999299865612756
7.7285958950833367	1.0002131309633693
7.7337505044383690	0.9999365310895437
7.7387425709918771	1.0003281563809543
7.7420891626767245	0.9999505520977863
7.7460001919816142	0.9999889969122876
7.7501629616897816	1.0000014140245581
7.7544458617720604	1.0000793368326653
7.7606527862297323	0.9998364417086405
7.7651325785003991	0.9999770261127366
7.7691719121097051	0.9999607212246596
7.7734873061801810	1.0000311165438327
7.7807124475128759	0.9998187726865081
7.7843247630368912	0.9999965166116623
7.7876530860039095	0.9999038486529220
7.7910554935751275	0.9999995067179585
7.7946339650108492	0.9999497437805384
7.7984514261567295	0.9999887269527645
7.8026671028192718	0.9999314837276143
7.8096278120645488	1.0001101730166504
7.8141709892358930	0.9999942627454684
7.8181713459026749	1.0000260151360583
7.8220525221210062	0.9999716920483446
7.8260194378095260	1.0000019068927986
7.8302789475401129	0.9999453778634084
7.8378191938827104	1.0000510333838877
7.8425536578497175	0.9999706169275991
7.8473479743638901	1.0003265067599301
7.8521575215782846	1.0001229279889117
7.8569815856734380	1.0003169315726919
7.8618083640400602	0.9999192035607523
7.8666376391724349	0.9999037348813770
7.8748532666024245	0.9998212673859420
7.8800511098608563	1.0001555587270985
7.8850653815859806	0.9997565244437354
7.8889301668798746	0.9999528452106460
7.8933357253004077	0.9999862666847481
7.9004878761651245	1.0000544781327121
7.9042642452367193	0.9999370813975305
7.9077703187629336	1.0000163209456538
7.9112926309750815	0.9999461260503990
7.9149394257048531	0.9999989171632522
7.9187956719845021	0.9999682892482270
7.9230154071578234	1.0000351219874959
7.9298959146556092	0.9998541081146810
7.9344080776405104	0.9999797498772000
7.9383021983192092	0.9999346112653392
7.9420046250927721	1.0000116986252936
7.9456970374444600	0.9999633773250998
7.9494651764331072	1.0000111926325239
7.9533934345404562	0.9999823126230218
7.9576371384157465	1.0000477223564739
7.9645488468172170	0.9998636859808524
7.9690944596109601	0.9999846229695628
7.9730331343077117	0.9999427904713349
7.9767935022023897	1.0000111841501858
7.9805770235805031	0.9999726430815763
7.9845027215301334	1.0000083557714499
7.9887489233054261	0.9999469513135063
7.9955953108139681	1.0001465651079824
7.9997523076101054	0.9999974429679358
8.0032437423083316	1.0000872951524680
8.0065312623975515	0.9999590886403187
8.0097751008218125	1.0000661835786402
8.0130278081366182	0.9999519889596481
8.0163059807327031	1.0000545961270895
8.0196157843959597	0.9999526482763957
8.0229568846916148	1.0000476739339401
8.0263302247063208	0.9999554488841009
8.0297334246930081	1.0000428811066688
8.0331670749900788	0.9999587083443353
8.0366288095383549	1.0000390901389018
8.0401196008654221	0.9999619532799596
8.0436376426619081	1.0000357375895255
8.0471848450389185	0.9999652076120660
8.0507607412789781	1.0000323489801008
8.0543694407048410	0.9999688869350705
8.0580139034211964	1.0000281389123604
8.0617040012445038	0.9999740989135162
8.0654525020045682	1.0000213614938134
8.0692875595016194	0.9999830901472045
8.0732607398729233	1.0000130038192507
8.0775172679640566	0.9999473368864517
8.0844417788314296	1.0001283870467699
8.0892325555184357	1.0000193182636223
8.0934466983674991	1.0000432620326367
8.0974767854695795	0.9999950654723230
8.1015312632606502	1.0000198047770987
8.1058147845457800	0.9999494635016121
8.1127691029140472	1.0001270881508317
8.1176988293921042	1.0000236191431484
8.1222816840657330	1.0000818802557745
8.1294093742209981	0.9998676282093564
8.1342672223830057	0.9999847201581603
8.1384229822059719	0.9999487109597865
8.1422820442627106	1.0000170827464270
8.1460214734015093	0.9999622722685976
8.1497039545444778	1.0000272534057859
8.1533569114285207	0.9999651745699391
8.1569870365089532	1.0000315212984807
8.1605994907920056	0.9999648820976277
8.1641941201058668	1.0000339450211566
8.1677744561103420	0.9999638796018626
8.1713413629465350	1.0000353076828092
8.1749000340290436	0.9999633336499193
8.1784533736988543	1.0000354755831975
8.1820086356435358	0.9999639724177281
8.1855709978142688	1.0000340278524191
8.1891504354074112	0.9999664720162978
8.1927558420111293	1.0000302354391803
8.1964029173401372	0.9999719187817405
8.2001101077809047	1.0000225667588138
8.2039109360962339	0.9999822079285585
8.2078621210069311	1.0000127149036302
8.2121128290089498	0.9999478427242441
8.2190044998955827	1.0001354170464896
8.2235316787309678	1.0000101258431302
8.2273897944259087	1.0000642511432385
8.2309931469271920	0.9999735353128377
8.2345095577759508	1.0000480224701833
8.2380031967915723	0.9999647516986994
8.2415002472503982	1.0000403904893036
8.2450150999405576	0.9999644582967169
8.2485558493884117	1.0000347638028924
8.2521334657044747	0.9999682173830357
8.2557588722496078	1.0000278804951190
8.2594521993427108	0.9999761411054126
8.2632423087352116	1.0000169109012929
8.2671887113475488	0.9999862242081571
8.2714367970098781	1.0000508433750723
8.2783442253683628	0.9998658066735918
8.2829380637392820	0.9999857686986520
8.2868936400233775	0.9999412648241432
8.2906120714654143	1.0000184232984632
8.2942677863868965	0.9999608887343293
8.2979302462797513	1.0000226773445575
8.3016438528361736	0.9999738865102882
8.3054455268469365	1.0000153610910965
8.3093982530163721	0.9999854444795691
8.3136481201463415	1.0000506320946592
8.3205484789037119	0.9998644785275687
8.3251060681382931	0.9999876208825033
8.3290026731794402	0.9999366939469285
8.3326394988578887	1.0000240634242192
8.3361842281608407	0.9999520269916561
8.3396949509914737	1.0000339905353852
8.3431979100082216	0.9999577661134256
8.3467003301734159	1.0000365137974223
8.3502082763800018	0.9999603668381283
8.3537223003151038	1.0000365743994701
8.3572460738250545	0.9999621536449643
8.3607801309656260	1.0000354568591754
8.3643289819045865	0.9999641842134787
8.3678948652574849	1.0000332404047556
8.3714848451611505	0.9999672713791338
8.3751050176612534	1.0000292964789947
8.3787685157328102	0.9999726503856934
8.3824914463362301	1.0000219937774610
8.3863052517379693	0.9999824432747808
8.3902647394279413	1.0000127253282927
8.3945176395453860	0.9999475574265003
8.4014135882988459	1.0001341995622917
8.4059853784483813	1.0000111812322561
8.4098881654892477	1.0000621327432226
8.4135255759710859	0.9999742343405432
8.4170620944056331	1.0000476955046320
8.4205595120993539	0.9999635919760448
8.4240409994704546	1.0000427939050709
8.4275169602900011	0.9999602983216050
8.4309900307116727	1.0000410389173580
8.4344634811680965	0.9999593473766826
8.4379369877748687	1.0000402626080140
8.4414130359602790	0.9999592936087554
8.4448910573910290	1.0000396523374264
8.4483737329212367	0.9999597375288730
8.4518608031535560	1.0000388552286825
8.4553554575165766	0.9999606441745593
8.4588580909252293	1.0000376275857157
8.4623728128875193	0.9999621683940270
8.4659012555642796	1.0000356626281084
8.4694493039793688	0.9999646733554831
8.4730211218691291	1.0000324172832478
8.4766264453524816	0.9999689207166631
8.4802754213764597	1.0000267567864123
8.4839878759550285	0.9999765757804240
8.4877922116654823	1.0000166133827599
8.4917473241187764	0.9999861959411704
8.4959977732507728	1.0000511563968180
8.5029460685551310	0.9998739342840199
8.5078375710508425	0.9999756883125199
8.5124116466962594	0.9999187623508405
8.5193920039402098	1.0001593414378993
8.5339185195538789	1.0003807107924370
8.5421565977038174	1.0003475555230383
8.5464578258165336	1.0001517468751688
8.5503056097534174	1.0001455348577313
8.5540829390539184	1.0000466721883479
8.5579010216763329	1.0000578827690152
8.5617768372354934	0.9999993806824630
8.5657063178879458	1.0000227818126695
8.5696793277944270	0.9999842699544906
8.5736905043963141	1.0000137954506267
8.5777436088508718	0.9999867650802827
8.5818611003325636	1.0000169989950032
8.5861574636315297	0.9999506332904439
8.5931085593540235	1.0001353711485690
8.5976017823898996	1.0000053334150294
8.6013481817182065	1.0000749164797358
8.6047959506333900	0.9999649633099027
8.6081762589116853	1.0000510495385162
8.6116147527361644	0.9999669639271156
8.6151975236302292	1.0000186776360651
8.6190149143725989	0.9999783231470608
8.6232304249334462	1.0000321886329766
8.6302273571708294	0.9998489042251829
8.6343616065626367	0.9999868863032876
8.6379572291268261	0.9999156434277181
8.6414197913278645	1.0000157932355396
8.6448831440177383	0.9999410790448630
8.6483794576606172	1.0000213651063357
8.6519183945333022	0.9999539532070170
8.6554977935311648	1.0000223432694022
8.6591206002431669	0.9999632878687719
8.6627909489446164	1.0000208281320053
8.6665242772080315	0.9999741720939931
8.6703458752977731	1.0000147988915071
8.6743120472746309	0.9999861508468834
8.6785654351261616	1.0000527775761490
8.6854630961734252	0.9998674965391340
8.6900346090859593	0.9999906295168108
8.6939453180207451	0.9999411585249827
8.6976009961674965	1.0000258362432206
8.7011764561361353	0.9999582544668166
8.7047365740911058	1.0000326309683849
8.7083144405289534	0.9999667949745340
8.7119245514744019	1.0000303644563633
8.7155826904837301	0.9999737872234444
8.7193040536773161	1.0000230333394051
8.7231184393379788	0.9999834721607590
8.7270787527030702	1.0000134777769503
8.7313317860263311	0.9999480252555414
8.7382257486363297	1.0001346061238985
8.7430586959988226	1.0000272355572644
8.7473340202031480	1.0000476492802168
8.7514765394148064	1.0000075504908803
8.7557908700094842	1.0000765854897844
8.7626757312924486	0.9998944462047861
8.7872123246140887	0.9995256718508341
8.7903523839104274	0.9998441062702847
8.7937858261801729	0.9998060864055696
8.7979848442232509	0.9998707745666009
8.8056800239247632	0.9997745079126527
8.8097287139205118	0.9998913974993016
8.8136046029213642	0.9998764492545441
8.8174974077203423	0.9999511161822580
8.8213841504673436	0.9999380212289265
8.8252116070046096	1.0000151981791878
8.8289530976303592	0.9999722171737860
8.8326088103418900	1.0000505721247464
8.8361965872042241	0.9999830389835147
8.8397306604894936	1.0000621846701940
8.8432335985256394	0.9999817646458649
8.8467280133107078	1.0000569885738426
8.8502489876995387	0.9999808906112881
8.8538339977458396	1.0000383973106595
8.8575349335722304	0.9999865731098003
8.8614231209892900	1.0000142533076084
8.8656574992774360	0.9999465852897697
8.8721067615605502	1.0002090208242171
8.8792726043908257	0.9998379467683656
8.8849717552088148	1.0003920056625089
8.8896200443340145	1.0002082199242861
8.8940392692230983	1.0000635778427582
8.8984230566780020	0.9999578059988588
8.9075422562116024	1.0000278936718452
8.9119082861543593	0.9999726702889923
8.9160114808783479	0.9999941761572003
8.9203036472792245	0.9999152444171922
8.9260585513965616	1.0002521681246501
8.9313231414895835	0.9997108152736731
8.9346617903779233	1.0000225559323705
8.9390917769847178	1.0000377243242440
8.9434588385193408	0.9999801526037952
8.9524277359559949	0.9996834294223141
8.9718065158642872	0.9998515552736876
8.9756891283478204	0.9999812305791514
8.9800725091362743	0.9999850297093058
8.9882205297926117	1.0001616773289024
8.9915747849508900	0.9999733532079951
8.9948959643201061	1.0000709586584240
8.9982921096727928	0.9999727669077344
9.0017569286884402	1.0000464289093423
9.0052677620002850	0.9999692064956672
9.0088077077775885	1.0000390458378590
9.0123709140300434	0.9999688392757794
9.0159566344153710	1.0000346929840862
9.0195727418320146	0.9999717182340071
9.0232294056161102	1.0000287672348873
9.0269469885280760	0.9999786917830847
9.0307545529685438	1.0000184208234140
9.0347114756511129	0.9999878783157357
9.0389624485792357	1.0000527419944218
9.0459028635875001	0.9998737820302914
9.0507396254424997	0.9999772671813403
9.0550931357908979	0.9999626376342999
9.0594787166710713	1.0000445211570994
9.0664253080961803	0.9998491742679315
9.0707606129877849	0.9999957389708161
9.0743561106455424	0.9999140779032679
9.0776828941287153	1.0000406322806721
9.0809244026836051	0.9999303766654111
9.0841432186368891	1.0000513447437911
9.0873686855730345	0.9999395315313072
9.0906113070309207	1.0000517962985980
9.0938810750681185	0.9999463610178351
9.0971825128591206	1.0000480301500516
9.1005238923432348	0.9999531960098196
9.1039109327095371	1.0000416175508826
9.1073548610313342	0.9999615255368328
9.1108672158370343	1.0000322245121480
9.1144693830411825	0.9999732248102510
9.1181920176723068	1.0000182275893210
9.1220974872868794	0.9999864147254562
9.1263345873658874	1.0000495753465919
9.1332949292096703	0.9998739462940535
9.1381459325014927	0.9999751078906352
9.1427094792459371	0.9999200900635636
9.1498891782781406	1.0001274945154199
9.1548398916742393	1.0000224638917734
9.1594337290355199	1.0000793154432679
9.1665991095132870	0.9998646548150157
9.1713252116463568	0.9999835712713010
9.1754029656721112	0.9999505336056534
9.1793074205504208	1.0000055925937756
9.1832825221130570	0.9999791680735700
9.1875436126581516	1.0000467806058611
9.1944757744433883	0.9998635315205104
9.1990335042660814	0.9999842012288457
9.2029866293087537	0.9999438006482118
9.2067618975672580	1.0000109683381826
9.2105580475806299	0.9999732742451470
9.2144917503440347	1.0000087030134122
9.2187399912606924	0.9999469800853186
9.2256787523309693	1.0001291049365892
9.2303787826171160	1.0000195254615081
9.2345416945403240	1.0000417885068322
9.2386150704662828	0.9999976095191209
9.2429108824640931	1.0000575570773529
9.2498743077079890	0.9998685080337510
9.2545365264028305	0.9999823173865211
9.2586140917213093	0.9999513937661771
9.2625341058388226	1.0000048455364341
9.2665221547577890	0.9999789160421290
9.2707862500978582	1.0000470473300416
9.2777301199040192	0.9998665096966675
9.2824043676414778	0.9999805392573774
9.2865001188397702	0.9999513993767635
9.2904354279858516	1.0000042949512404
9.2944330889557598	0.9999787486308670
9.2986997370200122	1.0000473010727202
9.3056670746030168	0.9998713811838240
9.3106692960610609	1.0000247363017876
9.3181016430340762	0.9998257523607980
9.3228017322621621	0.9999798697476937
9.3266341396229429	0.9999203193493080
9.3301342787896484	1.0000296910179642
9.3335148735034448	0.9999374661089003
9.3368466409604522	1.0000443601651319
9.3401594309337508	0.9999434320253038
9.3434612156956742	1.0000494100717354
9.3467583980898645	0.9999454455196721
9.3500515413077743	1.0000511850718838
9.3533443096541049	0.9999463039214849
9.3566367920279738	1.0000514969699146
9.3599325635640866	0.9999471211671334
9.3632319456654329	1.0000509012053598
9.3665387133550180	0.9999483346049280
9.3698534703988710	1.0000495539135821
9.3731802908293709	0.9999501447569861
9.3765202019122196	1.0000474465824705
9.3798778300806660	0.9999527153342754
9.3832550176033891	1.0000444415731973
9.3866575264756058	0.9999562998379850
9.3900888972780354	1.0000402073640113
9.3935573713250751	0.9999614015651144
9.3970703243719207	1.0000340124129250
9.4006421028795319	0.9999691205662685
9.4042903214555018	1.0000242325395305
9.4080482699479830	0.9999814197003338
9.4119736077343354	1.0000126224406234
9.4162172695926785	0.9999486878049082
9.4230900297238662	1.0001400875403366
9.4274564084993369	1.0000050526450497
9.4311446433206854	1.0000746955049344
9.4345926765089416	0.9999663867415441
9.4379675429111831	1.0000572933333778
9.4413298886073846	0.9999577177486724
9.4447031603503362	1.0000481933834939
9.4480996858478914	0.9999578596025016
9.4515257043058547	1.0000416082805299
9.4549898477255265	0.9999618911262584
9.4584996211819412	1.0000345258765844
9.4620691122233200	0.9999692870485365
9.4657157762694251	1.0000244149209372
9.4694727019413509	0.9999814939536792
9.4733974623411434	1.0000126792632789
9.4776409584604515	0.9999487464269363
9.4845278611748807	1.0001374858692100
9.4889739814282663	1.0000084024758851
9.4927586055169897	1.0000677588489248
9.4963099665758186	0.9999726800758425
9.4997975625738889	1.0000485347847567
9.5032871458918962	0.9999666601334568
9.5068089128501523	1.0000368356313685
9.5103845812598440	0.9999708637735051
9.5140350008780015	1.0000251462194194
9.5177942081967810	0.9999819778346806
9.5217202749463876	1.0000129272368881
9.5259641212751713	0.9999488337840141
9.5329158049264962	1.0001253102563572
9.5377871867362796	1.0000238205552567
9.5423542910393593	1.0000799563913223
9.5494845562167310	0.9998650575174568
9.5542092084082064	0.9999849962439814
9.5582604877263755	0.9999473133160229
9.5620951429247416	1.0000108513140071
9.5659277514796166	0.9999743398934594
9.5698815609512664	1.0000090580365344
9.5741354753977301	0.9999465242073284
9.5810926741430222	1.0001251569346026
9.5860923916275453	0.9999732255574394
9.5935240527132368	1.0001722432895068
9.5982476577045581	1.0000200594963053
9.6021169700587059	1.0000750843501016
9.6056706063186486	0.9999731070931580
9.6091187867259524	1.0000553255269240
9.6125363597734026	0.9999611116172440
9.6159504689835842	1.0000470778757786
9.6193719187909608	0.9999584028840390
9.6228029733465785	1.0000431746188145
9.6262459254175035	0.9999584403405659
9.6296993724319098	1.0000409687872804
9.6331644642082281	0.9999592647438000
9.6366391812023977	1.0000394682981371
9.6401245375165932	0.9999602432789597
9.6436184042441297	1.0000383110400366
9.6471218322982661	0.9999611805104365
9.6506327394674400	1.0000373480214941
9.6541523204413355	0.9999620448188136
9.6576786826602561	1.0000364822621326
9.6612133238848532	0.9999628878466136
9.6647547505181581	1.0000355991696663
9.6683050250858056	0.9999638344656095
9.6718633946893053	1.0000345197553380
9.6754329398386858	0.9999651113837237
9.6790142651673285	1.0000329385118751
9.6826123507541766	0.9999671266848451
9.6862304584716235	1.0000302929367002
9.6898775185337769	0.9999706746489904
9.6935628354877572	1.0000254268145694
9.6973053886289104	0.9999774487251635
9.7011325268898183	1.0000162223438758
9.7051017404026787	0.9999861627639079
9.7093560217863075	1.0000516392330137
9.7162641100297122	0.9998670518164294
9.7209144296037682	0.9999849210968249
9.7249229256203673	0.9999433878458907
9.7286790061547848	1.0000181258222232
9.7323543445351319	0.9999608998142018
9.7360156909969096	1.0000244635916513
9.7397018442780272	0.9999707488804938
9.7434381456207113	1.0000204624939770
9.7472603266764111	0.9999818465415116
9.7512244421211722	1.0000123689428220
9.7554787019467408	0.9999472317247489
9.7623743283120170	1.0001340637537244
9.7669516635674558	1.0000112465223356
9.7708595657686867	1.0000618280054845
9.7745020217752163	0.9999745320227521
9.7780449499324060	1.0000471035087872
9.7815518362750939	0.9999644357304279
9.7850477509133622	1.0000414574166290
9.7885453005067706	0.9999621953240533
9.7920497420870838	1.0000383278202618
9.7955676147059059	0.9999630526273993
9.7991027469433529	1.0000352194772162
9.8026632092056758	0.9999660392117422
9.8062560947573143	1.0000306270505195
9.8098953577097188	0.9999717960696199
9.8135979759819048	1.0000226496019640
9.8173962724796073	0.9999821958333112
9.8213461622191502	1.0000127192984347
9.8255964653789682	0.9999478931688404
9.8325181921063010	1.0001298131184218
9.8372344402232361	1.0000180048249958
9.8413697049087094	1.0000456584712201
9.8453361227431664	0.9999944113030105
9.8493507905899271	1.0000197892973368
9.8536234340402178	0.9999507119030320
9.8605424896319249	1.0001352531678722
9.8651418962524691	1.0000135231562126
9.8690908573071212	1.0000586014669073
9.8728003524358474	0.9999801094564480
9.8764439958302859	1.0000387290336117
9.8800961596427683	0.9999758189128698
9.8837989416914933	1.0000253775143715
9.8875935971757833	0.9999834005739220
9.8915404431329819	1.0000134389111617
9.8957899974236501	0.9999484021806175
9.9026706530465223	1.0001379482286212
9.9071186441037042	1.0000072564760503
9.9108813977356292	1.0000706868961184
9.9143848795733138	0.9999680304889449
9.9177967836860379	1.0000556182232774
9.9211791604397117	0.9999576124365888
9.9245559094130016	1.0000490087526914
9.9279388727036313	0.9999556170566130
9.9313328417717006	1.0000450386234949
9.9347438368489271	0.9999569081966521
9.9381749977224949	1.0000412995327144
9.9416331880644702	0.9999602357991502
9.9451236129218312	1.0000364728115032
9.9486568629512178	0.9999658095788305
9.9522440833482744	1.0000291657387650
9.9559061140602303	0.9999750738185578
9.9596727329689916	1.0000173039607314
9.9636047558500191	0.9999862554060963
9.9678489695576289	1.0000503704437915
9.9747320627629463	0.9998605768103436
9.9791492224736160	0.9999919962052132
9.9828944769114027	0.9999278974392274
9.9863940896242038	1.0000298460702106
9.9898191388967934	0.9999451102829201
9.9932287182585302	1.0000382809791775
9.9966510051143729	0.9999540937662201
