0.0000000000000000	0.0000000000000000
1.9223855771568226	0.0010000000000000
1.9420602256999020	0.0015565613678645
1.9474534892506239	0.0015027405294756
1.9520212488259963	0.0018990553639916
1.9566423555100030	0.0022186958121829
1.9609479689508582	0.0026370732502964
1.9649957474548849	0.0030631881882329
1.9688095327554136	0.0036225309836706
1.9725003147576947	0.0040619537820765
1.9761954680024083	0.0046928654554073
1.9799926157389780	0.0052806756544735
1.9839039902303259	0.0060601308224125
1.9879507314804654	0.0068981445998636
1.9920984862866322	0.0079346577188981
1.9963573722998138	0.0091170663146136
2.0006809295467431	0.0105330739377791
2.0050901919898552	0.0121795098595960
2.0095316949696822	0.0141201596389579
2.0140456760327088	0.0163911731514498
2.0185675682829625	0.0190428152461877
2.0231604441325541	0.0221563047750923
2.0277410520580923	0.0257665739333947
2.0323992864887734	0.0300174556853522
2.0370260730872332	0.0349170367882296
2.0417392809371986	0.0406929630425672
2.0463999512032047	0.0473015359899726
2.0511627410008040	0.0550984419861757
2.0558409391998511	0.0639338502268940
2.0606179185722202	0.0743135976908767
2.0653684543594562	0.0862470876651859
2.0719688857386491	0.1051318112619953
2.0794336704489069	0.1320046028770779
2.0913759698076579	0.1857513819224552
2.0952154489766546	0.2062243851997095
2.0990032493386228	0.2282822607927948
2.1028972568345439	0.2525911779825731
2.1069283833331474	0.2796898041194730
2.1109252507205953	0.3082624256347468
2.1150044072972416	0.3392268060387022
2.1188968041959830	0.3701350073616969
2.1228652324003252	0.4030280266408612
2.1265727766090006	0.4345605211053380
2.1303739608622383	0.4677324080352170
2.1339016467321970	0.4987264860206089
2.1375350673749693	0.5309726870672954
2.1409245549398506	0.5607313170397593
2.1444186749143053	0.5912876391511349
2.1477198549986039	0.6193953097617734
2.1511119075006029	0.6477987535102232
2.1543687159610156	0.6739661519461199
2.1576943444897485	0.6999357185447235
2.1609417834955686	0.7239421693135866
2.1642342601248603	0.7473353091154457
2.1675014829221979	0.7690350763706301
2.1707941646948776	0.7898286796768424
2.1741094746948795	0.8091680765302345
2.1774394666870376	0.8274397380279720
2.1808369782656318	0.8444661002418874
2.1842521560772767	0.8603789814923146
2.1877845120498698	0.8752485832584030
2.1913546447169714	0.8890299284847050
2.1950875085947850	0.9019078467713491
2.1988816670080511	0.9137156228737247
2.2029141487497426	0.9247881865748189
2.2072188518068963	0.9352208204193969
2.2177051889334147	0.9550901705546395
2.2233843519663239	0.9635407509984211
2.2377564624566144	0.9778556556530481
2.2424920193642013	0.9816299341999768
2.2469931671816110	0.9844061087425199
2.2514592610647743	0.9867748612248849
2.2594077673864494	0.9900484938140144
2.2636103402992407	0.9915557318495376
2.2677929729636417	0.9926995498685155
2.2716048060863496	0.9936960535625903
2.2752655002225368	0.9944508512146830
2.2788648977564945	0.9952302955330734
2.2824187925201693	0.9957750322028738
2.2859266858093390	0.9963878777630001
2.2894178843634698	0.9967757921037836
2.2929181410557149	0.9972559750883133
2.2964587153701324	0.9975419306478361
2.3000665384328429	0.9979148054432517
2.3037928121649172	0.9981491832154519
2.3076957364323487	0.9984326715215051
2.3119369477917893	0.9986019228575482
2.3187992682435850	0.9990938941415244
2.3233113899457347	0.9991293578192382
2.3271650539908832	0.9993002415873664
2.3307756268611870	0.9993061770972987
2.3343026462422771	0.9994611365970975
2.3378040718207913	0.9994493992528483
2.3412980800212901	0.9995889544458183
2.3447928861528675	0.9995639343856999
2.3482883751624954	0.9996900512232505
2.3517869716942208	0.9996539793166206
2.3552869089988970	0.9997690493882705
2.3587903315736058	0.9997242392501489
2.3622957516485976	0.9998302954592494
2.3658054471770398	0.9997789318016623
2.3693182308489997	0.9998775360392061
2.3728364276399656	0.9998215117733525
2.3763590489886663	0.9999138121340513
2.3798884435411773	0.9998547226756234
2.3834238125497791	0.9999415154241820
2.3869676210507640	0.9998807370360806
2.3905193868518992	0.9999624779705063
2.3940819504621027	0.9999013119421456
2.3976555004294147	0.9999780352065937
2.4012438330272365	0.9999179578068376
2.4048486435329668	0.9999890215603665
2.4084760212735432	0.9999321663689551
2.4121312435121220	0.9999956191317496
2.4158262139423337	0.9999458376694293
2.4195759674194304	0.9999968812116008
2.4234104429575449	0.9999617465415317
2.4273828831545994	0.9999946192644593
2.4316392946342993	0.9999316584649669
2.4385490330134658	1.0001190248205487
2.4432402258549248	1.0000050773792180
2.4472954171357504	1.0000445345224007
2.4510994193448621	0.9999749638646238
2.4548159445755324	1.0000297822408968
2.4585111310171834	0.9999694105284965
2.4622148834796236	1.0000236031573950
2.4659475584517083	0.9999720337038167
2.4697272327380442	1.0000174171096270
2.4735841013344548	0.9999803496175345
2.4775703650352603	1.0000102532586654
2.4818305608583038	0.9999444252016367
2.4887624562018758	1.0001244704795833
2.4937656060201867	0.9999704763447294
2.5011899851466093	1.0001682565756775
2.5138466037015874	1.0004308188081925
2.5172215609350417	1.0001420677948285
2.5206859694208572	1.0001687054162587
2.5242873229349359	1.0000566894182423
2.5279736294504516	1.0000775056361151
2.5316895345420791	1.0000019589291420
2.5354181821210440	1.0000416913590375
2.5391731559098103	0.9999850727498902
2.5429958025957995	1.0000207226056821
2.5469576920267589	0.9999881059163993
2.5512110677306370	1.0000526339830220
2.5580584271361433	0.9998565026818820
2.5623574371664839	0.9999976252285820
2.5659695085809542	0.9999200980520764
2.5693494781170618	1.0000363708746365
2.5726735427189587	0.9999398122757899
2.5760007369862863	1.0000428288074126
2.5793580679998582	0.9999513604778371
2.5827543822354646	1.0000401830840862
2.5861989296466685	0.9999597701427574
2.5896972496223998	1.0000337082257016
2.5932615014832407	0.9999684521822657
2.5969067244128166	1.0000235148155610
2.6006640428755756	0.9999806213989915
2.6045894209809668	1.0000116380389246
2.6088330067054426	0.9999475497174687
2.6157405605889119	1.0001322119505593
2.6203096126278917	1.0000112581879035
2.6242397695265884	1.0000574974450609
2.6279350228441807	0.9999776694141659
2.6315591077249998	1.0000392146807351
2.6351754998965871	0.9999709813552184
2.6388122062230961	1.0000299873819105
2.6424885663368398	0.9999733486217284
2.6462226004016656	1.0000213092845918
2.6500451923816981	0.9999820164463716
2.6540102938841224	1.0000120537308994
2.6582646650408281	0.9999466851883066
2.6651816833167095	1.0001293935001796
2.6699016099728383	1.0000164942917351
2.6740177966740979	1.0000477119183784
2.6779273185480670	0.9999897494332965
2.6818194305791221	1.0000229990283842
2.6858121706514750	0.9999894576000553
2.6900752361782345	1.0000535487720366
2.6969819433111057	0.9998659165138591
2.7015817018020463	0.9999862684850802
2.7055408405485828	0.9999424954756555
2.7092765183544856	1.0000162752174735
2.7129827083695437	0.9999670545077879
2.7167550806217013	1.0000140630530772
2.7206841849972232	0.9999845276873919
2.7249285045060487	1.0000495244301408
2.7318442770318989	0.9998657779634870
2.7364129576501113	0.9999842278401734
2.7404017483520415	0.9999487208349848
2.7442535136933910	1.0000064268976796
2.7482003815328917	0.9999798499089070
2.7524535140735624	1.0000469264999974
2.7593719370160370	0.9998615162008639
2.7638054074636753	0.9999898459697177
2.7676144663020610	0.9999361617627354
2.7712257444247754	1.0000222172000890
2.7748089720428299	0.9999599214244651
2.7784250522029654	1.0000249810656321
2.7821105648701265	0.9999746527864414
2.7858960877215080	1.0000163696279463
2.7898402538159894	0.9999855111808753
2.7940875511862373	1.0000490089612259
2.8010315937547356	0.9998675404075109
2.8057615303672434	0.9999771844022300
2.8098822284455789	0.9999426331347997
2.8137442967638608	1.0000088946868189
2.8174957151405131	0.9999553423460207
2.8211881206761515	1.0000199248428794
2.8248479229588019	0.9999590159148648
2.8284855256676278	1.0000251577032910
2.8321099102919427	0.9999610721955691
2.8357230020547814	1.0000286142331518
2.8393274092797562	0.9999622846883062
2.8429207611881702	1.0000316840367287
2.8465034456995713	0.9999626350190914
2.8500731729802489	1.0000344108871839
2.8536323850480736	0.9999627609898855
2.8571821998497908	1.0000361126961550
2.8607291651244080	0.9999637430859724
2.8642787436863171	1.0000358968793579
2.8678419612606474	0.9999667131525692
2.8714292308084235	1.0000327859274363
2.8750580019678078	0.9999729665643198
2.8787484958192158	1.0000252558848495
2.8825359473064949	0.9999843103557782
2.8864786879175792	1.0000152665865258
2.8907271608343588	0.9999508820065796
2.8975939646706106	1.0001434292501350
2.9019596991125849	1.0000072700776392
2.9056327412955367	1.0000795974790404
2.9090524533887847	0.9999667356820761
2.9123864954104022	1.0000641368876506
2.9156947920736949	0.9999559460541879
2.9189988438146859	1.0000571000537561
2.9223082095080812	0.9999532784280436
2.9256250852096488	1.0000533380369934
2.9289526761470088	0.9999532488468333
2.9322906376350382	1.0000506665966828
2.9356416675452932	0.9999542761034927
2.9390054384598514	1.0000481542442738
2.9423851285046636	0.9999559617614853
2.9457811139217438	1.0000453272610896
2.9491975634451899	0.9999583653650685
2.9526362152855494	1.0000417845105836
2.9561030984441423	0.9999618421563595
2.9596026291191659	1.0000369381093122
2.9631448190145604	0.9999671691202724
2.9667402510743983	1.0000296281613683
2.9704093154484612	0.9999760212054717
2.9741813378620248	1.0000178186350239
2.9781167046590946	0.9999867732324781
2.9823618051878151	1.0000509202708958
2.9892683022352760	0.9998654474660508
2.9938320724194294	0.9999864404021325
2.9977626282776750	0.9999407897800177
3.0014696830893950	1.0000178931565682
3.0051324902057863	0.9999627708403257
3.0088273509350336	1.0000192435908897
3.0126115785069754	0.9999794008680533
3.0165504889614416	1.0000114566863287
3.0207982152611561	0.9999477247901242
3.0276793086406508	1.0001380911843392
3.0321068916811824	1.0000067532155954
3.0358536858907472	1.0000713118452877
3.0393475697731818	0.9999678792295214
3.0427546410723219	1.0000557688460414
3.0461351437088666	0.9999576442565374
3.0495112977550907	1.0000490698611122
3.0528933034434700	0.9999554450784839
3.0562842518934641	1.0000454860392105
3.0596883061528799	0.9999560733843539
3.0631064775208281	1.0000426726719585
3.0665430536291796	0.9999581368936433
3.0699999328964331	1.0000395143766634
3.0734831413540720	0.9999615003136688
3.0769971191399694	1.0000351656411688
3.0805518427362228	0.9999667659701915
3.0841578506987406	1.0000283773243375
3.0878354377246553	0.9999755461415746
3.0916137800588608	1.0000170739897734
3.0955529916435727	0.9999862321724771
3.0997991324339362	1.0000506120058770
3.1067240089072845	0.9998687674933184
3.1114130072850816	0.9999812010744416
3.1155251773162029	0.9999524881226302
3.1194726911758304	1.0000045910290434
3.1234775528318286	0.9999790482642484
3.1277462243602741	1.0000477650157551
3.1346752037892860	0.9998646385610807
3.1392938479607237	0.9999838440240606
3.1432874910439810	0.9999439686324149
3.1470651193141226	1.0000138187641969
3.1508127682866007	0.9999681511716220
3.1546194265156240	1.0000128794272403
3.1585702967014955	0.9999839143117117
3.1628202738967235	1.0000495957403386
3.1697480278539856	0.9998683525867568
3.1744421356141426	0.9999809373689280
3.1785585244615899	0.9999525042831608
3.1825090471558903	1.0000045156403528
3.1865156898071030	0.9999790279791269
3.1907848518110717	1.0000478139345006
3.1977020021246632	0.9998624973228806
3.2022506152934156	0.9999869229367478
3.2061417172070210	0.9999366604698436
3.2097861854368559	1.0000222473798044
3.2133571078242595	0.9999549338239767
3.2169181504183353	1.0000291115264484
3.2205033680739836	0.9999650661152175
3.2241312129617579	1.0000261258300083
3.2278253661118588	0.9999751616125864
3.2316156038635175	1.0000163995153810
3.2355620240616543	0.9999859625525860
3.2398101075743218	1.0000507220798174
3.2467048294972374	0.9998633815226114
3.2512195044748786	0.9999890867645781
3.2550659945244034	0.9999336951803305
3.2586526498946546	1.0000265266097077
3.2621478018079375	0.9999488504223043
3.2656092414948747	1.0000367762146269
3.2690629370107405	0.9999546860762615
3.2725161310541151	1.0000393879334060
3.2759750561329279	0.9999574373336868
3.2794406068557227	1.0000393630788711
3.2829168497482666	0.9999594604407797
3.2864048246831112	1.0000379916206124
3.2899095561760343	0.9999618569938686
3.2934338802154497	1.0000353487863811
3.2969854475327698	0.9999654658400651
3.3005710096014909	1.0000308055914766
3.3042043517478001	0.9999715277435212
3.3079023318997516	1.0000227463953137
3.3116972514600915	0.9999821213317250
3.3156450972713691	1.0000127058095771
3.3198948410347708	0.9999479581780156
3.3268049029079862	1.0001320932118951
3.3314406867592696	1.0000147500851546
3.3354534110036433	1.0000535966686150
3.3392496845221267	0.9999852974166663
3.3430104712573128	1.0000301543241790
3.3468281763737910	0.9999860682666518
3.3507842223540041	1.0000149346696263
3.3550368786471032	0.9999490409043410
3.3619543346681544	1.0001317823980911
3.3666175828485181	1.0000162216721780
3.3706738626792987	1.0000506171338643
3.3745330436256604	0.9999892913683686
3.3783876708343219	1.0000241695470924
3.3823575760995133	0.9999898843178042
3.3866144069171358	1.0000529967550693
3.3935626986621896	0.9998727301484420
3.3983855756297503	0.9999763672598218
3.4027278915114136	0.9999616833196138
3.4071105152404657	1.0000432741566143
3.4141311976683486	0.9998613610654754
3.4188788200152214	0.9999785684585175
3.4230175484419849	0.9999513719550348
3.4269769828197170	1.0000039266885188
3.4309871624886812	0.9999786972046982
3.4352575222431718	1.0000477011644937
3.4421692158790629	0.9998612543450944
3.4466811353562123	0.9999882107725412
3.4505273236586342	0.9999338840650464
3.4541264758505097	1.0000243349281606
3.4576537398484848	0.9999523529584593
3.4611737772349849	1.0000310117660431
3.4647215026079965	0.9999632191142189
3.4683163409604538	1.0000273782035227
3.4719829984164736	0.9999742581420349
3.4757524000704749	1.0000167630221490
3.4796860035092076	0.9999859803976322
3.4839306480674423	1.0000502787501504
3.4908750020960384	0.9998720777021829
3.4956795940959404	0.9999760270923935
3.5000097716247955	0.9999614437603336
3.5043890284422052	1.0000427526682409
3.5113767397487923	0.9998548629405610
3.5158969432098433	0.9999868880446614
3.5197254886083345	0.9999311153631217
3.5233021950714241	1.0000247161748268
3.5268084717568069	0.9999507727999845
3.5303103639639160	1.0000315389946559
3.5338429910621634	0.9999623914471921
3.5374256049302906	1.0000277242426956
3.5410827577666000	0.9999739170468777
3.5448452912029476	1.0000168521570647
3.5487747726763339	0.9999859726179585
3.5530182963726684	1.0000501306065361
3.5599729937090037	0.9998738359370295
3.5648435453772529	0.9999752931030754
3.5694121522026716	0.9999193699379365
3.5765850770037959	1.0001273045628793
3.5815553273121146	1.0000219418440639
3.5861542138041202	1.0000797109872162
3.5932821430488695	0.9998592297296554
3.5978411735853104	0.9999915346330502
3.6016581683940299	0.9999309831928169
3.6052055191308270	1.0000280622095694
3.6086741936998852	0.9999485761876883
3.6121321585730111	1.0000349477955532
3.6156129739464054	0.9999588711662378
3.6191323865215819	1.0000322681311629
3.6227083753798448	0.9999683878074881
3.6263594900131988	1.0000236935162168
3.6301195038922200	0.9999812286638363
3.6340460430632668	1.0000125281316108
3.6382900419653161	0.9999486233501498
3.6452320951090891	1.0001270415591297
3.6500312638403654	1.0000228998024838
3.6543550776000124	1.0000375571158897
3.6587339535336638	0.9999563751088230
3.6657521278292493	1.0001385074795610
3.6704648586069690	1.0000199930220630
3.6745674805308894	1.0000488072488407
3.6785017402844691	0.9999949089358737
3.6824953938915232	1.0000203697721830
3.6867624560481564	0.9999517880748734
3.6936542398611381	1.0001415899271655
3.6980428210700458	1.0000063497017981
3.7017468537521441	1.0000744664934997
3.7052048356317950	0.9999668285868973
3.7085841038275658	1.0000575330435237
3.7119445726367903	0.9999571392822991
3.7153082547483862	1.0000495499889819
3.7186853784122822	0.9999557954189685
3.7220793278710302	1.0000447802400285
3.7254948301416739	0.9999574948559312
3.7289338317904934	1.0000406743331334
3.7324020809496212	0.9999609578669397
3.7359037527494099	1.0000358064149446
3.7394484970294020	0.9999664229519742
3.7430465969178970	1.0000286956342490
3.7467181217488781	0.9999753996528439
3.7504921301511884	1.0000171652676302
3.7544287468066058	0.9999862502058989
3.7586741777935955	1.0000505329184521
3.7656269629333141	0.9998739130052510
3.7705036780817700	0.9999754280490365
3.7750738749327750	0.9999191995538997
3.7822063494562919	1.0001339748004199
3.7869276699652419	1.0000131744618588
3.7909588466805104	1.0000536833632023
3.7947520780139969	0.9999844877478408
3.7985046234620641	1.0000303851127330
3.8023145732146548	0.9999858452721476
3.8062654939005376	1.0000149038112094
3.8105168053324068	0.9999492246904140
3.8174082126563107	1.0001369513898934
3.8218968752756002	1.0000092082161789
3.8257124777002072	1.0000670066923951
3.8292745881916548	0.9999716212430215
3.8327500937944294	1.0000509058990901
3.8362015345570253	0.9999622690354564
3.8396537446156009	1.0000435122942923
3.8431198897510908	0.9999613988789926
3.8466067674881690	1.0000383872629832
3.8501234334026329	0.9999643447073079
3.8536777049244870	1.0000325473003753
3.8572839464649693	0.9999706764330372
3.8609596925098537	1.0000235362564800
3.8647378992487411	0.9999818836696507
3.8686755089549205	1.0000127174441200
3.8729224853181425	0.9999483234604873
3.8798032170883094	1.0001380726116045
3.8842388848718938	1.0000073049869662
3.8879981682439868	1.0000701806653511
3.8915109490631377	0.9999696261746558
3.8949468275521304	1.0000528993810045
3.8983701841422431	0.9999616139776161
3.9018082208156186	1.0000433664294439
3.9052772759044299	0.9999630343261006
3.9087886148688189	1.0000352199676881
3.9123579161937787	0.9999695942209496
3.9160036923740495	1.0000246858174104
3.9197596020715388	0.9999815892587717
3.9236836617831177	1.0000127477428939
3.9279269843173594	0.9999488105395600
3.9348790424581432	1.0001252957051692
3.9397486991164841	1.0000238438351430
3.9443153653808514	1.0000799078779683
3.9514369188626488	0.9998634349888802
3.9561023998936666	0.9999870595101967
3.9600740558015981	0.9999423503766555
3.9638128629831790	1.0000159292373823
3.9675228841017409	0.9999669831000646
3.9712998484776239	1.0000134925331905
3.9752322479518605	0.9999839719010678
3.9794773139948574	1.0000489605715392
3.9864264821383939	0.9998714204930097
3.9912156918072172	0.9999758063145855
3.9955343797658296	0.9999612406997395
3.9999105663156556	1.0000422408458693
4.0068847421484204	0.9998518000618224
4.0113031378163448	0.9999899543060895
4.0150252642016691	0.9999246238533201
4.0185073626077559	1.0000287030486266
4.0219311713265933	0.9999457611009527
4.0253614895755634	1.0000347072448510
4.0288326748634553	0.9999592467921610
4.0323638228129450	1.0000296358782272
4.0359797385950804	0.9999725018583560
4.0397118990118948	1.0000173725494332
4.0436230210430102	0.9999859831302803
4.0478616261131606	1.0000494906843480
4.0547743411336485	0.9998650414215827
4.0593219770648092	0.9999849677707811
4.0632679225271602	0.9999437691237860
4.0670371698393151	1.0000112302624125
4.0708285192109379	0.9999731536235424
4.0747592490444564	1.0000086391066945
4.0790067191106321	0.9999470074670612
4.0859321218171418	1.0001316951547150
4.0905409745882046	1.0000161658808833
4.0945718673452278	1.0000491744366418
4.0984598476293455	0.9999938719099088
4.1024275460536757	1.0000200903238239
4.1066873436444933	0.9999524489132544
4.1136113039460573	1.0001363081809995
4.1181507882069530	1.0000143125871692
4.1220809785830870	1.0000563554849198
4.1258379849047904	0.9999876389031404
4.1296186959609376	1.0000261629071951
4.1335444737352347	0.9999904074831721
4.1377893656791018	1.0000517522983141
4.1447558674902778	0.9998742902151110
4.1497510993349920	1.0000250362163701
4.1572017269654475	0.9998278674171273
4.1619448596248612	0.9999759212179028
4.1658864213457552	0.9999314036694313
4.1695705717008362	1.0000141939279705
4.1732293096796882	0.9999626197534391
4.1769664515662805	1.0000128203952452
4.1808745548635322	0.9999832048247105
4.1851131425045303	1.0000476853047988
4.1920129293900041	0.9998607352634894
4.1964378064469701	0.9999887182940613
4.2002426409856870	0.9999350549392922
4.2038651621699277	1.0000179801429001
4.2074925546129522	0.9999636264993643
4.2112127723613950	1.0000138613637588
4.2151121377802925	0.9999836813665938
4.2193482165101424	1.0000476776737670
4.2262862172045859	0.9998678390102341
4.2309312339965954	0.9999793951293383
4.2350491570966700	0.9999557136043674
4.2390935584891318	1.0000007785623783
4.2433829285705693	0.9999420136660235
4.2503810846438972	1.0001247283043457
4.2552376204606137	1.0000235901584693
4.2598019711705559	1.0000787957332140
4.2669284985879221	0.9998614266615222
4.2715115118650999	0.9999875515124078
4.2754239597804915	0.9999412157283525
4.2791491353599316	1.0000127968528336
4.2829039166512892	0.9999722405917498
4.2868118709716319	1.0000085188358450
4.2910534171844787	0.9999477776144180
4.2979619397005315	1.0001360865325413
4.3024157412296518	1.0000115219063006
4.3062692144320724	1.0000591898808688
4.3099682144422200	0.9999862873406089
4.3137086564881999	1.0000271192212187
4.3176110125166218	0.9999906027365217
4.3218496000660043	1.0000510625602368
4.3287748636439387	0.9998655598255398
4.3333036826966742	0.9999840252949740
4.3372648614204801	0.9999471379782294
4.3411012889427925	1.0000053352373444
4.3450404470900983	0.9999785428536804
4.3492912570624318	1.0000452618177991
4.3562739597411584	0.9998717920422552
4.3611094706352365	0.9999738778759324
4.3656695754695765	0.9999202075789576
4.3727584687371737	1.0001448258348915
4.3770879235565774	1.0000019862213603
4.3807136220979510	1.0000772101363300
4.3841381430074868	0.9999691179418319
4.3875454004141554	1.0000509750345021
4.3910065299826799	0.9999694542618124
4.3945605698143337	1.0000307618041120
4.3982476534981458	0.9999818130454456
4.4021301752970956	1.0000135439140003
4.4063624126404290	0.9999506932270226
4.4133107207457041	1.0001281678020046
4.4180457329151066	1.0000231113190416
4.4223242138499890	1.0000380422780886
4.4266909250951150	0.9999581598068038
4.4336622787391589	1.0001491035514969
4.4380100325831684	1.0000083538973101
4.4416883729942018	1.0000752745314152
4.4451657846514196	0.9999728839189713
4.4486192619463187	1.0000489866875077
4.4521185473575322	0.9999713062931054
4.4557026201163916	1.0000298175843263
4.4594114302601735	0.9999822960351485
4.4633068891637349	1.0000135894338378
4.4675425500280292	0.9999502666081390
4.4744349014056572	1.0001381056370784
4.4788514081836537	1.0000091937227966
4.4826355347215205	1.0000658173138708
4.4862236628409757	0.9999776652111443
4.4897907721527028	1.0000405821348577
4.4934136741446995	0.9999781325577279
4.4971448899634447	1.0000208506979968
4.5010535851347013	0.9999877602248882
4.5052918920569160	1.0000502517468777
4.5121920049719373	0.9998626207160507
4.5166503269664338	0.9999887853742390
4.5204773626833976	0.9999354671068448
4.5240989287053992	1.0000202580201365
4.5276938490669814	0.9999596406200281
4.5313365182216616	1.0000203264036724
4.5350832790556908	0.9999784430054981
4.5389997918783411	1.0000112271112001
4.5432414502883338	0.9999483674224314
4.5501471770655471	1.0001344052434644
4.5546772087581475	1.0000124871124487
4.5585848924472465	1.0000583110729091
4.5622946563975306	0.9999832059212493
4.5659885737494363	1.0000325411902493
4.5697582182076193	0.9999855645974430
4.5736855626096906	1.0000150466100803
4.5779303784262941	0.9999500831713182
4.5848313874813851	1.0001361199006125
4.5893338613980159	1.0000113800466712
4.5931985299083786	1.0000617596500170
4.5968509700552529	0.9999795578614926
4.6004677715477529	1.0000383186560933
4.6041280994036420	0.9999789625095515
4.6078857428650952	1.0000201977930694
4.6118100947037108	0.9999876274515836
4.6160526310930949	1.0000507263908485
4.6229879830760314	0.9998699317463676
4.6276981106989030	0.9999791709216235
4.6318730902188330	0.9999573832948842
4.6359522902378130	1.0000013993803276
4.6402510262245507	0.9999412024914114
4.6472424891480735	1.0001247265758428
4.6521259001361726	1.0000231508407755
4.6566971844128542	1.0000795458436109
4.6638315839280038	0.9998643990423605
4.6685372397098215	0.9999852608376877
4.6725685825051970	0.9999464283492087
4.6763869204630488	1.0000111234314084
4.6802076470607483	0.9999740263361816
4.6841543535546339	1.0000089739175650
4.6884063448562161	0.9999467152517780
4.6953664546948026	1.0001248718070053
4.7002350690017893	1.0000236260519582
4.7048016255436469	1.0000796472992588
4.7119410761489799	0.9998660553581803
4.7166982270517055	0.9999831978271665
4.7208093971739684	0.9999517199210959
4.7247392106097506	1.0000053299610658
4.7287294189912998	0.9999791246359031
4.7329946299952299	1.0000471485934714
4.7397842501276983	0.9998374339508380
4.7436422249399994	1.0000147741642595
4.7468442049593413	0.9998865395505234
4.7498686044917857	1.0000562596389146
4.7528682053712368	0.9999107258443555
4.7558848077717988	1.0000634964886677
4.7589352360339436	0.9999254406502120
4.7620215692426759	1.0000619619443543
4.7651478599209032	0.9999352510103120
4.7683134934893392	1.0000572628424471
4.7715222209063795	0.9999432421049889
4.7747748598700950	1.0000509650962970
4.7780770607429348	0.9999511356968076
4.7814326869830719	1.0000431612906551
4.7848515964063809	0.9999602978929394
4.7883443312006913	1.0000329071110161
4.7919316003213224	0.9999726429885137
4.7956436888901042	1.0000183107841316
4.7995429184765586	0.9999863062850151
4.8037783418616540	1.0000492382681629
4.8107139181129641	0.9998688516510212
4.8153789932242743	0.9999794345206151
4.8195149377329738	0.9999563379674993
4.8235703909963403	1.0000010191902755
4.8278627044687106	0.9999417793358641
4.8347688957506794	1.0001413953703315
4.8390777636839832	1.0000033050663968
4.8427221536073279	1.0000756996354210
4.8461599052648570	0.9999686192836529
4.8495627602197597	1.0000526241591521
4.8529963561091467	0.9999658340031927
4.8564930323365507	1.0000362439715118
4.8600802980218543	0.9999744017170624
4.8637916081014465	1.0000193738726832
4.8676900708781714	0.9999868621528096
4.8719253610293052	1.0000494905478954
4.8788749323864424	0.9998715270140415
4.8836294504550883	0.9999759646702129
4.8879240515530027	0.9999611185385928
4.8922937498778039	1.0000413491386466
4.8992636446277995	0.9998499220593370
4.9036141540982534	0.9999912343868261
4.9072838284724787	0.9999221798136758
4.9107365376544001	1.0000285362078438
4.9141521208999341	0.9999462958580784
4.9175945270004631	1.0000322842639049
4.9210999123246459	0.9999628289526319
4.9246926230239438	1.0000242038987974
4.9284093864666456	0.9999795824273845
4.9323097021901114	1.0000120254217144
4.9365467235060594	0.9999492759779366
4.9434790292499322	1.0001300077855275
4.9481516285111651	1.0000194868672094
4.9522913492892000	1.0000424698997199
4.9563506421700234	0.9999978681795191
4.9606426670362751	1.0000572437250999
4.9675117966343452	0.9998505789723572
4.9716258053934128	1.0000045257546912
4.9750588733181562	0.9999060978614798
4.9782775016922471	1.0000451926715392
4.9814442539497206	0.9999253551532303
4.9846068092151823	1.0000542957310816
4.9877839915036892	0.9999353910226388
4.9909780485204553	1.0000554803770028
4.9941918662297322	0.9999409132642821
4.9974231337007637	1.0000542774367831
5.0006730458396786	0.9999444772167781
5.0039392101130282	1.0000523557710421
5.0072228662440805	0.9999472132494044
5.0105219885408854	1.0000502352583969
5.0138381135250398	0.9999496228112966
5.0171696472343879	1.0000480285257585
5.0205185403102872	0.9999519753393079
5.0238837478262486	1.0000456776943822
5.0272678320851920	0.9999544874597973
5.0306705689158280	1.0000430138994763
5.0340955339473110	0.9999574261149915
5.0375439047889072	1.0000397284275924
5.0410211429850600	0.9999612204500476
5.0445311350343571	1.0000352463310955
5.0480833751849987	0.9999666854274889
5.0516879645422641	1.0000283884808738
5.0553648286070629	0.9999755346452888
5.0591428437294326	1.0000170715293584
5.0630819152733748	0.9999862312449598
5.0673280057463579	1.0000506074181259
5.0742239767773309	0.9998633428131065
5.0787313542510395	0.9999890194411444
5.0825756589534770	0.9999339045592007
5.0861661937706977	1.0000259027856471
5.0896706661351017	0.9999497403970250
5.0931460666904895	1.0000356544989832
5.0966175177612918	0.9999559908120106
5.1000912038137116	1.0000380317373692
5.1035720610144786	0.9999587851392309
5.1070593171354108	1.0000381934205254
5.1105549611651844	0.9999603218678050
5.1140573806123770	1.0000376584989870
5.1175682331389316	0.9999614240771529
5.1210859784030358	1.0000368755745699
5.1246124532899726	0.9999624264773682
5.1281464443850462	1.0000359264808192
5.1316902429452966	0.9999635291835870
5.1352432586010046	1.0000347212303138
5.1388086571546143	0.9999649579677008
5.1423870515059189	1.0000330107907260
5.1459833476613888	0.9999670946571241
5.1496006617787797	1.0000302742185008
5.1532477156621210	0.9999707074186545
5.1569335623493187	1.0000253787577125
5.1606769086839739	0.9999774815052608
5.1645048341105211	1.0000162011738871
5.1684745892763768	0.9999861585424312
5.1727290075855956	1.0000516556798791
5.1796385570405405	0.9998673575362473
5.1842995647568246	0.9999846402950867
5.1883204212380729	0.9999439334520295
5.1920867563341213	1.0000179823145259
5.1957675088713229	0.9999607554131018
5.1994262068400117	1.0000253541899033
5.2030970113513693	0.9999689128870958
5.2067979901164110	1.0000236908710420
5.2105519455164151	0.9999770014418219
5.2143871384138043	1.0000156997038285
5.2183612397102861	0.9999859342531384
5.2226168586990109	1.0000516864936604
5.2295547088834420	0.9998728032318999
5.2344162786660942	0.9999762497969186
5.2387882264695378	0.9999618278435526
5.2431787967740382	1.0000444119778511
5.2502177072392930	0.9998662238010795
5.2551701309386880	0.9999736791305384
5.2597631253921016	0.9999167180275076
5.2669274973059395	1.0001281712082393
5.2719053350017564	1.0000208046509032
5.2763190895072620	1.0000366383544965
5.2807251271139872	0.9999538015340983
5.2877394415211620	1.0001389901384845
5.2924773164244616	1.0000173898871407
5.2965415068734067	1.0000550837163660
5.3003406339036392	0.9999827835907507
5.3040500666192383	1.0000368580889720
5.3077425905826470	0.9999757782376573
5.3114542583876787	1.0000272874355498
5.3152134828698818	0.9999791277896781
5.3190516892890507	1.0000168099978710
5.3230272691997573	0.9999865438131533
5.3272833744080668	1.0000520510115638
5.3341971270884985	0.9998684331429218
5.3388968682087734	0.9999833216791240
5.3429721303005948	0.9999473849480360
5.3468071268107114	1.0000140881573087
5.3505772771370887	0.9999670850164618
5.3543583681625204	1.0000172069015478
5.3582066322600257	0.9999807036649060
5.3621846790741703	1.0000116721526933
5.3664430727755708	0.9999464747175485
5.3733484207589086	1.0001318375756134
5.3780048992521685	1.0000135952745801
5.3820083935449059	1.0000563761911787
5.3857480129981425	0.9999788399213283
5.3893863382666005	1.0000414927943044
5.3929857382560762	0.9999690178324989
5.3965698921344432	1.0000366230686908
5.4001494387934992	0.9999660988160485
5.4037267841713881	1.0000349389344152
5.4073048417788190	0.9999652437961792
5.4108826162842103	1.0000343269818619
5.4144618725251217	0.9999650254155492
5.4180410366085603	1.0000340784442259
5.4216217036591265	0.9999649991080559
5.4252021895172922	1.0000339592003382
5.4287840665711498	0.9999650239483903
5.4323656316138988	1.0000338914263687
5.4359484652923600	0.9999650573508532
5.4395308773560469	1.0000338456988549
5.4431144784752128	0.9999650917442126
5.4466976199679991	1.0000338039140713
5.4502819738451453	0.9999651364042969
5.4538659737041018	1.0000337445115715
5.4574514038765312	0.9999652152239596
5.4610368463651566	1.0000336328603814
5.4646242845403350	0.9999653725071831
5.4682125627469791	1.0000334093186021
5.4718040172099229	0.9999656869386301
5.4753979610663510	1.0000329686231679
5.4789973705128228	0.9999662996397235
5.4826024253311800	1.0000321195562061
5.4862173172935025	0.9999674725157270
5.4898439303539179	1.0000304978754766
5.4934889569054466	0.9999697220266613
5.4971580027278284	1.0000273542167724
5.5008636557007824	0.9999741623731317
5.5046212736287918	1.0000210322231537
5.5084613071059323	0.9999828951232123
5.5124370064183958	1.0000127778424939
5.5166943382800921	0.9999470208442690
5.5236345914349787	1.0001251542052134
5.5285457135357765	1.0000230444640015
5.5331232246530240	1.0000810437661845
5.5402547832590976	0.9998677289066352
5.5451141624908100	0.9999830542606013
5.5493045508261893	0.9999526596189535
5.5532537612963830	1.0000089878303182
5.5571706221947839	0.9999763144082148
5.5611753389605969	1.0000095798092876
5.5654432031913537	0.9999450751463271
5.5723857885101342	1.0001258965761233
5.5772550628582316	1.0000224421594039
5.5816289460854183	1.0000370279226056
5.5860214925258669	0.9999544160746463
5.5930581270931956	1.0001329091307321
5.5980140499968849	1.0000253548825657
5.6026062231544165	1.0000825942185381
5.6097638610484637	0.9998705220917763
5.6148457689283102	1.0000296439132337
5.6223424367555666	0.9998305584963519
5.6273778947673492	0.9999729934100786
5.6315901639873926	0.9999426339349337
5.6354786176837504	1.0000114028302731
5.6392698496073201	0.9999657699435189
5.6430589962304243	1.0000165190962249
5.6469103130365195	0.9999803476918527
5.6508893995579648	1.0000115356759864
5.6551482049572721	0.9999464420754079
5.6620775188744359	1.0001274867061776
5.6668901517317085	1.0000204398159347
5.6711546548420539	1.0000395038267551
5.6752914004202291	0.9999968087531692
5.6796045053821951	1.0000592963813035
5.6865852016634904	0.9998743167230625
5.6915103579562336	0.9999766336930833
5.6960943475247277	0.9999183819470190
5.7032340969346720	1.0001316113684129
5.7080875737688928	1.0000159599336778
5.7122688994430302	1.0000466554084109
5.7162125986034766	0.9999899529252038
5.7201238226998221	1.0000228091368832
5.7241266478949386	0.9999894770626108
5.7283926831863932	1.0000538903935283
5.7352848137368380	0.9998634043395538
5.7398078488196536	0.9999907095222382
5.7436328044331129	0.9999308616654846
5.7471684076986342	1.0000314685832496
5.7505853417796757	0.9999420155226226
5.7539433713539516	1.0000451015795666
5.7572699648040402	0.9999445977805175
5.7605740029283252	1.0000506868648451
5.7638633254176463	0.9999446811005890
5.7671402365755462	1.0000531873152037
5.7704099318245561	0.9999444270643670
5.7736738916637265	1.0000540639117830
5.7769368502592382	0.9999446152882221
5.7802000707360683	1.0000538238613330
5.7834680846418003	0.9999454886513155
5.7867420304612276	1.0000526741075129
5.7900263694945862	0.9999471137692919
5.7933222925291368	1.0000506871442263
5.7966344446102491	0.9999495431409863
5.7999644220686131	1.0000478232901937
5.8033175255573468	0.9999529098545183
5.8066964208836742	1.0000438889711782
5.8101079969715812	0.9999575326966605
5.8135573919332355	1.0000384110526497
5.8170552700148290	0.9999641314241640
5.8206128650644153	1.0000303020314620
5.8242511827661687	0.9999743162576807
5.8280003433635859	1.0000176181908129
5.8319217978549007	0.9999862734054642
5.8361631689535365	1.0000500070446243
5.8430577264422068	0.9998622156434941
5.8475198099820176	0.9999893491698384
5.8513358598039211	0.9999338381626586
5.8549301152372948	1.0000228428741456
5.8584794132236144	0.9999556270848441
5.8620528808862780	1.0000256018224396
5.8656949955650557	0.9999714414844707
5.8694437225214955	1.0000161749175775
5.8733642632821974	0.9999854474279664
5.8776054470932326	1.0000495138859387
5.8845405761029950	0.9998694825599340
5.8892463524670982	0.9999790308609550
5.8934175255666963	0.9999571990627683
5.8974943781017997	1.0000013185307575
5.9017924831557549	0.9999412371244982
5.9086909190156947	1.0001420382166490
5.9129919674140838	1.0000014661301977
5.9166000245841204	1.0000802028905533
5.9199708469197745	0.9999619679536799
5.9232722115873173	1.0000627201930179
5.9265628739654987	0.9999530816500614
5.9298640909943163	1.0000535085029976
5.9331861021329839	0.9999527403694487
5.9365327003172288	1.0000473921280539
5.9399094935874803	0.9999557185795463
5.9433196773444221	1.0000417157454837
5.9467708660268217	0.9999608860756365
5.9502699406618227	1.0000347785560817
5.9538307666546340	0.9999688319270391
5.9574706436314511	1.0000245575733311
5.9612226491603133	0.9999813708966682
5.9651444515132175	1.0000126576774946
5.9693871496118307	0.9999488409666897
5.9762669593249118	1.0001389486757606
5.9806664271869074	1.0000066083967496
5.9843965336086056	1.0000715536005567
5.9878906395487448	0.9999693354363648
5.9913161571052012	1.0000532924894356
5.9947351466424603	0.9999617615732322
5.9981730092180916	1.0000432302264495
6.0016446396288057	0.9999633461001175
6.0051601413501814	1.0000349497242924
6.0087342265998505	0.9999698529742412
6.0123846114628750	1.0000245158402710
6.0161442958474920	0.9999816708726126
6.0200707445691135	1.0000127534390431
6.0243146877607971	0.9999487290103976
6.0312044380586594	1.0001368916960767
6.0356704667212977	1.0000090668964545
6.0394768201425340	1.0000664476830528
6.0430483274215092	0.9999735684270675
6.0465541049639615	1.0000474538550830
6.0500599412158893	0.9999673961180189
6.0535959939536887	1.0000361216561611
6.0571838720671556	0.9999713224890862
6.0608442253885153	1.0000248137410781
6.0646108412932023	0.9999821067885196
6.0685414169563803	1.0000129330723058
6.0727864741974180	0.9999486804336061
6.0796698581352349	1.0001379442376255
6.0841060453589115	1.0000074948524322
6.0878683428236817	1.0000700270650598
6.0913831161304381	0.9999694714030382
6.0948162233189658	1.0000536230523795
6.0982281154154228	0.9999600365578917
6.1016414809124973	1.0000461473124469
6.1050671496812567	0.9999587234385691
6.1085091769304789	1.0000416259765947
6.1119730845774365	0.9999605041294509
6.1154619342950118	1.0000374484573047
6.1189830832804430	0.9999643320562114
6.1225430868444830	1.0000319906040662
6.1261554439651364	0.9999708451903129
6.1298368859026446	1.0000232637071775
6.1336197095829723	0.9999819356189970
6.1375602356529999	1.0000127007462833
6.1418079804240477	0.9999482109521511
6.1487235029420191	1.0001313933399383
6.1533783038898724	1.0000159707858378
6.1574283054023482	1.0000506974571319
6.1612834992097492	0.9999892183601473
6.1651357327213603	1.0000241956133538
6.1691043465032198	0.9999898899645321
6.1733607958731973	1.0000529589333169
6.1802997812695715	0.9998709518526503
6.1850567147268425	0.9999790181816656
6.1892720522247719	0.9999584223292068
6.1933759740934837	1.0000018026292308
6.1976814584139408	0.9999406125877424
6.2046603672925711	1.0001262100406754
6.2095019941873399	1.0000221519229420
6.2138498352670961	1.0000371183753209
6.2182356799910998	0.9999554903748916
6.2252308319475498	1.0001421980079943
6.2298260832589643	1.0000139155879810
6.2337302085500212	1.0000636352527490
6.2373738648617696	0.9999764836160440
6.2409325977473857	1.0000455404873994
6.2444744457271453	0.9999682776942430
6.2480289109364593	1.0000364039644052
6.2516144038458226	0.9999695563491288
6.2552450830712694	1.0000283812803521
6.2589420796756299	0.9999766183530666
6.2627347529429569	1.0000171012981656
6.2666826583509536	0.9999863651917243
6.2709311652359281	1.0000509890420688
6.2778324316968375	0.9998647783533385
6.2823912607836823	0.9999873058625988
6.2862972552101883	0.9999379226945488
6.2899550971033040	1.0000220644818341
6.2935367276000909	0.9999555875772532
6.2971059991858258	1.0000289436804228
6.3006973534258268	0.9999653565955682
6.3043296666853932	1.0000260418385496
6.3080269732024741	0.9999752655881083
6.3118193276127945	1.0000163851068644
6.3157669745070848	0.9999859697810146
6.3200154046382648	1.0000507693688898
6.3269075444228102	0.9998629495840866
6.3314093593374086	0.9999895331400751
6.3352409498455415	0.9999328638984645
6.3388147067981935	1.0000269161338944
6.3423012242676018	0.9999486567214979
6.3457604621860613	1.0000362879401843
6.3492209357684493	0.9999558648464604
6.3526929821856433	1.0000371981203637
6.3561867452047904	0.9999608786843258
6.3597081579940085	1.0000343152885911
6.3632682397323208	0.9999666161174598
6.3668780229229567	1.0000280794873821
6.3705582450082234	0.9999755064712896
6.3743383264937830	1.0000169922162854
6.3782785439632956	0.9999862006456756
6.3825249664964412	1.0000506312129631
6.3894581794986163	0.9998703695072502
6.3942043649363951	0.9999788158452236
6.3984113715476889	0.9999581158852492
6.4025103258044309	1.0000016627763633
6.4068144409923065	0.9999406921265751
6.4137568126238964	1.0001331114089809
6.4183504214753171	1.0000122415863912
6.4222948250056904	1.0000576400486021
6.4260108125501567	0.9999810727868449
6.4296773863668397	1.0000360179386665
6.4333758828843690	0.9999797352119413
6.4371609047436591	1.0000195227036701
6.4411016524978111	0.9999874867800422
6.4453486307879855	1.0000512283394210
6.4522828388115379	0.9998704475274180
6.4570231485360452	0.9999789592267444
6.4612246632757788	0.9999580310071612
6.4653201667044815	1.0000016406692505
6.4696233451725460	0.9999407962208081
6.4766029795257518	1.0001263427159339
6.4814330768704842	1.0000221752564733
6.4857725132127184	1.0000371850570329
6.4901560943825558	0.9999558094143692
6.4971684387794806	1.0001394515499913
6.5018536337339938	1.0000182459321241
6.5059011263522448	1.0000529894364449
6.5097445912702803	0.9999895842829828
6.5135852381097363	1.0000249591217738
6.5175460621743406	0.9999901859483074
6.5218005201389078	1.0000528214893696
6.5286796003933141	0.9998593279469119
6.5330486470175462	0.9999945423493283
6.5367316393646542	0.9999233600696271
6.5401631188837017	1.0000342609588935
6.5435139042002399	0.9999392460879643
6.5468412779973546	1.0000442079457859
6.5501710694039836	0.9999468809828687
6.5535110782648642	1.0000456228802319
6.5568687402581673	0.9999516752815302
6.5602463936724975	1.0000437613071034
6.5636500060698575	0.9999560700164550
6.5670829146166279	1.0000399137497025
6.5705532216881322	0.9999614352984886
6.5740680900145136	1.0000338754716809
6.5776417140680943	0.9999692022099439
6.5812915488535477	1.0000241901303706
6.5850507599367321	0.9999814665517861
6.5889768798754016	1.0000126493145245
6.5932207487841703	0.9999486872296299
6.6001163065418105	1.0001358021691922
6.6046163069026873	1.0000105773323544
6.6084687350239335	1.0000630260778192
6.6120964645598468	0.9999772569267896
6.6156725424945639	1.0000418629980354
6.6192697028153047	0.9999740720514324
6.6229291925004388	1.0000268195158017
6.6266921804051124	0.9999829382259503
6.6306198991874927	1.0000134489559562
6.6348642579609081	0.9999490713586953
6.6417861512375040	1.0001310701457389
6.6464482559829854	1.0000173768053604
6.6505313979188143	1.0000474554507282
6.6544586553192850	0.9999942205057009
6.6584498236024956	1.0000199652686808
6.6627159991310849	0.9999515944119260
6.6696337624043824	1.0001364772286809
6.6741796671026803	1.0000128102952051
6.6780835653038970	1.0000601574715888
6.6817679484463701	0.9999806655153062
6.6854102740117396	1.0000372683854604
6.6890904530121311	0.9999794773257207
6.6928624798683130	1.0000198880430253
6.6967954734230375	0.9999875807350451
6.7010403398932956	1.0000510046928175
6.7079467051540096	0.9998648816339389
6.7124922165439331	0.9999866938571667
6.7164045829985657	0.9999397718272814
6.7200966169689584	1.0000181740886593
6.7237475599502528	0.9999621525885449
6.7274333585871480	1.0000193448663046
6.7312111070403189	0.9999791791499094
6.7351461457016857	1.0000113705314257
6.7393928155293539	0.9999478023181529
6.7462936736096095	1.0001345277899794
6.7508312258279171	1.0000115381934136
6.7547239809265252	1.0000607518323121
6.7583881929498357	0.9999785665409909
6.7619959473811386	1.0000402328214897
6.7656198965522361	0.9999749554334760
6.7693010554750659	1.0000260490515471
6.7730801705599779	0.9999831764529333
6.7770176980744061	1.0000134381273880
6.7812646983098803	0.9999487238626649
6.7881455791034533	1.0001383103049812
6.7925767168821665	1.0000069509545222
6.7963257836378448	1.0000713836220281
6.7998194769815274	0.9999677044035248
6.8032235180938558	1.0000562076049881
6.8065979044469751	0.9999570236879717
6.8099646527725834	1.0000499596773309
6.8133338120326306	0.9999543570462170
6.8167083482387971	1.0000468384168364
6.8200923262206601	0.9999545140126321
6.8234866180097979	1.0000444926655252
6.8268953100626995	0.9999560870955466
6.8303199201849516	1.0000418528354200
6.8337658248360551	0.9999588571603497
6.8372363492074300	1.0000382182276415
6.8407395195071556	0.9999631921932165
6.8442825463271078	1.0000327102383502
6.8478796272308742	0.9999701587238643
6.8515481586020730	1.0000236461732335
6.8553211113866697	0.9999817317970044
6.8592555462730367	1.0000126760052672
6.8635016614983133	0.9999484106149380
6.8703732885526341	1.0001399084828888
6.8747505098106023	1.0000049419428421
6.8784407687911502	1.0000751858310857
6.8818801616454497	0.9999650377034697
6.8852356360675326	1.0000594289068441
6.8885673942640411	0.9999548045623308
6.8918977948919657	1.0000521125434387
6.8952375027901480	0.9999530064487180
6.8985902091777840	1.0000477711850895
6.9019608560388974	0.9999543334130716
6.9053513253750598	1.0000440236448744
6.9087670006924258	0.9999573937568448
6.9122111277206510	1.0000396498885082
6.9156915756444457	0.9999621621514310
6.9192154184029491	1.0000335740831572
6.9227967039457452	0.9999695763822420
6.9264527678441432	1.0000240295891842
6.9302166125462641	0.9999815726840851
6.9341455518468873	1.0000126655982717
6.9383901771709438	0.9999485966525749
6.9452688450267992	1.0001388380866238
6.9496752528550578	1.0000063355337077
6.9534031332682460	1.0000723921925048
6.9568827205180241	0.9999674424955574
6.9602791703202227	1.0000564239731167
6.9636514374385605	0.9999572866252093
6.9670204703067906	1.0000495990467002
6.9703951302039453	0.9999549027506804
6.9737769941654717	1.0000463293251949
6.9771684451507499	0.9999549137827832
6.9805683326896197	1.0000444006016709
6.9839782773593893	0.9999557060850793
6.9873967943001718	1.0000429534004258
6.9908255239782289	0.9999567726721101
6.9942630705627904	1.0000416469958484
6.9977112712070175	0.9999579827044112
7.0011689873277039	1.0000403078044582
7.0046384315341363	0.9999593620224508
7.0081189400656898	1.0000387830625457
7.0116134007852313	0.9999610440501431
7.0151220420247480	1.0000368531919590
7.0186490241763533	0.9999633027608594
7.0221963378702501	1.0000341265797350
7.0257707467453789	0.9999666803299107
7.0293780916421058	1.0000298183143574
7.0330312488002740	0.9999723305042029
7.0367461424850033	1.0000222300461248
7.0405541201683981	0.9999823654448280
7.0445100850817512	1.0000127308802182
7.0487620129586990	0.9999476881871975
7.0556632374833423	1.0001333721945127
7.0602604571648078	1.0000123387174098
7.0642004097161673	1.0000595982140545
7.0678824397980833	0.9999768271607364
7.0714700688807168	1.0000441549665240
7.0750249961242044	0.9999671955443575
7.0785704078601510	1.0000385310952082
7.0821167138337557	0.9999647349064447
7.0856664656067334	1.0000361108046076
7.0892229578160872	0.9999645358184996
7.0927859259568731	1.0000346479459314
7.0963582175485191	0.9999652577026570
7.0999398654341848	1.0000332142798094
7.1035347672340219	0.9999666936930830
7.1071445393332429	1.0000311986006245
7.1107755585965808	0.9999692105189557
7.1144331502714211	1.0000277651880758
7.1181296275471260	0.9999738833894206
7.1218801435188217	1.0000212143080460
7.1257150323564531	0.9999828190563754
7.1296876134213356	1.0000127713491569
7.1339440763899979	0.9999471265103659
7.1408495486589425	1.0001318210373531
7.1455106217888824	1.0000139199941871
7.1495221779949247	1.0000558505283701
7.1532725952453191	0.9999795155884036
7.1569246314028403	1.0000405222539128
7.1605413483718987	0.9999701908577329
7.1641475683976275	1.0000350278335899
7.1677556109120326	0.9999681233128187
7.1713702604643172	1.0000322077599662
7.1749978620386381	0.9999688543305039
7.1786423058143347	1.0000294094772464
7.1823125814448119	0.9999717188083427
7.1860178862474724	1.0000247992175846
7.1897769012153070	0.9999779409707757
7.1936165050444805	1.0000160328488532
7.1975934420881256	0.9999861500483467
7.2018498366288268	1.0000519039263691
7.2087615505219622	0.9998680956519336
7.2134534614073553	0.9999837381194561
7.2175137649956653	0.9999462230299972
7.2213255146625377	1.0000156417665582
7.2250609242127091	0.9999644603764395
7.2287898101758827	1.0000207905277636
7.2325567672718352	0.9999756051865015
7.2363981172682195	1.0000148605684356
7.2403751580758806	0.9999854872384539
7.2446316815784950	1.0000515256175873
7.2515371157656885	0.9998666035645098
7.2561810900391368	0.9999855241141040
7.2601719395391617	0.9999417495939524
7.2638971323718335	1.0000205087716862
7.2675249619881646	0.9999570013318869
7.2711167977884044	1.0000297394842093
7.2747028559078037	0.9999630521039643
7.2782948276500292	1.0000309959324412
7.2819043806885793	0.9999672241418519
7.2855394383023206	1.0000283743226204
7.2892143301299654	0.9999727712332477
7.2929457514035825	1.0000216580138641
7.2967655585156903	0.9999824707991813
7.3007286222481333	1.0000127027245886
7.3049825233811330	0.9999474245871733
7.3118854646972382	1.0001327406778220
7.3165089132550163	1.0000132291988326
7.3204831684434737	1.0000572524454054
7.3242082605582697	0.9999796248172876
7.3278536734778772	1.0000394509718737
7.3314900089569761	0.9999735022245497
7.3351530044224882	1.0000290453206850
7.3388717950842972	0.9999779640326206
7.3426792204384359	1.0000173324939328
7.3466357075433217	0.9999865814727874
7.3508866269656306	1.0000513874234838
7.3578273695679579	0.9998725758108934
7.3626631450949933	0.9999761903456386
7.3670159482051005	0.9999616813362628
7.3714013326870367	1.0000436643052726
7.3784034427727594	0.9998585744262738
7.3830602993576822	0.9999830273564624
7.3870440444726277	0.9999402409412858
7.3907736175968353	1.0000178105466322
7.3944326452856117	0.9999604625818628
7.3980946840615891	1.0000226514525024
7.4018063651504749	0.9999737036772944
7.4056058810369976	1.0000153943177390
7.4095570926771730	0.9999854532269541
7.4138065838412075	1.0000505968055000
7.4207395069534394	0.9998705179127053
7.4255029620254280	0.9999786511412248
7.4297253052105230	0.9999584466326860
7.4338337678507891	1.0000017848055582
7.4381404859042801	0.9999404443294382
7.4450690099602719	1.0001353223928768
7.4495957697414159	1.0000088888671326
7.4534374606662119	1.0000654212921392
7.4570181809627218	0.9999719562040373
7.4605081742006396	1.0000499020402076
7.4639718851178154	0.9999627496492296
7.4674350739701385	1.0000427910084686
7.4709113848486561	0.9999618956245966
7.4744077726095721	1.0000378309227014
7.4779333011865328	0.9999647698633524
7.4814956669223385	1.0000321532069136
7.4851090591168097	0.9999709534384186
7.4887907812270180	1.0000233400295127
7.4925735324190139	0.9999819628877039
7.4965139392284685	1.0000127203245230
7.5007616664532604	0.9999482264268591
7.5076708143342286	1.0001326117007683
7.5122844558152631	1.0000143295146244
7.5162747335247557	1.0000545887048153
7.5200522341186558	0.9999848637203014
7.5237983529578560	1.0000306672625532
7.5276054303931055	0.9999859615574777
7.5315550918108096	1.0000149593809422
7.5358059979123189	0.9999492737514539
7.5427303490072326	1.0001307664334915
7.5474247513517820	1.0000179245968639
7.5515380704221764	1.0000465145548612
7.5554877063620234	0.9999943789645473
7.5594922228693822	1.0000198906145572
7.5637620712639642	0.9999511088963755
7.5707088198259402	1.0001305131631788
7.5754668060226393	1.0000207972669739
7.5796771717731870	1.0000411850226982
7.5837789166443086	0.9999974571317588
7.5880825604713955	1.0000584065804363
7.5950717398218934	0.9998743520587113
7.5999690156398882	0.9999761396764053
7.6045456594431533	0.9999191982395108
7.6116926950849226	1.0001320916721281
7.6165000103730538	1.0000164483822023
7.6206577934646225	1.0000456453983513
7.6246246528045907	0.9999938679046694
7.6286356339660202	1.0000196725235955
7.6329077640160303	0.9999509110705642
7.6398654411738862	1.0001287131207082
7.6446921754903947	1.0000235047275852
7.6490325592407533	1.0000378035256152
7.6534161274403658	0.9999560049081639
7.6604038938911856	1.0001437274930187
7.6649488552651457	1.0000122499595991
7.6687913742964327	1.0000677364903976
7.6723681876363292	0.9999727607680461
7.6758526463191314	1.0000510719446325
7.6793083042732322	0.9999623750235141
7.6827587735424050	1.0000443076423182
7.6862145010805554	0.9999600483808427
7.6896783727061351	1.0000409575742319
7.6931540412543953	0.9999603888514330
7.6966418993423744	1.0000385759433252
7.7001455490765025	0.9999619541601794
7.7036661298422402	1.0000360447190944
7.7072089332770330	0.9999646015344631
7.7107775819092605	1.0000325249153423
7.7143812721344585	0.9999689406030038
7.7180296678578841	1.0000267611187643
7.7217421570900084	0.9999766109266117
7.7255467760389029	1.0000166128972348
7.7295021358453964	0.9999862041361957
7.7337526372200589	1.0000511729362327
7.7405091337872305	0.9998381907928089
7.7555922649366282	0.9996014778114110
7.7595234335939400	0.9998925221652980
7.7626800271499370	0.9998047539230450
7.7658727449067060	0.9999672858968864
7.7692874362733315	0.9999291097175477
7.7730056754719392	0.9999963369727524
7.7771998250053000	0.9999624587874968
7.7843291086777811	1.0001380029092715
7.7885363677083674	1.0000168871611983
7.7923151813857290	1.0000620382689689
7.7960623042568944	1.0000007447856092
7.7999592394961521	1.0000269323083237
7.8041973679542282	0.9999575544095002
7.8110723047111934	1.0001327124315960
7.8155253675114720	1.0000048255521050
7.8193931085472732	1.0000489142368862
7.8231046237566595	0.9999757298706716
7.8268152386642162	1.0000247728199811
7.8305692191707443	0.9999745444028665
7.8343731481474723	1.0000191799034923
7.8382241040775158	0.9999798666925620
7.8421207500354200	1.0000189002564290
7.8460766808199773	0.9999886060112839
7.8501284039886876	1.0000183728639573
7.8544063286784445	0.9999508566341798
7.8612942856601844	1.0001378318953356
7.8660632922987785	1.0000233610442988
7.8702132286701207	1.0000524209283421
7.8741704102269505	0.9999991084471705
7.8781734978489384	1.0000245467717044
7.8824441495766502	0.9999554173289212
7.8894148355345584	1.0001308597981153
7.8942319819330748	1.0000199196608330
7.8985638734633090	1.0000250317833896
7.9029470127061749	0.9999353846972951
7.9097541629775137	1.0001545851785469
7.9137029382357973	0.9999819707253155
7.9170484827238381	1.0000805062371116
7.9203164979927623	0.9999559936356334
7.9236617312982505	1.0000388997523109
7.9271215540117499	0.9999595580674115
7.9306991539115597	1.0000178403756232
7.9343894892194751	0.9999681408859021
7.9381816562176679	1.0000122959141451
7.9420768433728091	0.9999864298733551
7.9460948025677292	1.0000295667903412
7.9503628674694538	0.9999876785344349
7.9579203685168203	1.0001191020360907
7.9614845812605521	0.9999884379591802
7.9649097120090158	1.0000772822034258
7.9684227117584108	1.0000021878303007
7.9720926602435984	1.0000436505325192
7.9759693997575924	1.0000046463594339
7.9801987046495180	1.0000568960729184
7.9870369881784837	0.9998327414025292
7.9925505605604323	1.0003881507888532
7.9987181662948075	0.9998494293141057
8.0095294686177958	1.0003856650228971
8.0154729522060428	1.0000776964511449
8.0201237917062116	1.0000052813262861
8.0242651390254700	0.9999257969507280
8.0281911723980048	0.9999649600281321
8.0320624735663415	0.9999241247845669
8.0360349268182443	0.9999617822215062
8.0402935563917808	0.9999032013265503
8.0471077402714837	1.0001153641719329
8.0513919819904718	0.9999775584185667
8.0549701547460124	1.0000643528741811
8.0583073271781380	0.9999446674541749
8.0615745629310904	1.0000530712621323
8.0648315855300421	0.9999408522723741
8.0680998103083734	1.0000479032187777
8.0713889063992674	0.9999439717108823
8.0747011355203746	1.0000448826469617
8.0780394712742005	0.9999485707932045
8.0814030238235510	1.0000423909202196
8.0847936009958286	0.9999531215728368
8.0882097606835544	1.0000398963922208
8.0916533278313576	0.9999573281740376
8.0951232703073472	1.0000371723296273
8.0986222847851312	0.9999613929203653
8.1021507931973460	1.0000339075971918
8.1057138658928825	0.9999658963481315
8.1093156080540787	1.0000293805595641
8.1129671600322730	0.9999720841162658
8.1166827927536236	1.0000218773756091
8.1204923797108215	0.9999822389176560
8.1244496354136224	1.0000126096248882
8.1287018537939311	0.9999475654341654
8.1356261751159522	1.0001289117759038
8.1403776645213917	1.0000186103758282
8.1445511748079671	1.0000443521889417
8.1485488645812243	0.9999946915213124
8.1525831484201046	1.0000197403228337
8.1568611035181711	0.9999500524236253
8.1638197473240108	1.0001270245118450
8.1687336049323473	1.0000238340070966
8.1733122839971379	1.0000813537675057
8.1804404119891974	0.9998666464163835
8.1852491947769472	0.9999853181432660
8.1893533410306159	0.9999466451632236
8.1931697563503345	1.0000178961502926
8.1968779814306849	0.9999612458566296
8.2005411709663640	1.0000272600663656
8.2041867484832753	0.9999654404072658
8.2078210480658029	1.0000305278815895
8.2114484675831747	0.9999662528129238
8.2150675874085390	1.0000321006598527
8.2186802827518601	0.9999659977036021
8.2222854311739688	1.0000329770588148
8.2258861559124732	0.9999657460495672
8.2294832920755283	1.0000330991032462
8.2330822535421415	0.9999662431902389
8.2366866021930729	1.0000319882257200
8.2403050460544769	0.9999682722794857
8.2439454510752110	1.0000287946046671
8.2476227505660997	0.9999730428679834
8.2513547029934884	1.0000218779550643
8.2551741312461964	0.9999825560806830
8.2591367440999672	1.0000127741812566
8.2633905651930686	0.9999474903216747
8.2702833427107496	1.0001347263702041
8.2748415315558326	1.0000107896130506
8.2787288932797551	1.0000628627790227
8.2823550086522353	0.9999742118476472
8.2858882576699227	1.0000472363177468
8.2893940313073475	0.9999651380999923
8.2928995447339684	1.0000400698741374
8.2964200511154367	0.9999646279815435
8.2999643336480542	1.0000346913754135
8.3035439545297027	0.9999682727085850
8.3071703250911568	1.0000279061052377
8.3108639858095827	0.9999761650870189
8.3146541208791280	1.0000169486808121
8.3186004763361243	0.9999862570641044
8.3228485620481649	1.0000508733473903
8.3297551147462094	0.9998656610190594
8.3343431729710318	0.9999859798473003
8.3382917580174798	0.9999409092033281
8.3420033066905592	1.0000187157105196
8.3456526596062055	0.9999606016047394
8.3493094917028809	1.0000228940234233
8.3530183863063332	0.9999737511869151
8.3568164690097575	1.0000154384860616
8.3607669755704723	0.9999854649711908
8.3650162446151910	1.0000505724506161
8.3719154868277954	0.9998641758013951
8.3764612715358648	0.9999879643688711
8.3803449201404145	0.9999359841827228
8.3839697319510034	1.0000245688739979
8.3875035893721925	0.9999514050077989
8.3910044857112815	1.0000344658468585
8.3944985593073866	0.9999572803218086
8.3979929738214096	1.0000369147335322
8.4014937504205047	0.9999599989558038
8.4050014085426472	1.0000368892662881
8.4085195820797143	0.9999618847663694
8.4120487666377652	1.0000356882690344
8.4155934242083177	0.9999639978852117
8.4191557447510057	1.0000333980858096
8.4227427378358524	0.9999671526506232
8.4263604488944690	1.0000293922355863
8.4300219623650090	0.9999725869301788
8.4337433497334118	1.0000220371985651
8.4375560356460486	0.9999824269482137
8.4415148462512288	1.0000127250274258
8.4457675594030146	0.9999475811812670
8.4526639183526537	1.0001341522727833
8.4572368232168262	1.0000112526988214
8.4611416121814376	1.0000619819170808
8.4647816381653875	0.9999743977674733
8.4683212292085770	1.0000474795438543
8.4718220685425063	0.9999638050562630
8.4753072302938453	1.0000425539024034
8.4787870250466852	0.9999605296094074
8.4822639943891840	1.0000408001938710
8.4857413229597700	0.9999595721167968
8.4892186053800121	1.0000400438489254
8.4926982601334196	0.9999594934492877
8.4961796602581092	1.0000394665810473
8.4996654445790156	0.9999599011589365
8.5031553215704712	1.0000387093485124
8.5066524645767512	0.9999607672668006
8.5101572619813712	1.0000375223427911
8.5136738303190835	0.9999622527173776
8.5172038163170605	1.0000355936703003
8.5207531290989458	0.9999647251031558
8.5243259605549913	1.0000323770308179
8.5279320792227864	0.9999689481422517
8.5315816636473993	1.0000267370122620
8.5352945690705013	0.9999765863775724
8.5390992192647044	1.0000166078592798
8.5430545182057696	0.9999861948728881
8.5473050193854299	1.0000511621215240
8.5542532712188244	0.9998739334257341
8.5591449054819400	0.9999756901567792
8.5637190167229527	0.9999187580650524
8.5703080515732886	1.0002250767981833
8.5755541215272082	0.9999210387951785
8.5805929439270638	1.0002938714971934
8.5841107874122251	0.9999357461411469
8.5871970060149074	1.0000744948383657
8.5903027807029169	0.9999083251402767
8.5936090149075959	0.9999897919667857
8.5971415596721847	0.9999366263600490
8.6009390895414395	0.9999947198845662
8.6051488341901958	0.9999791815882645
8.6125585161850893	1.0001897034109157
8.6176087629932834	1.0000261789331850
8.6249683063121410	1.0002436719767698
8.6295877430572983	1.0000318634581873
8.6339427099755088	0.9999572559591682
8.6382696963114505	0.9998213003574484
8.6430169545445548	1.0002226219852148
8.6483482508542284	0.9996943080884941
8.6525439435927147	0.9999168176726940
8.6565465370214074	0.9999335867150381
8.6602742566930875	1.0000294623943728
8.6639038458368454	0.9999769577182188
8.6675747467620319	1.0000349814347973
8.6714349143301845	1.0000032053612398
8.6756629299931038	1.0000662856235698
8.6824562172553179	0.9998599910614498
8.6866531331494432	1.0000041597653080
8.6902049454852843	0.9999220386932183
8.6935727873294990	1.0000363239978833
8.6969186736279607	0.9999441974016263
8.7002901103074457	1.0000392395532163
8.7037068565390641	0.9999561170263316
8.7071734599093205	1.0000349576411520
8.7106973761539042	0.9999645208675847
8.7142849231441684	1.0000273931230237
8.7179525603162080	0.9999740842228243
8.7217259918272845	1.0000156794505164
8.7256629184478367	0.9999847615615368
8.7299082961286967	1.0000490425859190
8.7368126564783211	0.9998635006103166
8.7413695092501182	0.9999858237949383
8.7452769355932052	0.9999368293452867
8.7489366421766306	1.0000210306845534
8.7525174524324516	0.9999542891422258
8.7560803204796169	1.0000290603892592
8.7596563503113707	0.9999631226781673
8.7632599290570639	1.0000281956170085
8.7669079695418155	0.9999709323407899
8.7706178164988930	1.0000217572797456
8.7744217371394484	0.9999819778644551
8.7783751100901561	1.0000126423793647
8.7826263550869701	0.9999478572613899
8.7895538113580933	1.0001288011669074
8.7943351513639882	1.0000212249316596
8.7985711437889336	1.0000413523730065
8.8026898854919349	0.9999985955861789
8.8069980416699849	1.0000608219252032
8.8139890951201778	0.9998784797510548
8.8188452062460776	0.9999826942883069
8.8232084123340577	0.9999686638190707
8.8275967651590221	1.0000509158082047
8.8346247851260511	0.9998698391571312
8.8390607738024247	1.0000017159235521
8.8428953556516809	0.9999558022607563
8.8466245106584349	1.0000218582314915
8.8504983026082265	0.9999923942175549
8.8547323970937413	1.0000558708036200
8.8614290265658493	0.9998263889039058
8.8649657889542546	1.0000238164954607
8.8680383407112195	0.9998838183588659
8.8710822737929682	1.0000406143789595
8.8742036092041783	0.9999207848330727
8.8774131081863565	1.0000359812703266
8.8807059415742771	0.9999380792842106
8.8840669669469818	1.0000298342191825
8.8874866825475891	0.9999462375156456
8.8909547257847557	1.0000248405926095
8.8944686623708709	0.9999521244246621
8.8980281409191360	1.0000200675188224
8.9016423933617368	0.9999599105706677
8.9053261717627503	1.0000129260642490
8.9091108378669173	0.9999726344195652
8.9130526072970078	1.0000043510979728
8.9173006388860312	0.9999408405270189
8.9243125896078173	1.0001072675476990
8.9291143260266033	0.9999999386608326
8.9334508501837213	1.0000051826801941
8.9378315906199859	0.9999127807439202
8.9448622607646513	1.0000665380903835
8.9497535127025660	1.0000484383769361
8.9542861479790830	1.0000807118705182
8.9628480395454471	0.9999003990429108
8.9666410566594088	1.0000983052694428
8.9705517959713994	1.0000678333710615
8.9746532394868268	1.0000939428709303
8.9789131551059143	1.0000993492285188
8.9872785997771185	1.0002492602905029
8.9909814132243344	1.0000332315344318
8.9948604577711766	1.0000366602207504
8.9989482733494626	0.9999648507665900
9.0032026801375320	0.9998905847308530
9.0119168078679621	0.9995959619530049
9.0158276719397890	0.9998672524685314
9.0193685798814975	0.9998145392885979
9.0230046648306015	0.9998901869020279
9.0268386103878182	0.9998843338087727
9.0308340994765395	0.9999059227995594
9.0350799677278513	0.9998063556870610
9.0406985538471645	1.0001221767169137
9.0753240677185758	1.0003188565172725
9.0805628161958865	1.0001718144303284
9.0847435653208741	1.0001667837268973
9.0886306161561912	1.0000735846057704
9.0925758029980877	1.0000577101852539
9.0968487905596813	0.9999905772629832
9.1058966808403490	1.0000391550830647
9.1138603438985086	0.9999176511939677
9.1186054892686723	1.0000115496898550
9.1231715970259231	0.9999825771404810
9.1317144411684765	1.0002282275260259
9.1356797686689131	1.0000877193322002
9.1396095692162778	1.0000769656327486
9.1435633100266340	1.0000240275782886
9.1475135700286891	1.0000481474449225
9.1514085854453047	0.9999944507481011
9.1551998112367965	1.0000451354080151
9.1589027596121984	0.9999805499507410
9.1625657405608951	1.0000354774162750
9.1662556088270311	0.9999796374933666
9.1700238681611363	1.0000215717056822
9.1739517925991798	0.9999890162666802
9.1781944725333844	1.0000526513788168
9.1851426379124224	0.9998746740977986
9.1900083097492065	0.9999760896529249
9.1945748183236944	0.9999197219296866
9.2017437982063726	1.0001281018420156
9.2067063147724628	1.0000223896997555
9.2113026750058218	1.0000800445635629
9.2184607489648638	0.9998643856617343
9.2231981156219529	0.9999835856990108
9.2272820440869836	0.9999505582142799
9.2311897552843352	1.0000055604625473
9.2351664300906933	0.9999791144502517
9.2394280049855908	1.0000467709202314
9.2463589448725738	0.9998632100102547
9.2509099090830063	0.9999843460231077
9.2548550210894280	0.9999433349918733
9.2586230365605857	1.0000110953483901
9.2624135528684839	0.9999730810992560
9.2663438001764451	1.0000086404598010
9.2705911355026061	0.9999470645922935
9.2775293998104065	1.0001293630539034
9.2822186024173536	1.0000194281260630
9.2863715645003371	1.0000420807181098
9.2904387188502220	0.9999977417185927
9.2947328777825593	1.0000574529433575
9.3016948177240266	0.9998680433258257
9.3063345114251810	0.9999827890980159
9.3103898032597954	0.9999506756957570
9.3142928156810676	1.0000050670430047
9.3182706148266856	0.9999789463329253
9.3225319434609126	1.0000467662171697
9.3294746293127435	0.9998659241235268
9.3341193923807104	0.9999810862794817
9.3381864024825791	0.9999504784706681
9.3420999334754082	1.0000045345672468
9.3460844828358667	0.9999787542240298
9.3503475664319389	1.0000469028344161
9.3573187573884784	0.9998716043151894
9.3623197530964077	1.0000244938908740
9.3697499047756629	0.9998246949194657
9.3744026043325928	0.9999806977256134
9.3781921628319100	0.9999180081073598
9.3816613617672164	1.0000305318343705
9.3850213488850152	0.9999363952207779
9.3883407136396713	1.0000445745952575
9.3916476831297633	0.9999433446762428
9.3949488811609569	1.0000491030483758
9.3982496070108965	0.9999459416982820
9.4015494191125093	1.0000505455252893
9.4048511119408840	0.9999470846206294
9.4081540145123217	1.0000507093642548
9.4114610630768052	0.9999479817279465
9.4147720640345849	1.0000501064602283
9.4180903805495664	0.9999491480895908
9.4214163158380977	1.0000488399610794
9.4247537179113365	0.9999508438334173
9.4281034727277611	1.0000468566244356
9.4314701101706380	0.9999532735171168
9.4348554326052092	1.0000439884136660
9.4382651824033736	0.9999567148189963
9.4417029133722625	1.0000398870432363
9.4451768830844571	0.9999616822956773
9.4486944947817015	1.0000338144674761
9.4522701182570525	0.9999692783822179
9.4559213759621787	1.0000241467944411
9.4596815445117777	0.9999814666300615
9.4636082202635521	1.0000126306436379
9.4678522435873624	0.9999486468556734
9.4747253066088657	1.0001399730336216
9.4790959197865128	1.0000051600188089
9.4827878164510331	1.0000744958092984
9.4862385027663283	0.9999664674514211
9.4896152090955592	1.0000571919674170
9.4929787903662692	0.9999577518900800
9.4963528489538511	1.0000481572538562
9.4997498291480920	0.9999578648525258
9.5031760612492100	1.0000416038082340
9.5066402509844785	0.9999618832595458
9.5101499638343814	1.0000345318869310
9.5137193371906719	0.9999692777849147
9.5173658669006027	1.0000244193495467
9.5211226741108490	0.9999814899815667
9.5250473574386447	1.0000126778497322
9.5292908339694922	0.9999487478236622
9.5361774996146593	1.0001375333446800
9.5406220816089498	1.0000083496540888
9.5444050221640495	1.0000678607343907
9.5479548269446788	0.9999726105828999
9.5514410277779991	1.0000486171126697
9.5549293747336446	0.9999666036549849
9.5584500650992261	1.0000368886368014
9.5620248214885351	0.9999708289433622
9.5656745046913549	1.0000251701364213
9.5694331658494995	0.9999819676464434
9.5733589012322824	1.0000129261450117
9.5776026585180141	0.9999488444113910
9.5845544168839609	1.0001253107117625
9.5894255296322246	1.0000238249706070
9.5939925642477419	1.0000799484416036
9.6011227929264624	0.9998650341608369
9.6058463990348670	0.9999850129672276
9.6098966293972428	0.9999472699427674
9.6137304414586833	1.0000108653719417
9.6175624417020522	0.9999743242559533
9.6215158887493608	1.0000090537694084
9.6257697046515993	0.9999465340617413
9.6327270067032682	1.0001251514537615
9.6377266897001270	0.9999732329147556
9.6451555908626876	1.0001726987040886
9.6498623815350903	1.0000195639831488
9.6537118239192505	1.0000764173066625
9.6572455396378505	0.9999720801092383
9.6606738384241559	1.0000567689149766
9.6640712824111557	0.9999598822638156
9.6674648247049131	1.0000485157252790
9.6708652206421046	0.9999570704525553
9.6742747558470885	1.0000445987284408
9.6776958204270223	0.9999570701290428
9.6811271285245937	1.0000423642784650
9.6845699729786112	0.9999579110514409
9.6880225057740734	1.0000408070059648
9.6914859027540849	0.9999589536662050
9.6949582274184962	1.0000395572614309
9.6984407042243941	0.9999599982533679
9.7019314449316827	1.0000384651437995
9.7054318102894648	0.9999610073427022
9.7089400812814937	1.0000374385886142
9.7124578908320149	0.9999620231976549
9.7159838732911830	1.0000363734566293
9.7195201711308865	0.9999631570948735
9.7230660910910860	1.0000351057629535
9.7266247205178118	0.9999646190538888
9.7301966439798608	1.0000333469845142
9.7337867733139181	0.9999668007049197
9.7373982801232000	1.0000305489917867
9.7410399741195199	0.9999704855172339
9.7447210378100948	1.0000255611922557
9.7484603338929752	0.9999773677271528
9.7522851382900679	1.0000162592488302
9.7562529451338751	0.9999861672289104
9.7605068350465238	1.0000515925341829
9.7674157042467122	0.9998671379011710
9.7720678565100023	0.9999848075127846
9.7760797709796439	0.9999436177899118
9.7798402344493116	1.0000178999646756
9.7835204604089530	0.9999611717297637
9.7871868199868359	1.0000242425952477
9.7908777719070255	0.9999709501554876
9.7946183200156991	1.0000203371452685
9.7984438617862288	0.9999819115174619
9.8024100962228324	1.0000123773950749
9.8066649254175893	0.9999471622017784
9.8135621023426012	1.0001336727536447
9.8181538123669103	1.0000116665810781
9.8220782694814730	1.0000608947617449
9.8257366947162907	0.9999752164555984
9.8292945291873792	1.0000462266578345
9.8328152518652470	0.9999651135040929
9.8363239555836746	1.0000407359067280
9.8398332657019125	0.9999627859791048
9.8433484275100334	1.0000377617646108
9.8468759819346108	0.9999635234825827
9.8504197490207215	1.0000348019745890
9.8539878052014842	0.9999663768709383
9.8575872385169010	1.0000303542964610
9.8612319988254775	0.9999719941732416
9.8649390341433261	1.0000225217809147
9.8687406065843195	0.9999822521585935
9.8726924951927799	1.0000127242838268
9.8769433433529468	0.9999478261070210
9.8838650270426331	1.0001297322279006
9.8885855402420049	1.0000180546362838
9.8927249292251673	1.0000455240904402
9.8966944621896928	0.9999944270728383
9.9007110087979679	1.0000197768658983
9.9049841718358635	0.9999506421778561
9.9119037520392670	1.0001350775964706
9.9165101431727294	1.0000136872657162
9.9204665682712658	1.0000582245645342
9.9241827462884729	0.9999803298466451
9.9278321307273316	1.0000384563435356
9.9314891110327412	0.9999759685929748
9.9351957725540476	1.0000252479034839
9.9389933142798323	0.9999834418941097
9.9429419210220349	1.0000134381170449
9.9471919537163682	0.9999483406015716
9.9540747329741546	1.0001374706333632
9.9585386546257357	1.0000077837907890
9.9623187842937586	1.0000695951973659
9.9658384312948947	0.9999688032802859
9.9692651140648998	1.0000546343271501
9.9726610489145617	0.9999583555951163
9.9760502566972136	1.0000482126497865
9.9794446342713812	0.9999562601696396
9.9828490050794176	1.0000444174985872
9.9862693976132899	0.9999574231470720
9.9897089704448092	1.0000408375280720
9.9931746002059487	0.9999606141715370
9.9966715081839865	1.0000361571993046
