0.0000000000000000	0.0000000000000000
2.1434214153035653	0.0010000000000000
2.1559042899680367	0.0012757161679129
2.1606343447439822	0.0012674412800852
2.1651733876343418	0.0013909182445451
2.1698350803716813	0.0016338440937973
2.1745198978947600	0.0019844784045632
2.1818465321364093	0.0023425453902510
2.1875431484769030	0.0032780358082007
2.1930500448436812	0.0036374688224148
2.1984792925700596	0.0044716804579070
2.2049368301343693	0.0050969587393545
2.2116263825379492	0.0070659979550847
2.2199882514315927	0.0087467429385327
2.2359971242740841	0.0150118064156890
2.2774148930667781	0.0592579806760054
2.2976795698062360	0.1114448243620933
2.3027059574013991	0.1293023362574985
2.3079337812074154	0.1506847212525090
2.3383213398102307	0.3337871706996282
2.3433070904398519	0.3737355270450239
2.3470810705758596	0.4050531247623702
2.3512192325083512	0.4405159888807668
2.3553522796706940	0.4766346095185657
2.3599309078514734	0.5171017831450703
2.3642952284963248	0.5556365300377156
2.3689066432478465	0.5958342626916576
2.3731261073217222	0.6316397360388623
2.3773533265317082	0.6663185296147823
2.3812942899296057	0.6971417759591523
2.3852811109413969	0.7268023508470092
2.3892346175602608	0.7543662570544968
2.3933588751914177	0.7811878077389076
2.3975759481877712	0.8064134217278119
2.4019996973703299	0.8305607755510767
2.4065162856602278	0.8526421815226995
2.4112936231677837	0.8738014888489399
2.4163005297925673	0.8926876539555353
2.4212602742903981	0.9091212887439257
2.4431400664233953	0.9570485744665919
2.4476371296975277	0.9631846985520622
2.4511817155163911	0.9679988439654260
2.4550735122242333	0.9722596793622295
2.4589984273443641	0.9760292837549304
2.4630851681865815	0.9793719741181084
2.4673085404074082	0.9824039176251070
2.4715393002532364	0.9849914815160713
2.4757817899022605	0.9871517613849894
2.4801254631546983	0.9890144109173289
2.4844802757098070	0.9907468124102482
2.4897277013809136	0.9920017245031401
2.4972892436006786	0.9944573134141751
2.5082767130900305	0.9957027236698569
2.5124735550265398	0.9965346226867435
2.5170114663633867	0.9971057325940909
2.5214049099729099	0.9976561902634716
2.5260521322244895	0.9976419199261168
2.5297488275974089	0.9981606956322860
2.5341219889649023	0.9984606378971954
2.5383961246782571	0.9987766922901138
2.5430181442136393	0.9987406269978060
2.5477737693112594	0.9993025628030968
2.5513754388461023	0.9991690109327314
2.5546058473737077	0.9993903850741961
2.5579483990186005	0.9993801692342721
2.5616293966628367	0.9995059487364040
2.5658213205105262	0.9995540166397060
2.5730113462902859	0.9998654094332370
2.5780169991067736	0.9998039158214599
2.5878050073534582	0.9997746950536984
2.5924967864226498	0.9997823855686414
2.5968439727712425	0.9998050327835842
2.6010838624940487	0.9998247042430334
2.6052797376937247	0.9999085623312978
2.6094115676500165	0.9999181700204952
2.6134992762739175	0.9999803941460261
2.6175860995027578	0.9999720547509954
2.6217092486223676	1.0000234580671816
2.6260124723868956	0.9999896221124263
2.6345428137835918	0.9999816016965333
2.6425566709676303	0.9998882900773897
2.6461311937596368	1.0000378788762998
2.6496279015037185	0.9999558846223183
2.6532354695758138	1.0000112793097133
2.6569625733273909	0.9999687276518793
2.6607667887242012	1.0000223118974445
2.6646013622112585	0.9999887324948439
2.6684401774238657	1.0000433009045184
2.6722879115811358	1.0000069990426346
2.6761781277793020	1.0000475683732535
2.6801819791952535	1.0000193479286197
2.6844463814812127	1.0000857044574134
2.6912944645390771	0.9998869181677082
2.6958259978576309	1.0000118823721875
2.6996584640016223	0.9999504267535687
2.7032185298911982	1.0000437841287195
2.7066866378993142	0.9999605575674232
2.7101270708540079	1.0000482348254636
2.7135709231207552	0.9999640909167494
2.7170307033909591	1.0000448501328207
2.7205192946194376	0.9999672203837584
2.7240462018073575	1.0000378748546366
2.7276275234079810	0.9999730051986999
2.7312820240635314	1.0000270518251486
2.7350439569080343	0.9999838759320150
2.7389715198532758	1.0000145483027465
2.7432158165545659	0.9999501276709174
2.7501071630514220	1.0001375927063476
2.7545836866373499	1.0000103025497267
2.7584031392155226	1.0000662263215743
2.7619888813621332	0.9999749306860057
2.7655096650149358	1.0000469608391260
2.7690308668447199	0.9999686564351030
2.7725820298393522	1.0000356967327839
2.7761840100259283	0.9999722577464495
2.7798566075099891	1.0000246959824404
2.7836327527200213	0.9999825610990450
2.7875692452312393	1.0000131909864478
2.7918158732543308	0.9999487002466548
2.7987330818928946	1.0001314940675916
2.8033889913897752	1.0000162934611010
2.8074424163964893	1.0000506322759413
2.8113019663622096	0.9999895016019559
2.8151581971066584	1.0000242074487125
2.8191294533664339	0.9999899677045573
2.8233865776693299	1.0000531206852612
2.8303077322301315	0.9998678090279566
2.8349544182523680	0.9999840884352128
2.8389827539002490	0.9999462211039507
2.8427924899819650	1.0000132451576993
2.8465668729219780	0.9999692737113236
2.8503936920780100	1.0000127260042981
2.8543569147912620	0.9999839896927304
2.8586102374308031	1.0000500591322496
2.8655374495379000	0.9998688379480120
2.8702571769321290	0.9999806421058495
2.8743978561729078	0.9999532746034154
2.8783664138579930	1.0000044124935912
2.8823838448516073	0.9999790820412343
2.8866559955677955	1.0000481971241064
2.8935698550872258	0.9998623218480314
2.8981206410851650	0.9999869593227232
2.9020128694072382	0.9999369686804288
2.9056637512561525	1.0000211760043258
2.9092541861724706	0.9999573778702381
2.9128573155750455	1.0000248215884453
2.9165204810517578	0.9999721114922548
2.9202834511624398	1.0000160071275879
2.9242122550429031	0.9999854691796868
2.9284557298503495	1.0000498170355274
2.9353531566812441	0.9998627611647372
2.9398397962704763	0.9999890068672687
2.9436723863054026	0.9999338608522657
2.9472641465802512	1.0000248684464166
2.9507822689384109	0.9999512924764510
2.9542825515767746	1.0000334672675140
2.9577888987937420	0.9999586999126178
2.9613060963308029	1.0000350034203866
2.9648376412131534	0.9999621705976905
2.9683811944143685	1.0000346947000738
2.9719372481838615	0.9999639845305833
2.9755027252899695	1.0000340159939314
2.9790780809206501	0.9999650837634894
2.9826608156865380	1.0000332803081271
2.9862523122589115	0.9999659929086342
2.9898514154308038	1.0000323329762322
2.9934612971402976	0.9999672094597448
2.9970831544166234	1.0000307127379031
3.0007233190684741	0.9999694311425530
3.0043873372634766	1.0000275503496527
3.0080879773770399	0.9999738981588407
3.0118409596770870	1.0000211155704035
3.0156771987924791	0.9999827505710064
3.0196504648154594	1.0000126868627048
3.0239071459539937	0.9999470090682621
3.0307902214283580	1.0001358976827681
3.0353123086461102	1.0000085279205886
3.0391394326546859	1.0000675046228715
3.0426859168175753	0.9999685797148480
3.0461206647956169	1.0000549024504615
3.0495081129649710	0.9999564300590144
3.0528737541904793	1.0000506072070550
3.0562302939903851	0.9999525889354336
3.0595826287025134	1.0000487747255933
3.0629361718769834	0.9999518145552690
3.0662925445712097	1.0000474137257187
3.0696560380722331	0.9999524996922984
3.0730277236469270	1.0000457954296074
3.0764118747443092	0.9999541449044800
3.0798098085592427	1.0000435898331534
3.0832264058023982	0.9999567023562010
3.0866640067357816	1.0000404893120312
3.0901290823736018	0.9999604409254370
3.0936264208249824	1.0000359641298333
3.0971663000882352	0.9999660774598632
3.1007595324232446	1.0000288899904806
3.1044266726223873	0.9999752482521772
3.1081972022089146	1.0000172572985784
3.1121316392177083	0.9999862956362119
3.1163764952109960	1.0000505138003140
3.1232826518396664	0.9998651014922779
3.1278420562930545	0.9999863921673855
3.1317680490431048	0.9999404636688691
3.1354711396172230	1.0000179598396699
3.1391306739992015	0.9999626111835268
3.1428229442508306	1.0000193187535038
3.1466052740348402	0.9999793985440675
3.1505430363282527	1.0000115112218873
3.1547904521598253	0.9999478410233522
3.1616705036789572	1.0001384354043270
3.1660899183860720	1.0000065931369653
3.1698280995667361	1.0000719682413894
3.1733141171127928	0.9999676147414759
3.1767140202987161	1.0000563714870043
3.1800878822787322	0.9999573809871934
3.1834577965010875	1.0000495964568041
3.1868338995180867	0.9999552016039112
3.1902192451467970	1.0000459472493661
3.1936179893646810	0.9999558595125425
3.1970311425726030	1.0000430716107831
3.2004630091846500	0.9999579614136140
3.2039155058567839	1.0000398472762202
3.2073946855235986	0.9999613726219306
3.2109050208933292	1.0000354249324086
3.2144565228802291	0.9999666956099031
3.2180597712654051	1.0000285544555356
3.2217351068552555	0.9999755414537886
3.2255117665690594	1.0000171641647364
3.2294499499198661	0.9999862890148731
3.2336958134688132	1.0000506263051692
3.2406206516975042	0.9998687524778707
3.2453069813925706	0.9999812749119619
3.2494165385264480	0.9999524319973565
3.2533620652471020	1.0000046324951548
3.2573657258746147	0.9999790665381962
3.2616340687171594	1.0000477431704502
3.2685626966516503	0.9998645381662411
3.2731766448407367	0.9999839631881751
3.2771653205971192	0.9999437513726828
3.2809386324652849	1.0000139430743324
3.2846827961850908	0.9999680367784842
3.2884868741953150	1.0000129186484339
3.2924361778803326	0.9999839174995618
3.2966857305443020	1.0000495455449347
3.3036133931651697	0.9998682663938540
3.3083033185583819	0.9999810000212037
3.3124155752856561	0.9999523659386818
3.3163629349508423	1.0000045377582423
3.3203676593796057	0.9999790174658058
3.3246362973473573	1.0000477436874038
3.3315516740323901	0.9998620810969551
3.3360856991405687	0.9999873616957411
3.3399603550391403	0.9999357159803390
3.3435891935989912	1.0000228996121050
3.3471457148789172	0.9999541181004370
3.3506936630481112	1.0000296809827875
3.3542671811309925	0.9999645052638148
3.3578848863431454	1.0000264945299655
3.3615706763529469	0.9999748909625236
3.3653546094488958	1.0000165052182088
3.3692971563980847	0.9999859667149906
3.3735441960674444	1.0000505871837870
3.3804366214594741	0.9998627615548163
3.3849291697008157	0.9999897241264383
3.3887521159492788	0.9999323456293621
3.3923176545477531	1.0000273954700862
3.3957944061379881	0.9999477606205784
3.3992399578207646	1.0000375086628506
3.4026800823472394	0.9999539375802814
3.4061218934272266	1.0000399091411636
3.4095715088286820	0.9999569799566242
3.4130296986152078	1.0000396707987429
3.4165003726898324	0.9999592311347926
3.4199843851465315	1.0000381233939475
3.4234865427707137	0.9999617865736713
3.4270094435608081	1.0000353642283759
3.4305604856609917	0.9999654825079318
3.4341461654796595	1.0000307703406461
3.4377800205495559	0.9999715660991009
3.4414786779701676	1.0000227163877795
3.4452742352857193	0.9999821362349658
3.4492225087881438	1.0000127072568776
3.4534723609449429	0.9999479440020143
3.4603831591881100	1.0001319310319856
3.4650246297615483	1.0000149045155713
3.4690440391232511	1.0000532714272410
3.4728466104999756	0.9999854828463443
3.4766127812888956	1.0000299608522258
3.4804346276073903	0.9999861228671888
3.4843932342386230	1.0000149301501213
3.4886465798395552	0.9999489502962182
3.4955647658813414	1.0001315261989481
3.5002383567297586	1.0000164262566957
3.5043057101799100	1.0000501562445634
3.5081743642063250	0.9999894702770287
3.5120361400096676	1.0000239981688903
3.5160104185273742	0.9999898433690539
3.5202684317880206	1.0000531267332267
3.5272161313366523	0.9998728136907569
3.5320454313408298	0.9999763865484896
3.5363924554276083	0.9999617254694246
3.5407763467164819	1.0000434601962482
3.5477973135218526	0.9998616428375792
3.5525578757434078	0.9999784131568843
3.5567095740854491	0.9999518195633440
3.5606790055807309	1.0000038739536783
3.5646952673559835	0.9999787416778135
3.5689672903295224	1.0000479324336939
3.5758828088256576	0.9998622435692709
3.5804299398330484	0.9999872245449247
3.5843140906550808	0.9999360200375308
3.5879476720556132	1.0000229814307215
3.5915052269647361	0.9999540463312309
3.5950516407917226	1.0000299176052598
3.5986220304973764	0.9999642988963908
3.6022358644546930	1.0000267103944485
3.6059177695054778	0.9999747533411047
3.6096984419527267	1.0000165794261509
3.6136388945067770	0.9999859762343520
3.6178853898940773	1.0000505185343602
3.6248286651177222	0.9998722025570121
3.6296427910038460	0.9999760601837002
3.6339798493190538	0.9999615106606988
3.6383609651208100	1.0000430272790399
3.6453510108416998	0.9998556190854971
3.6498995339158773	0.9999862081741848
3.6537563899075542	0.9999326731253266
3.6573569760570974	1.0000238755080897
3.6608829371250859	0.9999518647616952
3.6644010297322156	1.0000309209575302
3.6679469249419698	0.9999630228155292
3.6715402319884882	1.0000273705802443
3.6752057091884862	0.9999741896296553
3.6789742662334910	1.0000167596518632
3.6829073672554813	0.9999859730132836
3.6871518734547468	1.0000502583230597
3.6941057056994371	0.9998738421078293
3.6989791046374192	0.9999753434566846
3.7035484571885804	0.9999192866209728
3.7107203705856828	1.0001273042356791
3.7156933903541023	1.0000218906271645
3.7202930012371342	1.0000797914064978
3.7274219013797811	0.9998595714612574
3.7319946676513331	0.9999912039523734
3.7358251002381033	0.9999317263646160
3.7393835748994118	1.0000276514175914
3.7428613385351990	0.9999491024832829
3.7463267955609125	1.0000346356570067
3.7498138191341099	0.9999591943155219
3.7533383523368244	1.0000320672359202
3.7569184932023698	0.9999685575469071
3.7605728550212221	1.0000236027502660
3.7643352256764402	0.9999812753296885
3.7682631817664585	1.0000125335285603
3.7725075643958976	0.9999485767826329
3.7794494142858897	1.0001270173769157
3.7842504973705857	1.0000228941366267
3.7885756803960327	1.0000375441260996
3.7929549268538802	0.9999563215872831
3.7999731322187995	1.0001384398996556
3.8046890498165040	1.0000200291421344
3.8087946987115688	1.0000487011650929
3.8127312039741730	0.9999949190800154
3.8167261930449197	1.0000203587642451
3.8209936222479968	0.9999517376227419
3.8278833482659826	1.0001419177210480
3.8322626946743776	1.0000059141184465
3.8359549835323961	1.0000753556914432
3.8394002487430670	0.9999660357039567
3.8427660685117391	1.0000585726497686
3.8461124344693207	0.9999561956512877
3.8494614655356854	1.0000506080935587
3.8528235809185953	0.9999548128934735
3.8562023842002273	1.0000457829213687
3.8596028663811266	0.9999565710796759
3.8630272369898377	1.0000415498121156
3.8664815283599769	0.9999601818738888
3.8699701931291393	1.0000364839245965
3.8735031544408756	0.9999658721359844
3.8770909786146235	1.0000291119174023
3.8807540115469545	0.9999751317267279
3.8845216261709772	1.0000172847780517
3.8884543248030203	0.9999862587545700
3.8926987056231726	1.0000503984407785
3.8996524508971260	0.9998739019589512
3.9045259082033974	0.9999753697028672
3.9090952601516418	0.9999192947581428
3.9162265177639211	1.0001343932658873
3.9209301285604488	1.0000128036554743
3.9249423872463365	1.0000545509190739
3.9287191645055151	0.9999840568693509
3.9324584485746890	1.0000308590088247
3.9362585864426647	0.9999857292429187
3.9402035606322290	1.0000149205834372
3.9444532597315822	0.9999494373983298
3.9513428980449699	1.0001375499194529
3.9558093976339772	1.0000086773872265
3.9596039785218009	1.0000681050941029
3.9631497380811020	0.9999711329850349
3.9666133982054661	1.0000514894760926
3.9700568356361536	0.9999620818341275
3.9735042709112860	1.0000436629414982
3.9769682794232959	0.9999614492297797
3.9804550985742737	1.0000382961468888
3.9839732190022099	0.9999645087508234
3.9875299101870443	1.0000323857463134
3.9911390131332798	0.9999708269601386
3.9948175795885135	1.0000234324676585
3.9985981363686429	0.9999819335695673
4.0025372489490731	1.0000127217322701
4.0067846168588215	0.9999482730760662
4.0136712749714070	1.0001368853304538
4.0181446395188178	1.0000086212183505
4.0219462897166567	1.0000675086224040
4.0254992553321260	0.9999715264540522
4.0289721576025261	1.0000505404173448
4.0324293529247486	0.9999633300134576
4.0358979971779494	1.0000416103101464
4.0393943281585658	0.9999643291878864
4.0429294287332329	1.0000340862435160
4.0465188099941187	0.9999703613490005
4.0501807515993837	1.0000241641375558
4.0539486212475859	0.9999818009901119
4.0578799326705921	1.0000127585113445
4.0621252075969414	0.9999485628478232
4.0690756282822713	1.0001252726307230
4.0739511331682490	1.0000237337434750
4.0785193175034529	1.0000800676246713
4.0856421545931605	0.9998640157644710
4.0903329770340049	0.9999865730785267
4.0943301402577141	0.9999435139035593
4.0980899407347442	1.0000154187473547
4.1018161558244328	0.9999675728888098
4.1056047165749945	1.0000133699392622
4.1095440232812006	0.9999840018492084
4.1137909671866462	1.0000492156607428
4.1207391361900125	0.9998715500199289
4.1255377343365121	0.9999758372677304
4.1298631240117407	0.9999613081840751
4.1342411176710989	1.0000425081810260
4.1412213928204444	0.9998532288105044
4.1456874293323427	0.9999885493859509
4.1494576049755771	0.9999275576432630
4.1529811015731939	1.0000270010404555
4.1564400365940646	0.9999479134536245
4.1599001543643119	1.0000334124976615
4.1633964324254826	0.9999605457740216
4.1669482729295932	1.0000288771785888
4.1705805629889605	0.9999730720609806
4.1743246745197684	1.0000171711405581
4.1782429813803752	0.9999859820925963
4.1824835113275913	1.0000497426606338
4.1893976792642240	0.9998656617212571
4.1939698877479303	0.9999844736788912
4.1979396887772849	0.9999448077792731
4.2017278255023145	1.0000108881454737
4.2055326740906356	0.9999735100116451
4.2094713905869590	1.0000087279928891
4.2137210181101192	0.9999467833899144
4.2206471849474818	1.0001312318334932
4.2252768920081287	1.0000164894947263
4.2293272938205089	1.0000484718893954
4.2332296094757291	0.9999939584025204
4.2372057723682497	1.0000200226437033
4.2414678769445118	0.9999521301535190
4.2483937192669750	1.0001356017017815
4.2529605611807764	1.0000148518452916
4.2569169729725713	1.0000551957125461
4.2606945455905700	0.9999880036959259
4.2644898355274696	1.0000257683297840
4.2684242053985200	0.9999903085511357
4.2726714136248916	1.0000519948452151
4.2796353924992312	0.9998741749663855
4.2846314414866669	1.0000252412453883
4.2920842875000931	0.9998287343311856
4.2968639614155961	0.9999753573101267
4.3008414204088092	0.9999332158441104
4.3045542799974639	1.0000135478596912
4.3082346699495950	0.9999635104841751
4.3119870545105616	1.0000126909899238
4.3159041166082499	0.9999832737551489
4.3201451211122146	1.0000480324441414
4.3270489818132631	0.9998619233978614
4.3315146753433984	0.9999876943071970
4.3353585273066475	0.9999370622081749
4.3390123228242228	1.0000171465505963
4.3426634417160637	0.9999645862861519
4.3464004196358692	1.0000136831382143
4.3503096470811036	0.9999837427131455
4.3545483726384395	1.0000480538003655
4.3614862090626483	0.9998682797709991
4.3661519386093994	0.9999792164270381
4.3702875907092471	0.9999561878732193
4.3743426674601000	1.0000009453568721
4.3786349112362082	0.9999417546818997
4.3856310384931225	1.0001247253703298
4.3904957533073521	1.0000234592219375
4.3950622092609803	1.0000790263107500
4.4021913264406098	0.9998623662960393
4.4068120480495994	0.9999868245329616
4.4107600100433215	0.9999428131504327
4.4145124029067926	1.0000123102116694
4.4182861440568946	0.9999727748877346
4.4222051291795506	1.0000086565027850
4.4264496410882028	0.9999474807816577
4.4333611351951996	1.0001351009821182
4.4378523334838640	1.0000123461593213
4.4417400334108939	1.0000576280970157
4.4454649669730193	0.9999867619694587
4.4492233462028921	1.0000266105186628
4.4531361118236514	0.9999904769515313
4.4573774927710712	1.0000513527160171
4.4643036626754453	0.9998661640689028
4.4688586489314615	0.9999835936868692
4.4728429484769894	0.9999480067507373
4.4766956635014621	1.0000052461476190
4.4806442122023675	0.9999786358270613
4.4848975729559841	1.0000456285405848
4.4918783346449223	0.9998718335291573
4.4967209834888449	0.9999740063834365
4.5012829259294191	0.9999200059501580
4.5083708584145992	1.0001445603284598
4.5127130317045347	1.0000021459037316
4.5163462247647086	1.0000769325370749
4.5197736583773072	0.9999690089787844
4.5231811224628498	1.0000510191706726
4.5266410957775571	0.9999693119402796
4.5301935002828753	1.0000308297327338
4.5338790743218862	0.9999817636758641
4.5377606132343580	1.0000135367574925
4.5419926106654511	0.9999507236953333
4.5489408875391657	1.0001282295188871
4.5536732542814846	1.0000231104117585
4.5579498185009859	1.0000380606614516
4.5623160338583446	0.9999582328989960
4.5692784082694304	1.0001508298504749
4.5735756824143223	1.0000066695448067
4.5772048363318838	1.0000784183342550
4.5806408631545228	0.9999712228067612
4.5840601989296195	1.0000510011101522
4.5875317278274181	0.9999703243658776
4.5910940496611463	1.0000306950031668
4.5947870992466697	0.9999820567231824
4.5986731736335020	1.0000136150973495
4.6029063464612889	0.9999506052548706
4.6097912324800854	1.0001399504185622
4.6141482807786929	1.0000074728824853
4.6178750061459652	1.0000690440802058
4.6214158710267705	0.9999760945999008
4.6249453806578460	1.0000424304602114
4.6285393010234852	0.9999774196576667
4.6322497552847786	1.0000213852261433
4.6361461013383911	0.9999878596291694
4.6403811182841599	1.0000498716619888
4.6472751871351834	0.9998609149246522
4.6516743187947336	0.9999903833460287
4.6554441694445252	0.9999323927091385
4.6590188221595188	1.0000217436092311
4.6625765636588827	0.9999578794165651
4.6661906861457512	1.0000210055637406
4.6699170101055829	0.9999779324698663
4.6738213608971666	1.0000111291500573
4.6780597557380199	0.9999487362472794
4.6849624973095327	1.0001354921844039
4.6894504301413278	1.0000115353043184
4.6933176462279729	1.0000602531463088
4.6969948603774734	0.9999823968887028
4.7006640505565906	1.0000334816365222
4.7044161587192130	0.9999853839654083
4.7083331349973863	1.0000150993526191
4.7125751365628279	0.9999504661125669
4.7194740251602445	1.0001369754505571
4.7239438988835944	1.0000106467863994
4.7277778614251753	1.0000632980083966
4.7314058589458359	0.9999788843019342
4.7350038950733442	1.0000391612989494
4.7386501774756482	0.9999786658384798
4.7423979466214217	1.0000204390573788
4.7463164554577526	0.9999876771205688
4.7505574062129208	1.0000505486667814
4.7574933128682559	0.9998697822769992
4.7621938762357603	0.9999792342153363
4.7663607289661272	0.9999571849637408
4.7704350278864016	1.0000013260511134
4.7747324210585669	0.9999413244872730
4.7817248454375321	1.0001247170162801
4.7866047109343430	1.0000232072919066
4.7911750627247001	1.0000794437110230
4.7983099593344019	0.9998642742580772
4.8030081157856470	0.9999853361014286
4.8070329714223217	0.9999461869126776
4.8108467479131916	1.0000111692025622
4.8146645063954248	0.9999739490685330
4.8186095367219854	1.0000089498505584
4.8228610564128918	0.9999467585442625
4.8298214937519504	1.0001248630877100
4.8346890160605769	1.0000236412313492
4.8392552777426658	1.0000796138745396
4.8463952553891056	0.9998660828053516
4.8511523088302360	0.9999831715997256
4.8552638833746320	0.9999517456824939
4.8591942578183103	1.0000053149938684
4.8631848737585752	0.9999791237701059
4.8674501814978512	1.0000471626146836
4.8742636152913708	0.9998418512457662
4.8782243990568173	1.0000101645293464
4.8815121369839778	0.9998934089205002
4.8846028917835156	1.0000525825373963
4.8876556117013612	0.9999153488099003
4.8907161179583305	1.0000607826408483
4.8938034946272566	0.9999284598006923
4.8969212544547798	1.0000599631465801
4.9000743637072244	0.9999372391031695
4.9032629359117781	1.0000558319050545
4.9064912434870971	0.9999445487358640
4.9097605611070918	1.0000499865662256
4.9130768761974197	0.9999519678525437
4.9164443505018705	1.0000425435567917
4.9198730552413865	0.9999607787390098
4.9233737102647721	1.0000325825490959
4.9269671304772755	0.9999728469819701
4.9306836403986001	1.0000182265034927
4.9345855028875407	0.9999863025279091
4.9388216292806080	1.0000493293987021
4.9457570811508997	0.9998689550244949
4.9504274135975397	0.9999793908623938
4.9545678548913203	0.9999564550409152
4.9586260186728817	1.0000010606558301
4.9629190650118495	0.9999417127778967
4.9698265246382158	1.0001410633205261
4.9741465513091265	1.0000036285909557
4.9778007690828936	1.0000751257552587
4.9812460233695939	0.9999688829491369
4.9846545570050393	1.0000522944299506
4.9880924786676806	0.9999659840817642
4.9915924386363635	1.0000360911239434
4.9951821415408526	0.9999744623778171
4.9988951502070300	1.0000193333703917
5.0027946106007155	0.9999868555761501
5.0070301694217543	1.0000495222020362
5.0139795846935247	0.9998715423330871
5.0187353846675204	0.9999759673687667
5.0230308744685228	0.9999611278910846
5.0274008125105283	1.0000413848336658
5.0343692743803237	0.9998497030749003
5.0387138018219595	0.9999914792308645
5.0423767775005173	0.9999217143641577
5.0458231778975957	1.0000288469236587
5.0492330260029776	0.9999459264517015
5.0526703414325720	1.0000325170072248
5.0561713593707474	0.9999626148357483
5.0597605149374543	1.0000243143866452
5.0634746410846221	0.9999795213731533
5.0673733650294572	1.0000120178566076
5.0716099661799250	0.9999493273539890
5.0785422155747897	1.0001300927086054
5.0832109035978545	1.0000194483022409
5.0873471790360805	1.0000425600688345
5.0914043641262312	0.9999978985250700
5.0956958251025650	1.0000571896791068
5.1025463290418722	0.9998470719280843
5.1065699812683247	1.0000084075337230
5.1099202068375913	0.9998996911908611
5.1130689512921998	1.0000492303293320
5.1161746228809806	0.9999202005811199
5.1192818449932940	1.0000579965653187
5.1224077381558599	0.9999312245610774
5.1255535410618256	1.0000588752606618
5.1287215926009457	0.9999373916720778
5.1319091701735502	1.0000573799192376
5.1351172381497410	0.9999413983305596
5.1383431893169549	1.0000551814929317
5.1415881596414561	0.9999444708049002
5.1448500129225723	1.0000527971886664
5.1481302631025434	0.9999471681960113
5.1514272818502302	1.0000503292656648
5.1547430623371033	0.9999497959007113
5.1580765882045041	1.0000477061166577
5.1614305194868928	0.9999525945572325
5.1648047137803106	1.0000447454369212
5.1682028898025703	0.9999558476458121
5.1716263519352248	1.0000411278535251
5.1750807348822017	0.9999599953341204
5.1785701014049526	1.0000362725453777
5.1821041322521157	0.9999658569888004
5.1856931544393312	1.0000289984381741
5.1893573376062427	0.9999751407290718
5.1931258909487337	1.0000172432277097
5.1970591859898079	0.9999862421955722
5.2013037218168243	1.0000504079540384
5.2081937115328243	0.9998619399587008
5.2126533671157773	0.9999905751572662
5.2164443692271725	0.9999306171381370
5.2199836774796209	1.0000283460322741
5.2234393223919788	0.9999465453864030
5.2268676908517184	1.0000382606328238
5.2302933870372685	0.9999530808453909
5.2337223598303160	1.0000406214297588
5.2371594383748592	0.9999561118916668
5.2406038649213684	1.0000406825118697
5.2440576567074446	0.9999578537995458
5.2475192913660536	1.0000399974598817
5.2509904955431299	0.9999591568763163
5.2544698463878925	1.0000390294228692
5.2579592701037781	0.9999603730712255
5.2614576885970958	1.0000378638375382
5.2649675012432331	0.9999617137971442
5.2684882712046370	1.0000364081072108
5.2720232949019774	0.9999634142893975
5.2755733614693785	1.0000344066775446
5.2791435375741660	0.9999658662970523
5.2827371483961496	1.0000313291396046
5.2863631236011477	0.9999698493867073
5.2900307872194281	1.0000260312689560
5.2937591589923638	0.9999770584707669
5.2975757698030606	1.0000163941819604
5.3015385295013466	0.9999861774075469
5.3057910405555289	1.0000514183533351
5.3126995476430974	0.9998668302568823
5.3173375819177755	0.9999851413008801
5.3213334514038610	0.9999427293361940
5.3250769992606006	1.0000187342172211
5.3287376646989717	0.9999597862271340
5.3323788350170194	1.0000259871476933
5.3360345138477960	0.9999682796893631
5.3397227212557041	1.0000240943397920
5.3434663148866344	0.9999766996885195
5.3472937452128981	1.0000158161547092
5.3512630621946284	0.9999859405839435
5.3555173688338673	1.0000515208593272
5.3624560539300461	0.9998727368760494
5.3673114250493645	0.9999762195772307
5.3716787991130284	0.9999617870143738
5.3760681187205854	1.0000442301302870
5.3831081621524701	0.9998662121398703
5.3880569865506374	0.9999736027628668
5.3926490246564658	0.9999168172656345
5.3998143796966884	1.0001282201231720
5.4047864725141315	1.0000208398843689
5.4091959399547171	1.0000366731951529
5.4136008009199870	0.9999539661845667
5.4206150116947667	1.0001391982521601
5.4253426828001050	1.0000172357214743
5.4293963508303733	1.0000555467775976
5.4331864777375305	0.9999825492618852
5.4368885280843946	1.0000371781861861
5.4405750695599862	0.9999756086988876
5.4442819645224780	1.0000274572411809
5.4480374859882348	0.9999790469611883
5.4518730055674824	1.0000168584382174
5.4558469532567448	0.9999865517216148
5.4601026055230060	1.0000519976859628
5.4670165117758103	0.9998683906812673
5.4717135229662457	0.9999833521098809
5.4757862297754905	0.9999472892349880
5.4796192542175675	1.0000141215999261
5.4833879587845580	0.9999670350868628
5.4871680189024703	1.0000172209356197
5.4910155825055602	0.9999806894640122
5.4949932186930059	1.0000116683307323
5.4992514955107872	0.9999464866959740
5.5061566577185168	1.0001318867127007
5.5108111178687862	1.0000135317884999
5.5148120373648553	1.0000565270236459
5.5185488044814788	0.9999786991209150
5.5221840085931611	1.0000416900460589
5.5257799826520477	0.9999688231256064
5.5293603840057219	1.0000368545262095
5.5329358491975880	0.9999658624162523
5.5365088068086834	1.0000351981313347
5.5400822052533387	0.9999649789277388
5.5436551020620701	1.0000346034991836
5.5472293192712678	0.9999647473566897
5.5508033523549170	1.0000343584220324
5.5543788644960541	0.9999647241589779
5.5579542472067764	1.0000342273082692
5.5615311430552952	0.9999647681246414
5.5651079227446196	1.0000341326848485
5.5686862322477761	0.9999648351586579
5.5722644469167166	1.0000340469278646
5.5758442322643758	0.9999649151163037
5.5794239915763963	1.0000339548648796
5.5830054366479898	0.9999650137899109
5.5865870350546079	1.0000338387804566
5.5901705920900913	0.9999651507961130
5.5937547021884138	1.0000336686645475
5.5973413477834484	0.9999653654597591
5.6009293613442290	1.0000333901632750
5.6045210539930164	0.9999657308967851
5.6081157010206875	1.0000329038044120
5.6117162283735951	0.9999663823009981
5.6153227521247402	1.0000320243254264
5.6189393897852380	0.9999675757661483
5.6225679385311729	1.0000303929577430
5.6262149965721964	0.9999698228990629
5.6298860657312497	1.0000272642702484
5.6335936262105886	0.9999742353442234
5.6373529207158182	1.0000209823879764
5.6411942795479586	0.9999829183020731
5.6451708166042458	1.0000127802733203
5.6494283751867185	0.9999469927389496
5.6563684321672989	1.0001251516795813
5.6612802521888987	1.0000230305704836
5.6658579458179021	1.0000810628061125
5.6729895761380460	0.9998677850565812
5.6778517292208841	0.9999830122868001
5.6820452159687864	0.9999527755032868
5.6859971462638681	1.0000089408981367
5.6899161029524068	0.9999763602211602
5.6939221210871072	1.0000095917093044
5.6981903415716646	0.9999450370268677
5.7051327514004164	1.0001258755096378
5.7100038397312538	1.0000224352112628
5.7143790820495406	1.0000370173987680
5.7187719980021088	0.9999543638452635
5.7258083149359846	1.0001329035579667
5.7307653461536843	1.0000253305854316
5.7353578105280167	1.0000826235588243
5.7425149519792926	0.9998705045383558
5.7475969659877517	1.0000296757640790
5.7550937371263950	0.9998306595439312
5.7601342459419786	0.9999729310786105
5.7643524905192285	0.9999428997573528
5.7682465442970274	1.0000112574084377
5.7720426707668313	0.9999659664550503
5.7758358780179790	1.0000164314552205
5.7796902865418769	0.9999804121996609
5.7836712929203049	1.0000115492319621
5.7879306230813317	0.9999463828459156
5.7948597938748412	1.0001274304033319
5.7996759690230997	1.0000204601055351
5.8039437870272392	1.0000394311510015
5.8080826564915276	0.9999967807929271
5.8123963430166237	1.0000593536061013
5.8193765565835829	0.9998743144576957
5.8243033712778320	0.9999766632139563
5.8288877995801291	0.9999183331479256
5.8360275267584543	1.0001315112436937
5.8408864450211926	1.0000160341139042
5.8450736189217301	1.0000464424038535
5.8490223128510888	0.9999900344779294
5.8529373108228668	1.0000227274433409
5.8569424592709920	0.9999894563124823
5.8612091327534044	1.0000539598860321
5.8681106960976841	0.9998652657262923
5.8726966093520216	0.9999883654656372
5.8766012614414178	0.9999360649467346
5.8802216363562438	1.0000268288493805
5.8837259782866909	0.9999481721965316
5.8871731696471405	1.0000394809866735
5.8905898529767864	0.9999509153123077
5.8939838055138640	1.0000447716486027
5.8973615916820270	0.9999507697565319
5.9007244039647784	1.0000474835259747
5.9040763718215405	0.9999499888532855
5.9074182420276085	1.0000489161341068
5.9107541337321177	0.9999494566041549
5.9140850146778297	1.0000494153526898
5.9174152105466220	0.9999495278473474
5.9207458973763387	1.0000490589549083
5.9240816074483167	0.9999503579454164
5.9274237638365372	1.0000478355892195
5.9307772286133806	0.9999520533350246
5.9341439104504667	1.0000456628991390
5.9375293752289799	0.9999547698549529
5.9409366023260270	1.0000423346302312
5.9443727300454228	0.9999588268524365
5.9478431583113007	1.0000373837924070
5.9513587476666663	0.9999649302693905
5.9549308825228549	1.0000297392944351
5.9585806593457180	0.9999746733805255
5.9623381636868480	1.0000174682595304
5.9662646409527405	0.9999862664283417
5.9705073659962453	1.0000501821054246
5.9774034895232839	0.9998627509405581
5.9818852363767814	0.9999888548004758
5.9857204446537002	0.9999348588386444
5.9893305124198442	1.0000223278857070
5.9928924993062491	0.9999562680791686
5.9964760102343115	1.0000252987144014
6.0001258458563873	0.9999717190026746
6.0038801125665735	1.0000161013292475
6.0078039606039066	0.9999854562008905
6.0120460395555098	1.0000496351801316
6.0189809107299856	0.9998695912078420
6.0236926579247623	0.9999789918058504
6.0278690003789279	0.9999573288235665
6.0319489998662483	1.0000013667692131
6.0362479625922978	0.9999411596829192
6.0431458095051793	1.0001420341202365
6.0474488177215946	1.0000014166650988
6.0510566562428423	1.0000803365665072
6.0544253995720192	0.9999617152878350
6.0577233619439816	1.0000630411070979
6.0610097087552450	0.9999527276864535
6.0643060028981415	1.0000538922349536
6.0676227424990872	0.9999523666296687
6.0709639332783141	1.0000477611522047
6.0743353720094122	0.9999553821826752
6.0777404105589907	1.0000420216980961
6.0811868037309571	0.9999606267631417
6.0846815510542944	1.0000349907076598
6.0882386230957266	0.9999686754349407
6.0918754208537900	1.0000246583084260
6.0956251228131739	0.9999813267096060
6.0995455231557631	1.0000126545440449
6.1037878468353419	0.9999488882153198
6.1106653284160419	1.0001394503251546
6.1150489474638512	1.0000060686012955
6.1187624136204297	1.0000726115047454
6.1222414775989531	0.9999686378583275
6.1256535764745710	1.0000541639774885
6.1290605586922400	0.9999611551635660
6.1324876933885886	1.0000438571366805
6.1359498376249482	0.9999628936426953
6.1394571032047995	1.0000353486030786
6.1430242380924653	0.9999695855511553
6.1466690297788329	1.0000246981968075
6.1504245767789065	0.9999815969438175
6.1543485181348769	1.0000127495091673
6.1585917872420053	0.9999488143037389
6.1654795571068037	1.0001373783498928
6.1699290158322686	1.0000085668929330
6.1737180483863927	1.0000674620982477
6.1772741119763799	0.9999729358492346
6.1807664197504630	1.0000482386270160
6.1842605524809429	0.9999668941035607
6.1877865521557265	1.0000366181879741
6.1913659891214881	0.9999710179005683
6.1950195631242151	1.0000250404605449
6.1987811644099633	0.9999820235107343
6.2027086990921072	1.0000129312133870
6.2069529368686061	0.9999487854392415
6.2138324853644216	1.0001388026595841
6.2182406777228998	1.0000065521691761
6.2219729729960243	1.0000719347838953
6.2254599799537695	0.9999681376072532
6.2288675964973859	1.0000553315323792
6.2322558539802237	0.9999587392504804
6.2356471649687855	1.0000475522681864
6.2390522571851150	0.9999575721087672
6.2424751634569953	1.0000427498305688
6.2459214530188145	0.9999595604896168
6.2493942583607556	1.0000382986757781
6.2529010158829594	0.9999636381610153
6.2564483904719967	1.0000325573108517
6.2600499913209555	0.9999704323248894
6.2637227023433173	1.0000235312684485
6.2674990170872702	0.9999818184461823
6.2714355722142079	1.0000126915652021
6.2756822440809694	0.9999483447307393
6.2825973121917649	1.0001316598583940
6.2872404219258557	1.0000157641053671
6.2912786016979014	1.0000511777014431
6.2951241125429913	0.9999890518662256
6.2989692509969082	1.0000243683860652
6.3029335874225874	0.9999899335052180
6.3071888725775977	1.0000528344729118
6.3141281263483542	0.9998708200133714
6.3188771182480696	0.9999790731372661
6.3230853257671491	0.9999582540493932
6.3271848094602801	1.0000017395952192
6.3314890835660407	0.9999407254748462
6.3384685306047066	1.0001262734674603
6.3433042736353134	1.0000221678990917
6.3476478468603581	1.0000371537981181
6.3520325355963720	0.9999556540366575
6.3590259904393349	1.0001427004809333
6.3636020860963516	1.0000134438922099
6.3674859654117109	1.0000647430395289
6.3711115799392664	0.9999758114900064
6.3746546443423062	1.0000464129169742
6.3781829040267217	0.9999677141628310
6.3817256425434330	1.0000369858285045
6.3853011276159899	0.9999691692893390
6.3889234692130303	1.0000287067566072
6.3926137932740268	0.9999764348003503
6.3964015391994700	1.0000171937944236
6.4003464435669279	0.9999863755435257
6.4045941352983311	1.0000508884100423
6.4114952554843043	0.9998646100485635
6.4160465856347590	0.9999874467944214
6.4199455861851877	0.9999375980609260
6.4235980453981965	1.0000221994874485
6.4271757398874199	0.9999554100853896
6.4307422117151063	1.0000290114251611
6.4343316297335331	0.9999652844833987
6.4379626449806153	1.0000260658096889
6.4416591114478123	0.9999752437808657
6.4454509450242616	1.0000163886718809
6.4493983034985733	0.9999859688294362
6.4536466492257434	1.0000507589714562
6.4605408283805383	0.9998633220917760
6.4650543154643501	0.9999890886760797
6.4689003737394906	0.9999337997140875
6.4724891100349602	1.0000261469340683
6.4759905988808821	0.9999496384314109
6.4794645910666988	1.0000354693306739
6.4829394322134615	0.9999567381226674
6.4864252476295761	1.0000364571103542
6.4899319674311826	0.9999615811743172
6.4934653018349140	1.0000337368487993
6.4970360656179045	0.9999671019203570
6.5006550837873567	1.0000277232890096
6.5043428910791521	0.9999757403736537
6.5081286666511948	1.0000168896244768
6.5120723739360233	0.9999861929819674
6.5163197369941042	1.0000507505744103
6.5232527135382234	0.9998704937406460
6.5280058138528210	0.9999787685601784
6.5322190624130929	0.9999582651573873
6.5363219111710995	1.0000017183864445
6.5406270864625169	0.9999405929025060
6.5475706495061621	1.0001327450232551
6.5521792311344260	1.0000125930043058
6.5561393430656638	1.0000568738961357
6.5598690360502676	0.9999814877527651
6.5635469630032217	1.0000355294583632
6.5672544840818183	0.9999799474148720
6.5710461353913781	1.0000193750052346
6.5749909035538563	0.9999874602072940
6.5792389696854876	1.0000513554864809
6.5861729012309436	0.9998705796232086
6.5909208603762846	0.9999789066055133
6.5951292184348480	0.9999581947799070
6.5992289704004161	1.0000017017822895
6.6035333065391759	0.9999406885934549
6.6105124286976205	1.0001262817399112
6.6153481568546679	1.0000221607482622
6.6196916626115883	1.0000371509277921
6.6240763452925036	0.9999556533283644
6.6310891507124134	1.0001391838023037
6.6357860867100928	1.0000184307808799
6.6398453795382650	1.0000525037601384
6.6436984212139274	0.9999897409645560
6.6475460297381179	1.0000247849127013
6.6515110297791615	0.9999901409675892
6.6557666244279119	1.0000529415404744
6.6626498656557569	0.9998602814806518
6.6670501351630929	0.9999935096576181
6.6707649509354185	0.9999253847051435
6.6742243277317650	1.0000329559713763
6.6775993545593932	0.9999408883088633
6.6809479841960542	1.0000430662718924
6.6842965175995559	0.9999480968188037
6.6876530868470958	1.0000447051190502
6.6910253267854349	0.9999525544709019
6.6944157597939062	1.0000430707746977
6.6978304853852704	0.9999566840886411
6.7012729798809838	1.0000394321329695
6.7047514527000791	0.9999618341913900
6.7082731659311507	1.0000335788452452
6.7118523917154382	0.9999694194453633
6.7155066278773470	1.0000240586449229
6.7192690420163759	0.9999815261735487
6.7231970895231594	1.0000126548148496
6.7274414802051012	0.9999486232080275
6.7343372022000194	1.0001356855944330
6.7388421226542565	1.0000106760148595
6.7426990028292879	1.0000628136082104
6.7463301034149490	0.9999773416402761
6.7499086388954259	1.0000417513667814
6.7535075689441966	0.9999741125464624
6.7571683072369533	1.0000267778812535
6.7609321366929178	0.9999829464257033
6.7648603424753926	1.0000134471863125
6.7691048371310636	0.9999490536961093
6.7760265998220905	1.0001310751200851
6.7806888928309164	1.0000173708879172
6.7847720573896906	1.0000474586693291
6.7886992495071166	0.9999942165656166
6.7926903552989835	1.0000199645235497
6.7969565183421308	0.9999515961744819
6.8038735298253323	1.0001366229809543
6.8084147399660981	1.0000126624570003
6.8123132150487260	1.0000604586429140
6.8159924786340325	0.9999804785398739
6.8196302922238301	1.0000374786311566
6.8233067230024789	0.9999793766562992
6.8270759210756529	1.0000199532596430
6.8310071820724696	0.9999875911746526
6.8352515868919390	1.0000509491337661
6.8421566694239946	0.9998645569315194
6.8466906525189666	0.9999870086116335
6.8505905917468475	0.9999391201510581
6.8542715004784496	1.0000185441225153
6.8579130075637895	0.9999617258022023
6.8615911799449343	1.0000195365227844
6.8653632641772413	0.9999790487881529
6.8692948597071037	1.0000113473242624
6.8735406045866183	0.9999479093131951
6.8804393295493727	1.0001350811935368
6.8849569546715204	1.0000109880983921
6.8888284420211132	1.0000618986061214
6.8924735861082169	0.9999778825223967
6.8960649182809011	1.0000410547282526
6.8996750691559798	0.9999745027111099
6.9033451164645747	1.0000264356578672
6.9071159824201587	0.9999830534871235
6.9110484955261740	1.0000134414447142
6.9152941423707457	0.9999488997467191
6.9221725570860659	1.0001390030080668
6.9265797504186439	1.0000062820296565
6.9303057545460423	1.0000727109357552
6.9337808403128713	0.9999670165542044
6.9371705103075882	1.0000570409608507
6.9405341619534680	0.9999566261537830
6.9438933245796299	1.0000503245127497
6.9472576614801378	0.9999542481704629
6.9506297893111233	1.0000468661236859
6.9540134364276511	0.9999546333207630
6.9574091349465688	1.0000443045709768
6.9608206304681266	0.9999563496383103
6.9642491025165620	1.0000415571416705
6.9676995958068915	0.9999591726390862
6.9711751180135764	1.0000379092518870
6.9746833970227575	0.9999634779908568
6.9782313620096774	1.0000324653794699
6.9818329559785219	0.9999703489287357
6.9855053352230980	1.0000235206918640
6.9892812451891304	0.9999817882935109
6.9932175074528438	1.0000126804977312
6.9974641103258364	0.9999483491460064
7.0043390044889318	1.0001392101944337
7.0087382609426667	1.0000057005696290
7.0124516236104171	1.0000736918932107
7.0159117249923915	0.9999660296598160
7.0192854506002327	1.0000581893029563
7.0226333243375825	0.9999556772902656
7.0259779578170143	1.0000511952628841
7.0293301705858973	0.9999536979652479
7.0326937858481857	1.0000471202572103
7.0360738567983052	0.9999548405554669
7.0394723907610466	1.0000435817542592
7.0428948897331276	0.9999577390138290
7.0463447286253675	1.0000393679535595
7.0498298956786032	0.9999623764048051
7.0533575758069142	1.0000334126996915
7.0569419167048375	0.9999696880364678
7.0606003271147193	1.0000239612505246
7.0643658526635704	0.9999816024831046
7.0682957963726816	1.0000126681662294
7.0725406955955847	0.9999485631417551
7.0794155377721610	1.0001395104202182
7.0838021517052665	1.0000054921021211
7.0875061428788282	1.0000741136095159
7.0909608684768450	0.9999659739811402
7.0943317424103522	1.0000583591875081
7.0976775973193948	0.9999555410955389
7.1010192944364672	1.0000515925968452
7.1043657420168875	0.9999530009304911
7.1077185943314269	1.0000483511902889
7.1110803750277602	0.9999529334360632
7.1144500565331725	1.0000464266336127
7.1178294217446725	0.9999537063899605
7.1212171169296594	1.0000449529486195
7.1246149527613190	0.9999548035973805
7.1280216728278551	1.0000435831587191
7.1314392918153979	0.9999560921922900
7.1348668365897741	1.0000421380817051
7.1383066979785248	0.9999576006881281
7.1417584172697568	1.0000404574708512
7.1452250751758637	0.9999594672482511
7.1487071350267088	1.0000383134995368
7.1522089795330253	0.9999619728418833
7.1557328632568646	1.0000353069663426
7.1592858048186976	0.9999656663103603
7.1628739424453665	1.0000306470893563
7.1665104537991589	0.9999717050213466
7.1702116282046156	1.0000226368052276
7.1740092472585051	0.9999821827966251
7.1779588347343157	1.0000127145680000
7.1822090329948303	0.9999479025687140
7.1891069631843569	1.0001342817195167
7.1936699125804839	1.0000113647327398
7.1975709143829336	1.0000617837266068
7.2012152618589624	0.9999752156336811
7.2047671238678186	1.0000462732890232
7.2082878972877467	0.9999654898765423
7.2118005113564632	1.0000404189087915
7.2153152165530372	0.9999630840891368
7.2188345540288523	1.0000377881288545
7.2223618315100593	0.9999630120376801
7.2258968732291686	1.0000361231117316
7.2294426050444356	0.9999639095919735
7.2329991890542296	1.0000344725421373
7.2365706396591571	0.9999655647430795
7.2401587355927184	1.0000322072864725
7.2437700113200227	0.9999683487094263
7.2474099988062362	1.0000284765770959
7.2510912326273145	0.9999733460198833
7.2548291633552697	1.0000215691430225
7.2586545095341162	0.9999826603583771
7.2626211813578152	1.0000127564759926
7.2668760286383831	0.9999473258864160
7.2737805040613042	1.0001322757026962
7.2784219213844681	1.0000134824295175
7.2824119425909597	1.0000569090400155
7.2861425479695914	0.9999788288985192
7.2897769427570696	1.0000414204839909
7.2933780150860779	0.9999695606443177
7.2969704035641749	1.0000356951823719
7.3005662683609813	0.9999676184766199
7.3041702920370506	1.0000326803179835
7.3077887138899520	0.9999684887015681
7.3114253383068917	1.0000297211476894
7.3150890598394183	0.9999714865330418
7.3187890003588203	1.0000249736156663
7.3225437808456952	0.9999778335729632
7.3263802758639720	1.0000160823787059
7.3303553133788375	0.9999861556051569
7.3346111818736830	1.0000518400038874
7.3415233542054024	0.9998680967365314
7.3462138393251539	0.9999837136357858
7.3502736018937904	0.9999462443678835
7.3540857687093251	1.0000155712333640
7.3578222780898610	0.9999645343419071
7.3615526354662180	1.0000207162359480
7.3653211415639461	0.9999756602451904
7.3691638377820050	1.0000148344338069
7.3731417640844494	0.9999854852252004
7.3773985200570271	1.0000515565476886
7.3843060567782892	0.9998670472975680
7.3889657423148556	0.9999850052056459
7.3929771153254062	0.9999429313738993
7.3967245110158544	1.0000194902296307
7.4003753139303949	0.9999583374042712
7.4039904478133431	1.0000285800317623
7.4075997476926867	0.9999643032544323
7.4112144333215788	1.0000299090578773
7.4148456627085944	0.9999682506252179
7.4185007903883760	1.0000275375868777
7.4221935697577566	0.9999734395796084
7.4259400668835749	1.0000212241839312
7.4297714501766263	0.9999826731753273
7.4337417182662726	1.0000127236356455
7.4379975774736184	0.9999471833032924
7.4449029898304220	1.0001319458131988
7.4495583405871209	1.0000140168276734
7.4535685984727191	1.0000554343500823
7.4573275459310091	0.9999808208779728
7.4610034322522090	1.0000379563470856
7.4646666406120517	0.9999744702748734
7.4683526894025052	1.0000281368816275
7.4720904013489671	0.9999784604421201
7.4759120757691262	1.0000170606519097
7.4798773472149147	0.9999865448278854
7.4841306545791504	1.0000516788432345
7.4910699608300284	0.9998727193180860
7.4959178357979797	0.9999762396021772
7.5002795352839833	0.9999617616360312
7.5046673356243723	1.0000440176107939
7.5116713182548818	0.9998593464046390
7.5163603737334448	0.9999823652573967
7.5203787768707970	0.9999419361775252
7.5241392970688379	1.0000168541998042
7.5278247711491897	0.9999616842204512
7.5315088458133337	1.0000219984944616
7.5352381966363682	0.9999742823155158
7.5390508154097020	1.0000152156130013
7.5430100272265781	0.9999854597889495
7.5472616990238794	1.0000508822542997
7.5541938833123314	0.9998707578008729
7.5589716694480646	0.9999785725181241
7.5632069353902995	0.9999587487081597
7.5673234764640451	1.0000019016530162
7.5716324078044712	0.9999402391605141
7.5785641105758277	1.0001344367254883
7.5831254904467436	1.0000098288958914
7.5870036715674036	1.0000633910725034
7.5906169800586936	0.9999732742151367
7.5941354652822257	1.0000482274078419
7.5976241854825783	0.9999639171615121
7.6011093833681285	1.0000415629374391
7.6046050525156961	0.9999628158869065
7.6081183514460635	1.0000369750523421
7.6116585088231448	0.9999654185229148
7.6152333160825592	1.0000316162899385
7.6188570357004863	0.9999713267806879
7.6225469767340428	1.0000230947678415
7.6263357768050790	0.9999820666417948
7.6302798541796673	1.0000127278305362
7.6345285799964806	0.9999481023122423
7.6414380727893949	1.0001323828565862
7.6460618445911246	1.0000145188547258
7.6500622328187857	1.0000541453465437
7.6538480844745269	0.9999850535608350
7.6576006672208301	1.0000304415506100
7.6614123979167186	0.9999860075667183
7.6653648450046701	1.0000149484594039
7.6696165157594933	0.9999491724126689
7.6765408047649819	1.0001306577652691
7.6812408098946836	1.0000179878236213
7.6853594158722576	1.0000463392467611
7.6893129718703142	0.9999943968234924
7.6933198269863912	1.0000198732298149
7.6975903227942730	0.9999510211927296
7.7045368900504716	1.0001304520483469
7.7092985755484413	1.0000208147949825
7.7135121822830897	1.0000411075845017
7.7176159221217304	0.9999974276355443
7.7219201133029944	1.0000584574872282
7.7289088669601247	0.9998743478791586
7.7338076186963507	0.9999761638014643
7.7383846527473681	0.9999191545238528
7.7455314602039200	1.0001320413195276
7.7503420594815253	1.0000164752134757
7.7545028800306328	1.0000455502432666
7.7584719368965667	0.9999938757519834
7.7624842102704799	1.0000196626892914
7.7667567015357273	0.9999508628412384
7.7737141927284696	1.0001286986089324
7.7785423429265554	1.0000234975073099
7.7828837288775468	1.0000377933628155
7.7872675727233442	0.9999559652882792
7.7942524137749478	1.0001442158617970
7.7987820103842873	1.0000116405045003
7.8026048691493077	1.0000690751534491
7.8061605717009854	0.9999715969035941
7.8096230205352652	1.0000526171615525
7.8130558950713063	0.9999609905815438
7.8164829451908835	1.0000458699815022
7.8199148091863764	0.9999585948688759
7.8233546388453545	1.0000424617892927
7.8268063565976691	0.9999589785470517
7.8302706636570987	1.0000399545136813
7.8337514502770880	0.9999606829175177
7.8372501702911741	1.0000372257356365
7.8407724061140387	0.9999635557544655
7.8443220947480823	1.0000334338284773
7.8479087297661785	0.9999682004264394
7.8515423034970704	1.0000273245614539
7.8552425434745610	0.9999762471587913
7.8590379092700582	1.0000167781339249
7.8629875668433176	0.9999862187781775
7.8672365255517533	1.0000509789683840
7.8741441591253345	0.9998660425246616
7.8787626938381043	0.9999847983451635
7.8827424628072924	0.9999415787871339
7.8864773757019657	1.0000177347685590
7.8901377277140510	0.9999593839981913
7.8937883757480600	1.0000236850678992
7.8974667355001724	0.9999693588988656
7.9011973231744230	1.0000193950026672
7.9050154857618748	0.9999805498804369
7.9089772104552098	1.0000111299370391
7.9132308010369297	0.9999461217819738
7.9201444115718234	1.0001297700101832
7.9248334312629991	1.0000161931812619
7.9289321706571689	1.0000464289125053
7.9328655037270215	0.9999934524259377
7.9368587011681040	1.0000195101274927
7.9411257454079491	0.9999513209997466
7.9479793046780900	1.0001486571252218
7.9521724715358548	1.0000004247429113
7.9556973025536273	1.0000854557659689
7.9590262464257346	0.9999640199085743
7.9623294333503916	1.0000607333377423
7.9656676068559324	0.9999610840301717
7.9690665306234010	1.0000439622961821
7.9725445014824823	0.9999683106361993
7.9761200055202455	1.0000286065758861
7.9798256936186043	0.9999819928232582
7.9837199396063259	1.0000137938318614
7.9879552015410642	0.9999507730717460
7.9948805753007353	1.0001324515133136
7.9994958437585719	1.0000176531793326
8.0035404689275147	1.0000492759994668
8.0074421445520034	0.9999947638851456
8.0114189376622456	1.0000206261690445
8.0156810170137511	0.9999526060503517
8.0226422350687194	1.0001292064727472
8.0274413891277003	1.0000239415679890
8.0317631057535035	1.0000382322494794
8.0361414538861542	0.9999569338297377
8.0431296014654645	1.0001445090404180
8.0476431703373574	1.0000119957318085
8.0514623145600908	1.0000685672622562
8.0550302861518883	0.9999736881504234
8.0585240674536358	1.0000491466265320
8.0620130182289298	0.9999665851298453
8.0655298404579803	1.0000374743329259
8.0690982576604906	0.9999705369485947
8.0727409401115704	1.0000255304735990
8.0764934809376889	0.9999818637994382
8.0804152539520917	1.0000129347305644
8.0846580004115598	0.9999489868945256
8.0915660509842429	1.0001337648259576
8.0961285375862282	1.0000138871349715
8.1000823217242992	1.0000547676365923
8.1038570068053666	0.9999874782266950
8.1076495372560142	1.0000255223486696
8.1115820854762664	0.9999900337720010
8.1158288454499061	1.0000516650998390
8.1227603069495604	0.9998676714333211
8.1274188982902977	0.9999804102054488
8.1315061879336934	0.9999507534709885
8.1354382488855670	1.0000036392988525
8.1394348055485537	0.9999784832481049
8.1437009852565492	1.0000478215697133
8.1506183759214235	0.9998649667297074
8.1553015530926203	0.9999819676835271
8.1593746375409459	0.9999492943625735
8.1632450238182379	1.0000108415355926
8.1671095716878028	0.9999772992789717
8.1710840207206807	1.0000123212365890
8.1753433589461757	0.9999498907130291
8.1821854727636225	1.0001509123613588
8.1863781078548286	1.0000021484370616
8.1898712382458054	1.0000942893872158
8.1931322700670357	0.9999606567176788
8.1963296208158738	1.0000760691897694
8.1995211840867039	0.9999514321954214
8.2027265831703815	1.0000654243953100
8.2059541056198562	0.9999503620550764
8.2092046766762650	1.0000584505936014
8.2124803896559246	0.9999515735790901
8.2157796894834547	1.0000530359723867
8.2191042106514267	0.9999534396757100
8.2224525601227825	1.0000481954960629
8.2258270490012677	0.9999556562093690
8.2292273170297712	1.0000433881542443
8.2326570812565798	0.9999584505911296
8.2361179818478867	1.0000380991784272
8.2396165045480885	0.9999624301280144
8.2431584091353081	1.0000314796506251
8.2467565729226191	0.9999688327795254
8.2504272432679446	1.0000217825895608
8.2542024036754960	0.9999798011459754
8.2581383663999990	1.0000105029542015
8.2623848524309320	0.9999460412608192
8.2693078526230384	1.0001277693781083
8.2740002721751704	1.0000153475141862
8.2781138788307480	1.0000439408224033
8.2820646766640671	0.9999920210343010
8.2860701585550505	1.0000176074687572
8.2903402216139508	0.9999489139739105
8.2973049100056837	1.0001251360133689
8.3021959795598690	1.0000224442857706
8.3067687202786562	1.0000790367713868
8.3138893620177488	0.9998624668766840
8.3185797420783398	0.9999865989723964
8.3225498836269249	0.9999388306666137
8.3262410607094868	1.0000211776516814
8.3298370100514862	0.9999546060715793
8.3334014077369609	1.0000301694263800
8.3369619070282397	0.9999607467092838
8.3405253901558378	1.0000323426499391
8.3440967888792219	0.9999634876832820
8.3476750416840062	1.0000325638865364
8.3512619342238121	0.9999649955498303
8.3548557704701381	1.0000321480043410
8.3584585305223076	0.9999661729035466
8.3620693928411907	1.0000313133049039
8.3656916707189044	0.9999675790970529
8.3693264724493730	1.0000297859113654
8.3729798579028234	0.9999698714574000
8.3766569148650891	1.0000268090983666
8.3803698271410827	0.9999742430092429
8.3841336123341836	1.0000207023654417
8.3879784058122233	0.9999828416871780
8.3919570827370542	1.0000126729365335
8.3962152272533217	0.9999468256180136
8.4031159671292599	1.0001323678529881
8.4077603709106992	1.0000129991204474
8.4117442542149874	1.0000576392067433
8.4154600976497758	0.9999776258519238
8.4190734036588069	1.0000428141905320
8.4226497441109007	0.9999681492120717
8.4262168332849434	1.0000369119477788
8.4297905069044887	0.9999668731955280
8.4333800122749274	1.0000326432175537
8.4369974445221896	0.9999697004748604
8.4406546396419575	1.0000267896130439
8.4443724947129208	0.9999768129337326
8.4481802542927049	1.0000166383945079
8.4521372831191837	0.9999862256266258
8.4563882924232541	1.0000512356507572
8.4632941145047109	0.9998660174289038
8.4679013122813185	0.9999857358540034
8.4718665838006704	0.9999415899838024
8.4755899597140445	1.0000185385551763
8.4792471443426169	0.9999609044932023
8.4829089459616522	1.0000228538251310
8.4866208674043762	0.9999738479574453
8.4904207199890873	1.0000154523603100
8.4943721694995364	0.9999854870729541
8.4986217229484406	1.0000506224931767
8.5055179655378179	0.9998636533342850
8.5100470725562847	0.9999886080961579
8.5139096031601582	0.9999346631982362
8.5175123223534062	1.0000256904934508
8.5210239946135715	0.9999499995751622
8.5245029454180958	1.0000356811362090
8.5279755187164454	0.9999559910218304
8.5314491018486205	1.0000380740168784
8.5349299121801572	0.9999588758298091
8.5384186584511053	1.0000379137139943
8.5419191164210382	0.9999609499581290
8.5454319071743239	1.0000365352620038
8.5489615736402431	0.9999632641697550
8.5525103781315774	1.0000340457285950
8.5560853726558683	0.9999666281675740
8.5596926514004608	1.0000298278645827
8.5633453417995842	0.9999722800383740
8.5670595935226004	1.0000222491113602
8.5708669577066541	0.9999823445900410
8.5748225075874913	1.0000127245308574
8.5790743303302275	0.9999476980775449
8.5859707804840859	1.0001342877704564
8.5905372734488257	1.0000111743760478
8.5944367179952863	1.0000621910891379
8.5980734999268815	0.9999744014637417
8.6016118222832585	1.0000474688675183
8.6051130952152306	0.9999639544750318
8.6086001479493586	1.0000423663712183
8.6120830641777975	0.9999607978493142
8.6155641732191732	1.0000404984564539
8.6190464557751785	0.9999599180047822
8.6225293074912202	1.0000396811798133
8.6260149621048949	0.9999598740520098
8.6295026156706669	1.0000390873012244
8.6329947515392647	0.9999602782953579
8.6364909343379122	1.0000383486284301
8.6399942190072263	0.9999611109888663
8.6435048888491863	1.0000372057347156
8.6470269806214173	0.9999625423107721
8.6505620732796391	1.0000353376694475
8.6541160293907016	0.9999649480478191
8.6576930017565061	1.0000321910950025
8.6613027330623460	0.9999690974471401
8.6649553748833803	1.0000266267884714
8.6686707546061896	0.9999766574059719
8.6724772479068157	1.0000165763231614
8.6764336760183198	0.9999861921776177
8.6806844847932254	1.0000512005864501
8.6876324613004385	0.9998739344863090
8.6925249922230172	0.9999757062022127
8.6970993396849661	0.9999187315790684
8.7040910439957848	1.0001573289197316
8.7185671606901725	1.0003759538861867
8.7267274665376213	1.0003447400278545
8.7309444609351825	1.0001445884203939
8.7347294749094218	1.0001400206429900
8.7384898074779755	1.0000370463420869
8.7423792172171364	1.0000275964607426
8.7463792431417300	0.9999815956923666
8.7505826894285814	1.0000320191655259
8.7548506370605104	0.9999850554112997
8.7599513871488455	1.0002963862162226
8.7692499436853488	0.9995996423096265
8.7939299778068207	1.0000636064511592
8.7970472433531164	1.0001918796727580
8.8002372023184101	1.0000356351688546
8.8035965741318130	1.0000962501379203
8.8071192973484944	1.0000181437057432
8.8107670500463424	1.0000599707551456
8.8145006558045065	1.0000037644546209
8.8182927305550560	1.0000440192198301
8.8221181713274603	0.9999953161504180
8.8259531570950713	1.0000382052131525
8.8297820108511313	0.9999887403960735
8.8335919752258967	1.0000364523759684
8.8373807221963840	0.9999841858154830
8.8411492027193770	1.0000355338522480
8.8449085401726251	0.9999828763494283
8.8486731281094073	1.0000323042592463
8.8524688109093486	0.9999866648519294
8.8563295232195376	1.0000237563643752
8.8603176350498192	0.9999937356747767
8.8645774448775239	1.0000597167632079
8.8714292472966214	0.9998647280126033
8.8759096134305544	0.9999946741795369
8.8796950988521672	0.9999323265879217
8.8832229257990445	1.0000304668261879
8.8866774363774166	0.9999492368310975
8.8901260810021689	1.0000359723998034
8.8936024720022910	0.9999593862727986
8.8971217496341080	1.0000322504373078
8.9007006816296457	0.9999686653881797
8.9043562641962648	1.0000233374353531
8.9081206707106695	0.9999811360435391
8.9120501819209554	1.0000123121057811
8.9162949119378503	0.9999483271423670
8.9232273164649634	1.0001286125811353
8.9279678929392947	1.0000201477584327
8.9321685458947133	1.0000410566774240
8.9362655864878473	0.9999975229190106
8.9405677635796081	1.0000584690408736
8.9475491539364462	0.9998731853931421
8.9523830919025968	0.9999771273811116
8.9567280290675253	0.9999621881312202
8.9611117048151012	1.0000436781125279
8.9681355454806422	0.9998618933424352
8.9728870196298960	0.9999788104519164
8.9770308670826005	0.9999519362022468
8.9809949907936275	1.0000042131748039
8.9850082435680498	0.9999790444777494
8.9892793977223722	1.0000481431925621
8.9961097909927226	0.9998466563489641
9.0001951804785794	1.0000054398885061
9.0035880030795266	0.9999019918495953
9.0067659140093070	1.0000474549477907
9.0098994227305091	0.9999233548413028
9.0130420312866342	1.0000545384114370
9.0162174746710182	0.9999370127173717
9.0194323127251828	1.0000521663780073
9.0226937820570470	0.9999470062578955
9.0260043298754358	1.0000462404719412
9.0293711127820409	0.9999561419611819
9.0327998634977771	1.0000379385308285
9.0363036842749178	0.9999666553488538
9.0398991457953688	1.0000261753592836
9.0436191073001417	0.9999810517017570
9.0475217485334554	1.0000129359794037
9.0517592945982681	0.9999498218923939
9.0587049256337995	1.0001277676443801
9.0634720624622425	1.0000232564004945
9.0677732297500206	1.0000380038105392
9.0721459840403380	0.9999574315718113
9.0791595949460273	1.0001404034497969
9.0837807151093006	1.0000166340886159
9.0877612396716536	1.0000560728753667
9.0915322677589678	0.9999851344803770
9.0952774129139016	1.0000300647112250
9.0990863555269712	0.9999851978703834
9.1030379364911429	1.0000138157334513
9.1072891863119985	0.9999479097630323
9.1142077209136723	1.0001304190847859
9.1188041860355593	1.0000105970201596
9.1227678751626744	1.0000534443149820
9.1265054713905833	0.9999787095805690
9.1301914485623801	1.0000319727623563
9.1339057443836715	0.9999770570018508
9.1377024757617633	1.0000165155249823
9.1416503269706162	0.9999851881292228
9.1458992462832391	1.0000499092841659
9.1528265451373478	0.9998694189478342
9.1575028802636886	0.9999849623099805
9.1615725432932322	0.9999515842867999
9.1654164220869099	1.0000185319449828
9.1691959692592651	0.9999731459309925
9.1729650036787032	1.0000285745734125
9.1767445694279726	0.9999824473324489
9.1805343191754254	1.0000330378753595
9.1843308639925070	0.9999857532469111
9.1881230571186698	1.0000361645889457
9.1919017297676930	0.9999844373730505
9.1956534518584370	1.0000389394089368
9.1993698811048574	0.9999792185128216
9.2030421333475250	1.0000411662980888
9.2066700601753428	0.9999719876095494
9.2102555964270909	1.0000415976100268
9.2138098238123742	0.9999657486096560
9.2173445732315340	1.0000386809277786
9.2208782688593267	0.9999631356662007
9.2244282429836257	1.0000315568651932
9.2280180398714844	0.9999658623940670
9.2316728261997891	1.0000195896631892
9.2354318041070638	0.9999754947687485
9.2393567222218120	1.0000059916427904
9.2436004892909693	0.9999416856990737
9.2505351697404450	1.0001220181542465
9.2552298323840976	1.0000122851700397
9.2593872448195302	1.0000352479455559
9.2634568206284307	0.9999916521048526
9.2677517468912800	1.0000523546734637
9.2747467669588701	0.9998709244466526
9.2796186026394771	0.9999735934413391
9.2841886542319862	0.9999190028986367
9.2912789252929180	1.0001443163735229
9.2955561295329883	0.9999968135058641
9.2991172500086066	1.0000799423426647
9.3024684106648525	0.9999609492096815
9.3057884237453177	1.0000557274130701
9.3091377925775927	0.9999568976361999
9.3125369880110789	1.0000408135249155
9.3159938923149657	0.9999602586129449
9.3195089233186863	1.0000311522475571
9.3230830103519740	0.9999653034116188
9.3267136509262638	1.0000244417276840
9.3304016913297154	0.9999706276750047
9.3341466002427573	1.0000190461300726
9.3379555426959229	0.9999769378529466
9.3418428411255601	1.0000122640463101
9.3458524779925938	0.9999834725455292
9.3501173499843588	1.0000505121976377
9.3570650734277923	0.9998739094719756
9.3617472796174201	0.9999898677312987
9.3658149274932967	0.9999562482617148
9.3696677429536130	1.0000195003177241
9.3735103339006987	0.9999834460022784
9.3774692526760770	1.0000169357482775
9.3817246873866473	0.9999509272416774
9.3887104066247531	1.0001132815072591
9.3935294597992396	1.0001061228329804
9.3980425026300018	1.0001479058811362
9.4057364123498939	0.9998675674429249
9.4095958032624978	0.9999540714010864
9.4132762392485869	0.9999049451454624
9.4171210521436226	0.9999545666804637
9.4213538755664672	0.9999214691039704
9.4280546269160723	1.0002245488670505
9.4333067973986573	0.9997588243467204
9.4375350768366122	0.9999663889199670
9.4420209902241243	0.9999258104579904
9.4467414686746274	1.0001945956144584
9.4515417306056211	0.9997716126924677
9.4548919268510438	1.0000300879005928
9.4583502409986906	0.9999601060859071
9.4619989229809853	1.0000250527438648
9.4658553590174410	1.0000194102875839
9.4698868533220768	1.0000417650670133
9.4740440199360023	0.9999994523313803
9.4782428250801729	0.9999980189218985
9.4824338964570671	0.9999497403168149
9.4865824754101364	0.9999696789314416
9.4907019457989588	0.9999357589537989
9.4948439830138387	0.9999683440879489
9.4991527993289893	0.9999154164377394
9.5057805914366078	1.0002185303373701
9.5109652212094549	0.9999459149859800
9.5159470722393866	1.0003291794056508
9.5195406148732786	0.9999974121912057
9.5229177196794215	1.0000829877910524
9.5263590556213842	0.9999795324447508
9.5299583707502258	1.0000186405437581
9.5337539054209373	0.9999704051686990
9.5377175941895516	0.9999645701749228
9.5419663293277548	0.9998810914264267
9.5485752752011326	1.0001477221237696
9.5617825460824939	1.0003133252606382
9.5659847485509530	1.0001131640879872
9.5695520722362399	1.0001599881771486
9.5729311006218953	1.0000166191635822
9.5762756480892559	1.0000883291243858
9.5796481745532329	0.9999786414241593
9.5830802243605824	1.0000475571835636
9.5865899813179229	0.9999693291925483
9.5901953424269948	1.0000230956513587
9.5939248096292857	0.9999764128420845
9.5978342283005418	1.0000071690802468
9.6020732020989925	0.9999438790553087
9.6089511806926158	1.0001354465343391
9.6133193126647303	1.0000019652708163
9.6170152381515202	1.0000711786824217
9.6204731222027391	0.9999646954706316
9.6238578451753156	1.0000547851345769
9.6272291020282541	0.9999567065452942
9.6306100216084722	1.0000465822205136
9.6340128815494097	0.9999572397092907
9.6374440188550086	1.0000406375910889
9.6409122144798154	0.9999615091113486
9.6444251352424537	1.0000339732484771
9.6479970241530086	0.9999690488189859
9.6516454568772847	1.0000241250971178
9.6554036134357961	0.9999813378691583
9.6593290969689782	1.0000125528383310
9.6635727931845334	0.9999486323400281
9.6704591815317311	1.0001374999311365
9.6749037827261901	1.0000082881439976
9.6786862170683552	1.0000678913925714
9.6822351503209205	0.9999725283779688
9.6857202734453995	1.0000486803921254
9.6892074567713156	0.9999665281131026
9.6927269910921616	1.0000369449147628
9.6963006766698658	0.9999707790451779
9.6999494414642040	1.0000251992710589
9.7037073960211213	0.9999819524417823
9.7076326956024150	1.0000129242970932
9.7118763373450836	0.9999488586096601
9.7188281946453525	1.0001253127306338
9.7236989355842347	1.0000238320640629
9.7282658748999449	1.0000799384326420
9.7353959822110756	0.9998649900639981
9.7401177114504041	0.9999850472727401
9.7441659977380652	0.9999471882083631
9.7479982072165381	1.0000108949643574
9.7518290313703950	0.9999742946086635
9.7557817721998052	1.0000090462961699
9.7600353972498670	0.9999465539018506
9.7669929047533000	1.0001251411613388
9.7719925212467835	0.9999732474172222
9.7794153806968431	1.0001736908455150
9.7840859835988656	1.0000184869183786
9.7878934009010248	1.0000792840385726
9.7913855315766227	0.9999699057881613
9.7947726906443275	1.0000598269934931
9.7981287259635046	0.9999572949277344
9.8014800875310453	1.0000515518076440
9.8048373483142282	0.9999542564423360
9.8082027467949313	1.0000476237475415
9.8115787778720325	0.9999541417681367
9.8149642764055312	1.0000453731040624
9.8183607420051064	0.9999549551962728
9.8217665194022050	1.0000437672435025
9.8251830286335124	0.9999560464002948
9.8286085855003602	1.0000424190520993
9.8320446687898944	0.9999572104590052
9.8354896838598265	1.0000411695088800
9.8389452494363869	0.9999584059025572
9.8424099497013753	1.0000399241996354
9.8458856713187295	0.9999596702309868
9.8493713355552632	1.0000385826215461
9.8528693145675632	0.9999611074955579
9.8563791658031086	1.0000369882555915
9.8599041666568361	0.9999629186160777
9.8634451054318451	1.0000348613529471
9.8670070431579191	0.9999654870269082
9.8705933182022498	1.0000316597535632
9.8742128759919598	0.9999695934688048
9.8778750796550607	1.0000262312191461
9.8815990046386037	0.9999769366556144
9.8854122831470708	1.0000164547546555
9.8893729926464395	0.9999861861321873
9.8936249445404947	1.0000513518561114
9.9005339586999153	0.9998668315077606
9.9051705783713295	0.9999850466248633
9.9091675924704408	0.9999429947992312
9.9129163554089779	1.0000181551014731
9.9165879219556796	0.9999608290582116
9.9202480781206948	1.0000243711781902
9.9239347174494306	0.9999708153391089
9.9276723612477387	1.0000203789235425
9.9314960354673403	0.9999818797135602
9.9354612100100077	1.0000123705420723
9.9397157314280395	0.9999471955405883
9.9466158911635318	1.0001331490615566
9.9512242590804991	1.0000123071078368
9.9551711270330951	1.0000594964788574
9.9588542152230310	0.9999764630519032
9.9624378151450124	1.0000446084817249
9.9659848634687318	0.9999665492523077
9.9695199972310604	1.0000391710376795
9.9730554083853225	0.9999641934436336
9.9765958847083365	1.0000363732046906
9.9801475640502542	0.9999647545826158
9.9837138711826832	1.0000336792623465
9.9873025529047457	0.9999673241522167
9.9909203736391614	1.0000295714210858
9.9945809969583337	0.9999725774353171
9.9983010495777922	1.0000221396984301
