0.0000000000000000	0.0000000000000000
2.2562372574120340	0.0010000000000000
2.2680081529892120	0.0012632425014145
2.2732392863596744	0.0013360316300635
2.2818364842109706	0.0019730851392523
2.2852956298867926	0.0019443546117907
2.2887240102336226	0.0022450958674667
2.2924150411879447	0.0024385224780691
2.2964632470943132	0.0027885496104388
2.3010304769439998	0.0031750904604410
2.3084171662575215	0.0042707210144863
2.3134692741581064	0.0049059487132159
2.3176774903924153	0.0056791205139803
2.3216225127419601	0.0064052066735409
2.3255078074915558	0.0073444662668922
2.3294232346885448	0.0083197278128206
2.3333712132780677	0.0095385747909397
2.3373786764819418	0.0108642604701078
2.3414125898460822	0.0124664889763208
2.3454972699504300	0.0142461643665029
2.3495854009777468	0.0163502961839074
2.3537132861789276	0.0187097014950170
2.3578277908244352	0.0214607000912106
2.3619892799991078	0.0245749723221597
2.3661438753998953	0.0281819950210799
2.3703836832420051	0.0323355479463002
2.3746409407983031	0.0371414873182390
2.3790126936185283	0.0427621736241437
2.3833807337311428	0.0492182308257856
2.3878634016317153	0.0567724778604702
2.3923209605583637	0.0653703929543607
2.3969266988588283	0.0755138272613735
2.4014943025321260	0.0870180980564431
2.4063069951853424	0.1007858813803083
2.4134854244728365	0.1252434634277060
2.4190972619417157	0.1474105026759631
2.4277577042537661	0.1884121085207737
2.4484580109908585	0.3208349361230852
2.4514868107662702	0.3438398017866013
2.4548643153367191	0.3708961542993283
2.4583278670553312	0.3993688188729947
2.4621349094407239	0.4317559692150386
2.4658860580062605	0.4642589522782234
2.4699714024522663	0.5002410383592060
2.4739644748757268	0.5354981016612609
2.4784112289030311	0.5745530828432305
2.4828244565716195	0.6125189094775830
2.4876472182102844	0.6526109574192358
2.4922876616017295	0.6894728268006700
2.5119982358962454	0.8198230851392840
2.5157669283247603	0.8396016493924157
2.5195161160581634	0.8573129525021304
2.5231498276076190	0.8730312733497629
2.5268289522280849	0.8872985990866483
2.5304609104867972	0.9001194941949262
2.5341943079199409	0.9118334095651610
2.5379255057258030	0.9223910417820822
2.5418133967616212	0.9320799113968845
2.5457915338126216	0.9408849501296731
2.5501482982698080	0.9491990347374629
2.5550867430192126	0.9577887008132508
2.5604727991590011	0.9647924766587462
2.5651506569598066	0.9703185899509156
2.5696642987223584	0.9746966349734987
2.5743871911572711	0.9788749107666046
2.5816164217499384	0.9835547704852362
2.5855467958498837	0.9859373036223334
2.5891810745373061	0.9876531179523722
2.5929437814896539	0.9892868987369983
2.5971928676069154	0.9907770235108010
2.6036535988306944	0.9930052243547116
2.6073304598855951	0.9937553026610962
2.6107229941062720	0.9945764908657831
2.6143824782620659	0.9952156353348053
2.6185745695078007	0.9959481254700469
2.6258795021426722	0.9967462485334281
2.6302846251211918	0.9973154366058321
2.6347569040647660	0.9976742124695092
2.6416446671038254	0.9984054097375102
2.6453775904610359	0.9984507266005622
2.6486966338757139	0.9987177737805495
2.6520563573576896	0.9987677734364748
2.6555888448585456	0.9989646926443663
2.6593791211557738	0.9990592135345658
2.6635877042751752	0.9992460242559444
2.6706887924895146	0.9992704391122791
2.6754346786584233	0.9995009630341581
2.6799793945690582	0.9995322688796889
2.6860585276798212	0.9999591939418447
2.7033731395188125	0.9992285492759367
2.7068006918896255	0.9995977524778152
2.7097825819077528	0.9994959296619019
2.7128084723184771	0.9997168319476525
2.7159049180456636	0.9996404033903549
2.7190507540810174	0.9998137596784683
2.7222446462470091	0.9997390832772207
2.7254893554602853	0.9998831764204623
2.7287975013164840	0.9998168042941320
2.7321781072149252	0.9999311603039864
2.7356456325276319	0.9998798141065702
2.7392152609760485	0.9999614721393211
2.7429182428413137	0.9999322623820125
2.7468109935071627	0.9999785751732077
2.7510460132828123	0.9999276065339233
2.7579470477527259	1.0001263699747207
2.7624272899435560	1.0000062133515890
2.7662603434216337	1.0000641104804135
2.7698564549033278	0.9999754927114443
2.7733736278588674	1.0000509254039553
2.7768694747092959	0.9999687909726057
2.7803663102074112	1.0000453164848921
2.7838771185149183	0.9999689874952185
2.7874098999628010	1.0000406485531583
2.7909766973876122	0.9999728218080457
2.7945898630910802	1.0000337482829216
2.7982713035388129	0.9999808499934320
2.8020515082700941	1.0000220907052706
2.8059915946481602	0.9999909981503753
2.8102380090013797	1.0000551205822510
2.8171308913021136	0.9998667558851144
2.8216211434032932	0.9999930049582502
2.8254514547345919	0.9999370482638600
2.8290395283077934	1.0000280128269516
2.8325591725012096	0.9999550760138202
2.8360741715717537	1.0000338836710279
2.8396187955398027	0.9999656288141483
2.8432119017948798	1.0000296593015015
2.8468777340682743	0.9999762960571555
2.8506467982584232	1.0000185967382247
2.8545802808265668	0.9999876160272165
2.8588248695999665	1.0000517133240732
2.8657432020271258	0.9998683432536316
2.8703756501271731	0.9999842165666719
2.8744070040068004	0.9999483237236414
2.8782459269036269	1.0000106760002136
2.8820881680036279	0.9999751151804024
2.8860493816271817	1.0000095276372905
2.8903050782909663	0.9999466261178438
2.8972226480025633	1.0001322913005046
2.9018435117229604	1.0000146338675062
2.9058425839266726	1.0000542320223968
2.9096294371057536	0.9999853679811020
2.9133842990621375	1.0000304875840382
2.9171984796280728	0.9999862218469411
2.9211526305802060	1.0000150882313410
2.9254047206087543	0.9999492315072781
2.9323301442685317	1.0001304297587108
2.9370419427199881	1.0000182782535627
2.9411733180939366	1.0000459418761931
2.9451372445831141	0.9999945342997204
2.9491505610592208	1.0000198832388023
2.9534227971204170	0.9999508209055532
2.9603400003304690	1.0001356740345162
2.9649255368995102	1.0000130882055798
2.9688574317739369	1.0000596086313394
2.9725494443660847	0.9999793810235700
2.9761761938181990	1.0000396260233326
2.9798127930546938	0.9999752481673109
2.9835021482732893	1.0000258564505209
2.9872863742886593	0.9999832311414024
2.9912267393336123	1.0000134380187500
2.9954745626110344	0.9999486265171447
3.0023638439175548	1.0001366414723636
3.0068493642252179	1.0000091617472093
3.0106657327720758	1.0000666189099949
3.0142327390703554	0.9999720911553579
3.0177164331820081	1.0000502017845017
3.0211777472584291	0.9999628249932958
3.0246390014189370	1.0000431678582378
3.0281097458529200	0.9999610885795254
3.0315917966474997	1.0000396450694242
3.0350874652083362	0.9999615574734509
3.0385953633954963	1.0000374831921786
3.0421168374963621	0.9999626547357928
3.0456501161737379	1.0000358421036841
3.0491967553474644	0.9999639565822640
3.0527554317770820	1.0000343043982345
3.0563285599554462	0.9999654986505654
3.0599160427180516	1.0000324877061555
3.0635221323924817	0.9999676264117315
3.0671493554843803	1.0000297985628646
3.0708059238353487	0.9999711229218298
3.0745004345534173	1.0000250567846858
3.0782511884128851	0.9999776980870170
3.0820848494186741	1.0000161016926168
3.0860581955777620	0.9999861476029178
3.0903135877730108	1.0000517756454799
3.0972067811664128	0.9998644631106944
3.1017729054678673	0.9999885728526463
3.1056580344324045	0.9999348989116251
3.1092616703074354	1.0000272951449265
3.1127531491578364	0.9999475293121309
3.1161924750683290	1.0000394304777411
3.1196075735631839	0.9999512346219299
3.1230075078273600	1.0000437050721391
3.1264000289618008	0.9999523687499998
3.1297873171645496	1.0000450628168085
3.1331742926728601	0.9999530813580528
3.1365623332436079	1.0000449480967737
3.1399560685896031	0.9999541680417006
3.1433570127928911	1.0000437822888435
3.1467701146398452	0.9999559776269388
3.1501975242073899	1.0000415921307142
3.1536451691007832	0.9999588079885786
3.1571167466031498	1.0000381177119662
3.1606205598951047	0.9999631632433473
3.1641639860290138	1.0000326628658709
3.1677613290269750	0.9999701381219926
3.1714300380042717	1.0000236182720996
3.1752031101151208	0.9999817134316195
3.1791376137491545	1.0000126584752425
3.1833837483718987	0.9999483931158962
3.1902867606010177	1.0001340138334531
3.1948493697324833	1.0000125964046651
3.1987751351615805	1.0000585467932368
3.2024792702668883	0.9999810327640253
3.2061378287372984	1.0000364227398297
3.2098307126543539	0.9999796937665004
3.2136119269077090	1.0000196401151213
3.2175504471899123	0.9999875247198567
3.2217968107753201	1.0000511745219476
3.2286789425240348	0.9998605983940831
3.2330922604974695	0.9999925827890221
3.2368268311846502	0.9999267987007368
3.2403079055144275	1.0000316265351150
3.2437048169139491	0.9999424127241602
3.2470743764084453	1.0000418603449959
3.2504417910333800	0.9999492247759687
3.2538139940029427	1.0000440191901423
3.2571972358172738	0.9999529065199199
3.2605924712924548	1.0000433326661315
3.2640039025795278	0.9999558115513584
3.2674326584728681	1.0000411982793314
3.2708838248019481	0.9999590644907376
3.2743602967619334	1.0000377512897731
3.2778697310809104	0.9999635140084825
3.2814189355186798	1.0000323884059901
3.2850217527524892	0.9999704112639419
3.2886952265076075	1.0000234993207071
3.2924720048512071	0.9999818268063758
3.2964088103359273	1.0000127058081505
3.3006555571145633	0.9999483559686980
3.3075774174210308	1.0001303981544873
3.3122650386072294	1.0000176826538110
3.3163728158846664	1.0000465949318553
3.3203185901415493	0.9999943298785601
3.3243208576747691	1.0000198985642952
3.3285900783561546	0.9999511961803094
3.3355154525525390	1.0001346058777265
3.3401301909105081	1.0000149445977202
3.3441164478314147	1.0000552902799749
3.3478892403304168	0.9999849580325808
3.3516313354644391	1.0000309500168720
3.3554353976662812	0.9999860065355247
3.3593832327950466	1.0000150133118182
3.3636336384699388	0.9999493707290159
3.3705581204922241	1.0001308427994609
3.3752491675872691	1.0000179022726816
3.3793594087357475	1.0000466242551296
3.3833068111369684	0.9999943786746668
3.3873100100648390	1.0000199080663708
3.3915794911841002	0.9999511646353800
3.3984912229221012	1.0001371173374516
3.4030228211220779	1.0000114039089059
3.4068913809896655	1.0000635266590361
3.4105159963184422	0.9999757941758762
3.4140669528390246	1.0000450715213924
3.4176113856697730	0.9999690431248796
3.4211802170878967	1.0000345978659391
3.4247954030715504	0.9999722987110713
3.4284775871085125	1.0000241154516174
3.4322603190701626	0.9999823757600537
3.4362006733987505	1.0000129444815313
3.4404483772131518	0.9999483460360903
3.4473367492345703	1.0001365654622223
3.4518216899476388	1.0000088673860208
3.4556330596174214	1.0000672312837762
3.4591892927769066	0.9999710423657120
3.4626558458579257	1.0000517488075491
3.4660935020686461	0.9999609469504058
3.4695248238249694	1.0000454631562514
3.4729600447266908	0.9999586084131465
3.4764021383218076	1.0000423206384932
3.4798550176833287	0.9999589246531119
3.4833194336980244	1.0000399793013508
3.4867993933114780	0.9999605521124473
3.4902965027801405	1.0000373434129117
3.4938165313916030	0.9999633856098858
3.4973636250896840	1.0000335769579156
3.5009474982194448	0.9999680451693586
3.5045783701343636	1.0000274316818796
3.5082761897032446	0.9999761575890416
3.5120696344094244	1.0000168064034136
3.5160180830607937	0.9999862137965143
3.5202667207301448	1.0000509302259337
3.5271803786883433	0.9998671045780811
3.5318184057865811	0.9999840166796655
3.5358375782246561	0.9999456234991762
3.5396384968738097	1.0000134361890198
3.5434051074557971	0.9999689446436874
3.5472258114361868	1.0000127903409781
3.5511852080268236	0.9999839789975015
3.5554375087562504	1.0000499284322895
3.5623588550023428	0.9998675603847913
3.5670308467309360	0.9999824560684413
3.5710999422706915	0.9999488223937842
3.5749685701677660	1.0000094192440794
3.5788320384394550	0.9999749433247328
3.5828058898438888	1.0000090826832451
3.5870650640658224	0.9999457768932840
3.5940103453378618	1.0001262260992798
3.5988426552644146	1.0000225320596561
3.6031894199219656	1.0000372207035766
3.6075745813194029	0.9999554359092786
3.6145935082368905	1.0001373798349655
3.6193586478553907	1.0000205535277751
3.6235120189837975	1.0000470446144765
3.6274844935795052	0.9999950749319401
3.6315010854935426	1.0000201824457673
3.6357744560792300	0.9999509158483162
3.6426883911846550	1.0001364914847430
3.6472496528634175	1.0000120520472553
3.6511465258430262	1.0000621480501384
3.6547938457501954	0.9999764728943722
3.6583623693995673	1.0000442136919327
3.6619202655340533	0.9999694661131981
3.6654993043342907	1.0000341709667773
3.6691221248604409	0.9999725073671669
3.6728098656588766	1.0000239527875308
3.6765964294535722	0.9999824261763656
3.6805390341694406	1.0000129448719917
3.6847873654505379	0.9999482689275472
3.6917271580068052	1.0001268139595587
3.6965481558872995	1.0000228429400870
3.7008876811731253	1.0000374096362261
3.7052708107835617	0.9999557540074537
3.7122603524362670	1.0001430025543319
3.7168274534314780	1.0000131398774845
3.7207007762436679	1.0000653037371960
3.7243175033959162	0.9999756246326409
3.7278557431846173	1.0000463347767603
3.7313858101444444	0.9999684571081294
3.7349403183556666	1.0000354568219794
3.7385422444791012	0.9999718269901819
3.7422130657797799	1.0000245373081795
3.7459870357010154	0.9999822402627456
3.7499219682152893	1.0000129500473927
3.7541682235396450	0.9999485401795177
3.7611179258628944	1.0001252994468799
3.7659962237901623	1.0000236992646352
3.7705651373906108	1.0000801536954529
3.7777294932321781	0.9998714367950818
3.7827078076144951	0.9999769819599983
3.7873106588177494	0.9999186180192083
3.7944367634400713	1.0001394743942158
3.7990263351149154	1.0000080951342785
3.8028684438322791	1.0000666734393855
3.8064377133329859	0.9999717166773232
3.8099226831356194	1.0000494526404731
3.8133955203583807	0.9999646406249310
3.8168871962025896	1.0000395252460770
3.8204170258114551	0.9999671028184096
3.8239999765761925	1.0000302867436466
3.8276580112554006	0.9999754621868936
3.8314215640303155	1.0000176654711150
3.8353516678762563	0.9999864334683082
3.8395953791146455	1.0000504043190748
3.8465401833655131	0.9998721230954764
3.8513403881615256	0.9999760669333915
3.8556674446027963	0.9999614492806848
3.8600458554315638	1.0000426544675847
3.8670664484493482	0.9998607281958025
3.8717825728483652	0.9999789010918354
3.8758913705540210	0.9999503561842588
3.8798285792051690	1.0000040281606981
3.8838255006696927	0.9999785970538894
3.8880922081275635	1.0000472032230663
3.8949846741023908	0.9998571055785337
3.8993605645457996	0.9999931091643393
3.9030515143374722	0.9999234142044288
3.9064933026366981	1.0000330906863544
3.9098568152964992	0.9999401116872618
3.9131989087430137	1.0000429889251203
3.9165449619856294	0.9999480413560540
3.9199022580572644	1.0000443912428767
3.9232777315750451	0.9999528672737676
3.9266732464249863	1.0000426211028766
3.9300943174646155	0.9999571313711278
3.9335438804962313	1.0000389714579392
3.9370296586239770	0.9999622538995093
3.9405584703542171	1.0000332179042120
3.9441441973054703	0.9999697007607976
3.9478039767385087	1.0000238764393239
3.9515706458608304	0.9999816110119518
3.9555013174951830	1.0000126633527855
3.9597464062546552	0.9999485370659852
3.9666969500094966	1.0001252491963044
3.9715721805136726	1.0000237299359427
3.9761402794491163	1.0000800550615938
3.9832650143032025	0.9998643315942329
3.9879665346532520	0.9999862681130117
3.9919765139075825	0.9999441646805143
3.9957483926431232	1.0000150421567413
3.9994848971000025	0.9999679590476112
4.0032813173254054	1.0000132625695015
4.0072254529196929	0.9999840145925879
4.0114736846661057	1.0000493921348519
4.0183654136055500	0.9998611949376589
4.0228177559742306	0.9999906074494915
4.0266008245144276	0.9999301268475369
4.0301349437339855	1.0000282486708048
4.0335901026491499	0.9999468811836217
4.0370247096764142	1.0000372297408027
4.0404659753805943	0.9999548788080946
4.0439232093509432	1.0000377658658024
4.0474057288188767	0.9999603827128076
4.0509187637242912	1.0000346107324136
4.0544727316509697	0.9999663988172716
4.0580781536570942	1.0000282071305215
4.0617553491149545	0.9999754357093751
4.0655334291794052	1.0000170252596787
4.0694724962549671	0.9999862074655845
4.0737185934066247	1.0000505971409201
4.0806095547377499	0.9998623954092700
4.0850872959009141	0.9999900050272933
4.0888983029095751	0.9999320127211263
4.0924596417466166	1.0000268844142655
4.0959427896511498	0.9999490106054977
4.0994085715737905	1.0000350688879496
4.1028870904622590	0.9999578467246640
4.1063911727400138	1.0000341624728393
4.1099348791105204	0.9999652148392640
4.1135302650047390	1.0000282905882036
4.1171987003160844	0.9999749421384497
4.1209699576427834	1.0000170432814148
4.1249047931774596	0.9999861537223219
4.1291497615452926	1.0000504166485715
4.1361030426273198	0.9998738791144808
4.1409780044836486	0.9999753847891730
4.1455477603448427	0.9999192448913665
4.1526774744604928	1.0001345696072497
4.1573762184762035	1.0000126079473357
4.1613816472753138	1.0000549250100201
4.1651513306915726	0.9999837997716877
4.1688842024136266	1.0000311010105991
4.1726792657113458	0.9999856482798292
4.1766210750838679	1.0000149221133889
4.1808699371085947	0.9999495465797642
4.1878138955288318	1.0001275014381237
4.1926202050214059	1.0000230811136137
4.1969485543180181	1.0000376230352015
4.2013286973803758	0.9999562609717564
4.2083096116688585	1.0001451795079497
4.2128009212753934	1.0000110473076047
4.2165939623118751	1.0000699889372966
4.2201388660325554	0.9999727624037446
4.2236144828879869	1.0000499878292659
4.2270902357030335	0.9999661593470028
4.2305982051267330	1.0000377645919973
4.2341611603553391	0.9999704343207083
4.2378007657086085	1.0000255890389487
4.2415516962440210	0.9999818642220292
4.2454726769489737	1.0000129469601364
4.2497151718907684	0.9999490261393582
4.2566267032869227	1.0001331276817036
4.2612128949767563	1.0000146698259325
4.2651932482773089	1.0000536527638866
4.2689912734983508	0.9999881906579741
4.2728016094150396	1.0000252529372937
4.2767450160704090	0.9999901533310418
4.2809946455523997	1.0000522304654225
4.2879238141794529	0.9998680229128424
4.2925607170371167	0.9999822811665796
4.2966207553121567	0.9999507740562283
4.3005286012601731	1.0000049143080909
4.3045095466210332	0.9999789127428950
4.3087717095811486	1.0000468730172782
4.3157018960616984	0.9998637765117462
4.3202783364711488	0.9999838191437675
4.3242472194141444	0.9999442520567632
4.3280331966951566	1.0000107384469938
4.3318360842116830	0.9999733280025891
4.3357735219809452	1.0000086477397900
4.3400228237630198	0.9999467867312047
4.3469832174223066	1.0001248474799400
4.3519814200860125	0.9999733917100108
4.3594295236858462	1.0001701089673811
4.3642304446903859	1.0000237877300406
4.3682246009345960	1.0000648814783153
4.3719521406004338	0.9999856521172005
4.3756419855581070	1.0000349845699581
4.3794024947097974	0.9999862712600274
4.3833229168302763	1.0000155882304045
4.3875660685534292	0.9999506543702799
4.3944681305104023	1.0001366015571536
4.3989547037204888	1.0000116472092506
4.4028156721882405	1.0000609596406811
4.4064847299517522	0.9999821251971313
4.4101459126305240	1.0000338863254035
4.4138914756957375	0.9999852960063002
4.4178043504260600	1.0000151189162987
4.4220452930170993	0.9999506165093162
4.4289792727438080	1.0001305929570667
4.4336571634866413	1.0000197629183865
4.4378003564669646	1.0000425359243110
4.4418614835953978	0.9999979053083806
4.4461540479064103	1.0000573133975457
4.4531514035058724	0.9998743522524590
4.4580178805515089	0.9999756294345574
4.4625865073533033	0.9999200990281364
4.4697210380345229	1.0001361542939522
4.4743564811260494	1.0000124234507428
4.4783175881609116	1.0000554558264856
4.4820825051961997	0.9999868689605613
4.4858637757373421	1.0000259450134392
4.4897886699163401	0.9999902431935158
4.4940334962454527	1.0000516083234949
4.5009487617485924	0.9998644212434052
4.5054558613383504	0.9999861936621434
4.5093611634160062	0.9999420763568952
4.5130981200491656	1.0000119284471138
4.5168664396792124	0.9999725756985952
4.5207835934261293	1.0000085117214634
4.5250274118101439	0.9999474024057482
4.5319512456285214	1.0001325503052456
4.5365230924063829	1.0000155652269298
4.5405198579097128	1.0000504317122045
4.5443830289517182	0.9999937197934832
4.5483361822809929	1.0000202124968676
4.5525920263739525	0.9999529981197531
4.5595670872137681	1.0001273250893923
4.5644172791464825	1.0000250324558453
4.5689794624775075	1.0000795955327384
4.5760633203067878	0.9998550431226790
4.5804339863924151	0.9999960485894267
4.5840913692896423	0.9999232595343270
4.5875343224909120	1.0000294203022533
4.5909542480230936	0.9999485727592803
4.5944219138840650	1.0000293848400004
4.5979812746844324	0.9999683616265750
4.6016702208950537	1.0000171225985743
4.6055551014821106	0.9999853968792282
4.6097867684486289	1.0000482346696906
4.6167387045824908	0.9998709169681654
4.6214712961946498	0.9999758129168520
4.6257504930049214	0.9999608973370454
4.6301160903496346	1.0000407040229176
4.6370795653853492	0.9998480025749323
4.6413686188987757	0.9999925362619204
4.6449916103139959	0.9999200350937756
4.6484202406514736	1.0000280358185978
4.6518344399478151	0.9999475680857968
4.6553000257198764	1.0000288196280087
4.6588589612826983	0.9999680676684057
4.6625480440634961	1.0000169269626367
4.6664331381684914	0.9999852971224494
4.6706648308959808	1.0000481916688220
4.6775503836597494	0.9998584376591959
4.6818846527232925	0.9999920830618977
4.6855923063687293	0.9999287383944985
4.6891159703464247	1.0000233942410777
4.6926332364715879	0.9999558317441102
4.6962162372053484	1.0000217591686182
4.6999202960784388	0.9999773436375495
4.7038114333299132	1.0000110159298554
4.7080463099822030	0.9999491343252364
4.7149337757416259	1.0001389397427605
4.7193087199614530	1.0000077526437223
4.7230522558799324	1.0000679690826837
4.7266066693089845	0.9999764588826326
4.7301467595922135	1.0000418620507299
4.7337487250508916	0.9999775860856289
4.7374648837168660	1.0000212195961018
4.7413646054314160	0.9999878212157060
4.7456005219400250	1.0000499686084310
4.7525044280910125	0.9998629120033036
4.7569667649764087	0.9999879353211246
4.7608122763258507	0.9999375536947975
4.7644704856276370	1.0000169794981530
4.7681267296542025	0.9999648889404941
4.7718681808919410	1.0000136247036508
4.7757802769981668	0.9999837642045215
4.7800197263981703	1.0000481682163775
4.7869200132729297	0.9998613981962394
4.7913635274247115	0.9999888534016156
4.7951751509129430	0.9999344132405547
4.7987834957924234	1.0000205812870322
4.8023676285073256	0.9999590621402152
4.8060018339056194	1.0000204968622326
4.8097424523483712	0.9999782695188795
4.8136552820665885	1.0000111858806668
4.8178959550802212	0.9999484721567586
4.8248289637604520	1.0001294322215044
4.8295231232217573	1.0000196035063880
4.8336816088238281	1.0000419476492011
4.8377523537284670	0.9999976780523306
4.8420474592610026	1.0000575213979619
4.8490426312822379	0.9998743539695093
4.8539171875681095	0.9999757539545149
4.8584878802427669	0.9999198533359678
4.8656266141958957	1.0001349045635177
4.8703118173533815	1.0000134410866421
4.8743231638619013	1.0000532339754409
4.8781288207272429	0.9999876670394264
4.8819395973799722	1.0000251691695909
4.8858820516812091	0.9999900623501444
4.8901315813786708	1.0000521165860183
4.8970951579194457	0.9998742645609734
4.9019579786294578	0.9999753856838590
4.9065247302902035	0.9999197467976950
4.9136696938894096	1.0001329571596376
4.9184181314024622	1.0000157480148306
4.9225207567052021	1.0000474424760406
4.9264469949647420	0.9999936456730958
4.9304339030968993	1.0000198388645214
4.9346994003729385	0.9999517966331517
4.9415166752084394	1.0001557997198280
4.9455135843925717	0.9999903676247492
4.9488312294507031	1.0001030823467385
4.9519481023663490	0.9999478731086645
4.9550214738148384	1.0000817330922409
4.9581016017919435	0.9999393894446832
4.9612045936344478	1.0000691376995312
4.9643378242110723	0.9999399383701947
4.9675029430066360	1.0000607373784642
4.9707037250220205	0.9999438210315993
4.9739411090924479	1.0000537097275473
4.9772199217142834	0.9999494494606470
4.9805428551373518	1.0000465092797099
4.9839175150499031	0.9999567092792210
4.9873507300599362	1.0000378773282874
4.9908565464590717	0.9999665170081696
4.9944525531801549	1.0000259600449601
4.9981723825926787	0.9999807386204961
5.0020748124233121	1.0000126084748595
5.0063123292157945	0.9999494900877128
5.0132442082842550	1.0001300575394159
5.0179202508778706	1.0000195498227862
5.0220627241460489	1.0000424241602561
5.0261236190771514	0.9999978531668283
5.0304160888944622	1.0000572869093005
5.0373262755245714	0.9998581965377222
5.0416529137174928	0.9999950255569253
5.0453155564300456	0.9999242468259315
5.0487659718511448	1.0000298039602220
5.0521799952388999	0.9999469026796189
5.0556208312367010	1.0000327945234688
5.0591245088965966	0.9999629667008290
5.0627156097056902	1.0000243988588098
5.0664310485778579	0.9999796228036891
5.0703305386032813	1.0000120600868034
5.0745673462598715	0.9999493208401535
5.0815131099013273	1.0001275173912625
5.0862729111481384	1.0000229384983297
5.0905687225792065	1.0000377933555311
5.0949400761156571	0.9999574417216410
5.1019058392026402	1.0001493126612622
5.1062544525499058	1.0000074702514985
5.1099179644467192	1.0000771668610065
5.1133658703926725	0.9999700750268128
5.1167751922765685	1.0000529962824867
5.1202133336861060	0.9999663966541522
5.1237134472615340	1.0000363212198156
5.1273032810200698	0.9999746053214460
5.1310164190562011	1.0000194078480058
5.1349159585414528	0.9999868990122377
5.1391515390272042	1.0000495488394641
5.1460872351811284	0.9998689714213526
5.1507527885802382	0.9999794786049983
5.1548892051033199	0.9999563795459311
5.1589449648792183	1.0000010397336159
5.1632373563184712	0.9999417814801624
5.1700765347209217	1.0001537182682774
5.1740575188116420	0.9999885203186454
5.1773673425622198	1.0001023927071293
5.1804838590070856	0.9999477247666235
5.1835599581276197	1.0000812200720184
5.1866421371612716	0.9999391361559790
5.1897431666116143	1.0000696907741797
5.1928673416862399	0.9999384102003678
5.1960132387889164	1.0000631903495465
5.1991814412255870	0.9999400529570514
5.2023693462499230	1.0000589504315525
5.2055776981065529	0.9999423939750705
5.2088041671924428	1.0000556979885733
5.2120499707957402	0.9999449164209988
5.2153132326116669	1.0000528468521035
5.2185956669399296	0.9999475212942119
5.2218959416458306	1.0000500757656150
5.2252163651978156	0.9999502848165369
5.2285563324040742	1.0000471344207336
5.2319190012576700	0.9999533938559224
5.2353048837627068	1.0000437334247509
5.2387185527941060	0.9999571714767820
5.2421624938061946	1.0000394292053978
5.2456440107498663	0.9999621998478729
5.2491696553458889	1.0000333983663425
5.2527530554382871	0.9999696569694198
5.2564111762061492	1.0000239333132164
5.2601767188094088	0.9999815966645965
5.2641067363866405	1.0000126602479913
5.2683516422821350	0.9999485546346634
5.2752356854513014	1.0001377719177269
5.2796752260601822	1.0000075671950210
5.2834407863321804	1.0000698734238991
5.2869573185491259	0.9999693883135264
5.2903896555711292	1.0000538913285166
5.2937970932264760	0.9999594024313168
5.2972008455664241	1.0000472270706859
5.3006098679891878	0.9999570470810232
5.3040257910893764	1.0000440947545532
5.3074509890891646	0.9999570278390442
5.3108843478297052	1.0000422683853014
5.3143275172567455	0.9999577766147826
5.3177791106711840	1.0000408824263967
5.3212409091947013	0.9999588247286477
5.3247117241136559	1.0000395749217876
5.3281937161264432	0.9999600869897893
5.3316861658444914	1.0000381273231054
5.3351919136391412	0.9999616591652095
5.3387111312858559	1.0000362981948177
5.3422479310374200	0.9999638016062269
5.3458042433628856	1.0000336898396667
5.3493867769541676	0.9999670502976451
5.3530013022521041	1.0000295172033598
5.3566606221223987	0.9999725549435878
5.3603805603230068	1.0000220830558169
5.3641923322675797	0.9999824301131321
5.3681506313669525	1.0000127360603477
5.3724031947195465	0.9999476089401720
5.3793082822470746	1.0001325410774804
5.3839351808099138	1.0000134546285011
5.3879155775747121	1.0000569336938423
5.3916464582075081	0.9999797011191970
5.3952940799529827	1.0000397402628500
5.3989252521450020	0.9999725146589423
5.4025705943320030	1.0000310443984524
5.4062515268944669	0.9999745529803528
5.4099876014646728	1.0000224135444848
5.4138109037331468	0.9999830222115050
5.4177761939676419	1.0000129716173831
5.4220306686118045	0.9999474894556271
5.4289672193995067	1.0001263768872370
5.4338207091320863	1.0000227196480842
5.4381841551861045	1.0000371976226066
5.4425737626309569	0.9999548227578146
5.4496124483224930	1.0001329247179738
5.4545609583672796	1.0000254953205272
5.4591511628570499	1.0000823647590911
5.4663125419182297	0.9998706591499648
5.4712822728189208	0.9999781958221620
5.4756917765082598	0.9999623397619296
5.4800953889764612	1.0000450174332969
5.4871122569086790	0.9998597167625728
5.4918291020910450	0.9999819038799354
5.4958740160515864	0.9999429930032332
5.4996545559006629	1.0000166749667885
5.5033500175875272	0.9999614492053586
5.5070293883267620	1.0000235525172378
5.5107318734523227	0.9999713052355499
5.5144822893761942	1.0000200101947552
5.5183155442484315	0.9999820384376058
5.5222866180819432	1.0000123935502356
5.5265427550250905	0.9999470090274977
5.5334542511964511	1.0001307721782107
5.5381488245591433	1.0000155085873164
5.5422160051770479	1.0000518583291595
5.5460459977574583	0.9999847186608368
5.5498105886855402	1.0000320250094339
5.5535889876537627	0.9999816638383721
5.5574337961016242	1.0000182847307690
5.5614112358210024	0.9999872779890634
5.5656681774264101	1.0000524112352622
5.5725755213444588	0.9998671065256808
5.5772251213490982	0.9999854450931560
5.5812239066278355	0.9999422647729369
5.5849570561480073	1.0000203136094561
5.5885907050531278	0.9999571066220125
5.5921836828929443	1.0000301915942424
5.5957628872031417	0.9999619557390869
5.5993356032625510	1.0000331530842215
5.6029074954758640	0.9999636165201414
5.6064782037323475	1.0000340392856566
5.6100500369698469	0.9999642093453002
5.6136215274449510	1.0000342747538187
5.6171944373847982	0.9999644503874731
5.6207671526036425	1.0000343013179060
5.6243413443646411	0.9999645782182882
5.6279153867795984	1.0000342584625372
5.6314909404325082	0.9999646723360719
5.6350663885234127	1.0000341889778745
5.6386434033350996	0.9999647615627000
5.6422203900072363	1.0000341022978241
5.6457990527321353	0.9999648615234753
5.6493778420021341	1.0000339925600004
5.6529585274271863	0.9999649897026202
5.6565396486874331	1.0000338407040752
5.6601231010257500	0.9999651752544354
5.6637075934317229	1.0000336085384840
5.6672952565137393	0.9999654711271269
5.6708851162655343	1.0000332245717327
5.6744797436439507	0.9999659749542016
5.6780787632003813	1.0000325555809029
5.6816855873652736	0.9999668699332190
5.6853010097758609	1.0000313475561000
5.6889301332517421	0.9999685129150525
5.6925761994770125	1.0000290907708462
5.6962480441500798	0.9999716482345418
5.6999547376523054	1.0000246750011916
5.7037149258389270	0.9999779327413525
5.7075554248110976	1.0000159959170603
5.7115329217527728	0.9999861371305899
5.7157894684982127	1.0000519174037985
5.7227322501302123	0.9998739586220473
5.7276417766551297	0.9999760168455695
5.7322206024253299	0.9999182315497978
5.7393578984947995	1.0001310579123253
5.7442178636126391	1.0000159971951446
5.7484084752449620	1.0000461869345347
5.7523608744553023	0.9999900607244745
5.7562789397502154	1.0000226181013512
5.7602860528952524	0.9999894120965405
5.7645532541565370	1.0000540045518362
5.7714966158650292	0.9998731947036972
5.7763667158632481	0.9999765481636949
5.7807435920626213	0.9999619906030907
5.7851356157012503	1.0000446487608865
5.7921741394688153	0.9998662581660723
5.7971293125578738	0.9999737671116380
5.8017230544332303	0.9999166868223882
5.8088821171308140	1.0001290214284868
5.8139657115047276	0.9999705996673943
5.8214889496635136	1.0001672044382046
5.8265135729089881	1.0000263692255340
5.8307233754502006	1.0000561259985015
5.8346167425262774	0.9999879637352665
5.8384124919442657	1.0000330905691954
5.8422076407775050	0.9999827225097773
5.8460621230224330	1.0000186755851688
5.8500447196829004	0.9999875557308259
5.8543031934791312	1.0000527506413481
5.8612340090834598	0.9998717599268998
5.8660496495980841	0.9999785869120493
5.8703196871646766	0.9999596685271007
5.8744582664776068	1.0000023059901413
5.8787732376139896	0.9999397470348309
5.8857528570591988	1.0001248091219717
5.8906813302335479	1.0000224003582978
5.8952644423548479	1.0000808367178833
5.9024014941948586	0.9998676006227545
5.9072626367969674	0.9999829961811513
5.9114542453749959	0.9999526934446441
5.9154043760381239	1.0000089828208141
5.9193219089715194	0.9999763448695712
5.9233270358552428	1.0000095996878302
5.9275950118145948	0.9999450744098729
5.9344983875384454	1.0001332130490479
5.9391072931746907	1.0000114179017838
5.9430391085560528	1.0000611254266398
5.9466914711071555	0.9999738407444320
5.9502283046759858	1.0000485172097180
5.9537115369192311	0.9999616842191038
5.9571643714006015	1.0000455320631678
5.9605973332405275	0.9999566723748892
5.9640133471072634	1.0000455780306476
5.9674161798302636	0.9999540427425457
5.9708062619971738	1.0000464025269933
5.9741869858861509	0.9999525176031259
5.9775588473634969	1.0000471088091554
5.9809256391850036	0.9999517935633330
5.9842882027074555	1.0000473071607208
5.9876507261950600	0.9999518435007561
5.9910143977257864	1.0000468000337372
5.9943837981683297	0.9999527244560938
5.9977605562774849	1.0000454448873577
6.0011498238950436	0.9999545521029075
6.0045540102484605	1.0000430618992684
6.0079793636644521	0.9999575522474938
6.0114299135388061	1.0000393200642630
6.0149143119031532	0.9999621988907385
6.0184403000953148	1.0000335094201644
6.0220225290704681	0.9999695588657036
6.0256788229325684	1.0000240382939591
6.0294425804099818	0.9999815651036066
6.0333713944306355	1.0000126686836839
6.0376160014618918	0.9999486058617681
6.0445102213327289	1.0001359441195026
6.0490076942611610	1.0000104031767729
6.0528555081341322	1.0000633681472226
6.0564776368118656	0.9999769572965591
6.0600478555335355	1.0000422004755931
6.0636394233452178	0.9999738422471830
6.0672940220437344	1.0000270019704618
6.0710532015815923	0.9999828717416143
6.0749785608132925	1.0000134495096449
6.0792222962195845	0.9999491545957992
6.0861536838300969	1.0001293999773844
6.0908725171111824	1.0000199544391439
6.0950521473779755	1.0000415240546099
6.0991356914644292	0.9999975411310253
6.1034342940253143	1.0000578733334826
6.1103343072547496	0.9998572043629965
6.1146439663471970	0.9999972652560687
6.1182595603221870	0.9999189807559514
6.1216323351715847	1.0000370455947538
6.1249343570894883	0.9999360715051300
6.1282220232591236	1.0000461285955726
6.1315204433133701	0.9999450843634961
6.1348370263858838	1.0000465475115190
6.1381792418003691	0.9999511468959176
6.1415497343919334	1.0000435613331329
6.1449552244969610	0.9999568617574872
6.1484003252270947	1.0000383256922321
6.1518953203211710	0.9999638963441240
6.1554510355835950	1.0000302701053370
6.1590881829463777	0.9999742442630938
6.1628366391297122	1.0000175997408278
6.1667577136277840	0.9999862582545149
6.1709989725577694	1.0000499851679383
6.1778785793385955	0.9998593981414260
6.1822541328030569	0.9999930459741492
6.1859620990873081	0.9999259080349346
6.1894346218783465	1.0000305428833991
6.1928423764116243	0.9999444125107294
6.1962439259618707	1.0000379996317259
6.1996676609426480	0.9999548097009655
6.2031252600424196	1.0000362060942793
6.2066300449283798	0.9999634096994434
6.2101935796410155	1.0000294430079246
6.2138369573962624	0.9999741480399927
6.2175899699811614	1.0000173522344882
6.2215138116291291	0.9999861651422718
6.2257558062597669	1.0000500342632335
6.2326457122766961	0.9998614426646927
6.2370854127881739	0.9999905689742243
6.2408673746350711	0.9999310021625637
6.2444156566967903	1.0000262560474542
6.2479027780816834	0.9999503246486278
6.2513909278192514	1.0000322424750603
6.2549132880909264	0.9999620760168187
6.2584881770839722	1.0000280332109930
6.2621395972208180	0.9999737754156918
6.2658981192789112	1.0000169289012397
6.2698252271634374	0.9999859796031750
6.2740681010272636	1.0000500489865192
6.2809487645707236	0.9998598142839668
6.2853412332946528	0.9999928129624084
6.2890599545978390	0.9999260669514087
6.2925330117225968	1.0000314025741115
6.2959294863078279	0.9999427720461729
6.2993059614341913	1.0000407816172319
6.3026878518266471	0.9999507009362892
6.3060826395319811	1.0000418784310017
6.3094975356134784	0.9999556413899738
6.3129349410222613	1.0000397937623724
6.3164011863809391	0.9999602264413529
6.3199005678431472	1.0000356014115892
6.3234429941272650	0.9999661027776892
6.3270388767613870	1.0000286781643359
6.3307084669130322	0.9999752679207786
6.3344809592786637	1.0000171559974789
6.3384166341198735	0.9999862293818598
6.3426618143788067	1.0000504867160342
6.3495796259974266	0.9998672727043879
6.3542149210187118	0.9999832448076255
6.3582483207728924	0.9999475294925815
6.3620883404080502	1.0000099413427028
6.3659310811076386	0.9999744744046344
6.3698925129741220	1.0000089680609321
6.3741482848837059	0.9999461379502085
6.3810851719433197	1.0001282944696657
6.3858326317952772	1.0000198201832431
6.3900366793091949	1.0000407767435988
6.3941351831429243	0.9999972424696159
6.3984378518096428	1.0000582113985119
6.4054186823952204	0.9998727295491781
6.4102502803627495	0.9999767667759719
6.4145931837616921	0.9999617943707211
6.4189763690335804	1.0000432192099029
6.4259711437948566	0.9998560929488813
6.4305349548505575	0.9999857552520015
6.4344086971188146	0.9999335865649346
6.4380235083817912	1.0000235065930472
6.4415586360991393	0.9999520216132012
6.4450783785496428	1.0000315501832930
6.4486151709513049	0.9999616032452913
6.4521839918925288	1.0000299957079599
6.4558022353671571	0.9999700285146054
6.4594877307721648	1.0000226081594912
6.4632733966486722	0.9999816801836219
6.4672155764518457	1.0000125449781347
6.4714637889289301	0.9999480770681268
6.4783616698844853	1.0001346122659664
6.4829085703511780	1.0000113052196222
6.4867999744173108	1.0000616887954559
6.4904474024768897	0.9999765081075772
6.4940192540805484	1.0000437712230721
6.4975823265336246	0.9999697473204784
6.5011674116669838	1.0000337909689736
6.5047963948319527	0.9999727591193353
6.5084897541286608	1.0000237446815865
6.5122808167255499	0.9999825043993736
6.5162262556713717	1.0000129460874101
6.5204753373996880	0.9999481697474990
6.5273671628988552	1.0001356854349024
6.5318833640397731	1.0000098799335573
6.5357301166303490	1.0000649927991774
6.5393219106407665	0.9999729150203543
6.5428252981082622	1.0000490742574724
6.5463031842500365	0.9999636428349251
6.5497805976610461	1.0000419563934413
6.5532707177857148	0.9999626629055349
6.5567801560956118	1.0000371349962429
6.5603177065389691	0.9999653535058978
6.5638908280947721	1.0000316665112687
6.5675135085260976	0.9999713069700283
6.5712028440637562	1.0000231031572737
6.5749913085721152	0.9999820616787251
6.5789352140516320	1.0000127248742940
6.5831838863978041	0.9999481050675291
6.5901138817616047	1.0001285291127797
6.5948717489659083	1.0000201666436432
6.5990864205518598	1.0000406372639596
6.6031917501528294	0.9999972142998198
6.6074962639329406	1.0000584303347433
6.6144414708059101	0.9998664243649856
6.6190546848245413	0.9999861798246229
6.6230223928732981	0.9999423773950230
6.6267569974143479	1.0000172569912027
6.6304406224403332	0.9999636027475122
6.6341511668907485	1.0000188826765064
6.6379465705617298	0.9999796127326868
6.6418921639746884	1.0000114737742365
6.6461417165962482	0.9999474961487511
6.6530727959913243	1.0001284245875171
6.6578264787788148	1.0000200392987650
6.6620371384657071	1.0000406878031465
6.6661399198069429	0.9999972256217381
6.6704437435674491	1.0000583514591961
6.6774238087929536	0.9998727832885517
6.6822607023185405	0.9999767900213817
6.6866073932926495	0.9999618316689262
6.6909916134374807	1.0000433704451031
6.6980070180230253	0.9998600263718533
6.7027074475311235	0.9999804185315989
6.7067732690212125	0.9999466852865148
6.7106299711709889	1.0000091231697852
6.7144818535666060	0.9999742445897986
6.7184479520708393	1.0000088249466443
6.7227051263109887	0.9999459393459087
6.7295883400400687	1.0001382638049041
6.7340067797039902	1.0000059489005828
6.7377377580143669	1.0000724701654797
6.7412132017112070	0.9999666875969062
6.7446009548210135	1.0000571246750629
6.7479624620373091	0.9999565176882196
6.7513210711080491	1.0000501206736094
6.7546882499795098	0.9999547705943288
6.7580684901292845	1.0000458350785866
6.7614675904408932	0.9999562848926958
6.7648884907031368	1.0000418518522669
6.7683378982417288	0.9999598057792470
6.7718208780067739	1.0000368311285137
6.7753479071279124	0.9999655464153950
6.7789300507824954	1.0000293618244427
6.7825880951021702	0.9999749580146563
6.7863518154281453	1.0000173589979375
6.7902820918697087	0.9999862617018067
6.7945258325404154	1.0000503129870149
6.8014248889960740	0.9998634878807152
6.8059321746734076	0.9999881223272751
6.8097943710251885	0.9999363526727396
6.8134283994684308	1.0000214466114286
6.8170108678887429	0.9999573187194696
6.8206114513643312	1.0000247276560588
6.8242749475935138	0.9999722046509341
6.8280392860650192	1.0000159488987481
6.8319692301648178	0.9999854623608518
6.8362129471293134	1.0000498528005479
6.8431378904934395	0.9998680189405419
6.8477993243021551	0.9999815166165884
6.8518846592170295	0.9999515224088170
6.8558118922279769	1.0000046874516084
6.8598045495000832	0.9999789477756409
6.8640698832673133	1.0000472953748958
6.8709900663430581	0.9998624463429958
6.8755296098104957	0.9999862367673983
6.8794293188884517	0.9999384844244955
6.8831079514580615	1.0000184289206320
6.8867467417302182	0.9999614375621959
6.8904223706348677	1.0000195365373534
6.8941924409477142	0.9999789586211263
6.8981227753719647	1.0000113177035752
6.9023681895615701	0.9999479386574633
6.9092700782857017	1.0001345454728798
6.9138042940680355	1.0000118268905753
6.9177011391508891	1.0000599306991078
6.9213807243781833	0.9999802752079759
6.9250193895043113	1.0000372777928526
6.9286967306439546	0.9999793251270024
6.9324666680867706	1.0000198901134010
6.9363983995065723	0.9999875640516458
6.9406429261464044	1.0000509520055283
6.9475436873504988	0.9998637666365542
6.9520526487081700	0.9999881002639268
6.9559178807964965	0.9999366300678151
6.9595557514977431	1.0000212569689075
6.9631423651299347	0.9999575703251621
6.9667469909111448	1.0000245618798433
6.9704140764285540	0.9999723380343980
6.9741812354212556	1.0000158966708939
6.9781129367362587	0.9999854594758135
6.9823571168226799	1.0000499123109143
6.9892368405286618	0.9998596251011941
6.9936286285345535	0.9999930382032439
6.9973419356192936	0.9999253709997578
7.0008044961328855	1.0000324050061722
7.0041849691210221	0.9999412169881823
7.0075392776642387	1.0000427127494365
7.0108919232148059	0.9999481320719595
7.0142492396482110	1.0000449795202564
7.0176169675187250	0.9999517488349322
7.0209955325044398	1.0000444878186470
7.0243885855229040	0.9999544311912801
7.0277965856893685	1.0000426847540125
7.0312237978276748	0.9999572662924704
7.0346720016690503	1.0000398013463823
7.0381472705693477	0.9999609714191173
7.0416540625910544	1.0000354601809935
7.0452024257129340	0.9999664452402467
7.0488029725431458	1.0000285738205819
7.0524760969816978	0.9999753998594755
7.0562510995735739	1.0000171313483910
7.0601882694599833	0.9999862356077179
7.0644338603726000	1.0000505423416273
7.0713128413040192	0.9998600600365003
7.0757169690184947	0.9999929330225211
7.0794391020091778	0.9999257784647052
7.0829061658936743	1.0000324614988121
7.0862881206772732	0.9999412546265376
7.0896422715898186	1.0000428161055863
7.0929943879285124	0.9999481681771294
7.0963520555141972	1.0000448400541004
7.0997222950526142	0.9999521585688916
7.1031069132065170	1.0000437634498793
7.1065111131950358	0.9999556158763442
7.1099371906498359	1.0000409401031349
7.1133917013180143	0.9999597540955484
7.1168794608571631	1.0000363791893889
7.1204108476710974	0.9999656373895127
7.1239967813464853	1.0000291403191959
7.1276579558854802	0.9999750190715306
7.1314240242679885	1.0000172924696740
7.1353557380354937	0.9999862456032363
7.1395998627950990	1.0000503546393718
7.1464763922988297	0.9998593348150803
7.1508554766326089	0.9999936754815993
7.1545532427587224	0.9999242753143580
7.1579994275110570	1.0000334319066289
7.1613627559233901	0.9999398951653290
7.1646988422892024	1.0000440031747220
7.1680317277967633	0.9999465888048352
7.1713671376672234	1.0000466345175330
7.1747100249048801	0.9999497811959382
7.1780597476218730	1.0000467598250744
7.1814185837246951	0.9999516766032799
7.1847851731533456	1.0000460168317882
7.1881614516899335	0.9999531419139949
7.1915461103215499	1.0000449245616247
7.1949411637459910	0.9999545257488857
7.1983455333410671	1.0000436166570785
7.2017615000102824	0.9999560092054469
7.2051883900418368	1.0000420637328835
7.2086289883901848	0.9999577542473006
7.2120833263096404	1.0000401247465176
7.2155551305314161	0.9999599897922611
7.2190457172845530	1.0000375162370245
7.2225606491953132	0.9999631170377443
7.2261038438834939	1.0000336881371881
7.2296848120915573	0.9999679278868688
7.2333135745299648	1.0000274836323004
7.2370099101466101	0.9999761175388356
7.2408023626543301	1.0000168187075444
7.2447502370619219	0.9999862144963423
7.2489987121770678	1.0000509111584941
7.2558976250891982	0.9998643162634736
7.2604419297478229	0.9999880365744801
7.2643249989920804	0.9999360612804314
7.2679503188021686	1.0000245015292111
7.2714857149244638	0.9999515856538689
7.2749890925512508	1.0000342836462572
7.2784864681264301	0.9999575425256816
7.2819848145873136	1.0000366731474342
7.2854898760642657	0.9999602698833884
7.2890017731985353	1.0000366903863942
7.2925235970536262	0.9999620307351438
7.2960551052641680	1.0000357097608550
7.2995997701241846	0.9999637881602756
7.3031584359296025	1.0000339450970543
7.3067362395964484	0.9999661806696695
7.3103365320710196	1.0000310228338756
7.3139682721490837	0.9999700666912831
7.3176407824083682	1.0000258548881225
7.3213730662358723	0.9999771629030957
7.3251925910270934	1.0000163425174584
7.3291571393700279	0.9999861708956886
7.3334101397432168	1.0000514776967249
7.3403163518085792	0.9998664821704432
7.3449437557817134	0.9999857147641122
7.3489212860951616	0.9999413328962423
7.3526383923289060	1.0000205528498720
7.3562620633006377	0.9999568738087916
7.3598516831495004	1.0000298146189293
7.3634351152022282	0.9999627155202125
7.3670211670290993	1.0000316979884574
7.3706178035196634	0.9999658402821945
7.3742279589617441	1.0000307448774908
7.3778587737901837	0.9999689061198714
7.3815158238978373	1.0000276486436395
7.3852116411505113	0.9999737662015696
7.3889614867229119	1.0000211895193150
7.3927958124219835	0.9999827817656701
7.3967680255965416	1.0000127558150931
7.4010243920726193	0.9999471312194352
7.4079341099327545	1.0001310401398900
7.4126221154476077	1.0000151153713173
7.4166762787870155	1.0000528857929696
7.4204853097605588	0.9999832340691913
7.4242175901457639	1.0000345175271399
7.4279460993281372	0.9999781264962436
7.4317116126940110	1.0000233159658416
7.4355536564971318	0.9999840613114527
7.4395297085743914	1.0000134309894615
7.4437872185738811	0.9999473807099734
7.4506927862369992	1.0001319446467056
7.4553557214346720	1.0000139823810466
7.4593686233175518	1.0000558192740883
7.4631202874649878	0.9999796178483945
7.4667743555684662	1.0000403094513126
7.4703950357799567	0.9999705951958957
7.4740086582966327	1.0000343124061093
7.4776295823743002	0.9999692773616347
7.4812654306517796	1.0000303913483672
7.4849266777127594	0.9999716010172944
7.4886234705720591	1.0000252852842666
7.4923750434827143	0.9999778110366422
7.4962088229597796	1.0000161824198803
7.5001820881697361	0.9999861855264679
7.5044374898374500	1.0000517913873810
7.5113463002898682	0.9998673743166244
7.5160104829705201	0.9999846040160456
7.5200344418550733	0.9999441450748784
7.5238050054549008	1.0000176275839556
7.5274934246334864	0.9999615296982775
7.5311663799374671	1.0000240479632316
7.5348625863052261	0.9999711392523976
7.5386072082846720	1.0000202435599812
7.5424357073810722	0.9999819642311372
7.5464037342978783	1.0000123845763234
7.5506590597710694	0.9999471028923825
7.5575952019816581	1.0001262789940775
7.5624504858003823	1.0000226574981552
7.5668151396410641	1.0000371598336339
7.5712050987576074	0.9999547607144517
7.5782082364807337	1.0001393588927390
7.5829143306658038	1.0000168835581216
7.5869485738901261	1.0000561915561257
7.5907254421075088	0.9999825666239462
7.5944235817441816	1.0000366289544578
7.5981200140267209	0.9999772785288519
7.6018578729895987	1.0000243445048920
7.6056784118839058	0.9999838109529705
7.6096410202978708	1.0000134648690209
7.6138948812751570	0.9999478715739238
7.6208238929448155	1.0001281843027841
7.6256119477857052	1.0000203980724700
7.6298536600716789	1.0000400481691416
7.6339758689815458	0.9999969963657930
7.6382850081434910	1.0000588804788204
7.6452195578655129	0.9998651161752674
7.6498005623287630	0.9999885240526485
7.6537025701186652	0.9999368000021559
7.6573358332814339	1.0000248049902476
7.6608736802048201	0.9999517801558893
7.6643781628641854	1.0000342304978178
7.6678789781459962	0.9999581849701451
7.6713870658273908	1.0000354799946085
7.6749128681466976	0.9999625409098658
7.6784624436837907	1.0000330541305766
7.6820468557154209	0.9999676881232354
7.6856770901111586	1.0000273343017163
7.6893737683341081	0.9999760067078685
7.6931660420296355	1.0000167848803192
7.6971136896097541	0.9999861896308315
7.7013621263303023	1.0000508892271158
7.7082747001767151	0.9998668450237149
7.7129036851430008	0.9999842529940636
7.7169123943002358	0.9999451194366195
7.7207035960056487	1.0000137158000284
7.7244619827252201	0.9999686506528840
7.7282764096657584	1.0000128713458751
7.7322319350759896	0.9999839708643610
7.7364831932826554	1.0000497886391417
7.7434105372885664	0.9998684968719339
7.7481125901798613	0.9999808690996951
7.7522361936519530	0.9999527382483093
7.7561919068434921	1.0000045017261636
7.7602016030958021	0.9999790551377705
7.7644716188835750	1.0000479320684170
7.7714211778276630	0.9998686818607530
7.7761835684595040	0.9999780865867857
7.7804007323459627	0.9999579169883186
7.7845051094101008	1.0000015497669328
7.7888108102356357	0.9999404836979190
7.7957977437789969	1.0001247223514762
7.8006994387060100	1.0000228331776002
7.8052755088476538	1.0000800589625094
7.8124183709001160	0.9998669693364773
7.8172336841653474	0.9999824784412044
7.8214005234111257	0.9999535421416156
7.8253717968000052	1.0000050906763021
7.8293867387251233	0.9999792958643536
7.8336587382913319	1.0000480782912056
7.8406204492242990	0.9998704856207642
7.8454472092388619	0.9999754564718376
7.8497902595328064	0.9999612012736059
7.8541731863054896	1.0000430037152752
7.8611592850959218	0.9998548215399063
7.8656854435641677	0.9999874268928098
7.8695063003059298	0.9999296474460877
7.8730571589593392	1.0000276416441831
7.8765154797415038	0.9999459522664947
7.8799418459563704	1.0000383585159300
7.8833632804179299	0.9999526239711832
7.8867874189702754	1.0000408148710835
7.8902206848595915	0.9999560031370512
7.8936640037130497	1.0000404461495676
7.8971213698330862	0.9999585213130133
7.9005936606814666	1.0000387128223454
7.9040856524387273	0.9999612995466234
7.9075998795481164	1.0000357694502107
7.9111436423664614	0.9999651782859968
7.9147233310659182	1.0000310159957964
7.9183523710054313	0.9999714089158578
7.9220473005000898	1.0000228287188935
7.9258401671154992	0.9999820999912729
7.9297868209055249	1.0000127116118880
7.9340362279902310	0.9999480061775576
7.9409403029357994	1.0001332700534253
7.9455348198480982	1.0000128843281475
7.9494843745927151	1.0000581793700518
7.9531929117243125	0.9999794343667079
7.9568286671042276	1.0000397079024894
7.9604603589629450	0.9999735433679565
7.9641220499880259	1.0000289708608043
7.9678414158672402	0.9999780093729647
7.9716500991219528	1.0000172311874249
7.9756075941538498	0.9999864999892516
7.9798587404737518	1.0000513261385653
7.9867832344916607	0.9998694764401579
7.9915118441341395	0.9999806233552370
7.9956621626308957	0.9999535992743499
7.9996383572226870	1.0000042920188066
8.0036604866624472	0.9999789993334843
8.0079339254215487	1.0000482388054810
8.0148199125738024	0.9998571940599833
8.0192170701963974	0.9999927176184712
8.0229232664716434	0.9999244475758794
8.0263828890386737	1.0000311353542850
8.0297782438165726	0.9999438861826911
8.0331772787826914	1.0000367698167971
8.0366172165363601	0.9999574669191638
8.0401195885280430	1.0000308991930855
8.0437110561765355	0.9999715526400600
8.0474246400303553	1.0000176801198770
8.0513244136579036	0.9999859443804622
8.0555600415710646	1.0000490592656248
8.0624827523517428	0.9998663331516811
8.0670658031984566	0.9999827485476909
8.0710777582790474	0.9999489605019470
8.0749510693503481	1.0000050701860974
8.0789118235050186	0.9999787711528616
8.0831684599784754	1.0000461713660505
8.0901342303741544	0.9998696899398544
8.0948980029539754	0.9999753217640910
8.0991965008131981	0.9999608424429126
8.1035674046861210	1.0000413418118179
8.1105521162382193	0.9998525738562417
8.1149809938358999	0.9999888245832711
8.1187289981718074	0.9999269954982889
8.1222455803754769	1.0000264961397951
8.1257077797805906	0.9999485212210973
8.1291771287732271	1.0000326312464975
8.1326855859475558	0.9999613700596589
8.1362502723267944	1.0000283122447655
8.1398943725620576	0.9999735833204769
8.1436478936494421	1.0000170536439994
8.1475720886975243	0.9999860453922762
8.1518141540306601	1.0000500166551176
8.1587291583605914	0.9998661950317334
8.1633206401664662	0.9999841722129704
8.1673089647087984	0.9999456274309937
8.1711115588374774	1.0000106849961112
8.1749266140776609	0.9999738037658492
8.1788713421799351	1.0000088193623751
8.1831226073434244	0.9999466306072815
8.1900492526025808	1.0001309101755826
8.1946935842379087	1.0000166903194829
8.1987577738549682	1.0000479546105896
8.2026702890128504	0.9999939862509443
8.2066525007672659	1.0000199408594910
8.2109162572910339	0.9999518715108355
8.2178478152272518	1.0001342677236835
8.2224574947951563	1.0000157935164800
8.2264599026887879	1.0000529750156577
8.2302768441920424	0.9999887499548981
8.2341017667565399	1.0000249193301070
8.2380541344829403	0.9999900837326021
8.2423061329848277	1.0000525170598178
8.2491643611544649	0.9998552865460697
8.2534116162636870	0.9999994005433031
8.2569656869125012	0.9999142772369890
8.2602767222290527	1.0000412396360594
8.2635139147089873	0.9999306902676912
8.2667318815066526	1.0000516702256810
8.2699545454212213	0.9999391127378245
8.2731880921446628	1.0000533973944543
8.2764384177469577	0.9999442013991937
8.2797057673431809	1.0000521378745695
8.2829934760922281	0.9999480987778021
8.2863011397266835	1.0000496663574672
8.2896318764618311	0.9999517193861117
8.2929856638690502	1.0000464979417369
8.2963662620266270	0.9999555578232449
8.2997748331728101	1.0000425854292117
8.3032168418125991	0.9999601158377867
8.3066960944491939	1.0000374461097057
8.3102220196132048	0.9999662402698725
8.3138046909786816	1.0000299179689642
8.3174640695468671	0.9999756679097360
8.3212292181229657	1.0000179238473903
8.3251604894993072	0.9999868165346455
8.3294044685108553	1.0000508435825015
8.3363299404287741	0.9998688901768947
8.3410042540470748	0.9999816511353126
8.3451030269146429	0.9999522693034925
8.3490408646394343	1.0000047698002827
8.3530400273418852	0.9999790698245522
8.3573071124633351	1.0000475394060231
8.3642768694843710	0.9998719189259813
8.3691594790595101	0.9999745433182803
8.3737317362281427	0.9999186087740938
8.3808536331137873	1.0001358575364694
8.3854932761342358	1.0000094050617025
8.3894057334105749	1.0000616514079255
8.3930444158859583	0.9999740798211573
8.3965896220541545	1.0000458946963415
8.4001076914560837	0.9999651880019145
8.4036226800307023	1.0000394870648035
8.4071446744243818	0.9999633593098239
8.4106755417632844	1.0000364632452079
8.4142176982200230	0.9999636006463967
8.4177699321806472	1.0000346613590088
8.4213340226646967	0.9999645322536385
8.4249088311031759	1.0000331833787077
8.4284968868368448	0.9999658827617446
8.4320981790683458	1.0000314954145197
8.4357169970476260	0.9999678778821175
8.4393558492308909	1.0000289736585817
8.4430228735798476	0.9999712391255666
8.4467265280681758	1.0000244456788563
8.4504849130897295	0.9999776425049055
8.4543244077983477	1.0000157529204350
8.4583013867171459	0.9999859061350118
8.4625577714008156	1.0000516877418446
8.4694638596470213	0.9998668734514156
8.4741197161261326	0.9999851050922376
8.4781245526692395	0.9999423427183779
8.4818629878163687	1.0000199169883353
8.4855025599876566	0.9999574668544149
8.4891044467763077	1.0000292545228917
8.4926988480517593	0.9999633174596868
8.4962975250924870	1.0000306709677733
8.4999122837176149	0.9999673315014599
8.5035512385411867	1.0000281853540023
8.5072289422823104	0.9999727823220620
8.5109623155636438	1.0000215582185219
8.5147834088015522	0.9999824352013273
8.5187472123023937	1.0000126576704687
8.5230013261289947	0.9999473587967703
8.5299056792668928	1.0001324164525269
8.5345397270517935	1.0000136567224549
8.5385298565503298	1.0000560969695238
8.5422763361332343	0.9999810026218081
8.5459509983797570	1.0000371717306797
8.5496284549194623	0.9999764581373841
8.5533510844582779	1.0000246806646900
8.5571602432332234	0.9999835583373972
8.5611158646364505	1.0000134088004131
8.5653678250536416	0.9999480780853226
8.5722608620910350	1.0001352319350791
8.5768003036569151	1.0000103681854546
8.5806681040519628	1.0000640491194919
8.5842746803442331	0.9999731443994307
8.5877859188540917	1.0000489954910654
8.5912640177296744	0.9999629926920174
8.5947325874021132	1.0000431887750763
8.5982025764026435	0.9999605032684691
8.6016773477640598	1.0000403916527725
8.6051610666002958	0.9999606271502601
8.6086545658308609	1.0000383363674061
8.6121618754617657	0.9999620194586536
8.6156845162591384	1.0000359909163634
8.6192281411444132	0.9999645631169123
8.6227967018235141	1.0000325576281845
8.6263996997161581	0.9999688673817460
8.6300470757775454	1.0000268066449955
8.6337584664478513	0.9999765585689055
8.6375621280454684	1.0000166238339672
8.6415168613188502	0.9999861973800228
8.6457672003503294	1.0000511436362054
8.6526658465727824	0.9998645898114742
8.6572236147089772	0.9999878882537889
8.6611170622377855	0.9999363798787418
8.6647471253485158	1.0000247069826091
8.6682814839374434	0.9999511912935007
8.6717781194194821	1.0000351002958878
8.6752629791284228	0.9999564047028501
8.6787428755083091	1.0000381893066046
8.6822232569633151	0.9999583629954384
8.6857038598022633	1.0000390057715378
8.6891871955801427	0.9999592493167537
8.6926722481589618	1.0000389986938585
8.6961613276507990	0.9999598922610693
8.6996536590814877	1.0000385593196499
8.7031519267901665	0.9999606610377145
8.7066559197585640	1.0000377081789631
8.7101690561400993	0.9999618163242763
8.7136920970568958	1.0000362742390820
8.7172297827052141	0.9999636807842710
8.7207846820977846	1.0000338800071531
8.7243641509514944	0.9999668098552379
8.7279746009948962	1.0000297543208980
8.7316294538308163	0.9999723452754937
8.7353451243509941	1.0000222284150420
8.7391533766081189	0.9999823597618398
8.7431094217120968	1.0000127285735150
8.7473613895037303	0.9999476836914698
8.7543061675850886	1.0001251905081678
8.7592016375276387	1.0000233473494198
8.7637750278981965	1.0000806121093491
8.7702242167611377	0.9997519816169306
8.7754724803625717	1.0000420905683902
8.7807422618009134	0.9996833943880036
8.7865303174524438	1.0000914734194324
8.7967292824029446	0.9997150467610358
8.8081956825534835	1.0003720454795240
8.8139008216671382	1.0001135157751941
8.8177864740216716	1.0001623787207881
8.8214066477836539	1.0000491345121865
8.8250886947813747	1.0000753880650581
8.8289597700165956	1.0000315112133908
8.8331893813288573	1.0001038701744027
8.8392423194060399	0.9998272460975867
8.8490768107886346	1.0003148062622724
8.8528259475567168	1.0001094724098809
8.8565037232793262	1.0001370600935973
8.8604361783404801	1.0000226508044958
8.8645665833297738	1.0000014664635122
8.8686762987952061	1.0000013069497584
8.8728487460897458	1.0000276391181813
8.8771807292859766	1.0000407676844603
8.8815042771594435	1.0001375474125294
8.8862506429209098	0.9996560449957346
8.8921021249956880	1.0002025129699355
8.9131880211879082	1.0001052822477086
8.9160959418641230	0.9999000615958236
8.9192987859435107	1.0000262206977304
8.9227898584205647	0.9999721647926542
8.9265637977438494	1.0000115222262465
8.9307522578583516	0.9999590335134890
8.9376702139363449	1.0001325809555821
8.9422065980108894	1.0000135704639259
8.9461237460090306	1.0000628184756695
8.9498027737971064	0.9999806232084619
8.9533905883942460	1.0000479310150452
8.9569480221419155	0.9999716400434370
8.9605049878291645	1.0000403630433943
8.9640834541517940	0.9999720855729375
8.9677015509873765	1.0000322835165432
8.9713843039389491	0.9999789418336035
8.9751643367123020	1.0000200372979899
8.9791039628532019	0.9999887878340205
8.9833503387934908	1.0000528360676346
8.9902827642256291	0.9998718855368330
8.9950201399342777	0.9999804344310027
8.9992183018977752	0.9999592000475762
9.0033114795680014	1.0000027231725193
9.0076140756683785	0.9999418206182872
9.0145938779847583	1.0001271806643011
9.0194192738213417	1.0000228109719111
9.0237551963345641	1.0000377462097665
9.0281378497215137	0.9999563951445990
9.0351583858917088	1.0001384795867618
9.0398878557713758	1.0000204894052713
9.0440068235802986	1.0000484621528980
9.0479536006695493	0.9999951941888638
9.0519548221975850	1.0000205009750507
9.0562239426509699	0.9999516719816687
9.0630771095180123	1.0001485827705245
9.0672724077002211	0.9999984635234831
9.0707676303399563	1.0000897778986775
9.0740305112597195	0.9999561202047386
9.0772299465571127	1.0000710858723658
9.0804253697689514	0.9999473965833310
9.0836392645921880	1.0000598232308868
9.0868835770464091	0.9999484172153413
9.0901639124656999	1.0000513572375347
9.0934878949425375	0.9999534901616414
9.0968609831298561	1.0000430118648076
9.1002937872704006	0.9999614134950240
9.1037975068556065	1.0000327736144607
9.1073931533311256	0.9999731297518044
9.1111112105693124	1.0000183609982283
9.1150139734431459	0.9999864334172854
9.1192503462226462	1.0000494755244422
9.1261991963896918	0.9998716260414012
9.1309602230098719	0.9999760308022050
9.1352593933438051	0.9999612388085108
9.1396303152438776	1.0000416133280425
9.1466347306330729	0.9998565102155000
9.1511894867518180	0.9999837632098062
9.1550974263273481	0.9999384186200948
9.1587997133696906	1.0000150840807758
9.1624883486898909	0.9999656513235027
9.1662526159728248	1.0000131312144467
9.1701782134153333	0.9999836971847923
9.1744212898154878	1.0000485846876948
9.1813330024642248	0.9998640970729888
9.1858715618957394	0.9999860516284114
9.1897829154825228	0.9999396339750311
9.1934789570660786	1.0000174428959212
9.1971365892189016	0.9999622461543544
9.2008297096304261	1.0000187487780212
9.2046138269664510	0.9999790000234938
9.2085529957128234	1.0000110373106881
9.2128007264748586	0.9999472921505034
9.2197108042523954	1.0001321709043607
9.2243152695938395	1.0000131026399348
9.2282834600755770	1.0000565888024529
9.2320136502976116	0.9999799640005481
9.2356674924353790	1.0000391047750261
9.2393050874183373	0.9999722411081164
9.2429479076508496	1.0000322847815715
9.2466042050772987	0.9999710564996280
9.2502736376125032	1.0000295003616770
9.2539559827493481	0.9999713272661734
9.2576465899579734	1.0000286427382654
9.2613433604508320	0.9999715003439291
9.2650406654641433	1.0000289399172240
9.2687364732033135	0.9999712086818318
9.2724261357184812	1.0000298456515817
9.2761097505353352	0.9999707400800061
9.2797859599529868	1.0000305664820395
9.2834592994182561	0.9999709236498032
9.2871339131488337	1.0000299226692004
9.2908209516549576	0.9999730622333128
9.2945327380677121	1.0000262834979292
9.2982917041176734	0.9999790843505977
9.3021283952255907	1.0000174983148595
9.3061026928962622	0.9999874487548882
9.3103585262212221	1.0000530035199036
9.3172861384425794	0.9998718029602788
9.3220755584188577	0.9999795067366049
9.3263185841309806	0.9999595205713807
9.3304391230847905	1.0000024165451016
9.3347493116696985	0.9999403955296613
9.3417328045121373	1.0001247629166707
9.3466450537473911	1.0000224123259633
9.3512240200685603	1.0000799500566659
9.3583028304307962	0.9998558668703134
9.3627641276855531	0.9999950208610316
9.3664620759805910	0.9999220635533440
9.3698886787295628	1.0000339234879025
9.3732384799576316	0.9999392906800967
9.3765783556814277	1.0000412879562073
9.3799381428933906	0.9999493971301731
9.3833271618787588	1.0000400701380110
9.3867530935241028	0.9999564975426675
9.3902179620321675	1.0000360277621301
9.3937273892913389	0.9999627832322662
9.3972851397784929	1.0000303194476718
9.4009016759725856	0.9999701123129405
9.4045904884802756	1.0000217765585915
9.4083808733177445	0.9999810695319227
9.4123266004063488	1.0000116918176123
9.4165756330583807	0.9999470359654657
9.4234947198647241	1.0001294424283498
9.4281935088914590	1.0000162355889592
9.4322928175850187	1.0000479987055859
9.4361917001282514	0.9999895694339521
9.4400777201575234	1.0000229563670324
9.4440672701580084	0.9999893413569909
9.4483293611219654	1.0000532914788072
9.4552869055997135	0.9998751501342112
9.4601857990387508	0.9999769716519050
9.4647617372750350	0.9999198622411190
9.4718950297086071	1.0001332931867573
9.4767832177767382	1.0000214026520626
9.4810519191477365	1.0000432210146657
9.4851779617051584	1.0000001566146941
9.4894896247532490	1.0000621154960856
9.4964548670117335	0.9998724248135595
9.5011811846315695	0.9999833489767237
9.5053511480060866	0.9999603651374398
9.5094227219200320	1.0000048449147432
9.5137201142459773	0.9999454250459349
9.5205992721626398	1.0001519238633236
9.5246447419986762	0.9999953368849109
9.5280690099091281	1.0000892335677860
9.5313496472534176	0.9999635489434434
9.5346435647919527	1.0000586576328927
9.5379991877109180	0.9999624468491816
9.5414303662195508	1.0000402197489318
9.5449417704040727	0.9999677535950813
9.5485346931090902	1.0000278362982613
9.5522176170300970	0.9999758491480023
9.5560084575200701	1.0000157184321563
9.5599576883007202	0.9999851021692904
9.5642060470285664	1.0000498283664625
9.5711708321508659	0.9998762561861994
9.5760053742425217	0.9999838373253233
9.5802343651359401	0.9999472681894030
9.5841123155431536	1.0000177072965621
9.5877268392759412	0.9999348717489042
9.5911535302593656	1.0000322459526909
9.5945098518716936	0.9999358525888227
9.5979109039586490	1.0000202492845296
9.6014587263668911	0.9999619592569079
9.6052531856064949	1.0000006349813777
9.6094642421559904	0.9999441005992482
9.6164827156393820	1.0001149276861885
9.6209497844688219	1.0000048359877569
9.6250603142084401	1.0000200212679766
9.6293822898985084	0.9999398751675406
9.6363143836724703	1.0001183486620853
9.6411627462667688	1.0000158711638318
9.6457260984491935	1.0000629969939809
9.6530445339294566	0.9998259820970142
9.6567236920924948	0.9999898867099508
9.6601742969273481	0.9999107070692639
9.6637886950468950	0.9999815064150877
9.6676125337479704	0.9999714293441305
9.6718277311108345	1.0000316965289664
9.6760997762541265	1.0000013057688883
9.6814917851020130	1.0003147045028080
9.6866688198897908	0.9999411246115096
9.6916518964115870	1.0003100461453942
9.6952539973656187	1.0000362530819646
9.6989985675898041	1.0000572451076195
9.7029131503148260	1.0000129751430316
9.7071600689053419	1.0000727437520913
9.7135104316492491	0.9998177743567466
9.7174352971260944	0.9999770474403736
9.7208334272160322	0.9998868739417517
9.7242779149631389	0.9999745718272227
9.7279973079581197	0.9999394990371769
9.7321921544786392	1.0000001690326692
9.7390861612945905	0.9998101768677922
9.7430151400506997	0.9999710225333963
9.7464289455810853	0.9998835481827084
9.7497446670239025	1.0000055523345062
9.7530866101472018	0.9999203228867625
9.7564839200252571	1.0000142356215989
9.7599493915225288	0.9999427572716227
9.7634887723787784	1.0000142973594910
9.7671181768661057	0.9999612211083002
9.7708634321172774	1.0000072418687216
9.7747833082836681	0.9999780803717038
9.7790240845049201	1.0000436136459347
9.7859811997672725	0.9998698105433417
9.7908455804709522	0.9999722011913079
9.7954125036204918	0.9999173392983753
9.8025503758973631	1.0001324111575367
9.8072650464031330	1.0000128830743120
9.8113074118702670	1.0000510759762655
9.8151382572581589	0.9999874900960638
9.8189671714357427	1.0000242389661183
9.8229204245908797	0.9999896013296526
9.8271728763311810	1.0000521809719225
9.8341322003848184	0.9998737892462801
9.8391300634452445	1.0000256241735117
9.8465516485208049	0.9998249232249742
9.8512059965852465	0.9999808485762997
9.8549976208360128	0.9999184623161076
9.8584723449666640	1.0000298988865599
9.8618438871918652	0.9999378469097278
9.8651826245267973	1.0000426876642241
9.8685179875913622	0.9999461324822558
9.8718572479866982	1.0000458241273826
9.8752058577860264	0.9999500610142960
9.8785630956231465	1.0000459943716429
9.8819310547107531	0.9999523083280004
9.8853080723393116	1.0000452068637291
9.8886957481583480	0.9999539181555935
9.8920923812098938	1.0000441174614356
9.8954995305218727	0.9999552852650405
9.8989155910874942	1.0000429324769726
9.9023422029515924	0.9999565733959213
9.9057779271587272	1.0000416919253821
9.9092245914514372	0.9999578799420794
9.9126810296727061	1.0000403557243462
9.9161494346008592	0.9999593083633548
9.9196291166494035	1.0000388173184014
9.9231229394241023	0.9999610186023101
9.9266311052116478	1.0000368728680629
9.9301577490305366	0.9999632939577288
9.9337048363793166	1.0000341356582720
9.9372791069353053	0.9999666803708730
9.9408863789786412	1.0000298216896144
9.9445395081593642	0.9999723337521164
9.9482544004426838	1.0000222318395835
9.9520623879260413	0.9999823683291970
9.9560183619579448	1.0000127331938276
9.9602702916877330	0.9999476899874243
9.9671760226387356	1.0001325278205873
9.9718019618421820	1.0000135856742924
9.9757844034840559	1.0000566045790564
9.9795217503388560	0.9999803647727857
9.9831818001696764	1.0000385951359108
9.9868337160848295	0.9999742430768023
9.9905119309330281	1.0000283922065407
9.9942443547714586	0.9999783889152983
9.9980626205636902	1.0000171252275945
