0.0000000000000000	0.0000000000000000
0.1316932278814851	0.0010000000000000
0.1404327271437824	0.0013654113294973
0.1480989435702560	0.0035599604343514
0.1544169080467246	0.0054421906320120
0.1579469635468544	0.0076036184568276
0.1620188752065522	0.0103843005090720
0.1661583935345487	0.0141186114367356
0.1706046778774083	0.0193138174370771
0.1750067563043090	0.0258848102990074
0.1796005492619493	0.0345257186152876
0.1839250740809764	0.0446809384327282
0.1883070895869338	0.0571834425589049
0.1924439753421587	0.0714051379722395
0.1966605159582280	0.0884499407483317
0.2007113552502052	0.1076030635279875
0.2047930482831052	0.1296867442248384
0.2087545550053794	0.1540987593684814
0.2126427347359990	0.1807828125696412
0.2164954953821650	0.2101277245987896
0.2201913556969903	0.2406764502069587
0.2239830999070157	0.2746258359098715
0.2275501544523337	0.3084834506800881
0.2313364809551254	0.3465284287892371
0.2348289988296809	0.3829093436555244
0.2386152397160563	0.4237189131443519
0.2420591581235324	0.4613386329456568
0.2458087283895688	0.5027656080356300
0.2492202792990610	0.5401016859383342
0.2528958152755340	0.5799063893942020
0.2562958911006108	0.6155819205807864
0.2598869552027029	0.6521165248599758
0.2632979557107544	0.6850507055127718
0.2668176549315768	0.7173947414646353
0.2702550200502602	0.7468069814811346
0.2737257745197054	0.7746026005781305
0.2771953638216813	0.8000297689310787
0.2806405402181144	0.8233140166198495
0.2841425302991721	0.8446341885810587
0.2875844017937086	0.8637131164634311
0.2911190573392983	0.8811121752789768
0.2945787492389126	0.8964499043099936
0.2981499204251067	0.9103260091844345
0.3016472994309023	0.9224509363093276
0.3052634601792408	0.9333055285030559
0.3088184349985865	0.9427479161077195
0.3124955922521485	0.9511067909257050
0.3161363724252619	0.9583695240096036
0.3199147061694365	0.9647491176938553
0.3237108819552948	0.9703069364025257
0.3277235740262833	0.9752211794516907
0.3319744695622558	0.9796590353505691
0.3400541431395440	0.9858591977009317
0.3475300642410037	0.9903627464369685
0.3524029352341593	0.9922683536464181
0.3565650361273019	0.9937124376710214
0.3607509633196835	0.9948591541727533
0.3650330779451885	0.9958943869012820
0.3709592174573894	0.9965915338347564
0.3762144706955924	0.9976644919473541
0.3812376060857612	0.9979574216589332
0.3861584610499681	0.9985785295097234
0.3910535082765694	0.9985461072827544
0.3945470079090792	0.9991343822537568
0.3982192983946578	0.9992984889132656
0.4019435156529569	0.9995295360377692
0.4057997600324725	0.9996328118001602
0.4097876046269517	0.9997235475248706
0.4139088303171559	0.9997357309299315
0.4180933808034177	0.9997802007110888
0.4223042652607641	0.9997734980841672
0.4265000886925582	0.9998198603255207
0.4306618865904888	0.9998096059753756
0.4347833390719127	0.9998618549179459
0.4388757959563534	0.9998514814575872
0.4429637604967483	0.9999006395176131
0.4470948848739258	0.9998917550403664
0.4513959848160761	0.9999802290633435
0.4582764126748682	0.9998130180044139
0.4629570152857388	0.9999485072787373
0.4669244533594309	0.9999075014377805
0.4705918041756012	0.9999990546003785
0.4741639196586302	0.9999360560701053
0.4777336001051188	1.0000115107901046
0.4813607745732512	0.9999583593342786
0.4850933514269358	1.0000067945122546
0.4890027400696121	0.9999773948054886
0.4932412528565243	1.0000421658720051
0.5002000014268692	0.9998664836033135
0.5047984869795989	0.9999802090425953
0.5088782984877330	0.9999560791510269
0.5129001347384816	1.0000024764016053
0.5171834590875332	0.9999451283897205
0.5239948610353669	1.0001623766837318
0.5330909743499421	0.9999457667654946
0.5416211802421267	1.0002193283624661
0.5458527769696657	1.0000247203189176
0.5495862538222268	1.0000713286837497
0.5532603740701694	1.0000032198886224
0.5570407669284216	1.0000217030752376
0.5609791848526141	0.9999688498744297
0.5650400732068244	0.9999556266553455
0.5693214685884175	0.9998414231807221
0.5755240137282484	1.0001024420757951
0.5802472591663127	0.9999936412864399
0.5843528989157469	1.0000362875085516
0.5882133280262645	0.9999800262057357
0.5918526895175891	1.0000600017232084
0.5952757178023323	0.9999549761110698
0.5986164614740110	1.0000454835130184
0.6020193464389361	0.9999577160308607
0.6055704028268803	1.0000193948824669
0.6093016305169980	0.9999750537356097
0.6132188541684757	0.9999852283057110
0.6174621643268144	0.9999061903249169
0.6240143791450008	1.0001785221576991
0.6284272468326521	1.0000261643017445
0.6320789596226917	1.0000930085145243
0.6354985913401029	0.9999723819340284
0.6388637502680700	1.0000542318327543
0.6422540428605911	0.9999554387093793
0.6457272412223310	1.0000208893465437
0.6493437800346487	0.9999623564186575
0.6531820751474459	0.9999936545282867
0.6574032427760262	0.9999315086257359
0.6643641974166608	1.0001087348754913
0.6687755023370510	0.9999866521986635
0.6727058767101916	1.0000154404080139
0.6766435429465286	0.9999628186901032
0.6809034216268023	1.0000118194040255
0.6880904616957034	0.9998518107648002
0.6927776107990425	0.9999594888916320
0.6972999159020988	0.9999236068667692
0.7042314774925152	1.0001825389369943
0.7095190867122715	0.9997039028524214
0.7144101360610655	0.9997913998701963
0.7189854513914810	0.9999015300168692
0.7279572968553453	1.0002083013846448
0.7329040558742123	1.0001328642713592
0.7370798718481438	1.0001298740723641
0.7409237915079687	1.0000487032465992
0.7448384704369791	1.0000557986416359
0.7490792201991772	0.9999591179158651
0.7553612032679979	1.0002078735983682
0.7593778823459271	1.0000351888832189
0.7627257794245415	1.0001345299152800
0.7659743034762362	1.0000080562373104
0.7693079683198922	1.0000858854173855
0.7727766212023700	1.0000080879730517
0.7764044958853648	1.0000536468340016
0.7802540992874996	1.0000146736528026
0.7844744670158851	1.0000707843435999
0.7915004166333145	0.9998990498466929
0.7997850334027505	1.0002580524117748
0.8052750940437954	1.0000388943259468
0.8131833831240902	1.0002436527745437
0.8166631628302424	1.0000137890532144
0.8209942229693985	0.9999632682462163
0.8252368690564509	0.9999470126646505
0.8293141386945410	0.9999993666587077
0.8332443266925342	0.9999576593568409
0.8371025551540534	1.0000132693726143
0.8409440065760196	0.9999756724188619
0.8447752381163085	1.0000316359535000
0.8485754967992216	0.9999864620732394
0.8523235422023825	1.0000481516127351
0.8560290940570868	0.9999925032994775
0.8597319130785183	1.0000482787744798
0.8635015595963319	1.0000042920600345
0.8674256628761080	1.0000351902111959
0.8716709151343259	0.9999702046246624
0.8786203652083807	1.0001473504657530
0.8829830744456543	1.0000197468439169
0.8868633116129612	1.0000518745165190
0.8907698386234365	0.9999994824326275
0.8950221633821180	1.0000510844303778
0.9017381710058052	0.9998144695050450
0.9051739212189892	1.0000203337881668
0.9082297088225249	0.9998839066485872
0.9113330682341365	1.0000272452547549
0.9146027367968015	0.9999401147580759
0.9180862576119058	1.0000103094985269
0.9218521078459181	0.9999769057076350
0.9260531344664429	1.0000375477010151
0.9328247732265500	0.9998263934086160
0.9364757428022279	1.0000129548876799
0.9396428189236001	0.9998895525714273
0.9427634153318259	1.0000357987397983
0.9459626276993215	0.9999314014157459
0.9492746846915023	1.0000302036618707
0.9527246411325320	0.9999601427604458
0.9563399338928908	1.0000145294516434
0.9601826168564025	0.9999816456112346
0.9644029950259029	1.0000429651253546
0.9712780336053540	0.9998502571232800
0.9754201271485405	0.9999962088872130
0.9789582676844663	0.9999165132983864
0.9823387473820748	1.0000290373998584
0.9857195925219859	0.9999449998904943
0.9891508181265320	1.0000315975989549
0.9926589519369137	0.9999638186348379
0.9962610756562408	1.0000244407949321
0.9999881694461362	0.9999811318391053
1.0038956553968290	1.0000134994237986
1.0081343513493781	0.9999503336630980
1.0149700339080354	1.0001476777960872
1.0192979810705189	1.0000104907988459
1.0229589376465529	1.0000812920157995
1.0264135748442744	0.9999767340556084
1.0298408218883821	1.0000566529036885
1.0333138981471626	0.9999759753814589
1.0368745219253632	1.0000364949534477
1.0405650709947927	0.9999871091877871
1.0444492747316485	1.0000179565371974
1.0486820500711782	0.9999538699022231
1.0555612351971224	1.0001419405194816
1.0599392104817003	1.0000094109207671
1.0636861941301097	1.0000680930466943
1.0672453554818819	0.9999761673754958
1.0707910286131019	1.0000399065491743
1.0743985010154127	0.9999751578027947
1.0781192491081204	1.0000173833837278
1.0820218438361773	0.9999829074586688
1.0862585175189741	1.0000437881200344
1.0931321905369389	0.9998486381954648
1.0972613317102664	0.9999973263705769
1.1007629666776568	0.9999118020810488
1.1040937305626606	1.0000317236576028
1.1074194644041597	0.9999399953192720
1.1107956383641624	1.0000336410874149
1.1142527891386973	0.9999601591151114
1.1178112868442365	1.0000248609192626
1.1215050101568138	0.9999792004892298
1.1253920632374237	1.0000122234111744
1.1296254488120980	0.9999498504277424
1.1365426235006033	1.0001325980420936
1.1412026815739598	1.0000209107380504
1.1453282042059401	1.0000442651420818
1.1493779888687552	0.9999986367526553
1.1536676272712441	1.0000564904366298
1.1606369698449390	0.9998649623728012
1.1652007779430171	0.9999822151927285
1.1691532433217318	0.9999385329319228
1.1729028801604158	1.0000091165231051
1.1766168559606007	0.9999577565928688
1.1803539219235668	1.0000107377132084
1.1841462169723140	0.9999679420545377
1.1880170119551035	1.0000047314199836
1.1920154309323987	0.9999760829142300
1.1962772653674802	1.0000434358841519
1.2031634040015891	0.9998574066582681
1.2080918941323984	0.9999629748206151
1.2124522811969292	0.9999449423783956
1.2165817238973771	0.9999955158270026
1.2206253969922942	0.9999695166848622
1.2246323716118379	1.0000128265213215
1.2286305110916653	0.9999843644545937
1.2326469122214265	1.0000194916648597
1.2367334645922801	0.9999938288259304
1.2410209296193901	1.0000640569460300
1.2478983595374429	0.9998713457829463
1.2523664346637768	0.9999987768063815
1.2562147915625272	0.9999505097217861
1.2599440855851836	1.0000160350246361
1.2638152796328339	0.9999864045350175
1.2680494050204456	1.0000509494482497
1.2747955608565387	0.9998337721420366
1.2785224904527435	1.0000145834656469
1.2817307798732869	0.9998958463693314
1.2848770478352121	1.0000381010472268
1.2880905538445004	0.9999343423449860
1.2914004983475507	1.0000345131142789
1.2948207443833855	0.9999579187679023
1.2983599465093343	1.0000235188821789
1.3020442860265879	0.9999772183034186
1.3059269214417080	1.0000100800912815
1.3101588818442533	0.9999477392307868
1.3170369742468473	1.0001378709065216
1.3214607865086945	1.0000088265627027
1.3252364446668496	1.0000682045178886
1.3287932572612817	0.9999748209981923
1.3322966893755157	1.0000483622124727
1.3358087697070924	0.9999697614396036
1.3393565162575787	1.0000370944213968
1.3429587451428202	0.9999741832569505
1.3466335065269386	1.0000266329068048
1.3504122594210317	0.9999850535274184
1.3543506045800362	1.0000159925646943
1.3585976838444440	0.9999518749370291
1.3655434812936360	1.0001300451347765
1.3705420834006330	0.9999781880044543
1.3780397320616722	1.0001670212009712
1.3830383704401374	1.0000333392971383
1.3873270352485643	1.0000502796892550
1.3914505825047678	1.0000036541571964
1.3957630590625587	1.0000639582892878
1.4026935023704097	0.9998680085443230
1.4072472581083904	0.9999895287796750
1.4111977219187333	0.9999501211939594
1.4150139526890535	1.0000098954820660
1.4189380942750609	0.9999818201050915
1.4231855408074363	1.0000467359859613
1.4301006620131533	0.9998562831502580
1.4342241830169755	1.0000013144195889
1.4377962518464014	0.9999303946889995
1.4412872705789979	1.0000219868621989
1.4448881013442301	0.9999719323393932
1.4487094400032123	1.0000110613636066
1.4529279920253582	0.9999525431368940
1.4599091526940040	1.0001251520122858
1.4646807933349091	1.0000211336674114
1.4692231179018451	1.0000671844278695
1.4766014819941471	0.9998777196172097
1.4814288106265348	0.9999781091806528
1.4859938580622081	0.9998689491021013
1.4910639319431003	1.0002612010075773
1.4976386377274704	0.9996656855468893
1.5300720577400546	1.0001444484166615
1.5454621705262841	0.9997591743491465
1.5488264687859046	1.0000193491313725
1.5524888595898463	0.9999698794919192
1.5562769883822294	1.0000170401700539
1.5602399651057455	0.9999933276268383
1.5644870846833554	1.0000617198731991
1.5711345190498300	0.9998542675476767
1.5754984397611711	0.9999974342380227
1.5791252476674473	0.9999189117594643
1.5825147746554875	1.0000325699552006
1.5858664255037034	0.9999409950309696
1.5892465404249896	1.0000345684518008
1.5926831105045636	0.9999552454581031
1.5961844377497887	1.0000290366825142
1.5997604339249645	0.9999661751786190
1.6034215388600672	1.0000199898180586
1.6071940650762708	0.9999786105328228
1.6111296428390067	1.0000096007149646
1.6153757715291048	0.9999454352842833
1.6222987834542999	1.0001273273099600
1.6270144798359703	1.0000153986850864
1.6311319929931472	1.0000467793276149
1.6350353920782732	0.9999873708109975
1.6388934226795597	1.0000258265237363
1.6427892274377791	0.9999866767602285
1.6467948137888029	1.0000150254998896
1.6510608088795595	0.9999482736419127
1.6578464210875772	1.0001568436276000
1.6664074909254765	0.9998869985105467
1.6716348654978239	0.9999890968131570
1.6803072934498000	0.9998949316780872
1.6907503903984624	1.0002017565773982
1.7121820524835949	0.9999976509674936
1.7167076259507332	0.9999276976184751
1.7205224905040923	1.0000174102373309
1.7241990628108088	0.9999631908443717
1.7279166643455066	1.0000204764763261
1.7317261677755358	0.9999860035759385
1.7356302973722686	1.0000239644028832
1.7396222580740739	0.9999999127616460
1.7436871109592433	1.0000291368721119
1.7478131330343618	1.0000084722293754
1.7519849677632371	1.0000337132790653
1.7561927441590530	1.0000126791522423
1.7604228420298338	1.0000366721879006
1.7646688578302310	1.0000152311538972
1.7689222338915820	1.0000445158098494
1.7732583716001555	0.9999737225586366
1.7805197749142403	1.0001037660207350
1.7852936619319995	1.0000360470796150
1.7910956426215887	1.0002907939822925
1.7996341772759969	0.9997486995486713
1.8040799505358474	0.9999336744846419
1.8079534490815148	0.9999014077425997
1.8120519820021685	0.9999954503428677
1.8163165306408788	0.9999820140559850
1.8221635952146344	1.0002042137246112
1.8273081536852784	0.9997648531782459
1.8322619127134141	0.9999726613862374
1.8371667630925708	0.9998134954802437
1.8420500375355764	1.0002958734950236
1.8453532415045393	0.9999862760825275
1.8487411426938336	1.0000601128643825
1.8521886834498784	0.9999501195057259
1.8557038664287049	1.0000132203556136
1.8592956208214724	0.9999538230245744
1.8630042468605534	1.0000083463769829
1.8668997342474403	0.9999901305496770
1.8711344981690612	1.0000738003903391
1.8780719477082017	0.9999414409169122
1.8830070927236622	1.0000766043233100
1.8892366566956245	0.9996801539732328
1.8961783476272593	1.0002019599667600
1.9021393538042086	0.9997108199094126
1.9072127275982462	0.9998838293662674
1.9117347646721334	0.9998093085035811
1.9158775368557928	1.0000146023093268
1.9199983578579678	1.0000565255401466
1.9240291534633605	1.0001059908480190
1.9279669603921419	1.0000548649515726
1.9317917795490047	1.0000972142226001
1.9355347391520608	1.0000257387203901
1.9392261214906246	1.0000743651786801
1.9428974954289990	1.0000035840367556
1.9465675360298673	1.0000545930804392
1.9502537563783247	0.9999914231215193
1.9539696295137519	1.0000388404829272
1.9577357915051092	0.9999885156305399
1.9615802525188302	1.0000234293066987
1.9655599575064988	0.9999913295942834
1.9698171858097271	1.0000553986965814
1.9767530516738208	0.9998742729875353
1.9816196856192272	0.9999768295545136
1.9859951378664265	0.9999617780481337
1.9903867217659790	1.0000439967090253
1.9974186144193848	0.9998639757192371
2.0024546351636325	1.0000233197161292
2.0099430026722427	0.9998312247129045
2.0150311916659653	0.9999670181101770
2.0193882876515157	0.9999512928859580
2.0235483632771243	0.9999977687960555
2.0278728925483649	0.9999368955265279
2.0348601823611796	1.0001251776627036
2.0396902965972075	1.0000204495586762
2.0440259625780213	1.0000357791673100
2.0484090108416475	0.9999547299648384
2.0554716537050837	1.0001296657743561
2.0603765971088372	1.0000213734478292
2.0649556843267916	1.0000735295634657
2.0721379345157143	0.9998587383035665
2.0765363429140167	0.9999899652222152
2.0803264616140860	0.9999384674904538
2.0840263338979828	1.0000055027233410
2.0878839779894416	0.9999749087133500
2.0921138969973545	1.0000371032646538
2.0990934996261967	0.9998580134587094
2.1036594498355137	0.9999676892241327
2.1076956730181946	0.9999350277619606
2.1115906690300177	0.9999893540870434
2.1154934265775283	0.9999574758085299
2.1194453424565420	0.9999947120799383
2.1234578379017628	0.9999701735179579
2.1275228974486575	1.0000020374900553
2.1316298231197091	0.9999807496342253
2.1357619477510696	1.0000120967226740
2.1399052492462256	0.9999892278318349
2.1440438347400166	1.0000214346175245
2.1481688960965544	0.9999944745201981
2.1522724521927792	1.0000273485767124
2.1563558203620818	0.9999966710804145
2.1604201681303103	1.0000293251099730
2.1644737319891121	0.9999969227368380
2.1685212249012173	1.0000284070725984
2.1725714349281482	0.9999962957072362
2.1766276404196017	1.0000261125041134
2.1806960317614816	0.9999954669284454
2.1847772228006961	1.0000236225391748
2.1888750979858260	0.9999948417487263
2.1929893641346445	1.0000213230618025
2.1971261904320465	0.9999948968258664
2.2012996098094706	1.0000210785033528
2.2056122521612185	0.9999474529943819
2.2126865818304311	1.0000968999583555
2.2175142083866866	1.0000260289507097
2.2219461071668065	0.9999815074031769
2.2262866827545595	0.9999925045476767
2.2306479229064622	1.0000443023564964
2.2349823234847936	1.0000300341097650
2.2392277847296902	1.0000650230076409
2.2433615346175473	1.0000230681363658
2.2473893886248097	1.0000552802233154
2.2513357659753575	1.0000025617128618
2.2552452076560536	1.0000350784904157
2.2591766132833246	0.9999918882867640
2.2632018814864834	1.0000151705170093
2.2674738916144119	0.9999426903084863
2.2743841480894988	1.0001224800733977
2.2792692468462290	1.0000156513053990
2.2836486563357972	1.0000297842654893
2.2880436944227829	0.9999461958820027
2.2949608530074799	1.0001458967905257
2.2995533817458895	1.0000159647394338
2.3034589429068615	1.0000639128979931
2.3071667501225361	0.9999903938146458
2.3109016953751320	1.0000326830992277
2.3147975842615187	0.9999954337069712
2.3190351846373995	1.0000540427101150
2.3260311659566333	0.9998751978445368
2.3311742257146308	1.0002510998067626
2.3361421334885892	1.0000232476255659
2.3410320535894042	1.0002270360217596
2.3458891652253206	0.9998652601440805
2.3507264851077423	0.9999267800446698
2.3578997243304225	0.9998549656929595
2.3625671829982737	0.9999672651873398
2.3668363044968017	0.9999623493534435
2.3711928389564374	1.0000630416643297
2.3775732426853957	0.9998259669027029
2.3822503767484378	0.9999740447218786
2.3861069387838496	0.9999145645516501
2.3896981037918881	1.0000051228764810
2.3932442818308091	0.9999367692470919
2.3968086319637179	1.0000090232765928
2.4004101218139966	0.9999471771310445
2.4040479499574521	1.0000091884460016
2.4077228006652165	0.9999541642021992
2.4114337268527271	1.0000088229962107
2.4151868324480343	0.9999618005950199
2.4189913006423658	1.0000067843047609
2.4228709636154351	0.9999726268355094
2.4268726659205098	1.0000034935143849
2.4311368879090489	0.9999382909847497
2.4380522486901239	1.0001224597858676
2.4428533940862844	1.0000124395877374
2.4470439335834158	1.0000416866554074
2.4509951433008652	0.9999841789799281
2.4548801253051566	1.0000218611172789
2.4587894434676603	0.9999825932545726
2.4628013374563560	1.0000103690568884
2.4670694787976504	0.9999425339184375
2.4740090259034848	1.0001206499878064
2.4789377409200433	1.0000178655452805
2.4835200544416578	1.0000765362686330
2.4906235853508170	0.9998591547534946
2.4953568302004201	0.9999837243053412
2.4993492992186845	0.9999360334978857
2.5030446913639466	1.0000188141972473
2.5066391643571651	0.9999522573298256
2.5102091521217327	1.0000262897922418
2.5137954364820523	0.9999620218072386
2.5174205120212476	1.0000237461580772
2.5211104226376890	0.9999725349051380
2.5248966270897344	1.0000142548643607
2.5288403106142678	0.9999838810324446
2.5330877207113240	1.0000486150821846
2.5400328684227489	0.9998705663957881
2.5449179198164695	0.9999707439806247
2.5494902725312856	0.9999113857370218
2.5564141208619420	1.0001553866657236
2.5608726513696292	1.0000107889434027
2.5645387625994807	1.0000864528117297
2.5679623253011652	0.9999761905106458
2.5713527467411561	1.0000604699977009
2.5747852149351567	0.9999727211405735
2.5782863791457706	1.0000407699408533
2.5818663468996936	0.9999738604569823
2.5855247898182454	1.0000252645566186
2.5892608203258867	0.9999739538755106
2.5930682673750631	1.0000131283115028
2.5969438492880950	0.9999730027505568
2.6008815450486611	1.0000041944094566
2.6048842101938923	0.9999732136021662
2.6089710471016963	0.9999995966225763
2.6132580330809332	0.9999293045673125
2.6201169310864989	1.0001212675561306
2.6353950191210518	1.0002592168200228
2.6405980587548208	1.0000908330210916
2.6448640022107952	1.0000508873429679
2.6489490165433613	0.9999662228970838
2.6530512087191402	0.9999516546429003
2.6573474060601847	0.9998448875700608
2.6630016823581291	1.0002118097972559
2.6824822450388863	1.0003325826325999
2.6871206045166449	1.0000904689030734
2.6905916224246518	1.0001706944148863
2.6938721508110492	1.0000260352527568
2.6972112901363978	1.0000970449008297
2.7006651429546715	1.0000049898564511
2.7042467278516162	1.0000513292054576
2.7079705446555611	0.9999977850306447
2.7118796630096909	1.0000220720362027
2.7161179028684228	0.9999535327662330
2.7229749568212678	1.0001430063933463
2.7272162030825271	0.9999982545973504
2.7307881294634688	1.0000780421392923
2.7341489659108729	0.9999597168678380
2.7374678418264486	1.0000554107467396
2.7408044658167148	0.9999542045419407
2.7441802761976444	1.0000422439329515
2.7476038530351783	0.9999570988451957
2.7510760022473075	1.0000341415820289
2.7545975728230423	0.9999619554414161
2.7581656082053700	1.0000287840331632
2.7617796364813141	0.9999668247490480
2.7654360213996969	1.0000250109243958
2.7691345024122320	0.9999712433906766
2.7728720371681468	1.0000221251611583
2.7766500118475945	0.9999754510682682
2.7804685684022363	1.0000192453447794
2.7843358995614742	0.9999806875944243
2.7882665185512159	1.0000143852307106
2.7923031762254871	0.9999863957001411
2.7965756468541199	1.0000549195216735
2.8035011874544189	0.9998757071925746
2.8084434907578708	0.9999811634926684
2.8127957918281528	0.9999503656630576
2.8168665620682982	0.9999962401675977
2.8208172731356624	0.9999519556159411
2.8247480375040026	0.9999866969472793
2.8287670314868523	0.9999559611586876
2.8330371514756947	1.0000254818799315
2.8398636101648784	0.9998385240990693
2.8448279262812086	0.9999529949636996
2.8494261033006385	0.9999073204623733
2.8568604616832078	1.0001238060350863
2.8610997219442038	0.9999981410486546
2.8647473644841317	1.0000744016913923
2.8682340891367559	0.9999826648208506
2.8717007975719651	1.0000643245955583
2.8751853519245554	0.9999862528755529
2.8786932944573591	1.0000625503485878
2.8822240301954065	0.9999900912916471
2.8857742873327963	1.0000608377057127
2.8893469891029162	0.9999921380931254
2.8929443080163524	1.0000560032980530
2.8965753605500981	0.9999935905305909
2.9002488490798877	1.0000473144917887
2.9039834737258072	0.9999968493947172
2.9078054266914091	1.0000337199380358
2.9117718026648340	1.0000014730185933
2.9160251660701650	1.0000647416393158
2.9229397850562502	0.9998785254499121
2.9276518651612502	0.9999902478827224
2.9317591958917286	0.9999570808126361
2.9356571054395344	1.0000149127542350
2.9395408947606367	0.9999804174431161
2.9435266659811781	1.0000135536132788
2.9477891846670641	0.9999492450414578
2.9547114263883487	1.0001334363243071
2.9593873904278798	1.0000188868528121
2.9634717761314655	1.0000494805613824
2.9673938008269447	0.9999954744913314
2.9713801166571083	1.0000211858529064
2.9756452988666444	0.9999526569053090
2.9825437075412999	1.0001406809535711
2.9870068412118811	1.0000129436739877
2.9908481045706141	1.0000621721927196
2.9945272396970575	0.9999868466744878
2.9982493381697211	1.0000289792118184
3.0021398363177494	0.9999919447567346
3.0063755237824181	1.0000519544881272
3.0133536287181544	0.9998761274171853
3.0183455599530129	1.0000255837634451
3.0257767764480419	0.9998240237939137
3.0303141501736905	0.9999811490954303
3.0340661352315643	0.9999227312866504
3.0376055737970646	1.0000190036426759
3.0411588254400126	0.9999594213352159
3.0448235073373633	1.0000147466934948
3.0486897023562047	0.9999840158720075
3.0529170512776873	1.0000469868785988
3.0598004104774716	0.9998560131300194
3.0639570137272139	1.0000006821071257
3.0675277360214799	0.9999272930560772
3.0709727868030323	1.0000287454941739
3.0744703115503285	0.9999644747155095
3.0781010732141816	1.0000220125875712
3.0819486920532286	0.9999910499679001
3.0861710170245420	1.0000537661095463
3.0931301893755063	0.9998771312660046
3.0976430235300416	0.9999927944398759
3.1016570964133274	0.9999653313149116
3.1056417158380780	1.0000120049069576
3.1099148915469272	0.9999548540228881
3.1168998772180316	1.0001375283171983
3.1217248394654238	1.0000366924975561
3.1262811152037009	1.0000918218473542
3.1334287766577451	0.9998799374758177
3.1382107345405132	0.9999959482707667
3.1423638851777964	0.9999671959542089
3.1463209103175438	1.0000187976708446
3.1502665568289472	0.9999846266403648
3.1542962074405754	1.0000096093163764
3.1585695306855404	0.9999326505508294
3.1649211616046409	1.0001951277778705
3.1843246875788158	1.0003987370692806
3.1942377409630307	0.9995923093579606
3.1977020763179906	0.9998862231300125
3.2007682882017710	0.9997641652114376
3.2040007995594566	0.9999086137221128
3.2074397496742231	0.9998673543160694
3.2110515565157010	0.9999501453204446
3.2147994684582448	0.9999303616850874
3.2186467034416490	0.9999875723459078
3.2225722915542252	0.9999698955605365
3.2265658802260138	1.0000119451366760
3.2306498171709332	0.9999946025112125
3.2349342956312475	1.0000734133444824
3.2419683872067786	0.9999291778990297
3.2468034019448941	0.9999971075505110
3.2512825036444850	1.0000463363512233
3.2556206985246767	1.0000607260282062
3.2650309452720370	0.9997551041854258
3.2736153068373888	1.0002700867743284
3.2769906613893691	0.9999795677857630
3.2798471388075932	1.0001493687839285
3.2827167024503452	0.9999464552981463
3.2856586638200049	1.0000920576833019
3.2886634846140632	0.9999351934672690
3.2917201742130313	1.0000699619765372
3.2948217179829400	0.9999363322124358
3.2979643673774826	1.0000610363022486
3.3011484043713688	0.9999429363825604
3.3043734727190688	1.0000553888799533
3.3076432336284007	0.9999506955580705
3.3109596521924547	1.0000487808044305
3.3143297854394942	0.9999583524281999
3.3177598662459893	1.0000392827153921
3.3212636637917470	0.9999668751757592
3.3248583255838722	1.0000252802843050
3.3285773731391126	0.9999787020492578
3.3324793382150739	1.0000091622466853
3.3367167502921018	0.9999445827668704
3.3436150678964189	1.0001294055489112
3.3480961188679426	1.0000045518527101
3.3519698284762121	1.0000505035024652
3.3556806506508465	0.9999779958267975
3.3594275345442401	1.0000184856551433
3.3633331055461384	0.9999821484249556
3.3675727008773197	1.0000430198807324
3.3744959774712635	0.9998579511627503
3.3790208320983890	0.9999773290408550
3.3829771181307962	0.9999405520191846
3.3868095118845596	0.9999993991206987
3.3907461428395589	0.9999727954514124
3.3949963435225632	1.0000394994668469
3.4019870125166838	0.9998670114361008
3.4067015235321976	0.9999739385101148
3.4109689279149515	0.9999615931713050
3.4153310077826911	1.0000447964552610
3.4224722297522354	0.9998956638805190
3.4272664544881533	1.0000139909416499
3.4315888487307236	1.0000131939857839
3.4359652984555362	1.0001017481655963
3.4425152003565658	0.9998365625484533
3.4466402551517703	0.9999958469812128
3.4499886870833594	0.9998786669392697
3.4531426886649168	1.0000214859850773
3.4562863280591767	0.9998987094182248
3.4594644722036842	1.0000223548408100
3.4626878382149622	0.9999137558854241
3.4659531076851238	1.0000237839756023
3.4692589829076095	0.9999276006242642
3.4726032496357258	1.0000268186738863
3.4759887696246792	0.9999419172354279
3.4794185380611213	1.0000289249222611
3.4829014361403505	0.9999569196916767
3.4864477618340368	1.0000274222196914
3.4900777911494072	0.9999736973041463
3.4938211420978535	1.0000198598187933
3.4977392509907372	0.9999906808444858
3.5019796302092558	1.0000564791740343
3.5088037177574103	0.9998587906543974
3.5131091960417256	0.9999976938617200
3.5167567490863454	0.9999264417939890
3.5202146719434020	1.0000286577377633
3.5236714369385735	0.9999540009486434
3.5272040058918757	1.0000243918655791
3.5308704866516378	0.9999770123332105
3.5347390091448716	1.0000112792881350
3.5389680252889915	0.9999501951348438
3.5459910075758696	1.0001152358137064
3.5507806823935457	1.0000098380670985
3.5553263541726960	1.0000533875168394
3.5627457439061914	0.9998711521039368
3.5679701984298862	1.0002723495925130
3.5729744032785313	1.0000687568448541
3.5778805235346312	1.0003094344394257
3.5827304175926087	0.9999891668802401
3.5875720385721577	1.0001040078370065
3.5924194336383066	0.9996726241980786
3.5964291873171721	0.9998936699719017
3.6008524549636038	0.9999383006254727
3.6072611605129499	1.0000678319740659
3.6196375924624173	0.9996773774221390
3.6249367163333410	0.9998907541261126
3.6290447584778152	0.9998649829690037
3.6329979223303992	0.9999349119497655
3.6372611247999465	0.9999046671597620
3.6448366853355476	1.0000302066916575
3.6496861287439506	1.0000094389495160
3.6541843294340541	1.0000669225409362
3.6617683787604909	1.0000312302483809
3.6662302417891186	1.0001719819672712
3.6705341436013081	1.0001849183637972
3.6748797696137032	1.0001495495160238
3.6834623787103742	0.9997078424717446
3.6864180656724166	0.9999536158597105
3.6893368983846164	0.9997575448890380
3.6923239043490952	0.9999189913063669
3.6954051870639741	0.9997991612722811
3.6985971907404891	0.9999249696797290
3.7019043666156821	0.9998488779470176
3.7053296473672548	0.9999416170193398
3.7088794181456510	0.9998965135009225
3.7125717263691977	0.9999546983917048
3.7164579994621980	0.9999356111860325
3.7206575981970613	1.0000129771502622
3.7274788332867002	0.9998525718803345
3.7323183319846431	0.9999629263801998
3.7366716811121137	0.9999526149258623
3.7410474188913838	1.0000429086553304
3.7479769504822276	0.9998570422604727
3.7528447122250137	0.9999770089375966
3.7570646133238945	0.9999493512188067
3.7610565249571515	1.0000043977922117
3.7650153676141209	0.9999744473295494
3.7690488148423027	1.0000081705845758
3.7733239669385554	0.9999441291585488
3.7803162873225662	1.0001201183269159
3.7854055558894770	0.9999519499203472
3.7933341906448672	1.0002242573353528
3.7973110163365495	1.0000154870611080
3.8008471877566263	1.0000513331744696
3.8043573450003381	0.9999434189688957
3.8078786573468899	1.0000074910710397
3.8113683416377322	0.9999283630150744
3.8148186064433531	1.0000207154459804
3.8182538296835205	0.9999462471167900
3.8217409149409214	1.0000303371729879
3.8253562584656198	0.9999868320402751
3.8291911886637551	1.0000306082504973
3.8334115801307616	0.9999765586468335
3.8402964693744859	1.0001708666279516
3.8444530531639680	1.0000258469989776
3.8480036762940140	1.0001030796370405
3.8513876149258386	0.9999880714075808
3.8547547578868930	1.0000729917099385
3.8581597012238693	0.9999800038302908
3.8616304282181160	1.0000506302331535
3.8651947474211306	0.9999841428558139
3.8688878525448720	1.0000283189735417
3.8727750985660885	0.9999936698485455
3.8770074744097558	1.0000545446612972
3.8839522990034339	0.9998744995240547
3.8889476060667674	1.0000243337024060
3.8964347429241091	0.9998283977970871
3.9012728014932758	0.9999924358010198
3.9053488418962914	0.9999727794790595
3.9091272917649080	1.0000501601968048
3.9127549545397757	0.9999726560432165
3.9162720597954479	1.0000474093011749
3.9197213105398436	0.9999499738486006
3.9231348213101054	1.0000324058769832
3.9265454921470924	0.9999386958547596
3.9299745110335635	1.0000206642680409
3.9334378395269720	0.9999406567597815
3.9369446219523900	1.0000155929902714
3.9405034251214586	0.9999509722373709
3.9441222989492277	1.0000140244787632
3.9478164219372607	0.9999664099905591
3.9516106160373221	1.0000102418509778
3.9555603790952314	0.9999828885243437
3.9598092300922967	1.0000503675381343
3.9667313825019850	0.9998709747772213
3.9714422259719639	0.9999849478481846
3.9755443756765825	0.9999518405979323
3.9794114427556990	1.0000159975612397
3.9832045118459525	0.9999691405810813
3.9869791210039631	1.0000225808727328
3.9907598380680023	0.9999744423446076
3.9945512179204266	1.0000228595239562
3.9983569160607102	0.9999759035342676
4.0021753069228190	1.0000214245316486
4.0060099528875464	0.9999768183700715
4.0098640691571683	1.0000186825152193
4.0137506170811621	0.9999797787456238
4.0176898416665088	1.0000129067307715
4.0217299689885886	0.9999842968373103
4.0260038059639740	1.0000524011254903
4.0329205131980084	0.9998705968639159
4.0379271153839049	1.0000270234894004
4.0443399763213348	0.9996784209638812
4.0497141818810647	0.9999308957658374
4.0579890359339030	0.9998245083756883
4.0627571700168597	1.0000182323483848
4.0671282781700651	1.0000621752273291
4.0714954428882288	1.0000587042034130
4.0758331425371299	0.9999699883651257
4.0824761789926995	1.0001445477387041
4.0923385453707430	0.9998110605339869
4.0958742215859596	1.0000135081654504
4.1002728745610506	1.0000294256141320
4.1079699087468944	1.0001959186148341
4.1130219432490360	0.9999405477024914
4.1182581604266257	1.0002580254118152
4.1238506189667783	0.9996459100856823
4.1290005835263921	0.9997514480743755
4.1349118613857430	0.9996764938508458
4.1443192948946797	1.0003188707504447
4.1564511388059620	1.0003307094582252
4.1593595527361993	1.0000733288571217
4.1625798109346821	1.0001543535591375
4.1660672841968198	1.0000638124469059
4.1697601711005845	1.0000913971938414
4.1736139500729417	1.0000480734879615
4.1776179583034523	1.0000718046101471
4.1818791746486559	1.0000085296795138
4.1888657122763648	1.0001993143397137
4.1939142399245384	1.0000065586444085
4.2001728263031586	1.0002925806986145
4.2088902418018357	0.9998264673862440
4.2149153282005587	1.0002434824163091
4.2202609983950943	0.9998125683608670
4.2244649324385595	0.9999537434212418
4.2283908613061083	0.9999288891951335
4.2323611206812792	0.9999290671564008
4.2365380511123316	0.9998653582398010
4.2407927751423182	0.9998606718755009
4.2479800961035821	0.9996970984219590
4.2513817022302023	0.9998711559800679
4.2555830977465154	0.9998982436488938
4.2598819348908652	0.9999223760662266
4.2640988154798158	0.9999106083162492
4.2681465783351387	0.9999825342310208
4.2720863003408311	0.9999634432803821
4.2760881122065308	1.0000108610753273
4.2803587212310674	0.9999477775877049
4.2869741990401700	1.0001603671046508
4.3001547250699756	1.0004416145068444
4.3251603390662003	0.9999638898517178
4.3344869634139140	1.0002440498497089
4.3396599437463710	1.0001103742232760
4.3492568916824785	1.0003368157579329
4.3556762594273595	0.9997852828635840
4.3645902130801417	1.0002955293831910
4.3692719375093310	1.0000318107666284
4.3725406438414911	1.0001533617248075
4.3756268569600465	0.9999865211896682
4.3787691987862338	1.0000950090397809
4.3820333234962110	0.9999843451272510
4.3854448213911352	1.0000544902167658
4.3890344593995447	0.9999946807080535
4.3928609430492243	1.0000253315608076
4.3970781385059317	0.9999619433490272
4.4040283756772372	1.0001365991105915
4.4088350298881949	1.0000314130970502
4.4133871134476639	1.0000739417281082
4.4216928926706558	1.0000249561641719
4.4302569204490130	1.0002650908001678
4.4341898971837663	1.0000908219927127
4.4379987838408566	1.0000920055433107
4.4422605596100686	1.0000047228641229
4.4491669291573270	1.0002222580860805
4.4537675231042426	1.0000871605436326
4.4579122620289846	1.0000507648421573
4.4622556302895147	0.9999193166099845
4.4690730129542517	1.0001215928815026
4.4823137877196437	1.0003670180089774
4.4974440695669733	0.9995910563298437
4.5028534455070490	0.9998331716967933
4.5077273386916605	0.9998653769969941
4.5166594901275907	1.0001698055876411
4.5198586976712374	0.9999615204829873
4.5233760288735159	1.0000429703610951
4.5273282020235870	0.9999610737663502
4.5315351668681521	0.9999888514649894
4.5364513738305003	0.9996428963377760
4.5434402533308340	1.0002389849563387
4.5531150534704032	1.0003603611895522
4.5628840896220817	0.9998150215302303
4.5664392710895543	1.0000007573890715
4.5700577625005270	0.9999271739042819
4.5742888141565858	0.9999858728895383
4.5807824723043975	0.9997903454110996
4.5853147044885265	0.9999129651701396
4.5892797201434909	0.9998837320741731
4.5931542875466249	0.9999545534830486
4.5970552043369146	0.9999592296089550
4.6010421455652564	1.0000096405785586
4.6051176992986722	0.9999902582536446
4.6092614562795857	1.0000147636147447
4.6134498217988336	1.0000183755717322
4.6176679359670398	1.0000643948272412
4.6218518757491216	1.0000338660152261
4.6259184785251906	1.0000719803651053
4.6298319487356174	1.0000115983795070
4.6336301990779560	1.0000553679522073
4.6374273781752997	1.0000007567361673
4.6413560411320693	1.0000241989610859
4.6456048543123343	0.9999523572876763
4.6523637847177408	1.0001594426169891
4.6561013946567211	0.9999763623973206
4.6593298174340809	1.0000887769251769
4.6625028996674942	0.9999491032662298
4.6657377017159440	1.0000493698275799
4.6690536887125456	0.9999476944306335
4.6724448415701021	1.0000313217942993
4.6759002161896639	0.9999508108839851
4.6794081539406287	1.0000237767704176
4.6829620207481941	0.9999551729422859
4.6865566066226227	1.0000198639943634
4.6901937405494420	0.9999606184718366
4.6938776750651510	1.0000155770800510
4.6976232219276230	0.9999686591102142
4.7014547237698663	1.0000076254518639
4.7054272121816592	0.9999782122254540
4.7096823002371853	1.0000443322204167
4.7165789883145361	0.9998584531490043
4.7211108424874659	0.9999845063381031
4.7249742741139658	0.9999317417052968
4.7285873854335669	1.0000210347928393
4.7321352198143041	0.9999530708714965
4.7356957532372981	1.0000257121571154
4.7393205962846254	0.9999703664842698
4.7430533902919443	1.0000170010689278
4.7469634314840592	0.9999865639338914
4.7512020049001631	1.0000508427470620
4.7581342887212248	0.9998706590791629
4.7628074569589245	0.9999813611268263
4.7669484258164321	0.9999580252930750
4.7710063965801517	1.0000019934264575
4.7752994743725710	0.9999415233629970
4.7822055556871623	1.0001384043730606
4.7868404022343682	1.0000202640775078
4.7908443371098022	1.0000606490053416
4.7946376621369478	0.9999930611788868
4.7983886184768449	1.0000412818578184
4.8021567140889490	0.9999899103773986
4.8059590273885098	1.0000340315884066
4.8097965780467780	0.9999902484758298
4.8136595469267318	1.0000313704466637
4.8175376600162592	0.9999885179575253
4.8214169045654645	1.0000297489680139
4.8252901231801539	0.9999844572288016
4.8291527196777295	1.0000265622330511
4.8330131694016707	0.9999809151380619
4.8368872571707682	1.0000190007781107
4.8408089634289588	0.9999818533030284
4.8448333977091798	1.0000083910430475
4.8491047210183069	0.9999384412614574
4.8559278177640044	1.0001348662330423
4.8603235823213513	0.9999956891163891
4.8639919636074804	1.0000698912145369
4.8673995243361512	0.9999561882196377
4.8707349279081997	1.0000523833404484
4.8740705836700240	0.9999510227001466
4.8774365674128886	1.0000415975327128
4.8808491417615008	0.9999560511061388
4.8843181141609362	1.0000331080149854
4.8878567825134240	0.9999656693078860
4.8914813222327522	1.0000230512123254
4.8952232177453947	0.9999798524673855
4.8991392779827185	1.0000117448136838
4.9033803471392741	0.9999484478752254
4.9102044316925904	1.0001490002832127
4.9143142301647202	0.9999955718980783
4.9177630050433558	1.0000894630192878
4.9210249569544819	0.9999585179984231
4.9242670793547090	1.0000632611888545
4.9275492008574444	0.9999555013455935
4.9308974534973107	1.0000441686335957
4.9343312740224032	0.9999630540666578
4.9378704749241331	1.0000262736040071
4.9415490982043062	0.9999773129901326
4.9454270438671077	1.0000092694837996
4.9496580372355234	0.9999465168803414
4.9565774412622590	1.0001293049151665
4.9611311073377049	1.0000100087914905
4.9650748363777275	1.0000530738884201
4.9688066438365066	0.9999779900066862
4.9724778509579579	1.0000345620880611
4.9761379624489841	0.9999699904225692
4.9797992519462726	1.0000289190533320
4.9834624760190991	0.9999673607686690
4.9871224650364807	1.0000282312773905
4.9907777026025686	0.9999662988721419
4.9944268435789114	1.0000286073220126
4.9980761526882356	0.9999671257945395
5.0017338959701219	1.0000271492483674
5.0054175124932865	0.9999715712855936
5.0091486337984383	1.0000211548479412
5.0129642061818354	0.9999816762400046
5.0169235310609901	1.0000122605935058
5.0211766378539302	0.9999472803879105
5.0280847743496517	1.0001319176982197
5.0327418483940409	1.0000158089174940
5.0367861632598565	1.0000514681815897
5.0406321073093139	0.9999892540544880
5.0444753807883718	1.0000250010162801
5.0484379969208666	0.9999907701013994
5.0526929191441470	1.0000540394557660
5.0596344657974219	0.9998734500276829
5.0644079368107944	0.9999809487805844
5.0686422224546996	0.9999610201876423
5.0727593949356047	1.0000031609441062
5.0770681740415382	0.9999394212916823
5.0838437589170011	1.0001561024801511
5.0887131755302963	1.0000408541609471
5.0930402687968810	1.0000574189550357
5.0974264943525540	0.9999761940805523
5.1046196839615110	1.0001421273636699
5.1089713914586525	1.0000070709104616
5.1126736000926982	1.0000740009255786
5.1161162855917848	0.9999626514009817
5.1194455755346526	1.0000635523651646
5.1227261269374118	0.9999516154782941
5.1260012514835056	1.0000568940162056
5.1293093742654596	0.9999571444701166
5.1326845878900986	1.0000440729837843
5.1361649231226432	0.9999724817115382
5.1397934160573246	1.0000239880707700
5.1436415378353555	0.9999894486472702
5.1478638775590522	1.0000496450776517
5.1546400996149044	0.9998369087085740
5.1584530969157347	1.0000096482479230
5.1617053614457342	0.9998939867377302
5.1648577882129327	1.0000364722162975
5.1680499989966995	0.9999269036957310
5.1713170867487825	1.0000341442984084
5.1746742568385153	0.9999471855956473
5.1781269035000843	1.0000246785547866
5.1816900948109259	0.9999635550625295
5.1853883223392279	1.0000104840305553
5.1892802842489516	0.9999788398073213
5.1935135574177416	1.0000421643286592
5.2004616654815559	0.9998656620529577
5.2051284063652918	0.9999789603483366
5.2092071154418162	0.9999462085751399
5.2130599441218886	1.0000120830170935
5.2168290535857613	0.9999619442317236
5.2205543952481470	1.0000220981778891
5.2242511174040596	0.9999633513775568
5.2279221550653672	1.0000247772319268
5.2315768146303121	0.9999618437901610
5.2352243206194062	1.0000231939889646
5.2388813164475163	0.9999627425570746
5.2425643657833136	1.0000180120260249
5.2462986630887283	0.9999689108316732
5.2501165067068456	1.0000085924324895
5.2540790436822213	0.9999788751541281
5.2583317303978001	1.0000450553890765
5.2652642017954809	0.9998671120789567
5.2700651602202155	0.9999756612516079
5.2743243003215534	0.9999582024035746
5.2784566608786019	1.0000026165402631
5.2827698288238176	0.9999422963672856
5.2897686130054620	1.0001277516099618
5.2942832724813531	1.0000032663446508
5.2981482021435173	1.0000536250470200
5.3017867236186120	0.9999681443320879
5.3053809040391968	1.0000285385310628
5.3090165281947055	0.9999656719434111
5.3127528089344187	1.0000075729451114
5.3166634437724873	0.9999740469434647
5.3209025099130685	1.0000367154384606
5.3278591358751868	0.9998613418594897
5.3325621648126234	0.9999724381995656
5.3367395240872604	0.9999547041394866
5.3408227054208828	1.0000022973688960
5.3451220289504038	0.9999463104651407
5.3521645298520468	1.0001273053390560
5.3569830513466394	1.0000200433248698
5.3613253326714432	1.0000226466106499
5.3657056240231054	0.9999154733376510
5.3711335998858658	1.0003009729311239
5.3792180687216327	0.9999512246047775
5.3845988112154863	1.0000653636946828
5.3892062623076793	1.0000218183465057
5.3935759258638551	0.9999598905413900
5.3978805104582408	0.9999236893299531
5.4022252258598416	0.9999731785985678
5.4106159069437094	0.9998065799197514
5.4143504710762658	0.9999608748183123
5.4186875451383427	0.9999733982893386
5.4230727372298810	0.9999566627220353
5.4332073071178000	0.9996965431066995
5.4542878686197254	0.9997568697311798
5.4717704201699533	0.9998087040911973
5.4752907575598027	0.9999773842559994
5.4796545392041986	0.9999478959882997
5.4866220404873189	1.0000996118947163
5.4910037427357405	1.0000041881428459
5.4954693054261678	1.0000507001984491
5.5024297807527285	0.9998269305337373
5.5063796002652863	0.9999752008017184
5.5098828678106688	0.9998973085938756
5.5133301969711361	0.9999948341892713
5.5167655884082931	0.9999171471114293
5.5201702189143207	1.0000203763106599
5.5235385832383317	0.9999328645543747
5.5268873140874133	1.0000383763974243
5.5302513712662122	0.9999529157642124
5.5336673865479140	1.0000416292260761
5.5371769040200780	0.9999776537580778
5.5408249055926255	1.0000315410972920
5.5446842699848391	1.0000000908596289
5.5489094787337336	1.0000624156876436
5.5558113442835841	0.9998736705331296
5.5602021454504742	0.9999980350430618
5.5640385022484704	0.9999515483244386
5.5677857679849483	1.0000139996736641
5.5716735305822782	0.9999843339824055
5.5759106439124047	1.0000477995616004
5.5828205114463740	0.9998577573556858
5.5871099543159879	0.9999916518148493
5.5908023746471214	0.9999283335632108
5.5943369431438486	1.0000197815868388
5.5978798156482270	0.9999552643169103
5.6014931279099525	1.0000171254927128
5.6052240909459385	0.9999737821546597
5.6091326854426402	1.0000054709769535
5.6133718640154440	0.9999410326796889
5.6201498677793014	1.0001465396984488
5.6243101172670560	0.9999953878914943
5.6277930283031621	1.0000858238910488
5.6310886001960778	0.9999607917961196
5.6343783278506594	1.0000573928751344
5.6377359388755375	0.9999633099185175
5.6412043498818614	1.0000329541909219
5.6448277256144763	0.9999790883160359
5.6486721150031283	1.0000122115153209
5.6528945412426399	0.9999510006282576
5.6599859824065959	1.0001030279276730
5.6690733218784493	0.9998096695889144
5.6721531518182964	1.0000687424983910
5.6752630590666966	0.9999227288929246
5.6785478091842636	1.0000236265064533
5.6820094050171912	0.9999511706028119
5.6856060439829905	1.0000043574704223
5.6892898655871420	0.9999486780834540
5.6930070409005555	1.0000040732754600
5.6967157820120766	0.9999487490566391
5.7003956414494681	1.0000145180911066
5.7040508567917376	0.9999570030843570
5.7076955248372574	1.0000250224567018
5.7113449948532944	0.9999686311208276
5.7150065269038448	1.0000322499559822
5.7186855756436055	0.9999775684985022
5.7223838939143015	1.0000348521038618
5.7261113581895478	0.9999839641204413
5.7298826553878541	1.0000303349059265
5.7337305819934521	0.9999920128171511
5.7377101513017505	1.0000212523241248
5.7419688844862682	0.9999550061965652
5.7489436862669585	1.0001277189029258
5.7534980575604182	1.0000060781380289
5.7574149168896032	1.0000527373955450
5.7610840014697224	0.9999688316183964
5.7646664964353036	1.0000358860919727
5.7682256927045099	0.9999605306061913
5.7717880161303894	1.0000294253827209
5.7753665887741210	0.9999611944102563
5.7789662348514623	1.0000265662452656
5.7825912851958261	0.9999645912293961
5.7862417419116614	1.0000249032000144
5.7899197908013837	0.9999684029397234
5.7936242420543396	1.0000233941726679
5.7973575791127079	0.9999720141215612
5.8011202081899178	1.0000212725999913
5.8049186950194898	0.9999760913441086
5.8087613977450001	1.0000171093707173
5.8126709549258706	0.9999828164314621
5.8166915372284151	1.0000117957313561
5.8209610370205409	0.9999445523869066
5.8278494892214585	1.0001320824347406
5.8327572197200439	1.0000229794556272
5.8370235600237441	1.0000534527377243
5.8409483745168416	0.9999825500437977
5.8446553815547082	1.0000468616940095
5.8482124275429497	0.9999611932232040
5.8516779889967925	1.0000447796176617
5.8551062554320659	0.9999535815984134
5.8585363594113469	1.0000359144852651
5.8619963911617976	0.9999529120883537
5.8654997583643906	1.0000240731941632
5.8690550645658970	0.9999535649375715
5.8726626627259515	1.0000132193551181
5.8763235576858612	0.9999544028620464
5.8800344060629710	1.0000050440953565
5.8837951150405710	0.9999562652223354
5.8876024788845669	1.0000001661337168
5.8914574085967146	0.9999606469815294
5.8953562144505520	1.0000004722190350
5.8992924346318016	0.9999673769902249
5.9032460011496966	1.0000079231796499
5.9071847543592968	0.9999698740238321
5.9110637419034830	1.0000218596144486
5.9148503933227783	0.9999673221226835
5.9185411143774598	1.0000340675539294
5.9221749459370834	0.9999707544144626
5.9258137881137314	1.0000325799722076
5.9295358320572307	0.9999877463687779
5.9334317048413059	1.0000226110849946
5.9376692597919289	0.9999627422748678
5.9443520184144898	1.0001970287283104
5.9475964798978209	0.9999617704777123
5.9504483536821571	1.0001367021726157
5.9533046893350923	0.9999427892963043
5.9562468475012569	1.0000904047748298
5.9592838148262173	0.9999438136048816
5.9624075361891924	1.0000647605622204
5.9656093825845842	0.9999484981791601
5.9688796713466434	1.0000502821089334
5.9722130871408545	0.9999543032203114
5.9756031549717488	1.0000414026200446
5.9790476191289441	0.9999604115149410
5.9825422228660701	1.0000354797408175
5.9860864689486242	0.9999664646196373
5.9896774419282304	1.0000311850685561
5.9933161506853541	0.9999723499914993
5.9970016872177263	1.0000274856503493
6.0007390094579023	0.9999785845763879
6.0045349095598279	1.0000225744403684
6.0084107430661966	0.9999871516121540
6.0124107537278109	1.0000167676603571
6.0166743965248779	0.9999504285645477
6.0234782336933366	1.0001537826796958
6.0373567029092383	1.0004694575641664
6.0432345009232238	0.9998053772896945
6.0468148053973962	1.0000435034011712
6.0513269917112718	1.0000329909466616
6.0585563983271946	1.0001667897866049
6.0626855795307009	1.0000599474535354
6.0670619239827746	1.0000871559834474
6.0741104671547372	0.9998507499326572
6.0777344598712482	1.0000039412628057
6.0813923051013568	0.9999512306650996
6.0856096086243046	0.9999967489017602
6.0930965913214994	0.9998601770836262
6.0974600260864351	0.9999907667027902
6.1019198422390950	0.9999654308911550
6.1093991859085186	1.0000875510226754
6.1139540477786811	1.0000042281643833
6.1183442142142255	0.9999582563055305
6.1227000770085702	0.9998935730741494
6.1308197463914595	0.9999937996919046
6.1356250867913369	1.0000623961173503
6.1399265580742206	1.0001269425590240
6.1438973854720649	1.0000718706238669
6.1476709630000075	1.0001224750206230
6.1513863591298179	1.0000555774406386
6.1551172602609281	1.0000922420010414
6.1589024839449857	1.0000368193048337
6.1627620645813828	1.0000596110772915
6.1666970109546160	1.0000147795566798
6.1707386129730732	1.0000321963705852
6.1750104145418820	0.9999537236085289
6.1814759916545814	1.0002048609794643
6.1876478768486702	0.9996899263901476
6.2019595096293312	1.0004651589971456
6.2059281243204634	1.0001883257410626
6.2094138143283786	1.0002300534247184
6.2130953742505248	1.0001141501341326
6.2172802858366287	1.0000832966201427
6.2214742002441996	0.9999590023952030
6.2260199180548321	1.0002082874071869
6.2307186140632247	0.9999128892712158
6.2354920164780978	0.9999947403873695
6.2424330311253877	0.9998471261456354
6.2466235441864475	1.0000281157381516
6.2500313906516602	0.9999293002537730
6.2532136269703731	1.0000735659548452
6.2563990670046685	0.9999613817795635
6.2596716551480025	1.0000633452835912
6.2630802416727773	0.9999842770840447
6.2666617847934507	1.0000377223924641
6.2704838715502369	1.0000003371709223
6.2746991561368475	1.0000576883733792
6.2816174798673510	0.9998692882515690
6.2860094217971278	0.9999941074093593
6.2898093127660717	0.9999399136785189
6.2934291128923290	1.0000235110837477
6.2970217979514720	0.9999610566449210
6.3006319693640540	1.0000282553954056
6.3042759301008244	0.9999700508822380
6.3079529247711257	1.0000275881309357
6.3116630841126815	0.9999742605165364
6.3154025313197391	1.0000255358260044
6.3191730627733111	0.9999771669664688
6.3229764070098780	1.0000221893172985
6.3268240992232689	0.9999814283340224
6.3307353245380957	1.0000156563798464
6.3347583374724135	0.9999866870608913
6.3390272416208360	1.0000539944924478
6.3459296797220235	0.9998689588150940
6.3506820141456988	0.9999838305869073
6.3547859062146808	0.9999469163324192
6.3586148018683541	1.0000164497952271
6.3623457343819156	0.9999632699530144
6.3660563003926196	1.0000219076005576
6.3697989264257391	0.9999743457604175
6.3736172189960412	1.0000151226245313
6.3775786626214703	0.9999853144096217
6.3818312009409439	1.0000508365150294
6.3887289243313194	0.9998642495981347
6.3933038714234769	0.9999850386313650
6.3972563697159703	0.9999429107261122
6.4010186939678997	1.0000114389345771
6.4047993218125665	0.9999722295568371
6.4087221535382959	1.0000078909782892
6.4129678196398334	0.9999463965015570
6.4198858416176536	1.0001325083657187
6.4244303434649845	1.0000137491674346
6.4283978684177052	1.0000505433732898
6.4322380280058731	0.9999925219285247
6.4361772364651300	1.0000196432049120
6.4404294309807106	0.9999533993670425
6.4473922083327304	1.0001316467273107
6.4520369144133598	1.0000217721699833
6.4561543017451566	1.0000482517367881
6.4602011940631456	1.0000085207025144
6.4644894579458985	1.0000760663202215
6.4705385799250221	0.9997442152057151
6.4769745115400168	1.0002151316256165
6.4932321915970510	1.0002954838347624
6.5021935074848072	0.9997499936048209
6.5255492830930741	1.0000402705775058
6.5295536256212152	1.0001456315497810
6.5336369298315899	1.0001676878358057
6.5379343874083355	1.0001949517468935
6.5466864856796425	1.0000380731675393
6.5508832967330477	1.0000255157045617
6.5543602659772056	0.9998707962976248
6.5577692894545416	0.9999343257171656
6.5614524523251765	0.9998856591953478
6.5656448484559178	0.9999493429551246
6.5723678651832378	0.9997477965078717
6.5759635731874493	0.9999482214372647
6.5791225311783874	0.9998345988178921
6.5822530574159801	0.9999877921907242
6.5854508563520993	0.9998891414429882
6.5887244673897385	1.0000041598249079
6.5920700649959114	0.9999205586127158
6.5954757504738044	1.0000132345112092
6.5989356338099654	0.9999397562669576
6.6024425171661676	1.0000179380359999
6.6059959478566332	0.9999530166733672
6.6095956323461840	1.0000190009210910
6.6132495204023680	0.9999643818085779
6.6169694082542483	1.0000154838043547
6.6207833472287083	0.9999775852616301
6.6247436071169750	1.0000089963485639
6.6289965873568182	0.9999447364964745
6.6358855246183026	1.0001334968665172
6.6404501979847357	1.0000105152502199
6.6443468032903148	1.0000619220423339
6.6479880752873965	0.9999758208451454
6.6515466942698103	1.0000452639679596
6.6550931229735975	0.9999694906557623
6.6586607993492235	1.0000356133452790
6.6622734595262685	0.9999731981780244
6.6659528305132927	1.0000254348140707
6.6697331492363308	0.9999836377090434
6.6736719353934024	1.0000143060660387
6.6779192353599397	0.9999497542216547
6.6848246893977592	1.0001346268139952
6.6894369616359413	1.0000158520552602
6.6934187564787520	1.0000574820033901
6.6971758241118664	0.9999846924200746
6.7008814590652532	1.0000360594611961
6.7046139214261053	0.9999823668249984
6.7084253530932392	1.0000204564705444
6.7123825498601493	0.9999886882287160
6.7166339133685220	1.0000527497833898
6.7235740299040998	0.9998726969710643
6.7283494242060060	0.9999790186482200
6.7325854397994016	0.9999578444357677
6.7367035614958457	0.9999983387793687
6.7410126230980243	0.9999323623666794
6.7476312290457958	1.0001728925351678
6.7520376467641992	1.0000159243512818
6.7557345090549177	1.0000649932445016
6.7592878452001264	0.9999607957876168
6.7628931005928772	0.9999981186526722
6.7666228260839043	0.9999363189918911
6.7705302007079036	0.9999598151487163
6.7747702406220460	0.9999036872577876
6.7820410185053097	1.0000792551126321
6.7862072014655919	0.9999601001790372
6.7898240305733379	1.0000430451491886
6.7932504360058781	0.9999441584514821
6.7966287030064212	1.0000407436126091
6.8000323937597731	0.9999584087163881
6.8035183956689176	1.0000345405127875
6.8071453058186995	0.9999863922341832
6.8109896812982402	1.0000242297350415
6.8152125201230023	0.9999657060401165
6.8220030358055528	1.0001735652882902
6.8260537403126245	1.0000193049293327
6.8294916431159010	1.0001113428573467
6.8327851036669340	0.9999869744001239
6.8360848717845926	1.0000813218396674
6.8394380611184973	0.9999835055645999
6.8428609368577895	1.0000615545451010
6.8463656879380030	0.9999877517673138
6.8499661581332587	1.0000441751828910
6.8536919187333343	0.9999975317960096
6.8575986123424020	1.0000274151855333
6.8618371071410733	0.9999623662220251
6.8687621385172628	1.0001414311612664
6.8734259711511108	1.0000262808851226
6.8774943124016623	1.0000587381085633
6.8813554002402810	0.9999947358305569
6.8851699427784832	1.0000356003974675
6.8890051849487888	0.9999887606964561
6.8929015845816313	1.0000210807249443
6.8969138397011109	0.9999898724651223
6.9011798051402673	1.0000553940711676
6.9080864383111482	0.9998701917143933
6.9128671787618661	0.9999832830423349
6.9170266248036345	0.9999532060549111
6.9209345219203247	1.0000169485265353
6.9247573552839681	0.9999741204115736
6.9285555811662372	1.0000283282073659
6.9323558256554332	0.9999836742499691
6.9361643000340205	1.0000323837764513
6.9399857494819939	0.9999873407407154
6.9438197173426079	1.0000313889993928
6.9476702125527634	0.9999867297767527
6.9515386538512614	1.0000255683141679
6.9554318589823572	0.9999826990804394
6.9593570692243718	1.0000135513755539
6.9633324038355724	0.9999747265903600
6.9673961040495467	0.9999923812138716
6.9716772487895389	0.9999081838943727
6.9781397186024874	1.0001396389871928
6.9826682899048151	0.9999872448262556
6.9863681877933335	1.0000581232113888
6.9898153762443149	0.9999498709604117
6.9932456317025018	1.0000272276441240
6.9967439746164066	0.9999510015778041
7.0003448096835088	1.0000077055342689
7.0040755829446519	0.9999637051570004
7.0079871050819138	0.9999961669095321
7.0122262945850666	0.9999341649495972
7.0189786331523978	1.0001493702718696
7.0238878530267650	1.0000544325784304
7.0282477195538888	1.0000733967843654
7.0324514739385826	1.0000207739380913
7.0366427813966537	0.9999953485676791
7.0409616219838842	0.9998321769760568
7.0461843553487986	1.0001433026405389
7.0565531996509963	0.9995193556669811
7.0629194415569714	1.0002376889882487
7.0724670078963792	0.9996821083775027
7.0769485502641132	0.9999613856625186
7.0804218730959478	0.9998992797346576
7.0838946813791068	1.0000173141995836
7.0875136025675927	0.9999845623913965
7.0912700897567271	1.0000391336877517
7.0951456926418999	1.0000103132653575
7.0991164237147331	1.0000400368787881
7.1031918443979549	1.0000110752942926
7.1074722426387043	1.0000780507067712
7.1141470731114191	0.9998513635845306
7.1267161775048660	1.0003055174605555
7.1429506544211305	0.9995396163264759
7.1497843342163421	0.9998500003282095
7.1545823225729155	0.9997910601662432
7.1589422612315783	0.9997919760281242
7.1630939779764384	0.9998297379563202
7.1670659084738846	0.9999604621292694
7.1707603433296692	0.9999364946585632
7.1742453424336912	1.0000628953001227
7.1776464237091711	0.9999914329144076
7.1810463595759648	1.0000914006893171
7.1844977788758930	1.0000165574904343
7.1880215083919339	1.0000850258856144
7.1916410370796005	1.0000243197597725
7.1953802428104350	1.0000623822197883
7.1992972371102031	1.0000243500949761
7.2035369053283285	1.0000806010298666
7.2104404909554169	0.9998835474679788
7.2145112563767197	1.0000326305198408
7.2179767851342955	0.9999423101451155
7.2212937218955329	1.0000609301994385
7.2246282523651715	0.9999705946072621
7.2280379280676756	1.0000561958829266
7.2315586113222370	0.9999908008075383
7.2352229710775209	1.0000391193144997
7.2390938167730328	1.0000035435389454
7.2433218306122891	1.0000597748228464
7.2502084636215605	0.9998533301893325
7.2550929613437303	0.9999333241354459
7.2595114342116656	0.9999082616438604
7.2639059113491555	1.0000624374455418
7.2685466581470175	0.9997010537722569
7.2722370010770119	0.9999873095342943
7.2764630268500952	0.9999659209163358
7.2805225980715953	0.9999719619258008
7.2842887207740175	0.9999248669776597
7.2877670824128344	1.0000443173628373
7.2911083961495260	0.9999609074886752
7.2944755448834115	1.0000615322671365
7.2979550784988385	0.9999965449626865
7.3015695473045295	1.0000529647306591
7.3053204477467757	1.0000083718497330
7.3091901832564030	1.0000382285505873
7.3131635960066648	1.0000045453104220
7.3172184543998400	1.0000250562938233
7.3213388729786821	0.9999966138855818
7.3255133030015509	1.0000192837424717
7.3298241150943593	0.9999435713928911
7.3364806441484474	1.0001684707703424
7.3540926298951446	1.0003501972914890
7.3595178135135564	1.0000781476934060
7.3636544828874255	1.0000861839628974
7.3676167536119044	1.0000153715699327
7.3719019443586751	1.0000731359663786
7.3776254479792946	0.9997148671092230
7.3865160469211775	1.0000512721915742
7.3912343762713739	0.9998862800799566
7.3955028450128175	0.9999076258987695
7.3997800081820797	0.9999308087028652
7.4041010390455755	1.0000081770058740
7.4115902378482543	0.9998906771347479
7.4150902364623787	1.0000484497238935
7.4188713523158691	0.9999398192055905
7.4228853579681857	0.9999349152014700
7.4271208170140266	0.9999568941341767
7.4314105303423430	1.0000671628738338
7.4384348328322734	1.0000540555076327
7.4431691152546389	1.0001063748213492
7.4514317225970172	0.9999378874795432
7.4548687448584277	1.0001387007042131
7.4586151726993748	1.0000937327045636
7.4628497973806383	1.0001560582724529
7.4680296788955030	0.9997356642439402
7.4755902761772051	1.0002660926449423
7.4887450725844973	0.9995099885995014
7.4937645172982315	0.9998376739582803
7.4976296923059502	0.9998386819802122
7.5013661845649100	0.9999637441755634
7.5052148438862512	1.0000005173328652
7.5092184872390346	1.0000688495940797
7.5134714562361484	0.9999838479628340
7.5188345572247961	1.0002853576552877
7.5407563830674214	1.0001775928804146
7.5536825562012586	1.0002697318023246
7.5609482398723493	0.9998333372641727
7.5660801741683512	0.9999966949026993
7.5702043331906443	0.9999565714546013
7.5745663379575561	1.0000153640735345
7.5820579502150585	0.9998456158555123
7.5859302176140639	1.0000010877496095
7.5894261712059823	0.9999273117261891
7.5928793660107967	1.0000232397506184
7.5964034449263735	0.9999653715209538
7.6000250313812785	1.0000248391418962
7.6037629766892891	0.9999833839363609
7.6076766400292710	1.0000155222528353
7.6119147061026586	0.9999507084234539
7.6188278531089351	1.0001288896149290
7.6236085737940504	1.0000181991314232
7.6278249872961998	1.0000389906268774
7.6318673448460350	0.9999895408182988
7.6359316434969280	1.0000134831367717
7.6402183149407916	0.9999461980223686
7.6474866449897645	1.0000838536431866
7.6522794258364755	1.0000111455627523
7.6585664245812035	1.0001689414699690
7.6649471809752718	0.9997505068459432
7.6705099005468425	1.0000812876375778
7.6785788741020360	0.9998029853106514
7.6837457329647192	0.9999889599525559
7.6877079730554616	0.9999250231636854
7.6912415244675900	1.0000333231778089
7.6946607080126084	0.9999489028001887
7.6980953465731172	1.0000372006807889
7.7016063969882422	0.9999713970421731
7.7052195912978458	1.0000320769555948
7.7089611004479099	0.9999917469815072
7.7128789881809805	1.0000251188909846
7.7171200920153122	0.9999626193568529
7.7241594980493957	1.0001212811625773
7.7288109017538789	1.0000142390678648
7.7329063538786249	1.0000528655945999
7.7368049459985668	1.0000061466699919
7.7406618006269516	1.0000580757929487
7.7445345961772247	1.0000265483697706
7.7484466543316515	1.0000699512241755
7.7524044237349310	1.0000398950023801
7.7564043414195387	1.0000704232867355
7.7604460115777529	1.0000371290021144
7.7645267461592571	1.0000572441750233
7.7686668262588041	1.0000222560316152
7.7729673448254859	1.0000861459405603
7.7800235621622402	0.9999234630800707
7.7848408481618074	0.9999600771217090
7.7893353147970821	0.9999751806867789
7.7986907445305231	1.0001965674922881
7.8038405235386410	1.0000380463376759
7.8097665281228208	1.0002606699047358
7.8151643351205138	0.9998991653690832
7.8241596552929549	1.0001996350320976
7.8280880898655969	0.9999887170123908
7.8318114873233586	0.9999994581237329
7.8360710664766966	0.9999163467423047
7.8431215574510471	1.0001349984717480
7.8474925916757012	1.0000353632883996
7.8519603971585612	1.0000960527240346
7.8590899839540507	0.9999286553391437
7.8636699758709163	1.0000078347687014
7.8681745675455907	0.9999378586372543
7.8752717143233477	1.0001591682348339
7.8793876935752811	0.9999979800079504
7.8829758511282613	1.0000564099780613
7.8865122938217285	0.9999629716089798
7.8901205457034020	1.0000118933294730
7.8938227116373714	0.9999562246256769
7.8976189625323334	0.9999952003692285
7.9015117442616249	0.9999611077887908
7.9055285488879576	0.9999905178554477
7.9097953431950740	0.9999241591171396
7.9165989407758088	1.0001260680865498
7.9213042619678902	1.0000089072918636
7.9253600294778428	1.0000475958618724
7.9292351024427523	0.9999915548257807
7.9331869381067390	1.0000191275512018
7.9374438989931653	0.9999501853066465
7.9443452705485775	1.0001305906227629
7.9491213642066025	1.0000137282053188
7.9532577972846523	1.0000516237887596
7.9570691505889108	0.9999742782344017
7.9606697640393387	1.0000496159688084
7.9641278981994565	0.9999536028715261
7.9675171075377254	1.0000436363775258
7.9709147024140066	0.9999525050391859
7.9743871435594755	1.0000229175496360
7.9780014536034098	0.9999668703075020
7.9818374413937798	1.0000000253339856
7.9860584935476631	0.9999394733947369
7.9929364466256185	1.0001358185008757
7.9971839527112127	1.0000015644440248
8.0008431889307410	1.0000687704876725
8.0043683096330529	0.9999793308627016
8.0079308818373711	1.0000398663371504
8.0116116835108606	0.9999883256904537
8.0154878196975758	1.0000198023929647
8.0197186734679935	0.9999567262989770
8.0266104481890928	1.0001438377461265
8.0310309400370716	1.0000165589213819
8.0348528253167668	1.0000661688888657
8.0385274636858899	0.9999910820809758
8.0422507997569497	1.0000331143492054
8.0461432639047388	0.9999969529281729
8.0503791521422787	1.0000585653912464
8.0573060116807422	0.9998776774597271
8.0621575546810433	0.9999813800388317
8.0667227006064515	0.9999296212950910
8.0745391993293865	1.0000396828595151
8.0793381911424635	0.9999299712714325
8.0841605530694469	1.0002496193592156
8.0889832755367266	0.9999978936745189
8.0938128144880199	1.0001385236828637
8.0986423481197303	0.9996819972924815
8.1021665578988795	0.9999618824923178
8.1055639901279886	0.9998820006026201
8.1088318896182390	1.0000290288536471
8.1121015747299108	0.9999425953955566
8.1154348510918179	1.0000480581356064
8.1188527307255676	0.9999768757545157
8.1223739416463996	1.0000452342921153
8.1259982400332387	0.9999916294126955
8.1297103498497911	1.0000402645398239
8.1335300388097984	1.0000011371863318
8.1374971420660103	1.0000297300685939
8.1417502581235990	0.9999623626891292
8.1487039215648434	1.0001349042574197
8.1535293481240476	1.0000280280601965
8.1578173231674409	1.0000444914854714
8.1619727456986269	1.0000018637480488
8.1662902957554131	1.0000658313807758
8.1731607648680402	0.9998655316918673
8.1779451855775296	0.9999792957092306
8.1821377972562122	0.9999545829387588
8.1862144591921311	0.9999988399970680
8.1905151170182133	0.9999390491619852
8.1973268820860614	1.0001601982570674
8.2011472508317027	0.9999843351201819
8.2043737629667408	1.0001050990940290
8.2074875826882732	0.9999553055724238
8.2106318851429911	1.0000727408801371
8.2138490173101779	0.9999576642677183
8.2171539773168440	1.0000517481161293
8.2205590046299477	0.9999685575349855
8.2240792686089073	1.0000341009037481
8.2277458784674931	0.9999851147246930
8.2316171012083270	1.0000179137254552
8.2358462447629943	0.9999559384782596
8.2427933221217948	1.0001340233304463
8.2474316019561513	1.0000227714227887
8.2515482697671718	1.0000454346352317
8.2555953856388893	0.9999996440667585
8.2598838063714837	1.0000573804837474
8.2668865549779849	0.9998734423349550
8.2715548214640808	0.9999830451283926
8.2756935183398834	0.9999606003238245
8.2797513443113839	1.0000059552437406
8.2840440733142504	0.9999480444084150
8.2911051321753710	1.0001216551092544
8.2958854722799042	1.0000173870238322
8.3001509000472193	1.0000325401727179
8.3042747857831998	0.9999846694003298
8.3083067968379769	1.0000040690378296
8.3121776019339784	0.9999419303956455
8.3158178957159183	1.0000301865727561
8.3192854746409068	0.9999528376342665
8.3227132200546716	1.0000486884247175
8.3262021987567376	0.9999828420879372
8.3298022130503782	1.0000420998555906
8.3335385488905622	0.9999927909526685
8.3374548182068509	1.0000081840196136
8.3416950240401668	0.9999155699836725
8.3472308696049353	1.0002811286197937
8.3537560805065976	0.9998071666836583
8.3631191160171259	1.0001190457906683
8.3673545255893735	0.9999836846343805
8.3711791147061305	1.0000398329265838
8.3749794629112415	0.9999973616373193
8.3787998317053543	1.0000470828005512
8.3826862614491162	1.0000203559502785
8.3866879853051834	1.0000521109138805
8.3909330772353474	0.9999829896958935
8.3976190262805677	1.0001740419218133
8.4022963468964793	1.0000490255296455
8.4063582297025778	1.0000792119529018
8.4103533385799665	1.0000326928276257
8.4146342468363002	1.0000921431952474
8.4215536924680503	0.9999013019019656
8.4264017172432606	1.0000062620008587
8.4309713951513476	0.9999737086203209
8.4389868061758460	1.0001441719948305
8.4441977150731891	0.9998199233752735
8.4491942000842943	1.0001434681596351
8.4541144419419307	1.0000752984981187
8.4620059620459056	1.0001228994095179
8.4660967089122572	1.0000143515966811
8.4700297943995313	1.0000354906473408
8.4739643689448272	0.9999867600311771
8.4778742990872029	1.0000252980943658
8.4817041238807764	0.9999690884074914
8.4854308565503533	1.0000308077026723
8.4890744026231868	0.9999633991899159
8.4926735881267916	1.0000326503447581
8.4962699796146364	0.9999667573013525
8.4998933046823311	1.0000284972687159
8.5035669821383415	0.9999732971219678
8.5073079222141725	1.0000197481006168
8.5111411845901479	0.9999795345338897
8.5151148511422026	1.0000051274149886
8.5193709490863849	0.9999317748270614
8.5257317734620699	1.0001963549237693
8.5303676976439053	1.0000420862048522
8.5341202445318753	1.0001114212842994
8.5376208449848665	1.0000118504270226
8.5411492592127587	1.0000733475684906
8.5448054194317660	1.0000204453658013
8.5486725037448252	1.0000498528692927
8.5528953742584779	0.9999668325998775
8.5590627615367811	1.0001963213623120
8.5642615497831365	0.9996728571768301
8.5687222597599959	0.9997939287205703
8.5727616744965047	0.9998280726133562
8.5765137179940965	0.9999402504783438
8.5802086162623379	0.9999208186118079
8.5840648162511890	0.9999830388659650
8.5882979764316350	0.9999458452088877
8.5945154305739724	1.0002923561561856
8.6001029270314806	0.9997733510817443
8.6254911300342680	0.9999663651068322
8.6347740176880645	1.0004556769624400
8.6378914638569029	1.0001256812472261
8.6409773303891768	1.0002181961376129
8.6442723104925623	1.0000744941930535
8.6477641256403448	1.0001082744375693
8.6514144542199229	1.0000330559922279
8.6552086444572254	1.0000537943063035
8.6591671175705738	1.0000114997131646
8.6634165904107050	1.0000670819771020
8.6701228557941921	0.9998369992624235
8.6860560060624401	0.9995853374525528
8.7095469806192725	1.0000040450451033
8.7133471356308263	1.0000994485849126
8.7167312487143818	0.9999726270354016
8.7201010939078234	1.0000564013672881
8.7235351356556059	0.9999669302141874
8.7270377954495881	1.0000350640379385
8.7306021639019473	0.9999656310534024
8.7342215266340819	1.0000246725396851
8.7378976945733342	0.9999693014960583
8.7416389853976941	1.0000167458386306
8.7454702982655146	0.9999786720057420
8.7494417904473725	1.0000090691415657
8.7536976944555356	0.9999439821186650
8.7606164010381136	1.0001267326383048
8.7653894682924172	1.0000170714418453
8.7695805674204745	1.0000426602724368
8.7735897538107253	0.9999936266127381
8.7776304391981217	1.0000188119054196
8.7819102978287393	0.9999490836036204
8.7888033633424936	1.0001385709473181
8.7932864829724711	1.0000082286121117
8.7970851934273764	1.0000671833509640
8.8006423716933977	0.9999728592400570
8.8041441989409073	1.0000458365139058
8.8076715160634471	0.9999708835758598
8.8112710737043400	1.0000290134840752
8.8149881813908237	0.9999823837030407
8.8188877619698047	1.0000142142769357
8.8231247144177161	0.9999515645945963
8.8299906016832175	1.0001461927480935
8.8341005593528692	0.9999953444627473
8.8375838580972115	1.0000825025680815
8.8409009611495115	0.9999603497187529
8.8442093358760641	1.0000547739624328
8.8475592711233872	0.9999561688301427
8.8509647537206142	1.0000386625079161
8.8544277212657860	0.9999582890142606
8.8579423575531635	1.0000297667972819
8.8615027559338166	0.9999609409418779
8.8650995284980088	1.0000252957819706
8.8687271170058910	0.9999631505008790
8.8723796865978066	1.0000228195082530
8.8760592464853634	0.9999662569991918
8.8797713057185579	1.0000193283904175
8.8835336332367980	0.9999729320761171
8.8873742157635096	1.0000115142004919
8.8913512770406680	0.9999820491544510
8.8956078264515952	1.0000482490531961
8.9024352048183211	0.9998492029942876
8.9065995037975245	1.0000012765022801
8.9100729185813368	0.9999085300401626
8.9133297678695556	1.0000418921718071
8.9165464401300660	0.9999316178166678
8.9197801113511943	1.0000481591276904
8.9230561496324157	0.9999469686262684
8.9263820030615335	1.0000453735033461
8.9297659441680342	0.9999586380387478
8.9332127427173837	1.0000388716428259
8.9367342119077708	0.9999700926750553
8.9403453443683798	1.0000285600780867
8.9440776217830091	0.9999845843282139
8.9479878695522217	1.0000164238072768
8.9522274030455797	0.9999531335647819
8.9591821196837014	1.0001291374036747
8.9641781492360959	0.9999771706969202
8.9715873112435407	1.0001786458261419
8.9761785349463903	1.0000200174720939
8.9799326222763209	1.0000819284946683
8.9834217457870693	0.9999754119196694
8.9868655063836957	1.0000523320080601
8.9903491583322790	0.9999715799476009
8.9939180825430647	1.0000309915417209
8.9976148364589221	0.9999821975640999
9.0015028605903087	1.0000135526456375
9.0057365914245100	0.9999504982470226
9.0125859960198405	1.0001468914807430
9.0167535127995162	0.9999999139329039
9.0202733296763746	1.0000851317316559
9.0236042700315000	0.9999643770711156
9.0269068376987214	1.0000619034735736
9.0302350516652563	0.9999601734216825
9.0336080468130842	1.0000482089780192
9.0370355783960115	0.9999642269105612
9.0405231041842509	1.0000381119097534
9.0440809926477659	0.9999720230588072
9.0477230261897592	1.0000270857928235
9.0514788827397616	0.9999841496630278
9.0554036460264253	1.0000151867918394
9.0596470040333603	0.9999511051199506
9.0665345732533922	1.0001392958471431
9.0710507244134906	1.0000132194445370
9.0748869234279255	1.0000705422695078
9.0784504337551724	0.9999737425516163
9.0819058349609865	1.0000568829269074
9.0853193113666624	0.9999620291393231
9.0887222997313213	1.0000495288951032
9.0921352749689657	0.9999600151287075
9.0955706593610604	1.0000422120274426
9.0990400932492115	0.9999618929406150
9.1025496507117136	1.0000341947327243
9.1061067476066988	0.9999651354131315
9.1097149753510696	1.0000258105386293
9.1133825564211470	0.9999695022386175
9.1171190041429639	1.0000162704500606
9.1209485665041665	0.9999772482480962
9.1249193928389758	1.0000067424423651
9.1291750711094881	0.9999411298771942
9.1361169860438558	1.0001197856342567
9.1409189647105418	1.0000124367944625
9.1451774936738293	1.0000299127074328
9.1493111803307130	0.9999844405728361
9.1536235144054263	1.0000419020856683
9.1606517933228311	0.9998525688197744
9.1647582316589542	1.0000017125211578
9.1682363707775050	0.9999123188890738
9.1715322815276181	1.0000378207651408
9.1748108883876647	0.9999382751778736
9.1781274906501551	1.0000409291054386
9.1815104713944944	0.9999565166038362
9.1849744646056646	1.0000338280440297
9.1885408981913201	0.9999728870724969
9.1922387953310079	1.0000200441921874
9.1961298760428285	0.9999880816922047
9.2003630373445144	1.0000507543512449
9.2073964906288346	0.9998884840348450
9.2116097127092136	0.9999421280398934
9.2156865266058077	0.9999581193149704
9.2199859534684840	1.0000857881810381
9.2253188051221304	0.9997136069783794
9.2362568972744636	1.0004413549849893
9.2496004781347825	1.0002210142700476
9.2527233546426491	1.0000191786828392
9.2560570714267669	1.0000930358354496
9.2596076115806412	1.0000164531198938
9.2633482889363403	1.0000457525895057
9.2672799035831623	1.0000083587326452
9.2715199321651429	1.0000668390097867
9.2784331490808789	0.9998808758094651
9.2830961587234171	0.9999931418901243
9.2871384584892720	0.9999533074037015
9.2909526380821372	1.0000190654696346
9.2947247885387476	0.9999735313386096
9.2985464291664091	1.0000175558253017
9.3025058943267247	0.9999904429776098
9.3067581009028650	1.0000610022934551
9.3133101693357716	0.9998245199473744
9.3179134032017572	0.9999546314440320
9.3218167974263491	0.9999061636502272
9.3255200857310712	0.9999849821798052
9.3292067280266604	0.9999380641013909
9.3329193255965475	1.0000015921123810
9.3366621468594673	0.9999592805864215
9.3404308467028034	1.0000158097899527
9.3442363432625495	0.9999784528390703
9.3481060664764968	1.0000212349679609
9.3521002620519731	0.9999964089152238
9.3563616397714924	1.0000665491349263
9.3632664527664247	0.9998847618456363
9.3680107894622360	0.9999967493678584
9.3721977749277752	0.9999745322374732
9.3762788256618919	1.0000189395933534
9.3805791776026464	0.9999592350694290
9.3875292576102041	1.0001535252848748
9.3916702459849368	1.0000042141125021
9.3951892399293939	1.0000855952724044
9.3985461125173053	0.9999684420780076
9.4019010425577481	1.0000548560610363
9.4053098743501984	0.9999646621234078
9.4087971175963769	1.0000339664815114
9.4123837060537792	0.9999714580063866
9.4160979014094579	1.0000152352214691
9.4199989375277617	0.9999822907262660
9.4242347581008818	1.0000446255601274
9.4311438227288935	0.9998589418454158
9.4357337619377599	0.9999765875595706
9.4397144428948021	0.9999361724171750
9.4434833779759924	1.0000076556294826
9.4472010111959577	0.9999569860493995
9.4509150722662820	1.0000170654343268
9.4546381004940336	0.9999659338569900
9.4583605991848216	1.0000244782486134
9.4620709293059004	0.9999693993407541
9.4657546332789941	1.0000327847753898
9.4694060941883205	0.9999704251092475
9.4730243266736593	1.0000394079246080
9.4766194733689044	0.9999718217866846
9.4802043415914561	1.0000412205933811
9.4837992672114417	0.9999756622120293
9.4874245047587369	1.0000366218181374
9.4911088760695943	0.9999834666694923
9.4948878864252002	1.0000246745996739
9.4988263605404768	0.9999929566241128
9.5030724932507376	1.0000563204609025
9.5099938095754553	0.9998719251791619
9.5146533399114013	0.9999859516711737
9.5187049768855303	0.9999493839506302
9.5225370856391827	1.0000144721862569
9.5263195047043912	0.9999690128474389
9.5301206673996397	1.0000167895599612
9.5339895102266077	0.9999814114355634
9.5379819214358559	1.0000117763458483
9.5422439506473609	0.9999459561066496
9.5491807640910320	1.0001251196155709
9.5541067989263180	1.0000233136334682
9.5586880651889636	1.0000826920027841
9.5658269995102270	0.9998726739535875
9.5707935494790153	0.9999846922206148
9.5751155220725952	0.9999618607215265
9.5791851042478022	1.0000125785775300
9.5831825977993557	0.9999817886493670
9.5871861314137536	1.0000161531432765
9.5912621700633736	0.9999887687529306
9.5955464314673300	1.0000572686019038
9.6017875883260739	0.9997499332210991
9.6069610758193242	1.0000364893902913
9.6119691453238350	0.9996519225501180
9.6153091417663088	1.0000373103882028
9.6190843911104729	1.0000637446006724
9.6230388628615273	1.0001348824053964
9.6272933464235955	1.0000802625255256
9.6335872353244714	1.0002817117278962
9.6386811963908752	0.9999504085499089
9.6436544380086247	1.0003141034902769
9.6506068672253704	0.9997232196791681
9.6597269846176950	0.9996657704107922
9.6646879397439793	0.9998649258785999
9.6728110865654191	0.9997728275581209
9.6795497272143241	1.0002468553335186
9.6876377549658770	0.9997912487592006
9.6917371408314992	0.9999648380506359
9.6951599654850646	0.9998747326935982
9.6986222085594651	0.9999664267966847
9.7022745891959072	0.9999252147409984
9.7060564544878396	0.9999579421390931
9.7099690828773273	0.9999411200123249
9.7140109337196652	0.9999855978423539
9.7181463383891433	1.0000069285421389
9.7224343845313381	1.0001471548730478
9.7279425585532522	0.9998215050705354
9.7452607970953036	0.9996774338103410
9.7481932614849836	0.9999606388051870
9.7512353030557239	0.9998404833936263
9.7545025198909006	0.9999631093208525
9.7579775613048625	0.9999120567837622
9.7616403668853629	0.9999716507380915
9.7655193961607640	0.9999485852906532
9.7697472971862993	1.0000172211045975
9.7766782771982346	0.9998437891481758
9.7814519359375360	0.9999531675811190
9.7856718314344313	0.9999323210225897
9.7897027983517102	0.9999837348762577
9.7937100715441883	0.9999596194372953
9.7977794782013099	0.9999954191686327
9.8020641097907752	0.9999346109351130
9.8090346963460302	1.0001234069664908
9.8132724925770720	0.9999823070407490
9.8168125301477414	1.0000713768270448
9.8201089989573411	0.9999449144276183
9.8233469599319516	1.0000549627056479
9.8266034391286663	0.9999447887712625
9.8299167643977317	1.0000409798094696
9.8333143089291504	0.9999574946163232
9.8368211185706134	1.0000261639451704
9.8404746608539924	0.9999773153713758
9.8443373202384521	1.0000117483912756
9.8485644116962607	0.9999514097960046
9.8555363005477741	1.0001270937329174
9.8603504557748725	1.0000322510738022
9.8649016363315951	1.0000961874967664
9.8712757171918408	0.9997797983684213
9.8993567164965057	0.9997158242305300
9.9136180191542085	0.9997424883610190
9.9173587986965206	0.9999458017742068
9.9212353954988064	0.9998760588240353
9.9253131877281700	0.9998439432091500
9.9295702109481319	0.9997618602418377
9.9357093332665940	1.0000894278449617
9.9397545876183102	0.9999548420825850
9.9431207948681699	1.0000757883547380
9.9464188670083615	0.9999781327388007
9.9498121358301574	1.0000653620678863
9.9533302233264696	1.0000019338389026
9.9569753393709668	1.0000571722273317
9.9607540934170302	1.0000184045594678
9.9646985787822420	1.0000488366183240
9.9689453957267791	0.9999830547391629
9.9752199958964471	1.0002788309808421
9.9803843379434891	0.9999667380409220
9.9853865880227044	1.0002937567494481
9.9895957080064424	1.0000424896108879
9.9933883971011799	1.0000244343234734
9.9969979763509524	0.9999120354915948
