0.0000000000000000	0.0000000000000000
2.3562366403188002	0.0010000000000000
2.3671613319660936	0.0011244799712502
2.3722367786277521	0.0011514924318804
2.3769866713510055	0.0013454544626840
2.3812558422409666	0.0015096327509962
2.3853216990752268	0.0017407297372043
2.3892577484897339	0.0019047590779570
2.3930662282652131	0.0022217239721192
2.3967918064128377	0.0024348430274559
2.4004857768375714	0.0028336362968462
2.4041991597464762	0.0031418358938076
2.4079531881066178	0.0036368027321116
2.4117681572547562	0.0040835317933229
2.4156379281606544	0.0047111142405682
2.4195721640805252	0.0053380709386866
2.4235535452090273	0.0061496385097390
2.4275940556966971	0.0070103223272008
2.4316707892112488	0.0080735101935006
2.4358032792858344	0.0092426668191898
2.4399629751802996	0.0106479642457504
2.4441796988596676	0.0122301840516496
2.4484166925863140	0.0141007060584821
2.4527167695457064	0.0162417219590228
2.4570308047639502	0.0187467702765104
2.4614177384879423	0.0216488358170610
2.4658107121110864	0.0250204913271763
2.4702891038423083	0.0289606195506195
2.4747607446417756	0.0335111485349723
2.4793298924228937	0.0388589540284480
2.4838692752654623	0.0449923268984522
2.4884865042936588	0.0521560366590139
2.4929940376543200	0.0602003576120808
2.4974977684987314	0.0693526898343773
2.5018201827009325	0.0793824241719440
2.5061392491424850	0.0906628741625398
2.5103571887666254	0.1031134659181531
2.5146848781585760	0.1174061092815212
2.5190126352543118	0.1334396663921265
2.5235410959092111	0.1521693458114994
2.5282674238419944	0.1740617253448600
2.5390402457447996	0.2332783292603859
2.5445546945448947	0.2686758457771306
2.5538454705937346	0.3359445900401510
2.5593588346227616	0.3802936774093144
2.5630028508872638	0.4104588394299927
2.5671511115252565	0.4460397821244537
2.5712299085288493	0.4816802542526377
2.5757672079912584	0.5217107484087052
2.5803488791940450	0.5620082463616538
2.5943276561145545	0.6790035652963071
2.5991837223742302	0.7163284639890436
2.6028431091889104	0.7423579782126727
2.6068190089049978	0.7691277320548686
2.6109743205118776	0.7949880480618183
2.6151324197656547	0.8187170001693703
2.6193099249080438	0.8403772173356479
2.6234204860706427	0.8597021675424643
2.6275788726145204	0.8772084295845031
2.6316788494026357	0.8926659310436861
2.6358842707453394	0.9066872382087303
2.6400424297119693	0.9189636615630543
2.6443099668164400	0.9299684275254567
2.6485987195126257	0.9396844286863341
2.6530380720109994	0.9484309510730070
2.6614665800997992	0.9620305316453951
2.6652072122229371	0.9666025835701623
2.6684920548208626	0.9704528584670121
2.6718427753035998	0.9737353501723316
2.6753544536150318	0.9769403090396818
2.6791579573648572	0.9798974779271472
2.6833609012331707	0.9828013382423565
2.6918319648375584	0.9873323473518789
2.6979379982905285	0.9902562508683006
2.7093960875922414	0.9928689862122194
2.7241632847553072	0.9960220524288836
2.7284898677542113	0.9967027006208389
2.7328041730657842	0.9971411668055571
2.7374407805047154	0.9977932106796804
2.7446815840023717	0.9981515734657862
2.7557578368039159	0.9984159465260354
2.7622225335050676	0.9994311102821800
2.7720533141157331	0.9989903392378695
2.7760062767418274	0.9993783056718062
2.7789881904184224	0.9992924445686351
2.7819472533574046	0.9995397704061295
2.7850067491546477	0.9994733797286149
2.7881669218468610	0.9996524388953438
2.7914235264378857	0.9995997904888175
2.7947683233213647	0.9997345892312809
2.7982088945355961	0.9996944461904013
2.8017563804830758	0.9997907822075102
2.8054429678187724	0.9997722425128857
2.8093257566029677	0.9998305277814232
2.8135585532763376	0.9997920722323648
2.8204377690466198	1.0000142431930579
2.8247715924007513	0.9998961584269164
2.8284572624043838	0.9999762327733493
2.8319284053885583	0.9998829235429008
2.8353460373408041	0.9999762510586727
2.8387651931212332	0.9998935164334799
2.8422060066224204	0.9999822994958081
2.8456778575524471	0.9999090652117966
2.8491858608056266	0.9999888118042476
2.8527382702874178	0.9999258522219590
2.8563446050932551	0.9999924094086486
2.8600236278046967	0.9999445264447255
2.8638037626490114	0.9999902915609132
2.8677441952758667	0.9999635486255254
2.8719907025767646	1.0000317766758116
2.8788872576233970	0.9998496635650067
2.8833967866091910	0.9999777402283188
2.8872478530984322	0.9999257251306334
2.8908538822161369	1.0000167448710060
2.8943880733154153	0.9999467666946412
2.8979144938170456	1.0000258190450746
2.9014677931197386	0.9999595303915672
2.9050673380945944	1.0000240814144961
2.9087377668984922	0.9999719676232678
2.9125099544312469	1.0000149173290527
2.9164452482962000	0.9999847047137447
2.9206903500304988	1.0000495156470224
2.9276077470372615	0.9998667787309523
2.9322371272883494	0.9999833241384651
2.9362640599435084	0.9999473641938829
2.9400984992452548	1.0000102885059639
2.9439370209429905	0.9999746896148882
2.9478958730074925	1.0000093217704200
2.9521509538018136	0.9999466295149204
2.9590666584649838	1.0001328117917296
2.9636710184211008	1.0000143412292368
2.9676517802892621	1.0000552636458961
2.9714221366049087	0.9999850829231390
2.9751633425928734	1.0000311668630997
2.9789672410575436	0.9999862861204880
2.9829151007447083	1.0000152958454283
2.9871654922481188	0.9999496439887712
2.9940907191844617	1.0001309279031465
2.9987871721204149	1.0000182428000450
3.0029035255786893	1.0000465971657069
3.0068560141021599	0.9999946092248665
3.0108624100996382	1.0000200563459789
3.0151327440795597	0.9999511936044851
3.0220517206538089	1.0001357332590166
3.0266343185599673	1.0000133433056309
3.0305674443173207	1.0000594288777409
3.0342642729347671	0.9999798621511690
3.0378980206750605	1.0000392532553175
3.0415424764409429	0.9999756811562033
3.0452393789649901	1.0000256303669719
3.0490298131475759	0.9999833993820268
3.0529741287569965	1.0000134867724839
3.0572229874417451	0.9999485287100701
3.0641119622653812	1.0001365276861454
3.0686041071729639	1.0000091519207506
3.0724232429071532	1.0000667577212594
3.0759876796622954	0.9999715672953668
3.0794635810590041	1.0000510264332332
3.0829122876536417	0.9999617541626828
3.0863566057914911	1.0000445014615027
3.0898066606319090	0.9999596244241881
3.0932649214219019	1.0000412731254682
3.0967343871332944	0.9999598881975278
3.1002144002335723	1.0000392097930058
3.1037070094409702	0.9999609626232290
3.1072111472479924	1.0000375003824331
3.1107289974475489	0.9999623942902832
3.1142598298989235	1.0000357656055003
3.1178065439655112	0.9999641767509156
3.1213694676146404	1.0000336668123733
3.1249531595571245	0.9999666108456768
3.1285603916772748	1.0000306512224177
3.1321995271642646	0.9999704446266173
3.1358792937074611	1.0000255632123758
3.1396181098517859	0.9999773745786310
3.1434428555943770	1.0000162498521172
3.1474107143511074	0.9999861644536306
3.1516646006412499	1.0000515926499631
3.1585619658780599	0.9998649944027421
3.1631416540692348	0.9999878188393490
3.1670491016053308	0.9999365340536914
3.1706804828408615	1.0000256143150692
3.1742033477033473	0.9999497435796314
3.1776763768500551	1.0000373364845723
3.1811263786648594	0.9999535562285360
3.1845613419327456	1.0000415662340576
3.1879880944935692	0.9999545265875329
3.1914080606111144	1.0000431288972416
3.1948255756586965	0.9999549210599860
3.1982416589547014	1.0000433517817926
3.2016607086187254	0.9999556284393416
3.2050841901021800	1.0000425602840224
3.2085170755988344	0.9999570656050698
3.2119616491514260	1.0000407196691636
3.2154240046074043	0.9999595679343342
3.2189080361486906	1.0000375418999194
3.2224222602104460	0.9999636520110963
3.2259742458731098	1.0000323281218431
3.2295784739695295	0.9999704057357983
3.2332525185030527	1.0000234810735078
3.2370294401493336	0.9999817959992201
3.2409662547047215	1.0000126777048446
3.2452130201579474	0.9999483272195243
3.2521160624070822	1.0001339151059516
3.2566837052206270	1.0000126884200484
3.2606140734231497	1.0000583462464949
3.2643217248583651	0.9999811112042116
3.2679828602406360	1.0000363172589368
3.2716775920855188	0.9999797219665822
3.2754600652117540	1.0000196054431858
3.2793993209432819	0.9999875100963593
3.2836458886457911	1.0000511862319232
3.2905275596233166	0.9998605277146624
3.2949396267469320	0.9999926411062561
3.2986722836500255	0.9999266311995751
3.3021511339279277	1.0000317491318003
3.3055456577081266	0.9999422149045686
3.3089127476564690	1.0000419990514311
3.3122776683935826	0.9999490302095371
3.3156473994445563	1.0000441525160173
3.3190282320795328	0.9999527279292234
3.3224211519137850	1.0000434489478667
3.3258303883501692	0.9999556554302492
3.3292570894185030	1.0000412909847762
3.3327063586144301	0.9999589349475476
3.3361811043092100	1.0000378168100876
3.3396889944171719	0.9999634140840675
3.3432368486935156	1.0000324244888343
3.3468385203157078	0.9999703433538105
3.3505110675483802	1.0000235045682020
3.3542871570804573	0.9999817919534866
3.3582235431844167	1.0000126832580636
3.3624701766233329	0.9999483494924378
3.3693920258192875	1.0001304004973606
3.3740786280665316	1.0000176514430033
3.3781854196022811	1.0000466118963534
3.3821304500377001	0.9999943102226873
3.3861322703166254	1.0000198872933048
3.3904013681435239	0.9999511996457623
3.3973266448094730	1.0001346315503317
3.4019398845156235	1.0000149034560653
3.4059245957795419	1.0000553521599724
3.4096960726846284	0.9999849171513829
3.4134371238972014	1.0000309800610154
3.4172404216238044	0.9999859915812666
3.4211877956499719	1.0000150091091409
3.4254380757734304	0.9999493823841135
3.4323625372645661	1.0001308632499000
3.4370524507502931	1.0000178840046225
3.4411615876369579	1.0000466594358963
3.4451081525521103	0.9999943717640205
3.4491108465611857	1.0000199098404319
3.4533801891917690	0.9999511821417538
3.4602914750192029	1.0001372211521899
3.4648194261858958	1.0000112941191728
3.4686839284251225	1.0000637610982377
3.4723047260488418	0.9999756348401233
3.4758521965189355	1.0000452710838592
3.4793934797282264	0.9999689061344752
3.4829595146109251	1.0000347337252393
3.4865722873081655	0.9999722112203238
3.4902524901788126	1.0000241807943393
3.4940337327293447	0.9999823513331402
3.4979731749015972	1.0000129440888872
3.5022206327687244	0.9999483779656910
3.5091079218124102	1.0001368113005396
3.5135845870006239	1.0000085963535761
3.5173867414051445	1.0000678017974296
3.5209342020213299	0.9999706269462904
3.5243925392063713	1.0000522849529037
3.5278224645999225	0.9999605273029010
3.5312464948893432	1.0000459208987946
3.5346748460148962	0.9999582241361504
3.5381105015929628	1.0000427022488325
3.5415573858723448	0.9999585949224110
3.5450162685922999	1.0000402878435402
3.5484911658573979	0.9999602861385507
3.5519836954259780	1.0000375805965389
3.5554996292719565	0.9999631870005045
3.5590431187228884	1.0000337439530165
3.5626238791876013	0.9999679150941608
3.5662521378864174	1.0000275288052107
3.5699478563695712	0.9999760969634335
3.5737397444770633	1.0000168342136153
3.5776872435133149	0.9999862165371546
3.5819356231796493	1.0000508982894434
3.5888492533684264	0.9998670549067419
3.5934849267191322	0.9999840568404575
3.5975017787378798	0.9999455260105085
3.6013008077006599	1.0000134762658199
3.6050659727648240	0.9999688958955062
3.6088856455693659	1.0000127998893762
3.6128444261150405	0.9999839765883990
3.6170965567893765	1.0000499058506638
3.6240179709777376	0.9998675458179560
3.6286890370330056	0.9999824639562039
3.6327573282656238	0.9999487949407165
3.6366253864208042	1.0000094239587380
3.6404884826625867	0.9999749345226701
3.6444621227814258	1.0000090798507364
3.6487212365822534	0.9999457825344813
3.6556665595280493	1.0001262248011462
3.6604987268339135	1.0000225329924117
3.6648453988356691	1.0000372216999147
3.6692305330799990	0.9999554397276667
3.6762495542400413	1.0001373659037363
3.6810151082351399	1.0000205643124789
3.6851689978339368	1.0000470248057520
3.6891419273942923	0.9999950799201422
3.6931588120925820	1.0000201814499472
3.6974322600188261	0.9999509054901866
3.7043471702272144	1.0001362954575377
3.7089150070028354	1.0000122688694340
3.7128197783794956	1.0000616820416679
3.7164749810338860	0.9999768205026643
3.7200510281683234	1.0000437823402339
3.7236159465025382	0.9999697812825866
3.7272013706411444	1.0000338629420309
3.7308297966910677	0.9999727148732172
3.7345221956531049	1.0000238016512095
3.7383122898595516	0.9999824862930372
3.7422570663738157	1.0000129479225441
3.7465059828994249	0.9999481947597392
3.7534454784445694	1.0001267693025875
3.7582696606130717	1.0000228324917233
3.7626115145595516	1.0000373887605543
3.7669952725240514	0.9999556635857428
3.7739863304536896	1.0001426182657907
3.7785674319841811	1.0000135128079581
3.7824558959420989	1.0000644516501125
3.7860863612666185	0.9999761578631650
3.7896366809662769	1.0000456569500935
3.7931772785108402	0.9999688920177734
3.7967408398275988	1.0000350238261391
3.8003503668111778	0.9999720936616152
3.8040272924540641	1.0000243384095233
3.8078057811551651	0.9999823138083961
3.8117434588785706	1.0000129521527814
3.8159904569624850	0.9999484456313023
3.8229395392830399	1.0001252918529440
3.8278200317327897	1.0000236579387340
3.8323895173450526	1.0000802140838445
3.8395531286976134	0.9998714409862219
3.8445336079535064	0.9999770254646018
3.8491370248947758	0.9999185590812795
3.8562642727120329	1.0001391435959630
3.8608669415482688	1.0000084217195810
3.8647223916029247	1.0000659327276662
3.8683030794676041	0.9999721524079703
3.8717976145017374	1.0000489018401715
3.8752784910712612	0.9999649816381810
3.8787769166528263	1.0000391771156558
3.8823123689856485	0.9999673247092778
3.8858999057271166	1.0000301008611014
3.8895615444003204	0.9999755628659476
3.8933277191752897	1.0000176139125880
3.8972594035398793	0.9999864275707807
3.9015035424774021	1.0000504568952062
3.9084480945294038	0.9998721489314084
3.9132504270951749	0.9999760735849295
3.9175790063758935	0.9999614640149418
3.9219578291727091	1.0000427151034157
3.9289783919223082	0.9998607948578720
3.9336978039534620	0.9999788671093025
3.9378096866661907	0.9999504627995165
3.9417491622852490	1.0000040193997268
3.9457474276937039	0.9999786088400401
3.9500145055590883	1.0000472549894990
3.9569068941045558	0.9998571491532661
3.9612847491532994	0.9999930936175012
3.9649768379574239	0.9999234412207315
3.9684188258314022	1.0000331465774910
3.9717817878659449	0.9999400375969236
3.9751227528087343	1.0000431041903288
3.9784672332983719	0.9999479101650881
3.9818226274421109	1.0000445372846885
3.9851959715906928	0.9999527154744892
3.9885892222588435	1.0000427718034184
3.9920079812526637	0.9999569863516796
3.9954552631242457	1.0000391041147407
3.9989388651006625	0.9999621369331779
4.0024656744463085	1.0000333142280049
4.0060496351054438	0.9999696276272179
4.0097079457537026	1.0000239236074422
4.0134735044458569	0.9999815898268918
4.0174034956159570	1.0000126616375984
4.0216484023151802	0.9999485598844207
4.0285991001956738	1.0001252517837678
4.0334737662063542	1.0000237406196453
4.0380417193813933	1.0000800396885892
4.0451661737388500	0.9998642479816678
4.0498642673779424	0.9999863418079289
4.0538705758426348	0.9999439930642977
4.0576392650990982	1.0000151270026221
4.0613732004224108	0.9999678655188127
4.0651677241841595	1.0000132849195336
4.0691107119123586	0.9999840106185713
4.0733586336221679	1.0000493499725229
4.0802491089370241	0.9998609051349551
4.0846918614077179	0.9999909151782822
4.0884646623059693	0.9999294969072958
4.0919893958582003	1.0000286722619169
4.0954361175254173	0.9999463456560826
4.0988631270944129	1.0000376138083131
4.1022975481113884	0.9999544743514707
4.1057486479772374	1.0000380744598478
4.1092257214819474	0.9999600954612334
4.1127339893125718	1.0000348308161318
4.1162838621871662	0.9999662169735893
4.1198858633600031	1.0000283345009344
4.1235603224133222	0.9999753525670931
4.1273363850889373	1.0000170607677246
4.1312742268510751	0.9999862099379215
4.1355199923294110	1.0000505551988781
4.1424115948094862	0.9998624572887880
4.1468905065147554	0.9999899050278100
4.1507039431626422	0.9999322168576604
4.1542685740945053	1.0000266626671646
4.1577555983816525	0.9999492893852258
4.1612256152521390	1.0000348091679008
4.1647085284742538	0.9999581164882323
4.1682169651409682	1.0000339310353057
4.1717647989983249	0.9999654198858128
4.1753639044748958	1.0000281380434330
4.1790354840429229	0.9999750452266276
4.1828091426892318	1.0000169985147787
4.1867454590922710	0.9999861508499148
4.1909908227077395	1.0000504676448758
4.1979437380402187	0.9998738839996335
4.2028199543198665	0.9999754072816134
4.2073900343517190	0.9999192081321480
4.2145203326299647	1.0001343877746978
4.2192265793426396	1.0000127692454357
4.2232400271552066	1.0000545524364814
4.2270166729075909	0.9999839845537493
4.2307551398670151	1.0000308987697484
4.2345543296648680	0.9999856974125139
4.2384986331111696	1.0000149146312025
4.2427481703179248	0.9999494571144838
4.2496918182972587	1.0001274481896421
4.2545017367743743	1.0000230697966972
4.2588326995318484	1.0000375986030983
4.2632135461913139	0.9999561593910049
4.2701968903617926	1.0001446169404486
4.2747075060586353	1.0000116020726508
4.2785207713964120	1.0000687888000634
4.2820835950642877	0.9999734892957314
4.2855747020485184	1.0000490704488252
4.2890637806384824	0.9999667294399204
4.2925830804441540	1.0000371960012162
4.2961554565912659	0.9999707741709101
4.2998025611983719	1.0000253342744010
4.3035589986175324	0.9999819555041850
4.3074833024076513	1.0000129481558349
4.3117266918379809	0.9999489110754047
4.3186387653992879	1.0001328735103563
4.3232354083139457	1.0000148680540304
4.3272259981787951	1.0000532176344328
4.3310321880023812	0.9999883339432768
4.3348483843679011	1.0000251016795734
4.3387952749834167	0.9999901154122728
4.3430458480253638	1.0000523301023359
4.3499752044088282	0.9998682051073126
4.3546207208376657	0.9999821546661328
4.3586888750790367	0.9999510593993323
4.3626027150231232	1.0000048797460974
4.3665872181495837	0.9999789409478370
4.3708503526394287	1.0000470088474680
4.3777811585267425	0.9998640495450548
4.3823685438368898	0.9999836128736898
4.3863480673737287	0.9999447122189447
4.3901424784910432	1.0000105915050712
4.3939513988556271	0.9999734875885566
4.3978924102627186	1.0000086889948119
4.4021426794781595	0.9999466877038088
4.4091020495689657	1.0001248994728154
4.4141005921907182	0.9999733169250631
4.4215495978971529	1.0001697766870679
4.4263647204435932	1.0000239979013987
4.4303732319775415	1.0000641763424580
4.4341124880558560	0.9999859162740686
4.4378112864350934	1.0000346290157784
4.4415781646991785	0.9999863291011946
4.4455023525667254	1.0000155646024860
4.4497465243671712	0.9999505137540801
4.4566500098798354	1.0001361679450094
4.4611522295300690	1.0000120213063590
4.4650284701000214	1.0000601991950022
4.4687099630238514	0.9999824511394005
4.4723806770667327	1.0000335143683652
4.4761330323599573	0.9999853701535306
4.4800499251922377	1.0000150987544221
4.4842919519512181	0.9999504685471163
4.4912258633521738	1.0001304270963021
4.4959118859719114	1.0000198294036622
4.5000621244139367	1.0000423533758631
4.5041275324809318	0.9999978417737438
4.5084212512953892	1.0000574219529272
4.5154177119138410	0.9998743514577111
4.5202874978737340	0.9999756817943730
4.5248569812883970	0.9999200012735462
4.5319922956752814	1.0001358148767903
4.5366420855763545	1.0000126903221735
4.5406169650150963	1.0000548560036358
4.5443926141315929	0.9999870615328241
4.5481814452672893	1.0000257418538918
4.5521107758569652	0.9999901932664245
4.5563567974371848	1.0000517338116341
4.5632731915159477	0.9998648186510773
4.5677957136761442	0.9999858638985664
4.5717156003727926	0.9999427301880465
4.5754638781647463	1.0000117202794332
4.5792401722736722	0.9999727956501835
4.5831619991036918	1.0000085673822230
4.5874070748588247	0.9999472742859195
4.5943314951515690	1.0001322555388596
4.5989160634306305	1.0000157765167619
4.6029244750271401	1.0000500002042807
4.6067960663122056	0.9999937722206664
4.6107541394939009	1.0000201707810432
4.6150113197544735	0.9999528124349907
4.6219854271404230	1.0001273011102627
4.6268394009039042	1.0000249604972991
4.6314025566545434	1.0000796963114664
4.6384897468773989	0.9998558460567319
4.6428874432483571	0.9999952943174266
4.6465690435857843	0.9999246899008597
4.6500306656663648	1.0000287698165500
4.6534648365291984	0.9999493826005470
4.6569433610333419	1.0000290437783352
4.6605108167376486	0.9999686880634495
4.6642054309405427	1.0000170481022539
4.6680936327769134	0.9999854117810009
4.6723261875710280	1.0000483591889675
4.6792776577123014	0.9998709890764553
4.6840149037982668	0.9999758222387451
4.6882973203353409	0.9999609334580714
4.6926637781401999	1.0000408340814106
4.6996272509834078	0.9998481553365326
4.7039220596690212	0.9999924431987889
4.7075489112911564	0.9999202170746495
4.7109795813182451	1.0000280377180422
4.7143946758832342	0.9999476041825344
4.7178605111169940	1.0000288486525399
4.7214193757753868	0.9999680658049336
4.7251082877896371	1.0000169399019518
4.7289932485775381	0.9999853009384478
4.7332249132543822	1.0000481888388293
4.7401085329979225	0.9998580647992814
4.7444320798495010	0.9999924503279147
4.7481289377019298	0.9999280829514828
4.7516433837904470	1.0000237413406778
4.7551530911878777	0.9999554411073649
4.7587301471884587	1.0000219203315190
4.7624298954206719	0.9999772302517042
4.7663184639188021	1.0000109961816650
4.7705526630938841	0.9999492127416575
4.7774373393372445	1.0001395791576435
4.7817921521610325	1.0000071413680780
4.7855162049044182	1.0000690869216251
4.7890545203365349	0.9999759060094782
4.7925817604883578	1.0000425043649031
4.7961737987078470	0.9999773358580848
4.7998828400422990	1.0000214050414862
4.8037783312617588	0.9999878551458089
4.8080131244416622	1.0000498383225087
4.8149150823728517	0.9998623489088602
4.8193576155524713	0.9999884402607637
4.8231840433551572	0.9999365836900360
4.8268268254892597	1.0000173952453522
4.8304712735442505	0.9999644197989819
4.8342043383022464	1.0000137173486634
4.8381114778505241	0.9999837369441220
4.8423495961413137	1.0000479815170913
4.8492475346988027	0.9998607206851474
4.8536678503994093	0.9999894690989209
4.8574570655971341	0.9999332059682630
4.8610470375116446	1.0000211585596943
4.8646166196251439	0.9999583716387725
4.8682396595272852	1.0000207608632223
4.8719722882176972	0.9999780692694061
4.8758803643025992	1.0000111471328175
4.8801197615027316	0.9999486160361410
4.8870529360072448	1.0001296057689886
4.8917377871345167	1.0000195257958053
4.8958882087395699	1.0000421512433477
4.8999540474899650	0.9999977492854727
4.9042478262863618	1.0000573961353862
4.9112440285636616	0.9998743564709536
4.9161148242234720	0.9999756942202517
4.9206845399347294	0.9999199645758313
4.9278229029373266	1.0001351996803811
4.9324946105226593	1.0000132161298376
4.9364930260624176	1.0000537731053176
4.9402886197474123	0.9999874983214525
4.9440923052085912	1.0000253534506316
4.9480305870626804	0.9999901090683690
4.9522789840828887	1.0000519985163814
4.9592434635066400	0.9998742641592556
4.9641030668432178	0.9999753335336199
4.9686689813840301	0.9999198416427741
4.9758140832724775	1.0001331306988985
4.9805534313183921	1.0000156411312373
4.9846476038555094	1.0000477316130569
4.9885676995417478	0.9999936145406757
4.9925510013603027	1.0000198672199432
4.9968155068365983	0.9999519313250876
5.0036373676070305	1.0001550989081178
5.0076502760728729	0.9999912088811921
5.0109842722360334	1.0001016709241386
5.0141161305805060	0.9999488639776107
5.0172033099140130	1.0000805065823273
5.0202962359992069	0.9999402935678228
5.0234110912099972	1.0000681651079897
5.0265552518085643	0.9999407002016075
5.0297303672990994	1.0000599942469353
5.0329402097102935	0.9999444220890671
5.0361857329412043	1.0000531637518499
5.0394717787402268	0.9999498918773921
5.0428010673150760	1.0000461324326335
5.0461812256129912	0.9999570044035166
5.0496191084766133	1.0000376474717267
5.0531287751441818	0.9999666782493600
5.0567278201040198	1.0000258595265665
5.0604498588389726	0.9999807817332483
5.0643536109705423	1.0000126112261889
5.0685914806117554	0.9999494454987417
5.0755233284070878	1.0001300027107556
5.0802021153565464	1.0000195734177209
5.0843469632877474	1.0000423629288919
5.0884092998670516	0.9999978320079146
5.0927021583408951	1.0000573235933437
5.0996134518457579	0.9998584574948630
5.1039485258867998	0.9999947645098679
5.1076190349561061	0.9999247217451659
5.1110757984143609	1.0000295578342215
5.1144948949651772	0.9999472041080223
5.1179397933343198	1.0000326391941681
5.1214466882753182	0.9999631184297446
5.1250402612262187	1.0000243317339648
5.1287574666289695	0.9999796643693170
5.1326580055014004	1.0000120664531658
5.1368950938010896	0.9999492877704814
5.1438407198688925	1.0001274970843128
5.1486019982539304	1.0000229361361499
5.1528988463244065	1.0000377832634082
5.1572704780469278	0.9999574013892381
5.1642365914076818	1.0001492023073066
5.1685889297219303	1.0000075634922430
5.1722556292023096	1.0000769831930219
5.1757058796877420	0.9999701467775273
5.1791169045526413	1.0000528984223980
5.1825562902974411	0.9999664341184835
5.1860573117572306	1.0000362790445556
5.1896477969359003	0.9999746193727201
5.1933613777693264	1.0000193968858997
5.1972611743078190	0.9999868969068268
5.2014968247083964	1.0000495567561558
5.2084324833813005	0.9998689753311015
5.2130983616983011	0.9999794770315225
5.2172350321063039	0.9999563857920588
5.2212909379971872	1.0000010421299426
5.2255833702175671	0.9999417779830135
5.2324135825041935	1.0001553565976347
5.2363552345795261	0.9999867137439070
5.2396303334494316	1.0001052119875029
5.2427180594085270	0.9999459814257757
5.2457691710022090	1.0000834411915116
5.2488288201758087	0.9999375677824608
5.2519090217025752	1.0000714637005066
5.2550136794384290	0.9999369864481079
5.2581411310816799	1.0000646682177066
5.2612918208684141	0.9999387670737188
5.2644630418759295	1.0000602209258103
5.2676554781413518	0.9999412407315013
5.2708667465028940	1.0000568071062832
5.2740980417477479	0.9999438908024552
5.2773474627219601	1.0000538168687303
5.2806167250979010	0.9999466206526477
5.2839044919336233	1.0000509154212369
5.2872130900021928	0.9999495098821602
5.2905419243250860	1.0000478444712351
5.2938941835467803	0.9999527485866210
5.2972704013353580	1.0000443098495051
5.3006751900446121	0.9999566622754180
5.3041110663395452	1.0000398653585261
5.3075853788743341	0.9999618346671038
5.3111047246801091	1.0000336867472950
5.3146827818846223	0.9999694436736906
5.3183365842716821	1.0000240674421419
5.3220989218615626	0.9999815363366672
5.3260269921816406	1.0000126549629769
5.3302713740921677	0.9999486195098480
5.3371525905953403	1.0001383903046144
5.3415719709061467	1.0000068688851591
5.3453154359619779	1.0000713004279025
5.3488109611580139	0.9999683335891993
5.3522233895828100	1.0000552648602725
5.3556116761174479	0.9999582838510560
5.3589967881234886	1.0000484791492525
5.3623875588931078	0.9999559303268523
5.3657855518531496	1.0000452522411400
5.3691931346545383	0.9999559445640479
5.3726091904492073	1.0000433477834838
5.3760353966050962	0.9999567466366169
5.3794703944313351	1.0000418869886063
5.3829159993797200	0.9999578639416464
5.3863710770343287	1.0000404978125494
5.3898378345368787	0.9999592112841886
5.3933156229923496	1.0000389545750570
5.3968073466520128	0.9999608875984619
5.4003132646924765	1.0000370098629154
5.4038375718700431	0.9999631576141941
5.4073823040210449	1.0000342605282067
5.4109542727174791	0.9999665619445730
5.4145593748193388	1.0000299167871742
5.4182105444158610	0.9999722540200895
5.4219237713209134	1.0000222796039420
5.4257304752525082	0.9999823422747022
5.4296856511208151	1.0000127283207143
5.4339373655423131	0.9999477142277992
5.4408415430560373	1.0001328543292070
5.4454558014052621	1.0000131451117222
5.4494222145482771	1.0000576475146046
5.4531400796513569	0.9999792337109420
5.4567759865967185	1.0000403368233750
5.4603967155541904	0.9999721108964789
5.4640328790272559	1.0000314472684351
5.4677059348547203	0.9999742910533366
5.4714355480478067	1.0000226089386433
5.4752539736303332	0.9999829461958277
5.4792162553033554	1.0000129674843583
5.4834699087098491	0.9999475924688521
5.4904069217925713	1.0001264259885421
5.4952563436838799	1.0000227372570871
5.4996167873051878	1.0000372237379951
5.5040055767213305	0.9999549397727175
5.5110449577153942	1.0001329361104516
5.5159910816521345	1.0000255472684494
5.5205806575917276	1.0000823018824470
5.5277426419930320	0.9998706184509810
5.5327083708061879	0.9999781713445398
5.5371148731234685	0.9999623133929745
5.5415176675398525	1.0000448990563346
5.5485341204752041	0.9998594965310805
5.5532412796003907	0.9999820901656093
5.5572756282019995	0.9999424881925520
5.5610465670468416	1.0000169731995496
5.5647336288544960	0.9999610551563023
5.5684057619071385	1.0000237909540319
5.5721021352012174	0.9999710726549363
5.5758475882655310	1.0000201319169906
5.5796771204210600	0.9999819685009460
5.5836459001184870	1.0000123824670446
5.5879014081831508	0.9999470831568859
5.5948127807026973	1.0001308960718975
5.5995013636205977	1.0000154014473726
5.6035622274166776	1.0000521290979123
5.6073866929111675	0.9999845775862022
5.6111467021496662	1.0000322004028914
5.6149214496199349	0.9999815878841303
5.6187635578371298	1.0000183388617352
5.6227393429127916	0.9999872885430386
5.6269958291838673	1.0000523586259686
5.6339030381027486	0.9998670074380576
5.6385480366798895	0.9999855404137863
5.6425419381939408	0.9999420291151664
5.6462707126009279	1.0000204614773505
5.6499005270287714	0.9999569084269821
5.6534901186019670	1.0000303325967002
5.6570662914960135	0.9999617996531197
5.6606362586809746	1.0000332801416552
5.6642056265481564	0.9999634871785499
5.6677739895095476	1.0000341544962863
5.6713436172198257	0.9999640953377176
5.6749130109561223	1.0000343819721844
5.6784839057018504	0.9999643446568133
5.6820546673031913	1.0000344038087490
5.6856269500643428	0.9999644768827535
5.6891991178452539	1.0000343580610773
5.6927728233800101	0.9999645738689747
5.6963464479812682	1.0000342859745386
5.6999216636399508	0.9999646661932649
5.7034968801911328	1.0000341956804275
5.7070738071319891	0.9999647707014518
5.7106509040940212	1.0000340804252610
5.7142299493587689	0.9999649055715089
5.7178094938507158	1.0000339207396785
5.7213914425192476	0.9999651001323060
5.7249745153450213	1.0000336785149970
5.7285608514309487	0.9999654070198682
5.7321494853468611	1.0000332827923288
5.7357429934101267	0.9999659231460611
5.7393410046585513	1.0000326012262943
5.7429469324831182	0.9999668307238030
5.7465615701209911	1.0000313808394199
5.7501900167782463	0.9999684855992247
5.7538355094202824	1.0000291127939838
5.7575068770106066	0.9999716314383369
5.7612131834504847	1.0000246872079230
5.7649730686916731	0.9999779251565830
5.7688133466866143	1.0000159993646547
5.7727907090127708	0.9999861375308353
5.7770472183569153	1.0000519128944554
5.7839900323112792	0.9998739588062371
5.7888994584938720	0.9999760150613043
5.7934782572949048	0.9999182345379454
5.8006155859816291	1.0001310584825489
5.8054754245869331	1.0000159977149945
5.8096659412265401	1.0000461890684176
5.8136182880146965	0.9999900613481688
5.8175363289028406	1.0000226186015932
5.8215434314973722	0.9999894124226872
5.8258106290119427	1.0000540044313937
5.8327539952929648	0.9998731958691527
5.8376241228752814	0.9999765481603567
5.8420010230679926	0.9999619907757076
5.8463930526418437	1.0000446496904971
5.8534315704858297	0.9998662586044165
5.8583867723879877	0.9999737677962420
5.8629805213148227	0.9999166860972578
5.8701395708962494	1.0001290218479693
5.8752231676970208	0.9999705989811908
5.8827464765421293	1.0001671916236707
5.8877716246036904	1.0000263805491834
5.8919821240459456	1.0000560923026536
5.8958762110597007	0.9999879866239690
5.8996726376820474	1.0000330624736706
5.9034683790223568	0.9999827371264115
5.9073233276309276	1.0000186661198600
5.9113062187017675	0.9999875541233549
5.9155647720843687	1.0000527602606439
5.9224955699155215	0.9998717709811415
5.9273118364795643	0.9999785829809271
5.9315824729283015	0.9999596819584825
5.9357214396751239	1.0000023113011374
5.9400365164666091	0.9999397369800270
5.9470160553633145	1.0001248090064880
5.9519448362120571	1.0000223946251103
5.9565280290144731	1.0000808452165495
5.9636651139769885	0.9998676253228614
5.9685274669090989	0.9999829779605659
5.9727204275280439	0.9999527441236681
5.9766717451102691	1.0000089624221009
5.9805901926621710	0.9999763649324807
5.9845958874905252	1.0000096049354916
5.9888640189217694	0.9999450578052882
5.9957696203452882	1.0001327734117502
6.0003938242561823	1.0000119864472126
6.0043461040869692	1.0000598250098887
6.0080214937001966	0.9999750853991307
6.0115834115777558	1.0000468111321650
6.0150937118205396	0.9999633561438318
6.0185754808044329	1.0000435770514906
6.0220390195354909	0.9999586331589115
6.0254868908172545	1.0000434642059906
6.0289224533232133	0.9999561556764780
6.0323456730889484	1.0000442392841309
6.0357594823706222	0.9999546442852499
6.0391639570744751	1.0000450137147752
6.0425624799603073	0.9999538097708545
6.0459555788364874	1.0000453821329798
6.0493471482254231	0.9999536547166252
6.0527381849284012	1.0000451179306966
6.0561330977886927	0.9999542711136941
6.0595334328983252	1.0000440469201408
6.0629442677239611	0.9999558056413346
6.0663680048895126	1.0000419633440387
6.0698108816546883	0.9999585061601101
6.0732769557559347	1.0000385191602805
6.0767749048702679	0.9999628583712249
6.0803124889423019	1.0000329974236737
6.0839043753968935	0.9999699334180473
6.0875683627619432	1.0000238054873374
6.0913377743573323	0.9999816698379150
6.0952700086053948	1.0000126782530856
6.0995155401209891	0.9999484922600075
6.1064109574704553	1.0001355661814779
6.1109225732285468	1.0000107628392099
6.1147845921183004	1.0000626188663593
6.1184187597783666	0.9999773594686796
6.1219988444350513	1.0000417096805290
6.1255983637222879	0.9999740892055895
6.1292591572449746	1.0000267846509527
6.1330228288808994	0.9999829352805997
6.1369508836167395	1.0000134460423533
6.1411953492688145	0.9999490595925102
6.1481265780415999	1.0001293093022954
6.1528504049250197	1.0000199890978989
6.1570344131467794	1.0000414165000751
6.1611206440278092	0.9999975024243662
6.1654199771034000	1.0000579425322460
6.1723213388690192	0.9998575581101232
6.1766428734376424	0.9999969078282530
6.1802691073358167	0.9999196328563537
6.1836500819598994	1.0000367207489642
6.1869583548619769	0.9999364791326537
6.1902508197464119	1.0000459179355261
6.1935529238255684	0.9999453089743926
6.1968723247311503	1.0000464236322548
6.2002166681863562	0.9999512622098595
6.2035887460775667	1.0000434964502152
6.2069953932078343	0.9999569156454493
6.2104413217036125	1.0000382965294692
6.2139368944851823	0.9999639182458641
6.2174930030258091	1.0000302596364290
6.2211304108880929	0.9999742512616396
6.2248790324411774	1.0000175979103751
6.2288001996546116	0.9999862585173411
6.2330414849938585	1.0000499886334440
6.2399204438447535	0.9998592805110953
6.2442925539275382	0.9999931803243175
6.2479966574123242	0.9999256471054118
6.2514654845215709	1.0000307322641899
6.2548697777784366	0.9999441783371243
6.2582681055348335	1.0000381737408885
6.2616888722473698	0.9999546308327036
6.2651437795677474	1.0000363404148256
6.2686461823347974	0.9999632917741582
6.2722076791551267	1.0000295239630206
6.2758493995518458	0.9999740932401640
6.2796011795463702	1.0000173747893959
6.2835242720924853	0.9999861662472328
6.2877660663709518	1.0000500083492256
6.2946552039644441	0.9998612618167900
6.2990889268498300	0.9999907563922789
6.3028646219266271	0.9999306274608720
6.3064072999791332	1.0000264917921899
6.3098895132735757	0.9999500337530702
6.3133733878443170	1.0000324295909613
6.3168920662206824	0.9999618918060750
6.3204638617067266	1.0000281466074268
6.3241127951627290	0.9999736915460730
6.3278694796934545	1.0000169598676880
6.3317954735215718	0.9999859801622044
6.3360380481700069	1.0000500099484986
6.3429170087439886	0.9998594411814901
6.3472976573378945	0.9999932234478064
6.3510038728602574	0.9999252536071721
6.3544654698206040	1.0000319649394709
6.3578514903228003	0.9999420549255855
6.3612183244624614	1.0000413203073779
6.3645912676045997	0.9999501179421296
6.3679777400283717	1.0000423508412235
6.3713849482811433	0.9999551800784870
6.3748152968482739	1.0000401767810596
6.3782751428525151	0.9999598812800319
6.3817688085006736	1.0000358803889997
6.3853062349566345	0.9999658751577472
6.3888978764134370	1.0000288426008395
6.3925640333620422	0.9999751613731540
6.3963339754257298	1.0000172021365923
6.4002680969983290	0.9999862324370473
6.4045128588537166	1.0000504333139202
6.4114304871659851	0.9998671632403936
6.4160610645891394	0.9999833299719205
6.4200897225318867	0.9999473343289942
6.4239258797142007	1.0000100081439887
6.4277657989404631	0.9999744044011691
6.4317255356823280	1.0000089499767859
6.4359808463362320	0.9999461859082603
6.4429178059779106	1.0001283486690811
6.4476620809363432	1.0000197966369118
6.4518632770787994	1.0000408443813404
6.4559600084165583	0.9999972669104396
6.4602621953084327	1.0000581649939342
6.4672432630066918	0.9998727032869535
6.4720724758182602	0.9999767597882777
6.4764136552722427	0.9999617788214480
6.4807963747551591	1.0000431512217460
6.4877901774161399	0.9998558339353738
6.4923445287925681	0.9999860072533583
6.4962081448187314	0.9999330097170809
6.4998137855011411	1.0000238704714706
6.5033407874811822	0.9999515509571613
6.5068533439194667	1.0000318649350100
6.5103838114123969	0.9999612781514622
6.5139471443457646	1.0000302175128091
6.5175607471372494	0.9999698421358230
6.5212424904255384	1.0000227148119762
6.5250253650449297	0.9999816266583166
6.5289658422203454	1.0000125388548913
6.5332135938034117	0.9999481332548442
6.5401108841085103	1.0001347999447616
6.5446506025215143	1.0000111205956881
6.5485344846378721	1.0000620899072055
6.5521752553607291	0.9999762656025502
6.5557413792474630	1.0000440766838414
6.5592995496105679	0.9999695561290908
6.5628804820558591	1.0000339811765853
6.5665060158796766	0.9999726434214822
6.5701966237061242	1.0000238313781959
6.5739856553697900	0.9999824725219668
6.5779298597157707	1.0000129450819053
6.5821786054083162	0.9999482122634598
6.5890704748809901	1.0001357328425469
6.5935843887350698	1.0000098517571965
6.5974293795637795	1.0000650573679533
6.6010202359124994	0.9999729265994463
6.6045234010183229	1.0000490569604157
6.6080016334153679	0.9999637013912253
6.6114798321214767	1.0000418888156410
6.6149710571967431	0.9999627452261401
6.6184818091196957	1.0000370518193722
6.6220207771104596	0.9999654340892381
6.6255953207077161	1.0000315957875521
6.6292193358350513	0.9999713631533594
6.6329098316786839	1.0000230655030216
6.6366992002400025	0.9999820787764742
6.6406436689643895	1.0000127262914082
6.6448924917074761	0.9999480861005502
6.6518224821227108	1.0001285031133678
6.6565816553120918	1.0000201769090153
6.6607975394891970	1.0000406081335582
6.6649036371592212	0.9999972038027435
6.6692083583237034	1.0000584506156398
6.6761539523990132	0.9998665281138326
6.6807711896094366	0.9999860783510348
6.6847433269778902	0.9999425981855802
6.6884819535902960	1.0000171282028463
6.6921690238910019	0.9999637519918797
6.6958823748571348	1.0000188137817987
6.6996798775197961	0.9999796590304986
6.7036267543122978	1.0000114820951520
6.7078766534995022	0.9999474560702650
6.7148076792866878	1.0001283779616028
6.7195639478975915	1.0000200581165724
6.7237769585015448	1.0000406320136741
6.7278812137142765	0.9999972053422979
6.7321854375300578	1.0000583902002991
6.7391653066147290	0.9998728063564063
6.7440042329924648	0.9999767962145282
6.7483524034975950	0.9999618447861505
6.7527370231603845	1.0000434287142559
6.7597526157082362	0.9998601315465218
6.7644576086352215	0.9999803456418173
6.7685281064636227	0.9999468778258952
6.7723886606354755	1.0000090591408684
6.7762433766719692	0.9999743151665397
6.7802111844047719	1.0000088437125314
6.7844688240060975	0.9999458913466530
6.7913540423182814	1.0001378207829050
6.7957871767517277	1.0000064405477951
6.7995337753255312	1.0000714796332564
6.8030234562429079	0.9999673701106923
6.8064240236907292	1.0000562605285988
6.8097971445932366	0.9999571580227279
6.8131663340339719	1.0000494358212879
6.8165431445686480	0.9999553178177606
6.8199321237909807	1.0000453069538189
6.8233390986491820	0.9999567208160168
6.8267670389746673	1.0000414610505515
6.8302226699249529	0.9999601259500436
6.8337110767972531	1.0000365645939504
6.8372427520378753	0.9999657520294142
6.8408287636859262	1.0000292116087659
6.8444898921659583	0.9999750521486714
6.8482558783377581	1.0000173177387202
6.8521875265486489	0.9999862589394632
6.8564316373218697	1.0000503601509805
6.8633311053449715	0.9998636308049100
6.8678437877151497	0.9999879889675318
6.8717113888141688	0.9999366348619140
6.8753499814764423	1.0000212976075400
6.8789361817728949	0.9999575027550957
6.8825397645520692	1.0000246363962473
6.8862055953438839	0.9999722862342872
6.8899716247804257	1.0000159257661154
6.8939025846788100	0.9999854642410120
6.8981465769420600	1.0000498895447603
6.9050715107634550	0.9998680653231716
6.9097351959347142	0.9999814882700180
6.9138226393910180	0.9999515948108968
6.9177514243185083	1.0000046800109983
6.9217450029781356	0.9999789553004570
6.9260105901386577	1.0000473307061739
6.9329308608612150	0.9998625028025964
6.9374727488142192	0.9999861916869420
6.9413746538822094	0.9999385883908267
6.9450550110084981	1.0000183863018777
6.9486951043473120	0.9999614933737755
6.9523716930832364	1.0000195181354488
6.9561424312454339	0.9999789745607620
6.9600731591525697	1.0000113212751307
6.9643186813399200	0.9999479269937722
6.9712204306581329	1.0001345559026842
6.9757545917402526	1.0000118127037394
6.9796511407378290	1.0000599558489665
6.9833302882302659	0.9999802500718927
6.9869684684277820	1.0000373028522678
6.9906453511729580	0.9999793095133676
6.9944149168466678	1.0000198985389110
6.9983464137045432	0.9999875650009030
7.0025908792478813	1.0000509441679306
7.0094911206535073	0.9998636566327974
7.0139964676945130	0.9999882142551164
7.0178576437914666	0.9999363983507982
7.0214917250582740	1.0000214061027923
7.0250749607762524	0.9999573947280894
7.0286766764505009	1.0000246637869969
7.0323413749376948	0.9999722531447524
7.0361067442615894	1.0000159248098976
7.0400373529070439	0.9999854587645934
7.0442812404173889	1.0000498733528105
7.0511593520366338	0.9998592691114969
7.0555398595561645	0.9999934230737805
7.0592413751648424	0.9999246113411000
7.0626933429838354	1.0000329116717059
7.0660644084736655	0.9999405782874019
7.0694103169343121	1.0000431700646855
7.0727554485798780	0.9999476451076666
7.0761060558694648	1.0000453550947248
7.0794678372887683	0.9999513887295075
7.0828411713628006	1.0000447753479398
7.0862296718597388	0.9999541740581861
7.0896337473705486	1.0000428908617121
7.0930576161979246	0.9999570912918267
7.0965030020392366	1.0000399391114716
7.0999759255318171	0.9999608600648777
7.1034807917297931	1.0000355443657667
7.1070275975720039	0.9999663817944671
7.1106269123417967	1.0000286170971691
7.1142990944160687	0.9999753728912667
7.1180734241707508	1.0000171426139024
7.1220101916907232	0.9999862362695937
7.1262556724943034	1.0000505284460279
7.1331354947473056	0.9998601990443815
7.1375436073672081	0.9999927598526231
7.1412706400615571	0.9999261284637193
7.1447427745993410	1.0000321689451765
7.1481298261170645	0.9999416277149000
7.1514890475012205	1.0000424983514125
7.1548461583368796	0.9999485136451050
7.1582086908509162	1.0000445367276440
7.1615836046605628	0.9999524592421319
7.1649726569062597	1.0000434984512265
7.1683810022835619	0.9999558621451915
7.1718109024060546	1.0000407275484184
7.1752688805907248	0.9999599400663680
7.1787597296918850	1.0000362265872373
7.1822938081476071	0.9999657595480961
7.1858820142498194	1.0000290516135626
7.1895450198953403	0.9999750758256489
7.1933124432738911	1.0000172677793662
7.1972449803015603	0.9999862439750865
7.2014893267622027	1.0000503829518981
7.2083650909636878	0.9998592314927643
7.2127415258873722	0.9999938304371453
7.2164353852765899	0.9999239510793924
7.2198768554339727	1.0000337652523585
7.2232347527476115	0.9999394454626038
7.2265647235304193	1.0000444553755221
7.2298908395067283	0.9999460585811860
7.2332188700983870	1.0000471732480078
7.2365538292461267	0.9999491928896205
7.2398951358775001	1.0000473581739753
7.2432451405174740	0.9999510493283714
7.2466025484461944	1.0000466502518415
7.2499693722429566	0.9999524951820007
7.2533443703783096	1.0000455698690311
7.2567296379035335	0.9999538801659410
7.2601241668764613	1.0000442509947174
7.2635303231945807	0.9999553867189276
7.2669475088054689	1.0000426637139974
7.2703785984118277	0.9999571783659978
7.2738237083662600	1.0000406662638008
7.2772866533295923	0.9999594856578273
7.2807688472139596	1.0000379737763538
7.2842759441174101	0.9999627102800975
7.2878119639444554	1.0000340357825546
7.2913865152873152	0.9999676440698916
7.2950097294282168	1.0000276964212578
7.2987015007073843	0.9999759794037689
7.3024905191584972	1.0000168800943976
7.3064362840427828	0.9999862191624616
7.3106841895246637	1.0000508388030316
7.3175814983728547	0.9998639131705115
7.3221114025586695	0.9999884791733659
7.3259780966832349	0.9999350949797090
7.3295875127830943	1.0000252264276732
7.3331076829543438	0.9999506350588392
7.3365963870188828	1.0000350610270814
7.3400795191235915	0.9999566789964507
7.3435640091960579	1.0000374380866894
7.3470555960855508	0.9999594888979101
7.3505544355248125	1.0000374076814535
7.3540636609970829	0.9999613336686484
7.3575830961841664	1.0000363528039973
7.3611162780154213	0.9999631870992635
7.3646641357999671	1.0000344886871186
7.3682318894325931	0.9999656959460659
7.3718229931542449	1.0000314397066565
7.3754465101515256	0.9999697248546234
7.3791118916346239	1.0000261146993437
7.3828382845157332	0.9999769936577703
7.3866533503779692	1.0000164193309153
7.3906151416524208	0.9999861780516730
7.3948673920929133	1.0000513839206988
7.4017727761455427	0.9998661951439123
7.4063885904611588	0.9999860093855623
7.4103530665891713	0.9999406476224197
7.4140577449070797	1.0000210360340336
7.4176698669952019	0.9999562405707054
7.4212487528900652	1.0000302996186377
7.4248221850059029	0.9999621914998634
7.4283989406774236	1.0000321299737982
7.4319869825702742	0.9999654222896397
7.4355892712126792	1.0000310952526130
7.4392129812910834	0.9999685963514784
7.4428637416398544	1.0000278957625865
7.4465541448225023	0.9999735760814202
7.4502995401677845	1.0000213124440738
7.4541305010069641	0.9999827256954582
7.4581006325268513	1.0000127501613576
7.4623564288183051	0.9999472011894890
7.4692659808339146	1.0001311648610278
7.4739481777348109	1.0000150051675123
7.4779961219687019	1.0000531635097309
7.4817996058011955	0.9999830772315652
7.4855271598337758	1.0000347174770052
7.4892517347879082	0.9999780182212054
7.4930140927673712	1.0000234116616089
7.4968537857850803	0.9999840308340572
7.5008283939633973	1.0000134310506708
7.5050855057538923	0.9999474310242793
7.5119912472466241	1.0001319758217984
7.5166521029713014	1.0000139733026805
7.5206634211271020	1.0000558591230249
7.5244143589841750	0.9999796475575071
7.5280685061400288	1.0000402678467473
7.5316899479234314	0.9999706765048302
7.5353048853765641	1.0000342175032368
7.5389275405236544	0.9999693857367813
7.5425653901912089	1.0000302825242868
7.5462287560654211	0.9999717019018822
7.5499276247463394	1.0000252016840339
7.5536810688226579	0.9999778688611185
7.5575163474726201	1.0000161554681297
7.5614905660340845	0.9999861830401341
7.5657462237103168	1.0000518241205800
7.5726557006974415	0.9998675480520042
7.5773264986134956	0.9999844217231646
7.5813585144579196	0.9999445632831742
7.5851371806033123	1.0000173201964504
7.5888333367190368	0.9999619132546562
7.5925134537628240	1.0000237777640697
7.5962160592832948	0.9999713913803472
7.5999660970629730	1.0000200973599243
7.6037987700467022	0.9999820425502896
7.6077694006508674	1.0000123953830364
7.6120254333119712	0.9999470175364167
7.6189611926535168	1.0001262322188860
7.6238201908570309	1.0000226425820504
7.6281876117170286	1.0000371369126890
7.6325783223538233	0.9999546536079266
7.6395823123296376	1.0001390740630705
7.6443001524903629	1.0000171398950159
7.6483477451344566	1.0000555397384954
7.6521371340876714	0.9999829714791619
7.6558464183631321	1.0000361201871313
7.6595524632734566	0.9999775732666777
7.6632982365839082	1.0000240909368636
7.6671247644372782	0.9999838963604417
7.6710910691700214	1.0000134655895911
7.6753459379642788	0.9999477433555785
7.6822746798795301	1.0001280673107562
7.6870696158623328	1.0000204372888766
7.6913176649985324	1.0000399035854957
7.6954438893882324	0.9999969413364587
7.6997541260398714	1.0000589866891720
7.7066905021555314	0.9998656164994424
7.7112911373067359	0.9999879853632510
7.7152149754523807	0.9999380051590570
7.7188686695634523	1.0000239605365639
7.7224251471482468	0.9999528616401517
7.7259465810559007	1.0000334262489816
7.7294628086322756	0.9999590348427321
7.7329848323598371	1.0000348112297874
7.7365231203326328	0.9999631667525566
7.7400837245511180	1.0000325627018314
7.7436776954779178	0.9999680972136891
7.7473159827627276	1.0000270424830933
7.7510191533089356	0.9999761986102417
7.7548162464409991	1.0000167021835544
7.7587668370384533	0.9999861835162717
7.7630160734114275	1.0000509900071433
7.7699289309157553	0.9998670375124048
7.7745664348293859	0.9999840922166676
7.7785838191152843	0.9999454987599276
7.7823823056697101	1.0000135471649065
7.7861464133004938	0.9999688488231107
7.7899649980124961	1.0000128291142329
7.7939230288559465	0.9999839802815489
7.7981749731044365	1.0000498808611469
7.8051022632621034	0.9998686020450553
7.8098096524018086	0.9999808072914492
7.8139383756853595	0.9999529082899492
7.8178979292912736	1.0000044834876631
7.8219099339711180	0.9999790722516989
7.8261805865428382	1.0000480198432806
7.8331299665730327	0.9998687488380134
7.8378962560755729	0.9999780670436187
7.8421168876781797	0.9999580001478688
7.8462234143542542	1.0000015819495034
7.8505297040530007	0.9999404299294030
7.8575162066381221	1.0001247252425776
7.8624195098567231	1.0000228058900913
7.8669960030840658	1.0000801046196204
7.8741387425348250	0.9998670450426232
7.8789583224235988	0.9999824367946387
7.8831293020836783	0.9999536761562765
7.8871036737770943	1.0000050764481700
7.8911204714189811	0.9999793094565348
7.8953929836800381	1.0000481485904027
7.9023544299777413	0.9998705157703832
7.9071835359512690	0.9999754676317478
7.9115282774323346	0.9999612186512902
7.9159116635941640	1.0000430717812641
7.9228975484921786	0.9998548632993253
7.9274259885785288	0.9999874280648027
7.9312480985926230	0.9999296597545899
7.9347989225400353	1.0000277378271154
7.9382560889985374	0.9999458197781201
7.9416803628504917	1.0000385528213953
7.9450989147669571	0.9999523931364430
7.9485195193358651	1.0000410767178669
7.9519487309582502	0.9999557186212092
7.9553876057295989	1.0000407411124046
7.9588402656091466	0.9999582219172451
7.9623077190613580	1.0000390053830466
7.9657948669700884	0.9999610208277318
7.9693043713042773	1.0000360252310259
7.9728436526190922	0.9999649530942356
7.9764192233161761	1.0000312035752275
7.9800446246686301	0.9999712660633644
7.9837365163906293	1.0000229224475907
7.9875270733626351	0.9999820581120582
7.9914723030008501	1.0000127082029913
7.9957213262820348	0.9999480542428201
8.0026237330686119	1.0001336493733934
8.0072052609435680	1.0000125069595480
8.0111394805912273	1.0000590516242263
8.0148329287781426	0.9999788540279606
8.0184545014521991	1.0000404898413378
8.0220732045938696	0.9999730733685703
8.0257234027162205	1.0000294990704786
8.0294331160813979	0.9999778019388280
8.0332344224148517	1.0000174494973471
8.0371873437657193	0.9999866040453681
8.0414372568433166	1.0000512730812101
8.0483625562685841	0.9998695277323841
8.0530852380338160	0.9999807753319185
8.0572306896446371	0.9999536118291774
8.0612037145585393	1.0000044380408879
8.0652240794536070	0.9999791391329349
8.0694970003253541	1.0000483314421851
8.0763998838746662	0.9998604412961756
8.0808912527697760	0.9999895540830934
8.0847023757412551	0.9999311887785295
8.0882581471100128	1.0000269449088366
8.0917376628379305	0.9999491437763521
8.0952087564940047	1.0000336308558369
8.0987090886535071	0.9999606513534721
8.1022606762996503	1.0000291489359694
8.1058905493155535	0.9999729382385499
8.1096318250184680	1.0000172473507574
8.1135481262736739	0.9999859609090931
8.1177881835964598	1.0000496358751234
8.1247097643045301	0.9998668735964032
8.1293228336321359	0.9999823465485488
8.1333603542515842	0.9999497602738541
8.1372511252081203	1.0000049269590194
8.1412218180529248	0.9999787666758398
8.1454812222842783	1.0000464409646990
8.1524452844347124	0.9998696303793454
8.1572181940130903	0.9999752319042406
8.1615227927385003	0.9999607775987623
8.1658953893773862	1.0000414546850602
8.1728713002608586	0.9998511014167384
8.1772630726468574	0.9999901148208735
8.1809691531765498	0.9999241290829683
8.1844467608465621	1.0000281638636954
8.1878743304516899	0.9999462903220759
8.1913136147991512	1.0000338691598969
8.1947965508143632	0.9999599940716539
8.1983402061278490	1.0000289912776748
8.2019677232897621	0.9999729486280873
8.2057091731744389	1.0000171875605925
8.2096261071388170	0.9999859890806252
8.2138662191710363	1.0000497117288336
8.2207826177188128	0.9998660707805093
8.2253661648844787	0.9999841625449881
8.2293491711358779	0.9999454673951127
8.2331491390233698	1.0000106329022589
8.2369631258771374	0.9999737715639385
8.2409074475950845	1.0000088038085071
8.2451585565506171	0.9999466429259986
8.2520858329467348	1.0001307937119124
8.2567345816310809	1.0000168246756496
8.2608035845977117	1.0000478161688220
8.2647199774916107	0.9999940726789538
8.2687045816680858	1.0000199783001060
8.2729689745442592	0.9999518291538440
8.2798978277589832	1.0001346843164349
8.2844995526233429	1.0000155918324705
8.2884912279976337	1.0000536330242888
8.2922976453742123	0.9999885571162479
8.2961139970867990	1.0000252153911540
8.3000609770121461	0.9999901738963560
8.3043115707782391	1.0000523561642534
8.3111707247016522	0.9998550876036751
8.3154104872072505	0.9999993176696274
8.3189618191762662	0.9999141787231626
8.3222742009998889	1.0000407032022300
8.3255150821935313	0.9999307871481203
8.3287375943218702	1.0000510179629623
8.3319645267547759	0.9999390052954987
8.3352012362304926	1.0000528691985633
8.3384530719275691	0.9999437126722697
8.3417199909771256	1.0000518138471892
8.3450052462353348	0.9999472304473392
8.3483085283995635	1.0000495181423734
8.3516331704875615	0.9999505761035568
8.3549794591407540	1.0000464446847215
8.3583515149235144	0.9999542893875630
8.3617508939662972	1.0000425351667768
8.3651834617017578	0.9999588801420172
8.3686534237743047	1.0000373195801067
8.3721705864869094	0.9999651816683199
8.3757453949693996	1.0000296608345025
8.3793981441123844	0.9999749009857983
8.3831582463053813	1.0000175228942949
8.3870864108073739	0.9999863861600160
8.3913295651443782	1.0000503731880905
8.3982546500134951	0.9998684314320851
8.4029192783520941	0.9999816569565780
8.4070084401074432	0.9999518656424720
8.4109389093648694	1.0000048277780487
8.4149336065401830	0.9999791204265588
8.4191994784255826	1.0000475234876325
8.4261702336197839	0.9998721579738198
8.4310492572750029	0.9999747926327239
8.4356205844836492	0.9999190744823865
8.4427378597600971	1.0001372998085745
8.4473392689875233	1.0000087031195617
8.4512081650918027	1.0000646666583060
8.4548046750384049	0.9999726053612525
8.4583096608682737	1.0000488534808669
8.4617890723081768	0.9999636072879305
8.4652667028513395	1.0000421608222143
8.4687525433340021	0.9999618433744923
8.4722485399902148	1.0000388439538559
8.4757572244300778	0.9999622325957005
8.4792775668357319	1.0000367392936027
8.4828115042634344	0.9999633624979534
8.4863580777953285	1.0000349393703976
8.4899199539570240	0.9999649431396507
8.4934972617128430	1.0000329110795003
8.4970943856600556	0.9999671886830532
8.5007139301324717	1.0000300350896800
8.5043641017789113	0.9999708168462724
8.5080534520157443	1.0000251376994895
8.5118002035537010	0.9999775104500357
8.5156309719794336	1.0000160566224172
8.5196025650303042	0.9999860607300245
8.5238574702641081	1.0000516243434774
8.5307648694789115	0.9998669579390399
8.5354166172668311	0.9999850793789075
8.5394205902029228	0.9999425496323952
8.5431619658546332	1.0000195872898401
8.5468077597006591	0.9999580015335807
8.5504184771456995	1.0000286834739929
8.5540236557491234	0.9999640015422140
8.5576343595783193	1.0000300195728944
8.5612617027347166	0.9999679813142196
8.5649130930466573	1.0000276269048922
8.5686024024246432	0.9999732334852799
8.5723458696702544	1.0000212483718673
8.5761748666257258	0.9999825675571785
8.5801436318262763	1.0000126603130302
8.5843990852320662	0.9999471787599579
8.5913050138762621	1.0001318713390008
8.5959604113690862	1.0000141417006148
8.5999742793894143	1.0000549224691049
8.6037425874221061	0.9999816949151265
8.6074363046655140	1.0000362885297873
8.6111298971599215	0.9999769333625645
8.6148656011028368	1.0000242459031787
8.6186845332293593	0.9999836816748991
8.6226461441728350	1.0000133943484517
8.6268997393189757	0.9999478560945276
8.6337935490451212	1.0001348043303497
8.6383503384452816	1.0000107215768252
8.6422348328909084	1.0000632139367480
8.6458546288652727	0.9999735215815735
8.6493757395812860	1.0000485018983676
8.6528609016574833	0.9999631848809551
8.6563341935782159	1.0000429961569286
8.6598069668071300	0.9999605273570422
8.6632829192883936	1.0000403940655027
8.6667665227704767	0.9999605330718937
8.6702588853250813	1.0000384489975167
8.6737642911667745	0.9999618624095259
8.6772844940579414	1.0000361481431093
8.6808253586232418	0.9999643940812050
8.6843910315150428	1.0000327078591651
8.6879911891284074	0.9999687294957750
8.6916359352580805	1.0000269097520103
8.6953450551806242	0.9999764849904024
8.6991469532773458	1.0000166538633382
8.7031005857605628	0.9999861980538773
8.7073506294873013	1.0000511041836648
8.7142486928991243	0.9998644240088345
8.7188003794103253	0.9999880557576565
8.7226871589982515	0.9999360091384715
8.7263110937688495	1.0000249534611501
8.7298399999927607	0.9999508775397311
8.7333318319817739	1.0000353195853366
8.7368124989451204	0.9999561768937287
8.7402887904510145	1.0000383560757793
8.7437661357159921	0.9999582121612257
8.7472442517963440	1.0000391144647864
8.7507256241468632	0.9999591637901634
8.7542092053604694	1.0000390533638803
8.7576972667435822	0.9999598597372523
8.7611889899180699	1.0000385694999383
8.7646870107770756	0.9999606682370414
8.7681910669785452	1.0000376863148641
8.7717045232635673	0.9999618492629359
8.7752280862120458	1.0000362339491846
8.7787664419881910	0.9999637254664144
8.7823221059412688	1.0000338348110791
8.7859023825591098	0.9999668530960195
8.7895136337497082	1.0000297166144325
8.7931692345850756	0.9999723755850182
8.7968855546449607	1.0000222083302099
8.8006943140004399	0.9999823692236570
8.8046506762698993	1.0000127296042716
8.8089027292855757	0.9999476732088532
8.8158474338764830	1.0001251895220216
8.8207431696018457	1.0000233423066842
8.8253166289808469	1.0000806194928178
8.8317638492918054	0.9997516792853220
8.8370122129203086	1.0000416363328442
8.8423892565529467	0.9996998006028062
8.8481370222131357	1.0001179721930487
8.8571680057038584	0.9997982393394758
8.8607357014624046	1.0000361212566726
8.8640889724827225	0.9999515154178864
8.8675986415728580	1.0000275611173575
8.8713073118544497	0.9999809017544438
8.8751828971854536	1.0000041512725912
8.8791973746727617	0.9999579596971212
8.8833712936957241	1.0000059722515460
8.8873926950266746	1.0000051886396288
8.8911742976386297	1.0000692830095474
8.8947421447177746	0.9999786921098346
8.8981933922470251	1.0000576309316511
8.9016620490935647	0.9999755961846083
8.9052530035866546	1.0000306039715381
8.9090728782347153	0.9999990690411649
8.9132892795009759	1.0000709950206779
8.9192590027400076	0.9997474100476648
8.9383989305419025	1.0006074738072286
8.9416876393570242	1.0001988165686901
8.9452459722450950	1.0002618291992902
8.9490881133140796	1.0001304131258064
8.9531070200242944	1.0000626969354165
8.9571296140526773	1.0000044174063851
8.9611693839096809	1.0000221415136341
8.9652665302715668	0.9999835816287982
8.9695599364836927	1.0000375186962740
8.9768565062953947	0.9998681781015905
8.9858260717904965	1.0001809873865857
8.9903928249905007	1.0000187158952367
8.9949502170034776	1.0000712728918368
9.0015097310023329	0.9998587311980882
9.0057664187269246	1.0000201390540679
9.0097029161809488	1.0000194723357443
9.0139825815363466	1.0001228579033452
9.0202931380139795	0.9998794874924377
9.0240755402777584	1.0000578405215905
9.0273221938075334	0.9999437965306132
9.0305589379673528	1.0000623858126112
9.0339327316067290	0.9999811938187225
9.0374919417153130	1.0000371037528621
9.0413020845177137	0.9999986152517401
9.0455136661138180	1.0000542669717480
9.0524724360629651	0.9998715954295353
9.0570731942181428	0.9999796236093076
9.0611698762848985	0.9999545900122744
9.0652061886374060	0.9999989426995920
9.0694924637281495	0.9999401756913283
9.0764840929746331	1.0001238633627825
9.0812750572269092	1.0000205511597873
9.0855896794616271	1.0000359048086609
9.0899659908581079	0.9999555781546533
9.0969921772774853	1.0001369440349919
9.1017170046977842	1.0000198306808412
9.1058369244400446	1.0000476676051215
9.1097868865723868	0.9999948222021015
9.1137907344981173	1.0000201575118945
9.1180604369508096	0.9999513222699566
9.1249248101488281	1.0001461195300934
9.1291860788424479	1.0000008786468553
9.1327449253974216	1.0000851840448006
9.1360615336892081	0.9999588339901829
9.1393063366817380	1.0000676459363853
9.1425404151421024	0.9999495784693551
9.1457873316816158	1.0000575147676229
9.1490596925950385	0.9999499885208589
9.1523636275653004	1.0000499008529222
9.1557072142897784	0.9999545041076248
9.1590963623827264	1.0000421623026174
9.1625420920685894	0.9999619774962839
9.1660559852341770	1.0000323465079510
9.1696593532645707	0.9999733473819401
9.1733828706161304	1.0000182323389408
9.1772888635131320	0.9999863979183078
9.1815261059685067	1.0000495525517066
9.1884744272909327	0.9998716359256690
9.1932395327699368	0.9999759986492293
9.1975415383288706	0.9999612234048559
9.2019132269668962	1.0000416805763341
9.2089138308448604	0.9998559005730078
9.2134519147029188	0.9999843198823360
9.2173396420300815	0.9999372465154129
9.2210226272550528	1.0000157324159087
9.2246946547558597	0.9999649716140760
9.2284461893806995	1.0000133216450335
9.2323639842783880	0.9999836919186942
9.2366050058989462	1.0000483340102231
9.2435114503758431	0.9998627722828002
9.2480002512940302	0.9999875136950230
9.2518596484775486	0.9999370903936653
9.2555103712144913	1.0000190984233528
9.2591303607274025	0.9999607855384685
9.2627935262006940	1.0000197437231528
9.2665556175684927	0.9999787889639228
9.2704814533146500	1.0000112716268428
9.2747255927189531	0.9999480583178757
9.2816284991289617	1.0001344828007208
9.2861596435414011	1.0000113022064587
9.2900441188324514	1.0000616138567491
9.2936916045878988	0.9999766808305274
9.2972644534279745	1.0000440304111624
9.3008218963706497	0.9999684833252851
9.3043850025095622	1.0000366796191682
9.3079622093667460	0.9999671873929941
9.3115541015759540	1.0000331653590042
9.3151618414386430	0.9999676994744636
9.3187827229291837	1.0000312501267308
9.3224168411504920	0.9999685223242399
9.3260609886749855	1.0000301048952882
9.3297153667468304	0.9999692626970106
9.3333771749051397	1.0000293225500669
9.3370475255304779	0.9999699901891413
9.3407250390068679	1.0000284895436395
9.3444129880809150	0.9999711175015967
9.3481130662267997	1.0000269369526289
9.3518329821252255	0.9999735129696128
9.3555809243334043	1.0000234127469481
9.3593748639076360	0.9999789286639656
9.3632407827779343	1.0000157324407359
9.3672340363950379	0.9999862538509457
9.3714949301948902	1.0000526356603903
9.3784222173412477	0.9998719901887945
9.3832593925997685	0.9999786173963323
9.3875489024109751	0.9999602261598218
9.3916997028812741	1.0000026566310778
9.3960180922081129	0.9999396215743011
9.4029948714132630	1.0001250824137584
9.4079319414652058	1.0000224708176861
9.4125173886832023	1.0000813047852410
9.4196134872959441	0.9998612042098893
9.4242435914778344	0.9999918414229499
9.4281034113201159	0.9999319170017827
9.4316546803306913	1.0000308431978839
9.4350938522151306	0.9999450664685542
9.4384936021345780	1.0000407417564652
9.4418888523806750	0.9999516650823789
9.4452933829841843	1.0000415156504319
9.4487187311513505	0.9999566928205030
9.4521706714051330	1.0000385351566086
9.4556584228691172	0.9999621547657082
9.4591893367633464	1.0000329196321491
9.4627773819437007	0.9999696799470494
9.4664394603340885	1.0000236452410596
9.4702080784372491	0.9999815047336110
9.4741399998618618	1.0000125043905357
9.4783854118908604	0.9999483169903267
9.4853028061622737	1.0001312242032332
9.4899504113101951	1.0000158101243712
9.4939963854056373	1.0000505291592918
9.4978504913441704	0.9999890904358651
9.5017030796096140	1.0000239551071779
9.5056722352635710	0.9999896697521525
9.5099287685617000	1.0000527551006402
9.5168856718156665	0.9998741680412739
9.5217716177209617	0.9999756340252171
9.5263443318250847	0.9999189497262325
9.5334974372430423	1.0001299818782523
9.5383751223288886	1.0000187915553300
9.5426422263017052	1.0000398412069631
9.5467697117725461	0.9999967565168844
9.5510813389866183	1.0000587314174025
9.5580545979593268	0.9998713666274360
9.5628443691481859	0.9999796977009741
9.5670794825472534	0.9999593414740316
9.5711938112509927	1.0000025856140107
9.5755023479474293	0.9999410772064429
9.5823974631855116	1.0001423787923427
9.5867291005918336	1.0000027922165904
9.5903608402684259	1.0000790270364255
9.5937572240339595	0.9999648643980089
9.5970964045509444	1.0000590766747546
9.6004453623067540	0.9999594556544746
9.6038326051546772	1.0000457173895174
9.6072759388249995	0.9999640434539774
9.6107891332766329	1.0000336641564409
9.6143931015663870	0.9999743523940976
9.6181178006437875	1.0000188382464212
9.6220246730290384	0.9999868607301743
9.6262621155150772	1.0000499169314245
9.6331733397844594	0.9998649177095819
9.6377010158721159	0.9999871333108826
9.6415952257314874	0.9999382771764022
9.6452591737094302	1.0000207316544767
9.6488595589053556	0.9999571378421549
9.6524580011060319	1.0000264490331618
9.6560907321973168	0.9999682234967994
9.6597828425780250	1.0000212274675555
9.6635713805947727	0.9999806107875561
9.6675147067776113	1.0000115685042807
9.6717633482364640	0.9999470381770561
9.6787045319881937	1.0001253169671893
9.6835122759163568	1.0000207186151209
9.6878418018741286	1.0000348672266899
9.6922223126675426	0.9999528662394865
9.6992519768467034	1.0001313282457012
9.7041792605883508	1.0000237404347634
9.7087644435749318	1.0000798134020477
9.7158464197405667	0.9998525844230106
9.7202847974603408	0.9999893351497177
9.7240336966466003	0.9999289006614173
9.7276210476269824	1.0000125663151704
9.7312749951949442	0.9999648925067418
9.7351235905907743	1.0000026408084495
9.7393497159745142	0.9999426647014829
9.7461279782276264	1.0001523354596153
9.7503477726651937	1.0000107203629878
9.7539786791957823	1.0000768376115401
9.7575149695199670	0.9999911141103627
9.7611465215196116	1.0000427872344257
9.7649875377306934	1.0000125869412411
9.7692093999822003	1.0000865830902519
9.7756404249202138	0.9998487705419341
9.7849549707252628	1.0001546612395145
9.7906397702903458	0.9997650349985642
9.7958417401358862	1.0000856582378053
9.8008458612909273	0.9999876430893082
9.8068662439906991	1.0003371637019731
9.8124304817330259	0.9997559161817383
9.8160307186624944	1.0001172059900103
9.8188550734322924	0.9998847968264057
9.8215485187346871	1.0001261005007136
9.8243912278740417	0.9999551865408798
9.8274360229700974	1.0000862999971629
9.8306977098821520	0.9999872830194870
9.8341875164365469	1.0000444667917849
9.8379594582664538	1.0000015877127386
9.8421617052538259	1.0000539387809950
9.8491630020865131	0.9998770560851725
9.8539025347772338	0.9999740264889456
9.8584382302528706	0.9999225055849519
9.8655932128129322	1.0001355783698729
9.8700248128041057	1.0000058973949701
9.8738370074990573	1.0000567330499848
9.8775099358949596	0.9999820127968069
9.8812372230790295	1.0000233507406300
9.8851333528551848	0.9999868700631378
9.8893701025865042	1.0000473470345104
9.8963443597617129	0.9998717686400969
9.9013366817297932	1.0000219295512924
9.9087634582163897	0.9998206935600498
9.9133218868160426	0.9999800520927434
9.9170382806806323	0.9999127310384618
9.9204614339040518	1.0000298058078236
9.9237969630668648	0.9999342479372906
9.9271088223294388	1.0000426909498479
9.9304225614468979	0.9999437122329274
9.9337431248185339	1.0000460499208756
9.9370746582688785	0.9999481983921393
9.9404156418804579	1.0000464347039770
9.9437677386741949	0.9999507318191175
9.9471290250596134	1.0000458149195184
9.9505009850075190	0.9999525119860964
9.9538818548356964	1.0000448429038369
9.9572731969471686	0.9999539997284947
9.9606734205518741	1.0000437292437818
9.9640842184020748	0.9999553889819777
9.9675042010628125	1.0000425184550805
9.9709352711429204	0.9999567936677575
9.9743763410705224	1.0000411736964339
9.9778296846892403	0.9999583279230946
9.9812947155975671	1.0000395886875042
9.9847743929955062	0.9999601596893871
9.9882690373965577	1.0000375591681707
9.9917828954409647	0.9999625793803802
9.9953180658502987	1.0000346971566920
9.9988814167502227	0.9999661388085724
