0.0000000000000000	0.0000000000000000
2.4930007905246274	0.0010000000000000
2.5139322464328338	0.0020286234605681
2.5416585910173559	0.0042006465197282
2.5467941460174872	0.0049909133322859
2.5512344599704542	0.0058620556962875
2.5554994783747453	0.0067512216580005
2.5597476833825814	0.0078079453524700
2.5640492143114795	0.0090007466193062
2.5683795615970992	0.0104131632132388
2.5727675104684300	0.0120383660313459
2.5771643278543119	0.0139375333380819
2.5816156090146238	0.0161387588271363
2.5860751458442204	0.0187040844421827
2.5905812735650553	0.0216815053074861
2.5950622304391517	0.0251217152704659
2.5995992526571645	0.0291240654763298
2.6040984193096341	0.0337203069623448
2.6086668016765122	0.0390828558188069
2.6131876773730860	0.0452064692000757
2.6178026471015521	0.0523851433016650
2.6223633417582279	0.0605474899522596
2.6270355496949720	0.0701269289506482
2.6317651876403159	0.0812982152219063
2.6420437880951906	0.1109640588985935
2.6459263043524954	0.1247891979923690
2.6498831622729151	0.1401851057492348
2.6539582048602410	0.1577516541293686
2.6582826576876046	0.1782817711228476
2.6627321259230881	0.2015770359359516
2.6674543407749978	0.2287297993584883
2.6722291314932947	0.2588679339459911
2.6774112906157983	0.2941444675798847
2.6828158322710727	0.3347314519240751
2.6866411852752856	0.3648076639112116
2.6914837294913418	0.4048048341543559
2.6965928720961756	0.4483370953858535
2.7078515338251981	0.5472285593572019
2.7160481483281957	0.6185600123610510
2.7209698998903100	0.6591082241357167
2.7248555348537806	0.6899034808427338
2.7285152717126944	0.7174030108409459
2.7322994735446868	0.7444432891913477
2.7361122245273486	0.7698938132041960
2.7400236832963283	0.7942569164000687
2.7440239045898474	0.8171415089381273
2.7481487636878681	0.8387204784432480
2.7526169816907897	0.8596754656804657
2.7577446046649432	0.8813851975666338
2.7668947808178137	0.9119074530578740
2.7726647552328547	0.9278655053624396
2.7772397417680614	0.9384839447030802
2.7815931908788820	0.9472177530712498
2.7860210957766669	0.9547677494394465
2.7906644299080190	0.9620283237798781
2.7951673169464821	0.9675705211594438
2.7990788181159130	0.9718052569262647
2.8027759964835584	0.9752371507133265
2.8064131779858381	0.9783458358741324
2.8101047861151258	0.9810253621375252
2.8138461422526913	0.9835076269035599
2.8177001607024930	0.9856619141448508
2.8216315961793583	0.9876330521411817
2.8256966982126985	0.9893333194379962
2.8299734752629244	0.9909525797112239
2.8371406626636597	0.9928774377627597
2.8406463107575730	0.9939208508229599
2.8439057598999229	0.9945205651920975
2.8473044689612879	0.9952555152379579
2.8510156665170627	0.9958333301132716
2.8552077488332008	0.9964833604071911
2.8628155261293209	0.9972550823330786
2.8668195769132803	0.9976777823396266
2.8707478399422039	0.9979868218418299
2.8747619314644424	0.9983111762591161
2.8788727194340371	0.9985390677856818
2.8831560309802646	0.9988250672600296
2.8902975983876500	0.9989693924482199
2.8947107995353289	0.9992181825103299
2.8986575052404757	0.9992873990872343
2.9026029638055570	0.9994210712432839
2.9068680680467467	0.9994491553612613
2.9141663075868478	0.9997022837211237
2.9184247893311359	0.9996378751204384
2.9222780649446731	0.9997175445078366
2.9260751108906922	0.9996980452975579
2.9299350702004952	0.9997668526807644
2.9339233055618674	0.9997714086899330
2.9381823690477629	0.9998738076665383
2.9449143811754706	0.9997142377223598
2.9495220303923753	0.9998716276845886
2.9533863631094639	0.9998319641499984
2.9569619001550369	0.9999412022738112
2.9604525310978387	0.9998762303007086
2.9639342305273062	0.9999695932239037
2.9674408477415297	0.9999049906017914
2.9709819901846743	0.9999837872025101
2.9745643247912175	0.9999248074165819
2.9781896758806767	0.9999909319834143
2.9818662305100148	0.9999404406105422
2.9856052449176587	0.9999920136148117
2.9894338959481908	0.9999566542334678
2.9934033640596471	0.9999894626825137
2.9976588520874703	0.9999265316603498
3.0045717666288851	1.0001133200104966
3.0092787622823698	1.0000014300885280
3.0133756227342996	1.0000356897207294
3.0172646739126781	0.9999775678922487
3.0211392565402528	1.0000130309317385
3.0251206050242931	0.9999803236763108
3.0293807179219439	1.0000451123501968
3.0362954696060576	0.9998603479521924
3.0409189109842454	0.9999794594464283
3.0449150785470294	0.9999397793552911
3.0486919824101664	1.0000102521107470
3.0524370904936218	0.9999646954307264
3.0562409524466632	1.0000100631747415
3.0601898391432765	0.9999814440185258
3.0644393479021996	1.0000474519529070
3.0713668115009742	0.9998666268244553
3.0760525751485623	0.9999798456973105
3.0801605021713887	0.9999512137165337
3.0841044602261780	1.0000037444204328
3.0881070982177592	0.9999783427769883
3.0923751731814741	1.0000471408121481
3.0992963404357017	0.9998627076959774
3.1038611027860212	0.9999857148937417
3.1077798121168372	0.9999386757598735
3.1114635518972351	1.0000192851886021
3.1150888896082534	0.9999592144421257
3.1187256576123503	1.0000233654342880
3.1224184837628108	0.9999731218612598
3.1262046740821425	1.0000155543779852
3.1301479410137447	0.9999854345934375
3.1343952430421167	1.0000503098206928
3.1412871090959955	0.9998624616632473
3.1457730070604097	0.9999899175817499
3.1495882614616861	0.9999318578013883
3.1531463874694756	1.0000277462715348
3.1566162167723468	0.9999473292879250
3.1600553096969608	1.0000378716237972
3.1634892976816227	0.9999535579534983
3.1669250128365714	1.0000403158362630
3.1703680758497601	0.9999565130955015
3.1738184737154485	1.0000403063583081
3.1772789487976651	0.9999583770299046
3.1807487043670015	1.0000393870015203
3.1842302358950763	0.9999599911140740
3.1877229628356432	1.0000379926404828
3.1912298131172827	0.9999617476155250
3.1947509381105572	1.0000361254008023
3.1982903744713918	0.9999639868656491
3.2018499040840660	1.0000334875942181
3.2054360441214755	0.9999672583419673
3.2090543278857142	1.0000293363795765
3.2127173004784693	0.9999727137123541
3.2164405079658058	1.0000219838825164
3.2202548846500401	0.9999824841481844
3.2242148287288113	1.0000127455499268
3.2284678319149753	0.9999475581551714
3.2353645030653224	1.0001340435569199
3.2399419493960777	1.0000112994332790
3.2438499818717856	1.0000619638934132
3.2474901565312111	0.9999741403947834
3.2510259999519819	1.0000479875099590
3.2545187062287897	0.9999630077729370
3.2579910464849227	1.0000436690214616
3.2614532546104296	0.9999591547183138
3.2649080539718849	1.0000424588159023
3.2683590641565772	0.9999577290998742
3.2718065991190666	1.0000420572398621
3.2752540273976023	0.9999574312298596
3.2787019468520193	1.0000415208484161
3.2821544318549560	0.9999579963049652
3.2856129111734647	1.0000403674837677
3.2890825343848409	0.9999595252110353
3.2925660580457032	1.0000382024417984
3.2960704492009665	0.9999623579241175
3.2996009885165694	1.0000344684616975
3.3031684600767490	0.9999672235085808
3.3067840811653637	1.0000280591161379
3.3104687174629945	0.9999757296972046
3.3142519354098798	1.0000169973643829
3.3181940187862482	0.9999862284813236
3.3224409567896149	1.0000507122446323
3.3293473686727735	0.9998654235936736
3.3339250721120255	0.9999859684241525
3.3378682676156184	0.9999411437929910
3.3415848800222969	1.0000175346011466
3.3452546231561051	0.9999629221318844
3.3489544064191770	1.0000190651858554
3.3527419634841107	0.9999794020056879
3.3566828104769648	1.0000114190715546
3.3609310772065499	0.9999476284593002
3.3678100477215041	1.0001383951036826
3.3722289653841244	1.0000063369405605
3.3759644252910190	1.0000721308301863
3.3794461164109806	0.9999671568990134
3.3828406163254678	1.0000566898370584
3.3862083636665465	0.9999568388290050
3.3895717167674531	1.0000499592583598
3.3929410314580903	0.9999546489856787
3.3963195354335061	1.0000462981784091
3.3997115337574049	0.9999553432159827
3.4031181534032080	1.0000433787646781
3.4065438003009074	0.9999575120014910
3.4099904697911283	1.0000400904113185
3.4134642839845410	0.9999610104201554
3.4169697767024587	1.0000355901750908
3.4205170087183383	0.9999664342596363
3.4241166144981539	1.0000286313384237
3.4277889885606396	0.9999753900061410
3.4315634419474095	1.0000171482281668
3.4355002786994375	0.9999862403739154
3.4397457795763469	1.0000505332695730
3.4466705907862920	0.9998686426532650
3.4513535776785966	0.9999812843373946
3.4554598938393850	0.9999522897484988
3.4594029734073950	1.0000046176593680
3.4634051602780400	0.9999790304976034
3.4676730993444829	1.0000476648952512
3.4746014086005372	0.9998643949851012
3.4792103169514323	0.9999840523659783
3.4831937839244365	0.9999434978136019
3.4869626576056647	1.0000140415295242
3.4907032924081594	0.9999678995224317
3.4945047853143771	1.0000129378240574
3.4984525277607585	0.9999839039945461
3.5027016561792732	1.0000494816637457
3.5096292689295341	0.9998681788845269
3.5143153229082866	0.9999810478840265
3.5184238090833788	0.9999522338536486
3.5223683115622393	1.0000045514506741
3.5263713121847737	0.9999790033249999
3.5306394780998041	1.0000476771067535
3.5375533661693481	0.9998617256024059
3.5420750266217755	0.9999877313093705
3.5459359324649466	0.9999349215459675
3.5495518493657343	1.0000234380922153
3.5530965712903972	0.9999534442159324
3.5566338686227961	1.0000301451893590
3.5601979278309077	0.9999640482696726
3.5638074766561414	1.0000267924773980
3.5674865678415530	0.9999746729756540
3.5712654681591158	1.0000165905277278
3.5752049306238374	0.9999859705288299
3.5794511396927073	1.0000504805215047
3.5863400366361056	0.9998619504957317
3.5908051696806065	0.9999906216433097
3.5945976432735285	0.9999304663085484
3.5981342532197704	1.0000287639404040
3.6015839607191227	0.9999460031903047
3.6050041373720743	1.0000388855679934
3.6084203778090127	0.9999524452706821
3.6118397484849529	1.0000411642837301
3.6152683849336129	0.9999557430641742
3.6187070990602375	1.0000407431931049
3.6221598378255866	0.9999582375272705
3.6256274947853071	1.0000389847160533
3.6291148887603675	0.9999610279163693
3.6326246318504047	1.0000360050209574
3.6361641159215963	0.9999649520963700
3.6397398428335799	1.0000311892651723
3.6433653546254310	0.9999712601434280
3.6470573189980793	1.0000229125978994
3.6508479207242575	0.9999820507330067
3.6547931751209068	1.0000127008550532
3.6590422056471152	0.9999480465381344
3.6659528965752828	1.0001320874284556
3.6705870348439102	1.0000147824606518
3.6745992477072309	1.0000535747048054
3.6783959802890740	0.9999853617988149
3.6821577056679557	1.0000301119557886
3.6859763888688986	0.9999860951676713
3.6899331103643251	1.0000149385456190
3.6941859343446830	0.9999490196527571
3.7011043329770024	1.0001315664382056
3.7057752803186013	1.0000164073993474
3.7098403953756462	1.0000502312728399
3.7137075081731838	0.9999894607853798
3.7175683056580717	1.0000240218798651
3.7215420370660897	0.9999898517114917
3.7257998922636153	1.0000531129414367
3.7327477102719175	0.9998728203934301
3.7375767362086449	0.9999763844966876
3.7419235970400413	0.9999617238374467
3.7463074376068048	1.0000434535959810
3.7533287113085301	0.9998616949310717
3.7580909350656095	0.9999783753367489
3.7622446244845467	0.9999518948683510
3.7662157637551084	1.0000038574734884
3.7702331153504653	0.9999787470153961
3.7745054273755181	1.0000479730281682
3.7814240994328281	0.9998628879986895
3.7859928003644665	0.9999865186264817
3.7899026876762374	0.9999375383414728
3.7935617944135775	1.0000218607442184
3.7971436146590802	0.9999554385085608
3.8007125848713379	1.0000289074416839
3.8043034384399892	0.9999652867985760
3.8079351879247998	1.0000260477453295
3.8116319642592469	0.9999752363846919
3.8154238873456072	1.0000163884471975
3.8193712611095356	0.9999859683835686
3.8236196189194249	1.0000507595821135
3.8305618400023338	0.9998723432716109
3.8353861502835058	0.9999760953186722
3.8397306449548876	0.9999615806899598
3.8441137648103889	1.0000433230377250
3.8511085280660691	0.9998568409791515
3.8557015273679540	0.9999850256077710
3.8596064357807864	0.9999353790703026
3.8632505792274290	1.0000221856322868
3.8668148674502718	0.9999540167114859
3.8703663717608499	1.0000295404795079
3.8739410257262836	0.9999643983941234
3.8775584823941580	1.0000265225490257
3.8812433781905180	0.9999748220303152
3.8850263086960015	1.0000165258522249
3.8889681507221505	0.9999859678096630
3.8932150184489998	1.0000505643223454
3.9001667318032087	0.9998738613539319
3.9050471925426091	0.9999754699018001
3.9096183879294149	0.9999190800843654
3.9167877934878388	1.0001272988725438
3.9217678291956894	1.0000217588531835
3.9263692693326697	1.0000799942280685
3.9335018758472819	0.9998606541894307
3.9381172324248093	0.9999901340110645
3.9419912567674955	0.9999341491543695
3.9455872154010394	1.0000262111488314
3.9490965587301146	0.9999509207077035
3.9525886734610354	1.0000334969335687
3.9560981898727290	0.9999603530693851
3.9596415245939065	1.0000313200358040
3.9632370605192091	0.9999691797093273
3.9669035469203999	1.0000232611386966
3.9706747611909163	0.9999814475886231
3.9746080499364806	1.0000125527605093
3.9788538771330639	0.9999484007887707
3.9857949492482283	1.0001269274826281
3.9906032133174145	1.0000228717505755
3.9949335442884624	1.0000374955173039
3.9993141850389571	0.9999561202605564
4.0063323795609280	1.0001382087074933
4.0110595498250632	1.0000201476126207
4.0151758083801852	1.0000483343510045
4.0191201421771199	0.9999949511971629
4.0231197771803719	1.0000203198568649
4.0273884877990556	0.9999515616292011
4.0342781879665575	1.0001417313677419
4.0386654124933017	1.0000060091269181
4.0423628596550678	1.0000751798741436
4.0458099710593975	0.9999659027520138
4.0491749548560492	1.0000587538442871
4.0525184039293141	0.9999558546639320
4.0558629052223250	1.0000510009606067
4.0592192797401179	0.9999543571893738
4.0625914798045715	1.0000462602832008
4.0659848232434879	0.9999560889224139
4.0694018139911368	1.0000420156319716
4.0728487645961291	0.9999597513366814
4.0763303820716326	1.0000368641435442
4.0798568242105659	0.9999655571032207
4.0834388804549997	1.0000293511586404
4.0870971020957834	0.9999749766738322
4.0908610753987080	1.0000173539364807
4.0947915392345253	0.9999862635861231
4.0990353232035739	1.0000503216857315
4.1059896176982775	0.9998738948168376
4.1108611960994779	0.9999753360895732
4.1154300623075200	0.9999193496505515
4.1225604068278070	1.0001346716897583
4.1272525882990001	1.0000125544685210
4.1312526196239867	1.0000551220576233
4.1350187533492120	0.9999837716995726
4.1387494577455000	1.0000311700761972
4.1425432522696291	0.9999856528820577
4.1464843875605251	1.0000149317587723
4.1507330483787195	0.9999495748342284
4.1576186015215972	1.0001384880341098
4.1620538829113114	1.0000076814674788
4.1658151323619492	1.0000701427274750
4.1693305122646960	0.9999697709997409
4.1727669892758490	1.0000532088542404
4.1761860501675754	0.9999608585061984
4.1796116382340260	1.0000449493227446
4.1830561589154689	0.9999604759238141
4.1865257689569404	1.0000392012484387
4.1900288894053617	0.9999638213892630
4.1935727589292364	1.0000329542249380
4.1971711872106763	0.9999704325582150
4.2008412467745924	1.0000236914000993
4.2046155422993223	0.9999818245775340
4.2085508589719796	1.0000127143926172
4.2127971972935239	0.9999484018371954
4.2196860222132591	1.0001366509746574
4.2241644356674000	1.0000089822344094
4.2279752265425605	1.0000667749009464
4.2315399316076281	0.9999722877338335
4.2350262518937516	1.0000495867469124
4.2384978475528596	0.9999641999897689
4.2419812398553107	1.0000407088014200
4.2454920592095320	0.9999650933212737
4.2490407925925133	1.0000334097208792
4.2526424031174157	0.9999708603757161
4.2563146379438104	1.0000238261696461
4.2600903535082892	0.9999819467166001
4.2640264934743044	1.0000127683878623
4.2682730594034677	0.9999483994112069
4.2752223833916068	1.0001252524885103
4.2801019212041673	1.0000236560903693
4.2846711463158815	1.0000801765286140
4.2917958842243475	0.9998645950279661
4.2965106068806485	0.9999860660447227
4.3005333000213888	0.9999447004696889
4.3043151928146131	1.0000148365947270
4.3080591299840361	0.9999682156201700
4.3118607306192400	1.0000132174246747
4.3158079166765670	0.9999840291445989
4.3200569909059476	1.0000495047508848
4.3270040627379380	0.9998717178559605
4.3318140896951620	0.9999758757881474
4.3361477420237522	0.9999613902654091
4.3405279570264730	1.0000428383579192
4.3475159580657765	0.9998550369889477
4.3520438187230033	0.9999867671851823
4.3558788068453893	0.9999314127868334
4.3594597766962817	1.0000246617400321
4.3629685085710701	0.9999508681463358
4.3664715287147322	1.0000315704499592
4.3700043728688218	0.9999623822560715
4.3735866518496129	1.0000277751994417
4.3772432177924863	0.9999738962402703
4.3810051619361197	1.0000168745628728
4.3849342425315490	0.9999859794412885
4.3891776675635210	1.0000501214739650
4.3960935064989854	0.9998664974481033
4.4007000566900931	0.9999838199459165
4.4047035394023730	0.9999462402000894
4.4085185544104180	1.0000104154981966
4.4123427265825628	0.9999740095578136
4.4162929284994776	1.0000088556105042
4.4205456698131353	0.9999464617380065
4.4274726369583357	1.0001306246709021
4.4321308892322309	1.0000169126405405
4.4362082518702737	1.0000475245676999
4.4401305293235094	0.9999940776374665
4.4441185429674279	1.0000199337688018
4.4483838872370010	0.9999516868803027
4.4553119631723570	1.0001346897019483
4.4599153895971435	1.0000155447636179
4.4639074282547790	1.0000536566045570
4.4677132920205285	0.9999885002414652
4.4715288214893834	1.0000252363196356
4.4754751934945212	0.9999901750620936
4.4797256464533364	1.0000523365257965
4.4866860946320601	0.9998740143850886
4.4916832864862393	1.0000255281090673
4.4991385104192636	0.9998298321439231
4.5039661174665451	0.9999746561626326
4.5079917652223127	0.9999355784279712
4.5117438329428952	1.0000126711416322
4.5154541657917235	0.9999647023615039
4.5192278254664489	1.0000125031192040
4.5231574725427439	0.9999833590544470
4.5274018818889026	1.0000485133262811
4.5343103122820931	0.9998633716536927
4.5388281500169834	0.9999864518774149
4.5427228550407399	0.9999395952602093
4.5464180066111703	1.0000160665498499
4.5501008317879172	0.9999658257739635
4.5538603874421320	1.0000134404155407
4.5577829802801677	0.9999838153015400
4.5620253070850953	1.0000485570872455
4.5689627137073829	0.9998688318232120
4.5736555750572254	0.9999789978951449
4.5778147053038616	0.9999567988074080
4.5818840263695115	1.0000011626607750
4.5861801176292980	0.9999414040521578
4.5931735023063442	1.0001247233940986
4.5980491018986109	1.0000232802446360
4.6026183716948204	1.0000793314512073
4.6097502744086123	0.9998635018638948
4.6144185231624419	0.9999859502036017
4.6184122816979842	0.9999448136167794
4.6222003730856960	1.0000116762080178
4.6259992865874073	0.9999734574203833
4.6299330333027537	1.0000088310473161
4.6341815274823990	0.9999470769449879
4.6410969558109212	1.0001337859493387
4.6456392924157992	1.0000134452729785
4.6495753668131403	1.0000554630342877
4.6533378879273108	0.9999874579998556
4.6571227328724696	1.0000258858678570
4.6610510204212083	0.9999902997530074
4.6652965726122879	1.0000517916285958
4.6722244485996240	0.9998671404314243
4.6768215875007337	0.9999829005825427
4.6808444247932934	0.9999494370691424
4.6847249576064067	1.0000050800788807
4.6886897649472123	0.9999787822057201
4.6929475361163187	1.0000462569931210
4.6999248778671978	0.9998719070152562
4.7047801448863815	0.9999742361216989
4.7093453351091634	0.9999196484417694
4.7164436986198357	1.0001419791352595
4.7208730148542104	1.0000045813489689
4.7245841996842914	1.0000723482606966
4.7280718294701636	0.9999711050617955
4.7315252394234468	1.0000484237861549
4.7350202460175348	0.9999704163636391
4.7385987820043747	1.0000297855188673
4.7423026724074147	0.9999820097254692
4.7461949419181586	1.0000134958491889
4.7504298136208378	0.9999503317882487
4.7573767164018266	1.0001280025844796
4.7621240034407437	1.0000230849078078
4.7664109032916020	1.0000379524480203
4.7707798867337452	0.9999578280628104
4.7777424658006513	1.0001503307053263
4.7820586215746532	1.0000069816135915
4.7857006980159742	1.0000778046997012
4.7891437600632987	0.9999712381174019
4.7925663706364716	1.0000508654341134
4.7960390154977670	0.9999702445930816
4.7996013498726890	1.0000306936130008
4.8032940197428244	0.9999820194214996
4.8071797647666354	1.0000136036828351
4.8114128736660824	0.9999506109082760
4.8182917512340708	1.0001411034185612
4.8226154588049379	1.0000063348446184
4.8263083945118739	1.0000710912130060
4.8298202563928223	0.9999750037381733
4.8333259161715292	1.0000436601369911
4.8369010248302686	0.9999769106866767
4.8405978229224340	1.0000217435835956
4.8444860169767674	0.9999879210529160
4.8487188859603139	1.0000496180842502
4.8556042291787413	0.9998588879662405
4.8599394380440382	0.9999923217072682
4.8636472432430748	0.9999288426755431
4.8671705584757934	1.0000235080347102
4.8706872408443909	0.9999558348659521
4.8742696268230929	1.0000218079015160
4.8779731661730175	0.9999773420915942
4.8818639761777556	1.0000110200245755
4.8860987698678695	0.9999491468161195
4.8929951106657406	1.0001372919525673
4.8974197034968858	1.0000099229672683
4.9012258062133638	1.0000633597358426
4.9048535416627841	0.9999810646478120
4.9084848999673998	1.0000349860661490
4.9122100866683400	0.9999850860803359
4.9161111599615994	1.0000151833958253
4.9203488839725971	0.9999510547567061
4.9272399477948898	1.0001391602002316
4.9316351073075468	1.0000086603847009
4.9353969282951571	1.0000671920829387
4.9389657629756156	0.9999770245813675
4.9425169903248669	1.0000413873044214
4.9461273506681902	0.9999778173566143
4.9498494407458997	1.0000210841238761
4.9537526654032282	0.9999877999291874
4.9579895200355875	1.0000500784629318
4.9649261532498983	0.9998692241037695
4.9695966530100284	0.9999794849246834
4.9737375079404407	0.9999565268575558
4.9777960216561326	1.0000010923217499
4.9820891402644820	0.9999417178829284
4.9890846268818523	1.0001247151739876
4.9939525246733218	1.0000234047877592
4.9985197727729496	1.0000791072938373
5.0056532311079334	0.9998633079098985
5.0103079540947357	0.9999860560042768
5.0142910962485709	0.9999444367680924
5.0180724410003306	1.0000117083683033
5.0218673476721127	0.9999733479188962
5.0257989500454956	1.0000087921169218
5.0300468211696892	0.9999471272693546
5.0370099682434022	1.0001248672809653
5.0418672254675290	1.0000238114865627
5.0464308212467852	1.0000793228601359
5.0535710708449013	0.9998655089200861
5.0582987883418955	0.9999835112134176
5.0623830018569800	0.9999508001490398
5.0662935082067682	1.0000054093883770
5.0702724574695877	0.9999790238336321
5.0745345628300562	1.0000467152806023
5.0813626368947276	0.9998440483418828
5.0853728502932416	1.0000075221507350
5.0887111039855428	0.9998978043812963
5.0918482383827008	1.0000494826812922
5.0949437965390967	0.9999191773194478
5.0980441383310815	1.0000579474637694
5.1011685202121901	0.9999315065672620
5.1043204802072291	1.0000575655920654
5.1075049309133878	0.9999395765399470
5.1107219947186069	1.0000539332696039
5.1139759406738285	0.9999462732229800
5.1172681069947075	1.0000485844482701
5.1206045234801296	0.9999531629050542
5.1239894327819426	1.0000416060810797
5.1274329506455070	0.9999615104153811
5.1309458483207049	1.0000320700158685
5.1345489379227791	0.9999731677517568
5.1382724789934535	1.0000180899145525
5.1421785536936184	0.9999862951415748
5.1464158022810951	1.0000494744246895
5.1533511025625636	0.9998691312880353
5.1580302441277812	0.9999793158352628
5.1621783050813379	0.9999566524945014
5.1662410894750685	1.0000011303286709
5.1705353830823100	0.9999415985627240
5.1774465109179282	1.0001402166515387
5.1817939158423885	1.0000044790284353
5.1854737243915325	1.0000735797626323
5.1889396900898257	0.9999696888023974
5.1923648042690393	1.0000513098129022
5.1958160209193132	0.9999664952524193
5.1993265329664107	1.0000355952698714
5.2029243517025270	0.9999746841809586
5.2066431598458074	1.0000191982396867
5.2105460670829364	0.9999868363037411
5.2147825469175020	1.0000496335979603
5.2217314667242807	0.9998716098962707
5.2264921492892800	0.9999759765654711
5.2307910651050067	0.9999611632746005
5.2351619210594240	1.0000415218659604
5.2421315045394410	0.9998500705456568
5.2464884299837031	0.9999911693190976
5.2501620399753737	0.9999223271697640
5.2536162774775432	1.0000286064390860
5.2570318352832315	0.9999462548212198
5.2604733359603060	1.0000323909332072
5.2639774123607026	0.9999627575370039
5.2675687681047947	1.0000242670576251
5.2712843936699567	0.9999795588698731
5.2751839883581937	1.0000120254104019
5.2794208265090639	0.9999493011269547
5.2863529588118041	1.0001300792973833
5.2910227626147259	1.0000194542085108
5.2951599144595374	1.0000425387442176
5.2992176059347944	0.9999978905284315
5.3035092078420272	1.0000572020632670
5.3103300119944921	0.9998416476938250
5.3142237002125867	1.0000143836901152
5.3174591643308071	0.9998903749387601
5.3205127380756645	1.0000549921254671
5.3235358512604201	0.9999128581665615
5.3265685803702976	1.0000631808469351
5.3296256353867442	0.9999253617996501
5.3327068888814111	1.0000635822128405
5.3358139587301237	0.9999325022902373
5.3389435978351800	1.0000616315879576
5.3420964881214932	0.9999371923040947
5.3452697626933166	1.0000589950038861
5.3484644388830498	0.9999407960051075
5.3516782489067074	1.0000561889862383
5.3549126803348495	0.9999439510765836
5.3581660555531805	1.0000533079182499
5.3614404052850420	0.9999470078569195
5.3647347234128429	1.0000502689192086
5.3680517547950508	0.9999502335856680
5.3713914120061323	1.0000468788904142
5.3747575334529483	0.9999539277448096
5.3781515129431874	1.0000428103358843
5.3815791293679958	0.9999585396470374
5.3850445705902734	1.0000374784316590
5.3885576723994308	0.9999648930262016
5.3921289476838528	1.0000297015656461
5.3957787762331568	0.9999746898647291
5.3995366807103844	1.0000174385808493
5.4034635006551524	0.9999862539697372
5.4077062965603089	1.0000501841558962
5.4145869142241665	0.9998598686171080
5.4189793517710418	0.9999929021188726
5.4226967159180326	0.9999258566217513
5.4261660818296118	1.0000318567812287
5.4295554369988981	0.9999419691353256
5.4329200662813912	1.0000419809714842
5.4362837643746049	0.9999489096131132
5.4396520120741751	1.0000443301665620
5.4430294950529339	0.9999522565791011
5.4464153624656326	1.0000442751990668
5.4498116848986440	0.9999542605156267
5.4532169876811771	1.0000434100858082
5.4566331068559730	0.9999558173881125
5.4600587495188764	1.0000422116001786
5.4634959831622298	0.9999573104648825
5.4669439298619436	1.0000407631388717
5.4704051714439315	0.9999589734406874
5.4738795294347504	1.0000389614956089
5.4773705397229140	0.9999610609145174
5.4808793062089451	1.0000365370625561
5.4844111971475042	0.9999639823421768
5.4879699137377793	1.0000329444586151
5.4915647611731666	0.9999685326435742
5.4952055262174504	1.0000270272204625
5.4989117417540330	0.9999764124541373
5.5027116350524530	1.0000166859918194
5.5066640859746299	0.9999862033582941
5.5109137988397370	1.0000510672740650
5.5178194306421382	0.9998657970977153
5.5224156868488663	0.9999861646531133
5.5263654031547569	0.9999403737586988
5.5300660751587865	1.0000202745859681
5.5336881660139161	0.9999578218109650
5.5372949949985593	1.0000273164189883
5.5409204944844124	0.9999669557615356
5.5445828335286267	1.0000249562983698
5.5483052053469430	0.9999760589070864
5.5521166352127986	1.0000160663772197
5.5560760765340795	0.9999859533012392
5.5603276914236170	1.0000511782306383
5.5672680323318824	0.9998725784392406
5.5721099881266518	0.9999761600718041
5.5764674701080050	0.9999616978604681
5.5808540980696399	1.0000438370326195
5.5878965769325788	0.9998661804148845
5.5928374868777437	0.9999734352567774
5.5974274351400997	0.9999170347798201
5.6045948423177210	1.0001283474141736
5.6095537203620420	1.0000209145496124
5.6139533321342823	1.0000367532783878
5.6183555017684768	0.9999543432047023
5.6253681209560087	1.0001399244403779
5.6300639929680694	1.0000166147036447
5.6340829477888787	1.0000572070362133
5.6378414958742216	0.9999815605738751
5.6415159319267669	1.0000384733538585
5.6451786690115275	0.9999748192441746
5.6488654784801495	1.0000282202892847
5.6526046851268283	0.9999786432107755
5.6564279783736371	1.0000170855957740
5.6603943883463517	0.9999865843230289
5.6646479777529217	1.0000517480221658
5.6715615334990286	0.9998679747238161
5.6762385976875054	0.9999837088601046
5.6802902690634243	0.9999463818708465
5.6841048947482804	1.0000145913909591
5.6878583286843369	0.9999664460588488
5.6916262180562169	1.0000174730728590
5.6954647721538310	0.9999805060125803
5.6994368914080153	1.0000116302927715
5.7036936488845189	0.9999466577009072
5.7105981918170228	1.0001322355380409
5.7152366876260503	1.0000131883728596
5.7192205070989806	1.0000573616819128
5.7229417844220549	0.9999781601023957
5.7265632687190244	1.0000424072030962
5.7301469837887460	0.9999683001854613
5.7337162993170505	1.0000374310259741
5.7372816111182354	0.9999653852045376
5.7408451780808223	1.0000356822717280
5.7444098005822042	0.9999645444667581
5.7479744269463229	1.0000350311256470
5.7515407789176027	0.9999643456143583
5.7551072791147337	1.0000347513340933
5.7586755245410028	0.9999643460199157
5.7622438638090960	1.0000345973748395
5.7658139023445516	0.9999644082878021
5.7693839941184271	1.0000344846645046
5.7729557724953988	0.9999644926459010
5.7765276175850611	1.0000343804185123
5.7801012013854765	0.9999645926235906
5.7836749475716429	1.0000342659539063
5.7872505871880504	0.9999647164978994
5.7908266171461911	1.0000341216255975
5.7944048679034807	0.9999648849520613
5.7979839651388767	1.0000339170425652
5.8015659154639634	0.9999651369159507
5.8051495776816271	1.0000335989260907
5.8087372797730374	0.9999655437650301
5.8123283126141541	1.0000330701082478
5.8159256068019545	0.9999662379203559
5.8195292794571039	1.0000321484142642
5.8231434383013667	0.9999674722567650
5.8267698666777141	1.0000304781912899
5.8304151405230922	0.9999697556517874
5.8340847377373724	1.0000273160290813
5.8377911118784569	0.9999741987894697
5.8415494842592368	1.0000210056906742
5.8453901732268116	0.9999829083239207
5.8493663035012355	1.0000127793955369
5.8536237487202927	0.9999470065606624
5.8605638988035906	1.0001251513794904
5.8654754198319230	1.0000230361988065
5.8700530330354486	1.0000810543411691
5.8771847654322764	0.9998677845977706
5.8820465852705075	0.9999830097659973
5.8862398434135326	0.9999527715045965
5.8901916703916699	1.0000089379946904
5.8941105976658879	0.9999763598159838
5.8981166120540012	1.0000095911234648
5.9023848288088727	0.9999450367769249
5.9093272508959114	1.0001258714087236
5.9141984654407480	1.0000224352207945
5.9185738130258727	1.0000370167952322
5.9229667557332730	0.9999543600073972
5.9300030487512112	1.0001329020426077
5.9349601940983927	1.0000253279215556
5.9395526867264108	1.0000826264386045
5.9467097755143579	0.9998705029363889
5.9517917990771290	1.0000296788299297
5.9592887759670292	0.9998307000164225
5.9643310419113655	0.9999728961697550
5.9685516050934480	0.9999430106210785
5.9724480344517916	1.0000111834164549
5.9762463844021649	0.9999660588275252
5.9800415290482878	1.0000163843737877
5.9838974603551272	0.9999804436571494
5.9878794263904815	1.0000115552271693
5.9921390164450719	0.9999463527115386
5.9990681455614663	1.0001273946982392
6.0038863423255160	1.0000204734995624
6.0081560948174859	1.0000393883191727
6.0122962173382559	0.9999967645864698
6.0166102449653520	1.0000593876688149
6.0235901697884717	0.9998743141824697
6.0285179936720539	0.9999766814391495
6.0331026874113780	0.9999183035003469
6.0402424919314663	1.0001314338709841
6.0451053338889400	1.0000160939364708
6.0492968636859503	1.0000462803915044
6.0532493754059189	0.9999901010390903
6.0571673102752230	1.0000226640728120
6.0611742829468982	0.9999894407291694
6.0654414551913920	1.0000540150459067
6.0723504432887374	0.9998667341148387
6.0769872005654051	0.9999864752501496
6.0809597524500179	0.9999403913587323
6.0846563154145850	1.0000227045594401
6.0882435201854515	0.9999538207411149
6.0917799069795011	1.0000339608584947
6.0952918118821318	0.9999573584722740
6.0987861885569341	1.0000383188620667
6.1022685128628789	0.9999577111548810
6.1057386042995789	1.0000405479647552
6.1091991391351943	0.9999570800922793
6.1126494222104659	1.0000419472990907
6.1160921691540251	0.9999563266710770
6.1195271437247776	1.0000428101038417
6.1229575557460549	0.9999558524653606
6.1263837531188878	1.0000431190668897
6.1298095221202038	0.9999559023771792
6.1332358350572136	1.0000427539593018
6.1366671509510793	0.9999566802585923
6.1401052212168405	1.0000415356125005
6.1435554692540597	0.9999584225509014
6.1470208898840113	1.0000391875576713
6.1505086419878667	0.9999615013129602
6.1540241852871658	1.0000352033189037
6.1575784530594762	0.9999666473998522
6.1611828210255402	1.0000285012659951
6.1648583158034889	0.9999754608121979
6.1686347242776272	1.0000171287092943
6.1725726511087338	0.9999862456491738
6.1768184671007793	1.0000505774278610
6.1837184361015831	0.9998640214921474
6.1882475389408311	0.9999876610733374
6.1921303968680661	0.9999373734624400
6.1957808849457310	1.0000209849620785
6.1993760589325113	0.9999579209583082
6.2029863343161198	1.0000244727343059
6.2066570542201793	0.9999724548133437
6.2104264676602590	1.0000158919696940
6.2143594159353732	0.9999854736226768
6.2186039570664393	1.0000499650395336
6.2255381614799186	0.9998698994084187
6.2302668253780373	0.9999788793600838
6.2344579959392306	0.9999576963604584
6.2385470868658945	1.0000015032287155
6.2428485257117439	0.9999409336045518
6.2497511366612510	1.0001408251157806
6.2540948877211777	1.0000026502321990
6.2577395066546124	1.0000780820789055
6.2611368307685309	0.9999628622568502
6.2644567700841991	1.0000616100309376
6.2677601284111120	0.9999534910235571
6.2710696347292698	1.0000530874401745
6.2743965971298348	0.9999528310685898
6.2777456324966545	1.0000473355847908
6.2811230163213443	0.9999556384613145
6.2845324968460217	1.0000418139079428
6.2879821530252515	0.9999607521947474
6.2914792551749406	1.0000349008611644
6.2950379945350665	0.9999687269912350
6.2986759424603118	1.0000246285684711
6.3024264021046870	0.9999813388358574
6.3063472356182864	1.0000126559293163
6.3105896808812671	0.9999488742701914
6.3174651256384573	1.0001398155810088
6.3218381322749861	1.0000056505722961
6.3255395787858300	1.0000734286351964
6.3290070479812979	0.9999680398826581
6.3324082248352020	1.0000549057572159
6.3358049956037839	0.9999606008429683
6.3392226819029904	1.0000444273425226
6.3426762389871181	0.9999624639263555
6.3461758889580206	1.0000357263736943
6.3497364944864492	0.9999693261579414
6.3533759727325956	1.0000248743043350
6.3571275626966246	0.9999815246340941
6.3610490999523348	1.0000127456572381
6.3652917252623764	0.9999488961228142
6.3721769566587714	1.0001379661203071
6.3766069750201009	1.0000079564492064
6.3803755939010163	1.0000686838322816
6.3839133649985111	0.9999721654409255
6.3873896405946153	1.0000491897994879
6.3908697882281773	0.9999662819844037
6.3943837404458534	1.0000372218818081
6.3979530438393848	0.9999706469656361
6.4015984729715507	1.0000253159135133
6.4053540502020470	0.9999819223825039
6.4092779346521009	1.0000129291518960
6.4135211907045102	0.9999489115748493
6.4203950571260631	1.0001400352759895
6.4247641582594657	1.0000051938857746
6.4284550786786490	1.0000746283199262
6.4319041304057318	0.9999662744866532
6.4352771178210082	1.0000577089535254
6.4386334352356291	0.9999569519308927
6.4419950730035929	1.0000494843426722
6.4453726009873042	0.9999560029453655
6.4487700006577890	1.0000442776942760
6.4521928887098854	0.9999582867802924
6.4556444615593067	1.0000394413890796
6.4591322498147141	0.9999627104970126
6.4626630392366673	1.0000333110365289
6.4662505630105009	0.9999698852618223
6.4699118844942056	1.0000238836191495
6.4736797332156906	0.9999816639162079
6.4776111356672939	1.0000126793425268
6.4818564176211932	0.9999485178531794
6.4887708066090184	1.0001320223226524
6.4933982953265863	1.0000154804975099
6.4974207615092396	1.0000518237089331
6.5012534566194748	0.9999888285893525
6.5050892364601607	1.0000245990002647
6.5090479454776400	0.9999899910780069
6.5133017014550152	1.0000526708557969
6.5202412742556639	0.9998706398698722
6.5249796565069138	0.9999791494050463
6.5291783755889083	0.9999580274065059
6.5332719705086264	1.0000016553824351
6.5375746412785993	0.9999408746353817
6.5445547849075085	1.0001263603867052
6.5493826567490272	1.0000221875287980
6.5537205387969220	1.0000372013823418
6.5581036884282593	0.9999558721058752
6.5650938602690880	1.0001435557056324
6.5696386739120394	1.0000126076797524
6.5734890813144258	1.0000666487817353
6.5770843783808965	0.9999746073282453
6.5806006092425546	1.0000479663118482
6.5841051415685925	0.9999666746173450
6.5876270198621505	1.0000380576964014
6.5911844056621129	0.9999684378177309
6.5947914584349734	1.0000293207354456
6.5984694190814324	0.9999760832960742
6.6022479761062343	1.0000173695987431
6.6061872723419581	0.9999863944247060
6.6104334480542066	1.0000506999664025
6.6173326950741211	0.9998639915115084
6.6218603742944673	0.9999880539746826
6.6257346496086518	0.9999362789952850
6.6293652754701595	1.0000229940672916
6.6329242007764941	0.9999544084481278
6.6364746356053192	1.0000296368126411
6.6400504742169062	0.9999646623027227
6.6436702257003146	1.0000264438572413
6.6473577084383351	0.9999749607458386
6.6511429185809501	1.0000164926463022
6.6550862491816147	0.9999859714971933
6.6593335001898160	1.0000506182231539
6.6662278531955437	0.9998631636124931
6.6707337305374548	0.9999891860929115
6.6745738867545406	0.9999335788666968
6.6781594125629189	1.0000261176365308
6.6816600153285695	0.9999496835186639
6.6851349644296327	1.0000352886716739
6.6886121832857723	0.9999569467695866
6.6921014084241275	1.0000361994621050
6.6956122160765252	0.9999618413486772
6.6991499770056429	1.0000334835725453
6.7027251932899139	0.9999673237741989
6.7063483932664347	1.0000275464077286
6.7100398403251535	0.9999758584656953
6.7138284508018931	1.0000168357683812
6.7177739255272355	0.9999861887721528
6.7220217596677285	1.0000508111745550
6.7289546930270037	0.9998705751861608
6.7337119204717784	0.9999787361485284
6.7379289953405408	0.9999583572759916
6.7420342632529948	1.0000017522367712
6.7463400927008141	0.9999405308387492
6.7532849313805867	1.0001324150861068
6.7579062558592451	1.0000129167370011
6.7618803966036971	1.0000561735200475
6.7656228398730560	0.9999818975528439
6.7693116842447276	1.0000350563576164
6.7730281041874516	0.9999801667396749
6.7768264065929529	1.0000192289328569
6.7807752439621920	0.9999874352771970
6.7850244072475245	1.0000514856096985
6.7919581117316516	0.9998707278016645
6.7967143135054044	0.9999788477266851
6.8009301561472393	0.9999583735090705
6.8050345923709319	1.0000017684139155
6.8093402019341509	0.9999405693445392
6.8163187766199398	1.0001262080984379
6.8211609301145391	1.0000221438958619
6.8255091138449773	1.0000371123737331
6.8298950606585231	0.9999554742419379
6.8369085373481866	1.0001388480775293
6.8416200109708170	1.0000186665901600
6.8456942226884880	1.0000518903246349
6.8495595747836768	0.9999899484991428
6.8534162388400564	1.0000245616198729
6.8573867064840197	0.9999900841885467
6.8616437874298262	1.0000531002566166
6.8685335336687876	0.9998617313404659
6.8729817234060242	0.9999919042964811
6.8767475841082852	0.9999286252758198
6.8802535546169263	1.0000307182435184
6.8836706160323224	0.9999437251293042
6.8870574248238423	1.0000409614076164
6.8904407777603423	0.9999503551665052
6.8938291218029679	1.0000429025961848
6.8972302153987792	0.9999543032100708
6.9006467033411489	1.0000416329871966
6.9040847347098104	0.9999579831625075
6.9075478662798746	1.0000383753729587
6.9110443526671759	0.9999627224173843
6.9145814911225862	1.0000328995795256
6.9181735746114548	0.9999699217226277
6.9218380630813376	1.0000237486085697
6.9256080171541008	0.9999816663015239
6.9295406273791800	1.0000126673775060
6.9337862508238839	0.9999484712106750
6.9406833915171937	1.0001352140573090
6.9452062131378973	1.0000111199519424
6.9490810446200530	1.0000618786496855
6.9527273299408021	0.9999778387616038
6.9563182829084846	1.0000411409617063
6.9599272029926924	0.9999744176087595
6.9635957155238497	1.0000265076112986
6.9673651809632657	0.9999830247460716
6.9712967706727600	1.0000134426036515
6.9755421838649774	0.9999489341286515
6.9824639577245069	1.0001309217341980
6.9871337179535304	1.0000174658642502
6.9912238859256330	1.0000472191884497
6.9951562419220910	0.9999942426379864
6.9991504131085609	1.0000199410990709
7.0034174204108020	0.9999514811585547
7.0103347560048235	1.0001364365608330
7.0148837455617912	1.0000128126908063
7.0187895214981566	1.0000601138696468
7.0224745315490278	0.9999806213387200
7.0261166899303911	1.0000372933296369
7.0297963257946119	0.9999794387326149
7.0335677540791393	1.0000199006541590
7.0375003305343089	0.9999875798901948
7.0417450959548713	1.0000509890550136
7.0486497151578869	0.9998645254955715
7.0531836275819124	0.9999870529012734
7.0570827020752134	0.9999390432078968
7.0607622636302336	1.0000186241032230
7.0644022499035088	0.9999616469962300
7.0680789730490829	1.0000195866117731
7.0718498760058210	0.9999790221371664
7.0757807253499854	1.0000113442229464
7.0800262757849106	0.9999479336702625
7.0869233196668819	1.0001354339643351
7.0914293259615873	1.0000106217168516
7.0952877501263663	1.0000626441489953
7.0989206629212944	0.9999774012513813
7.1025010851054518	1.0000416213073451
7.1061018236666920	0.9999741733104773
7.1097641495897346	1.0000267099765932
7.1135292200007036	0.9999829621564397
7.1174581959798786	1.0000134427974410
7.1217028942207268	0.9999490233308412
7.1285760677741328	1.0001401496891926
7.1329468402088247	1.0000050407162075
7.1366347778588146	1.0000751631577920
7.1400756622699895	0.9999653824070722
7.1434349884051516	1.0000591010421194
7.1467715800433957	0.9999551525405675
7.1501065482639286	1.0000518902476387
7.1534493299635420	0.9999530403352065
7.1568023703564450	1.0000480190510381
7.1601692707816067	0.9999537109225086
7.1635504121993323	1.0000451232903895
7.1669493958608586	0.9999556902919027
7.1703672255513009	1.0000421105027006
7.1738087773271122	0.9999587332542516
7.1772768759977223	1.0000382589591439
7.1807790720534417	0.9999632105823699
7.1843221336758578	1.0000326629697334
7.1879198558145125	0.9999702115666069
7.1915892817150828	1.0000236035724037
7.1953630851822856	0.9999817516499107
7.1992980897427481	1.0000126770048414
7.2035443478324659	0.9999483909094403
7.2104219238477683	1.0001387622353743
7.2148340498188288	1.0000062564153229
7.2185631535254693	1.0000725675909738
7.2220394944336972	0.9999669634549802
7.2254294949758080	1.0000569970468260
7.2287935235573935	0.9999566886475867
7.2321540543814962	1.0000500960943008
7.2355217223927237	0.9999546617134135
7.2389001812424931	1.0000461666625939
7.2422943121458045	0.9999556818550944
7.2457059910055897	1.0000428026738093
7.2491405971858631	0.9999584138472810
7.2526014206256750	1.0000387808184938
7.2560963717929665	0.9999628606707578
7.2596325693121688	1.0000330272687532
7.2632241039882670	0.9999699697322044
7.2668883074875037	1.0000237826285370
7.2706581223472764	0.9999816816302729
7.2745906702801006	1.0000126746727396
7.2788362718206843	0.9999484758914737
7.2857086018455064	1.0001398616669670
7.2900860488911912	1.0000049713250423
7.2937767728862442	1.0000752036320781
7.2972156473696614	0.9999648660078978
7.3005683818170155	1.0000598547592856
7.3038938954066630	0.9999540443416681
7.3072131240865303	1.0000533464138524
7.3105351345779903	0.9999512209784921
7.3138617510965833	1.0000502919447081
7.3171957189084909	0.9999509577671818
7.3205362162081258	1.0000484929742861
7.3238852694288745	0.9999516149573855
7.3272417413998907	1.0000470815308651
7.3306076988207414	0.9999526721671389
7.3339821110693091	1.0000457066289143
7.3373672632501608	0.9999539957504608
7.3407624220906698	1.0000441844978780
7.3441702655996535	0.9999556163858635
7.3475905981605285	1.0000423503582232
7.3510267943743637	0.9999576765804318
7.3544796205235130	1.0000399719198885
7.3579537538039963	0.9999604600935147
7.3614517787496112	1.0000366458843495
7.3649810254984116	0.9999645167987882
7.3685479804765022	1.0000315816388992
7.3721661642350105	0.9999710009266440
7.3758522681854819	1.0000230911351653
7.3796385404115439	0.9999819782298052
7.3835811618907696	1.0000126963018117
7.3878294763192063	0.9999481360176343
7.3947220182534634	1.0001356110137567
7.3992373963681244	1.0000098999172429
7.4030842963690082	1.0000649764249436
7.4066760566379637	0.9999728168479042
7.4101775938081547	1.0000494163281342
7.4136498432047766	0.9999629189080161
7.4171153814475259	1.0000432753080815
7.4205842708320553	0.9999605558757368
7.4240590825855417	1.0000403722009286
7.4275431960372504	0.9999606429961139
7.4310366202606932	1.0000384298662706
7.4345424568021130	0.9999617875631677
7.4380611225331643	1.0000364617765825
7.4415968725463042	0.9999637726900388
7.4451517964650211	1.0000338117723950
7.4487327330998818	0.9999669761299036
7.4523455904420040	1.0000296087387772
7.4560032957149005	0.9999724922581393
7.4597217979972639	1.0000221309431923
7.4635324313306937	0.9999824096066962
7.4674900132459134	1.0000127340316898
7.4717423845975519	0.9999476326006095
7.4786439882300773	1.0001332286028692
7.4832471080899108	1.0000125067099968
7.4871939981996531	1.0000591784870694
7.4908835209021625	0.9999772297320887
7.4944797705446824	1.0000435168019115
7.4980453839911458	0.9999679577903975
7.5016047710656419	1.0000374290849361
7.5051699556963642	0.9999661930197038
7.5087456449481165	1.0000340625452218
7.5123381318480265	0.9999673345642306
7.5159513597257765	1.0000307449070323
7.5195943684744639	0.9999706742503006
7.5232764998129067	1.0000256019174250
7.5270166402410492	0.9999774308069524
7.5308420776203970	1.0000162683253673
7.5348102715688174	0.9999861745555451
7.5390642684111269	1.0000516078620303
7.5459759727559765	0.9998676864144724
7.5506472779692499	0.9999840780818844
7.5546865434855919	0.9999453283859115
7.5584804709093332	1.0000160873084858
7.5622014502301536	0.9999638763647191
7.5659189007661540	1.0000210718140177
7.5696770573164960	0.9999753458707873
7.5735120531047500	1.0000149341420712
7.5774852484222039	0.9999854841529374
7.5817407017287177	1.0000513893482068
7.5886488655677837	0.9998669452515189
7.5933017023563547	0.9999850353848800
7.5973078764493964	0.9999428000385071
7.6010528974754736	1.0000193927310397
7.6047039594418173	0.9999584730075758
7.6083215742231669	1.0000283145916344
7.6119351507066249	0.9999646120807406
7.6155554531399687	1.0000295565631472
7.6191931691601669	0.9999686036541340
7.6228551499777328	1.0000272104536576
7.6265546381400275	0.9999737099824175
7.6303071719622029	1.0000210371932392
7.6341433901232234	0.9999827604083521
7.6381167284116485	1.0000127323925778
7.6423734130599739	0.9999470801123880
7.6492810342959148	1.0001313835274828
7.6539577464541519	1.0000146077946006
7.6579939600543652	1.0000540847471366
7.6617789759128696	0.9999818119867631
7.6654796981753073	1.0000367229696876
7.6691658756112808	0.9999753382948490
7.6728724108003421	1.0000273285116428
7.6766274536495427	0.9999789293206844
7.6804624654955687	1.0000168108951759
7.6844360583001627	0.9999865126623941
7.6886916222086459	1.0000519572331155
7.6956295828650214	0.9998728677195243
7.7004893894871440	0.9999762900322173
7.7048599652952161	0.9999618394173621
7.7092501732524266	1.0000443694439216
7.7162567836128302	0.9998602606122942
7.7209835097508517	0.9999815465186315
7.7250446515143647	0.9999440277819835
7.7288451812344574	1.0000155629367675
7.7325662633336609	0.9999633144843758
7.7362810224631406	1.0000210595847498
7.7400356468918723	0.9999750954722179
7.7438673765263122	1.0000149460645422
7.7478383908513999	0.9999854623775269
7.7520932755793375	1.0000513008988079
7.7590244310812118	0.9998711320831758
7.7638242945135758	0.9999784506531203
7.7680798674854952	0.9999592154450971
7.7722092549307877	1.0000020840588681
7.7765217031331995	0.9999399099841377
7.7834595132899231	1.0001328239139304
7.7880841051503698	1.0000115781554277
7.7920327722107503	1.0000594984398172
7.7957123107503712	0.9999760236658066
7.7992913622884004	1.0000447130539212
7.8028353990229018	0.9999665487770348
7.8063710255404715	1.0000387832785074
7.8099124555419452	0.9999650150448885
7.8134668492878214	1.0000349152755763
7.8170434218101699	0.9999670417377855
7.8206498498550410	1.0000302624855155
7.8243002788217604	0.9999722939781661
7.8280117780216756	1.0000224570586469
7.8318166122396020	0.9999823414458305
7.8357704816461604	1.0000127495191913
7.8400218717608068	0.9999477718089619
7.8469324497897590	1.0001317385868520
7.8515846561456888	1.0000150572755440
7.8556141011243188	1.0000528754104470
7.8594244412439958	0.9999856227173602
7.8631962860189528	1.0000297761057919
7.8670220461310345	0.9999861519797993
7.8709829487390826	1.0000149195815404
7.8752369380244849	0.9999488667711005
7.8821611598767554	1.0001303019734098
7.8868791760763246	1.0000181984400454
7.8910151118039735	1.0000457653823078
7.8949817047033308	0.9999944616268855
7.8989963997141794	1.0000198187221820
7.9032690610035417	0.9999507289242917
7.9102151159445730	1.0001302248629769
7.9149900303982044	1.0000208834974169
7.9192154306864895	1.0000408272124883
7.9233264986253396	0.9999973216076262
7.9276326941032833	1.0000586465017582
7.9346198647597532	0.9998743367343540
7.9395241620114483	0.9999762562155022
7.9441026574346010	0.9999189906655573
7.9512489555039938	1.0001317886949181
7.9560742342932462	1.0000166222609479
7.9602492511502909	1.0000450952670816
7.9642289363693992	0.9999939283766771
7.9682475723583908	1.0000196207360623
7.9725218243961544	0.9999506286238148
7.9794785016169980	1.0001285969607727
7.9843146504744569	1.0000234624312199
7.9886618123682300	1.0000377383624806
7.9930472277609450	0.9999557397713739
8.0000315401892461	1.0001440512860418
8.0045696482460915	1.0000116653786359
8.0083977132783914	1.0000689725789240
8.0119542725800752	0.9999713229087895
8.0154137699279691	1.0000530009990762
8.0188404987411435	0.9999603906008484
8.0222587169664994	1.0000465897902313
8.0256795301878405	0.9999577664911817
8.0291065292983692	1.0000433674973723
8.0325440728432369	0.9999580352470332
8.0359932976918031	1.0000409171695854
8.0394585150729601	0.9999597418011791
8.0429416084882224	1.0000381270850358
8.0464485675649353	0.9999627302455653
8.0499837429865462	1.0000341649881546
8.0535570173330839	0.9999675941155847
8.0571787800097212	1.0000277900731649
8.0608691455946193	0.9999759445018558
8.0646570038548191	1.0000169156113610
8.0686020270895469	0.9999862304321212
8.0728497385413682	1.0000508210633543
8.0797536315115099	0.9998651138512211
8.0843223553774557	0.9999867338550491
8.0882449762201567	0.9999391945691721
8.0919254348325573	1.0000205546459076
8.0955365559194146	0.9999578320194707
8.0991441326520341	1.0000262564658422
8.1027860783868348	0.9999690392417446
8.1064873161337658	1.0000213314811675
8.1102836874731903	0.9999813530103399
8.1142320872306364	1.0000122966192011
8.1184820435983571	0.9999477428243349
8.1254045264375065	1.0001297087086243
8.1301203895722320	1.0000180074140337
8.1342560061609497	1.0000456118190413
8.1382230935632585	0.9999944240034079
8.1422382836325244	1.0000197878179509
8.1465110486541263	0.9999506933895620
8.1534203441678876	1.0001370377421737
8.1579610236163376	1.0000111766984652
8.1618308112377331	1.0000638798251109
8.1654485943712878	0.9999749404772679
8.1689866691529485	1.0000460864585077
8.1725143130254239	0.9999679454014713
8.1760644673620231	1.0000356384453710
8.1796610012810742	0.9999714529324587
8.1833263510041601	1.0000247003571692
8.1870957011398851	0.9999821095482837
8.1910276668026096	1.0000129210799567
8.1952731555956682	0.9999486238418059
8.2021928374362894	1.0001310950564932
8.2068543794654456	1.0000172004226531
8.2109349014804351	1.0000475693853597
8.2148590844857701	0.9999941331305748
8.2188480955638425	1.0000199497438380
8.2231137445973275	0.9999516551276082
8.2300718374468271	1.0001290427679479
8.2348734998983009	1.0000235647269673
8.2391959335516152	1.0000379458385564
8.2435746699863692	0.9999566734504282
8.2505464475165340	1.0001474045495191
8.2549661735030178	1.0000089844075117
8.2586868966059725	1.0000743151142077
8.2621702927512874	0.9999703533803527
8.2655949882352306	1.0000529932092597
8.2690287925739607	0.9999644446300056
8.2725025399719616	1.0000394649019788
8.2760380747188318	0.9999694821026585
8.2796565106535418	1.0000263007710499
8.2833922323963147	0.9999816155311244
8.2873041397891392	1.0000129417187233
8.2915441816701954	0.9999493366408760
8.2984560762348014	1.0001334634001100
8.3030252656680812	1.0000144375941609
8.3069908828709380	1.0000542220143325
8.3107783752828528	0.9999880661593926
8.3145817591655860	1.0000254340032195
8.3185212040626588	0.9999902066014127
8.3227697288162705	1.0000521245977536
8.3296999304565098	0.9998680778646951
8.3343354489577894	0.9999822403168284
8.3383954260031139	0.9999508077581424
8.3423038652092067	1.0000048862088871
8.3462853432144168	0.9999789109269134
8.3505476156382397	1.0000468931670412
8.3574799159598925	0.9998642240146208
8.3620709339203128	0.9999834470509051
8.3660558080679444	0.9999450011333864
8.3698556012446677	1.0000104395138829
8.3736689372402822	0.9999736046103473
8.3776127243107368	1.0000087139765226
8.3818637143895245	0.9999466075297415
8.3887191701475921	1.0001442329056494
8.3929510004153620	0.9999992741146314
8.3964931626720336	1.0000852619098051
8.3998001938097353	0.9999579626171314
8.4030357568534555	1.0000684371940363
8.4062556648397422	0.9999477207986701
8.4094789267328558	1.0000601214132079
8.4127138960967525	0.9999458665199512
8.4159622502348661	1.0000554278117872
8.4192270819714050	0.9999468698791664
8.4225081375855613	1.0000519804247054
8.4258083579261012	0.9999491038942291
8.4291277434919447	1.0000487117385082
8.4324699241235113	0.9999521428861087
8.4358358441136314	1.0000450454115026
8.4392304544201018	0.9999560706430244
8.4426565672070399	1.0000404513718302
8.4461217871226708	0.9999613672227425
8.4496329316146532	1.0000340903694391
8.4532038718183991	0.9999691606226853
8.4568518310755323	1.0000242631018039
8.4606097902163100	0.9999814613641725
8.4645351902866022	1.0000126571470962
8.4687788570592879	0.9999487186642420
8.4757004940962961	1.0001309388768274
8.4803612257755532	1.0000173112693735
8.4844433588380923	1.0000474588120676
8.4883699883680190	0.9999942154250921
8.4923608133896895	1.0000199738595488
8.4966268896427160	0.9999516189191732
8.5035945113910500	1.0001271642254146
8.5084740110170429	1.0000244810744474
8.5130437519226998	1.0000803900181403
8.5201491594297778	0.9998605526883768
8.5247144452106483	0.9999915809928200
8.5285413152557741	0.9999315919650569
8.5320936152132845	1.0000285706173979
8.5355570264725795	0.9999473646147116
8.5389942087733921	1.0000377106567859
8.5424319697805977	0.9999542621688893
8.5458770878967929	1.0000394160441564
8.5493347481140134	0.9999577847087490
8.5528044389883107	1.0000388646382725
8.5562884978285414	0.9999601019209670
8.5597858577257178	1.0000375008369069
8.5632989880823125	0.9999621437394136
8.5668275486569954	1.0000356270930757
8.5703751466324807	0.9999644597138236
8.5739431471309029	1.0000330305599539
8.5775376991080741	0.9999676828411328
8.5811639801196993	1.0000289870735974
8.5848342098177035	0.9999730014115649
8.5885636052600560	1.0000218056138888
8.5923827655464127	0.9999825757036811
8.5963456927788950	1.0000127587257324
8.6005995025596640	0.9999474611555835
8.6075043360015506	1.0001323734814902
8.6121399532141591	1.0000134416342863
8.6161254100456581	1.0000570322703566
8.6198539054912242	0.9999789336159380
8.6234890399287689	1.0000411886324903
8.6270942777263855	0.9999700604404196
8.6306953002581288	1.0000348612460532
8.6343059376219209	0.9999689043089675
8.6379334273546604	1.0000307137037217
8.6415879304347971	0.9999713674984786
8.6452793686864418	1.0000254475754931
8.6490268107079533	0.9999776980815612
8.6528576065871619	1.0000162169411386
8.6568290648347475	0.9999861768627721
8.6610839642613122	1.0000517158434037
8.6679941157512133	0.9998675312406384
8.6726629980810017	0.9999842707332368
8.6766966162692860	0.9999449134819305
8.6804827116235543	1.0000164839384389
8.6841946909809291	0.9999633848730121
8.6879029207160627	1.0000214215391623
8.6916525391083326	0.9999750409233372
8.6954805919804201	1.0000150371909691
8.6994493510418174	0.9999854742871571
8.7037036211843670	1.0000512187445847
8.7106021725337790	0.9998648967003161
8.7151836395237261	0.9999874690923027
8.7190975145410619	0.9999372052142058
8.7227418143846140	1.0000244035369485
8.7262854804396781	0.9999515882254920
8.7297882335463548	1.0000349161072055
8.7332777042381444	0.9999566958125430
8.7367623595827215	1.0000378167463304
8.7402493450929430	0.9999589860863867
8.7437402201024295	1.0000380351622906
8.7472395439863586	0.9999607068070507
8.7507486769946112	1.0000368787627618
8.7542728452404628	0.9999628604063028
8.7578149519193254	1.0000344595160831
8.7613826327316762	0.9999662195075505
8.7649825256868930	1.0000301799062157
8.7686282494440171	0.9999719894258426
8.7723364171919513	1.0000224365455281
8.7761390183119534	0.9999822520304404
8.7800915869831737	1.0000127125571350
8.7843426103779425	0.9999477947927300
8.7912372441322866	1.0001347679866699
8.7957860457983106	1.0000106725448130
8.7996659190491648	1.0000632821994428
8.8032845573573280	0.9999736573637630
8.8068066304200787	1.0000484063488562
8.8102934887495330	0.9999632860368555
8.8137678912831134	1.0000430562727423
8.8172398629773170	0.9999602844323944
8.8207117040531102	1.0000409619404946
8.8241863417918740	0.9999595787429706
8.8276631117909279	1.0000399499116903
8.8311441558211143	0.9999596982467804
8.8346285641378657	1.0000391964213162
8.8381186907655476	0.9999602380028111
8.8416139599781136	1.0000383371418182
8.8451172735931500	0.9999611690111634
8.8486287557623129	1.0000371152910581
8.8521522808701096	0.9999626576661536
8.8556892644140408	1.0000352102236518
8.8592454097104341	0.9999650799684296
8.8628247132596254	1.0000320662744879
8.8664367704028404	0.9999692085735787
8.8700915903239910	1.0000265391418768
8.8738088669300694	0.9999767173007599
8.8776168422387283	1.0000165497019811
8.8815741984554233	0.9999861904300598
8.8858252561110227	1.0000512329286046
8.8927729996558966	0.9998739376797896
8.8976663188161655	0.9999757212244429
8.9022408712021797	0.9999187089846853
8.9088436551595258	1.0002227063095046
8.9140896017846991	0.9999169566598635
8.9191286389615279	1.0002871821438513
8.9230067976070195	1.0000114999101839
8.9271278975476314	0.9999492507771307
8.9311855797520217	0.9999124869781985
8.9351568898619469	0.9999634724486595
8.9390711084462087	0.9999416084512421
8.9430693087437980	0.9999929484548012
8.9473378138295416	0.9999473125926059
8.9544813102013805	1.0001201728047016
8.9590279357373319	1.0000182906079453
8.9631240251685718	1.0000354959484101
8.9671646943356489	1.0000163528085118
8.9712683568947629	1.0000438343682387
8.9754320997465591	1.0000092224267192
8.9797027441906607	1.0000826261201003
8.9852164322507502	0.9997371630779771
8.9905456507813000	1.0002851578099889
8.9938758374948335	0.9998948216608550
8.9969602952460175	1.0000689332694817
8.9999877300428928	0.9999010821946535
9.0031499669107049	1.0000145098572260
9.0065012813176093	0.9999363355596540
9.0100618758626148	0.9999971248221182
9.0138745658471535	0.9999665393886684
9.0180833756877607	1.0000292503351849
9.0251160499228362	0.9998640728364556
9.0291501566644090	1.0000116804510006
9.0327027280544634	0.9999429858461109
9.0362016759686004	1.0000341811197402
9.0398165722521089	0.9999877312304666
9.0436472760228579	1.0000300289366795
9.0478682616825221	0.9999785895174699
9.0545460911086675	1.0002293285915302
9.0597839290665743	0.9997190927736990
9.0633944101018802	1.0000327611554232
9.0679170726115235	1.0000484882055931
9.0733394505056495	1.0003760654315248
9.0819018290642308	0.9997704980765796
9.0859961152410484	0.9999386084173731
9.0895578251807425	0.9998581781030373
9.0932681871104268	0.9999080950688047
9.0974651863520535	0.9998527836215210
9.1040686391385606	1.0000773522587483
9.1087281202488448	0.9999502439186958
9.1128194846563790	0.9999798846575679
9.1168294568180883	0.9999232780334208
9.1209579213284933	0.9999805102225799
9.1249900750066804	0.9999896341164498
9.1287481168077100	1.0000695282008738
9.1321752056710270	0.9999556193873388
9.1354067093049380	1.0000676707410154
9.1386574279729196	0.9999571287014041
9.1420828544785113	1.0000242283040557
9.1458064651327415	0.9999812143933570
9.1500001734254628	1.0000368684021743
9.1569378425107892	0.9998545616722724
9.1613424777621280	0.9999703318546573
9.1654056130206385	0.9999530694314497
9.1697163476925887	1.0000282605237771
9.1767427818712921	0.9998454299178060
9.1809299868129806	0.9999854782299753
9.1846229134810891	0.9999335123135239
9.1882879251035892	1.0000044504863426
9.1921334356376736	0.9999767140472546
9.1963585710106148	1.0000414055550475
9.2032201397370113	0.9998455464385424
9.2072104369027041	1.0000050723282168
9.2105927699042809	0.9999048952867758
9.2138107022090985	1.0000420724002757
9.2170072357196879	0.9999292211373767
9.2202202703329217	1.0000491755593484
9.2234649706022314	0.9999420385516216
9.2267431656367940	1.0000482125538939
9.2300598056698444	0.9999503239105277
9.2334166383329173	1.0000437378201092
9.2368210272724252	0.9999579424347086
9.2402795070413468	1.0000365256255788
9.2438061531069273	0.9999673727213624
9.2474185239743818	1.0000254816758705
9.2511502310864913	0.9999810460298918
9.2550597608123581	1.0000127060679254
9.2592991798985391	0.9999493268277082
9.2662434202807606	1.0001274619129452
9.2710179237117760	1.0000229995475665
9.2753240957853542	1.0000377524982176
9.2796982312868490	0.9999570802751091
9.2866954273368094	1.0001431524399169
9.2912414475621237	1.0000146670447694
9.2951318874761526	1.0000616525669854
9.2988171349740778	0.9999831814778651
9.3024884248897699	1.0000340120564621
9.3062404533717320	0.9999856112710319
9.3101569941628455	1.0000152518945142
9.3143989404974263	0.9999505780614575
9.3212967838671990	1.0001372978162884
9.3257578337645537	1.0000104401207806
9.3295829387342035	1.0000637881546874
9.3332036207679465	0.9999786838616328
9.3367959363534627	1.0000394372665153
9.3404379076223485	0.9999785855101817
9.3441826412990068	1.0000205266160880
9.3480993535150034	0.9999877044904797
9.3523398181052961	1.0000505051933295
9.3592348236240035	0.9998620283695075
9.3636785227102486	0.9999903183031243
9.3674686935288847	0.9999315532212583
9.3710236884195908	1.0000263700422198
9.3745097313629842	0.9999493842972503
9.3779815932385180	1.0000347682226607
9.3814627330128637	0.9999573126172603
9.3849580281483362	1.0000359396712233
9.3884713894432430	0.9999613542872926
9.3920010839099533	1.0000350994691911
9.3955482624781865	0.9999638268755784
9.3991104721097418	1.0000337688424292
9.4026886574532416	0.9999656377288731
9.4062805929057571	1.0000323612653497
9.4098876570245498	0.9999672055364061
9.4135083361752816	1.0000308677112757
9.4171450874061744	0.9999688742603255
9.4207979809655793	1.0000289945896339
9.4244718837015373	0.9999711793677127
9.4281705146733721	1.0000260200357884
9.4319045849097041	0.9999752447953389
9.4356875074585123	1.0000202770710811
9.4395477316196565	0.9999832416561497
9.4435362682638573	1.0000128126721239
9.4477970753099889	0.9999465877554498
9.4547236603783134	1.0001271156549658
9.4595654480176883	1.0000206437268371
9.4638579880740075	1.0000388855701430
9.4680129249459686	0.9999965466094898
9.4723310040843121	1.0000597577233876
9.4793076468760269	0.9998742851807840
9.4842471410654738	0.9999768816519383
9.4888349210666849	0.9999179630565597
9.4959513697653453	1.0001347787759931
9.5006992993834309	1.0000108777393810
9.5046988812264086	1.0000591703645978
9.5083864844209067	0.9999742085149188
9.5119467847238308	1.0000469232125948
9.5154534970108617	0.9999633381417578
9.5189379031431791	1.0000425473250112
9.5224173899194486	0.9999608698558344
9.5259013461588129	1.0000394944193380
9.5294002768541546	0.9999623127170256
9.5329220545056756	1.0000354091736074
9.5364792318503557	0.9999668549356918
9.5400844741488218	1.0000286677960930
9.5437597392124545	0.9999755081703112
9.5475355345335462	1.0000172161526588
9.5514729606288729	0.9999862962998317
9.5557186683700106	1.0000505978019152
9.5626356555157415	0.9998672001039737
9.5672687172937323	0.9999833614376923
9.5712989517965781	0.9999473973302667
9.5751358671842794	1.0000100403390086
9.5789760957412149	0.9999744272044055
9.5829359486768837	1.0000089648602073
9.5871913046956987	0.9999461902202026
9.5941471729094854	1.0001247977892402
9.5990280016414147	1.0000233815929693
9.6035977150175533	1.0000799879533404
9.6107460255878880	0.9998683852443828
9.6156026551602629	0.9999803621569889
9.6198508951195567	0.9999586786507079
9.6239642161872485	1.0000021959824783
9.6282734528647502	0.9999408873513366
9.6352489370320331	1.0001282986983870
9.6400164679392368	1.0000195549297237
9.6442298157629764	1.0000405749447800
9.6483325105442610	0.9999971381387452
9.6526364729863428	1.0000582642410578
9.6595538177316822	0.9998609948146318
9.6639891389620907	0.9999929025938006
9.6677349509375681	0.9999278202883870
9.6712293563183902	1.0000304005323093
9.6746505921247099	0.9999454212870219
9.6780631869982106	1.0000374458204533
9.6815005981597562	0.9999563142853936
9.6849796627308695	1.0000342398055500
9.6885197630801034	0.9999668193452970
9.6921408918020404	1.0000247057278326
9.6958782203624274	0.9999808147687490
9.6997908893713625	1.0000125435855309
9.7040312034805059	0.9999491493208322
9.7109227654716435	1.0001372632081784
9.7153710550854111	1.0000092626639359
9.7191709023090187	1.0000661832958944
9.7227498621758830	0.9999750935123110
9.7262767538007822	1.0000454024846148
9.7298177675717525	0.9999705095780175
9.7334052118054633	1.0000321520788908
9.7370658197283628	0.9999766572731316
9.7408314158559737	1.0000182570405429
9.7447627558385133	0.9999867870796957
9.7490067950991008	1.0000506361797690
9.7559517938121711	0.9998723007937451
9.7607567154851367	0.9999760766649248
9.7650873997371441	0.9999614492756442
9.7694667450841184	1.0000427255277875
9.7765163685755212	0.9998660873930730
9.7814359363239269	0.9999729551607199
9.7860202416784166	0.9999175854084575
9.7931597613240395	1.0001344104404795
9.7978618913169608	1.0000127808532688
9.8018794347798721	1.0000529491380781
9.8056834608777166	0.9999869298190870
9.8094897915475965	1.0000249027717230
9.8134287138508807	0.9999896291104911
9.8176774688126898	1.0000515101921612
9.8245747298309958	0.9998609551602335
9.8289940659781880	0.9999887170266972
9.8328039489291452	0.9999369574568528
9.8364597537379765	1.0000138882378489
9.8401678070667256	0.9999709680582418
9.8440489819610608	1.0000085012787985
9.8482834119296321	0.9999491333096336
9.8552082181963030	1.0001354598140688
9.8596734478354957	1.0000129534152844
9.8635432912773133	1.0000599311264091
9.8672414687767258	0.9999851790950245
9.8709390078866743	1.0000333893071369
9.8747176411321025	0.9999873971014552
9.8786521230436186	1.0000167009068166
9.8828985191597916	0.9999517430328762
9.8898681479898247	1.0001253565418118
9.8946717679579521	1.0000211338104177
9.8990033072648131	1.0000334951802308
9.9033834323814158	0.9999490892987818
9.9102976249578525	1.0001410808044779
9.9152288959841091	1.0000337356168556
9.9195348249369832	1.0000632131524967
9.9235690148587654	1.0000095147186576
9.9274729419197225	1.0000561113153188
9.9313065859305620	1.0000073997978889
9.9351049047863498	1.0000594028497989
9.9388912007634325	1.0000103602697503
9.9426767114995691	1.0000591106516703
9.9464701605414145	1.0000087489298795
9.9502772174870096	1.0000509679648488
9.9541153841755996	1.0000035026037304
9.9580115200638790	1.0000323927340578
9.9620227041629956	0.9999951395799991
9.9662887421438437	1.0000522389616204
9.9732607548984298	0.9998607955980734
9.9779011344597510	0.9999687971576903
9.9819179363361581	0.9999237019476301
9.9856873094625307	0.9999934927279921
9.9893670204748357	0.9999328217700025
9.9930058272684157	1.0000002820578753
9.9966182492401039	0.9999337126319173
