0.0000000000000000	0.0000000000000000
2.5771983145324544	0.0010000000000000
2.5883477112846114	0.0010728632172016
2.5933134358175001	0.0010738911440286
2.5977934937689060	0.0011986431493907
2.6021436874114423	0.0013207145213926
2.6065107593644363	0.0015174906767190
2.6109558546474712	0.0017321805259080
2.6156285571167643	0.0020658939493434
2.6254278963137052	0.0029438088001869
2.6347520782534120	0.0039249332736085
2.6400115271424420	0.0046477603187078
2.6476713409672645	0.0064023580896675
2.6506387074613853	0.0067928362777779
2.6536785260716997	0.0076962906676905
2.6570070969826594	0.0084843067126069
2.6605876810780393	0.0096386234340853
2.6643957836841579	0.0108911672001757
2.6683645460208698	0.0124584059817124
2.6724934528796527	0.0142559975465485
2.6767149675501773	0.0164012378558672
2.6810574335855009	0.0189047423427994
2.6854454860118775	0.0218395023433251
2.6899359819727482	0.0252854380110428
2.6944574208666880	0.0293035303813640
2.6991903298602109	0.0340818067478163
2.7049169218130560	0.0413903719815485
2.7129744412952705	0.0528752616108843
2.7199628315002480	0.0666128580107393
2.7261243687865799	0.0804311871385159
2.7316968517029427	0.0954338599428503
2.7363616499140884	0.1098401348297438
2.7404480684857933	0.1241345945595558
2.7442592038401887	0.1387503506167076
2.7478597210151148	0.1540678847738545
2.7514753374797385	0.1706487319180423
2.7551157029009694	0.1889615685142012
2.7588666801314377	0.2092606692888208
2.7627273781274977	0.2319689671296591
2.7666986420328326	0.2570440815417401
2.7708522987910986	0.2852603903922656
2.7750638808853916	0.3157604944010160
2.7795359701150284	0.3501327169217058
2.7839598947533726	0.3858828181244239
2.7887117860579753	0.4258628911451017
2.7933598934115835	0.4660942237071063
2.7983202639211768	0.5097621022542850
2.8033782728037684	0.5539746846868373
2.8088287696082159	0.6018378945382459
2.8118683365167132	0.6275239737856729
2.8165573130656294	0.6661285053167122
2.8221884216793978	0.7094487620695548
2.8323225243746335	0.7798720326300272
2.8359021055831355	0.8012428786344844
2.8390744443104570	0.8192146930551102
2.8423848320311347	0.8363774565495451
2.8457798254582087	0.8528202395754073
2.8492977589415260	0.8682640022806227
2.8528122964561473	0.8824711080093236
2.8564055899993024	0.8954862087735378
2.8599635163790009	0.9072518129129373
2.8635987610289240	0.9179180395149180
2.8672033259096836	0.9275104677198313
2.8709047285409799	0.9361741470748861
2.8746098371907123	0.9439764343910170
2.8784636778716064	0.9510585910880295
2.8824216777323564	0.9575042737736553
2.8867498903536739	0.9635254162570703
2.8929027899393356	0.9709864138528478
2.9029537842446835	0.9795269994179395
2.9068557974864540	0.9824370311680256
2.9110072552390691	0.9848597825303027
2.9153183829686853	0.9871431275940681
2.9199620502552306	0.9888197469153698
2.9235224751848956	0.9905705651318421
2.9266282473944387	0.9914950404159480
2.9301938437580342	0.9926300822246409
2.9344050486543694	0.9936156235655687
2.9400147148635085	0.9950528986115296
2.9614814483467939	0.9978297475599522
2.9820017557747311	0.9984694354174084
3.0012426578364537	0.9994362612500060
3.0041156420863238	0.9996961622795020
3.0072558499494773	0.9995811997259028
3.0105230967501688	0.9997182703842785
3.0138647699676362	0.9996540551380685
3.0172555463808188	0.9997730463584632
3.0206839524571274	0.9997173001824504
3.0241449108689373	0.9998239293190210
3.0276400573035334	0.9997719958975958
3.0311712239492232	0.9998652815425266
3.0347459632471550	0.9998189649273815
3.0383726078843640	0.9998962805288512
3.0420692717955951	0.9998611051759803
3.0458630247923741	0.9999161497025256
3.0498120522412577	0.9998987857004586
3.0540608428133713	0.9999757994686396
3.0609840001674766	0.9998099950387624
3.0656703302302861	0.9999327542321738
3.0697581613375107	0.9999070847777418
3.0736445437001318	0.9999719501834237
3.0775222456109530	0.9999430265945564
3.0815050609866814	0.9999811912833132
3.0857666554690737	0.9999214854882948
3.0926825072531332	1.0001124446639031
3.0973438155818225	0.9999989260438891
3.1013791523055203	1.0000388068133030
3.1051925444861435	0.9999734481150515
3.1089655996501406	1.0000191453400620
3.1127916010888117	0.9999768430951431
3.1167524981130783	1.0000068256434296
3.1210065139782754	0.9999418856113057
3.1279294026647353	1.0001250577744472
3.1326390998442846	1.0000133450202711
3.1367654571806738	1.0000420658270781
3.1407239952298638	0.9999908475590296
3.1447336011226992	1.0000167627814034
3.1490049011378320	0.9999482600376061
3.1559214044321826	1.0001339056725669
3.1604939740490012	1.0000111056744478
3.1644142663367054	1.0000585223332092
3.1680984798305865	0.9999779534319327
3.1717209251406824	1.0000385492643973
3.1753557811101443	0.9999742782773698
3.1790449774607863	1.0000249356044744
3.1828297158727512	0.9999824938354001
3.1867705736251790	1.0000127826418908
3.1910184925881757	0.9999480540151560
3.1979065015862895	1.0001364149334313
3.2023857307717227	1.0000083750060715
3.2061906738486390	1.0000673595964840
3.2097407088186949	0.9999704943070280
3.2132012260670137	1.0000519582586758
3.2166327187133592	0.9999603726979861
3.2200573814280742	1.0000458050186651
3.2234849627099518	0.9999579040826717
3.2269177963279101	1.0000429505382433
3.2303589129452392	0.9999578714880615
3.2338078745214172	1.0000411852187754
3.2372670529456951	0.9999587539256033
3.2407358470052889	1.0000396409391148
3.2442169596898887	0.9999601393519797
3.2477102858011047	1.0000379043808723
3.2512193630315238	0.9999620448512682
3.2547452341622241	1.0000356200106566
3.2582931602734888	0.9999647824389313
3.2618666738452751	1.0000322289252028
3.2654748801994935	0.9999691035250522
3.2691273119838682	1.0000265772345873
3.2728432163289045	0.9999766951181834
3.2766504579038593	1.0000165514830639
3.2806074478078036	0.9999861895349968
3.2848583885006875	1.0000512207929548
3.2917575886654262	0.9998648110192930
3.2963239432059108	0.9999877316529251
3.3002252917010431	0.9999367002789297
3.3038603968387856	1.0000247152432920
3.3073963225311185	0.9999510731442667
3.3108907566742563	1.0000355250134807
3.3143694523550669	0.9999557698663045
3.3178391713642061	1.0000390819346610
3.3213054652017737	0.9999572606876835
3.3247683923942772	1.0000402960563328
3.3282309877478302	0.9999578268877541
3.3316930101843569	1.0000404937731451
3.3351577614962156	0.9999584093542899
3.3386257319390640	1.0000399405334017
3.3421011179887148	0.9999595029576529
3.3455855559618630	1.0000385180211695
3.3490846804015675	0.9999615251711170
3.3526020165089605	1.0000358614552076
3.3561458470036820	0.9999650577687028
3.3597235415077620	1.0000312188791487
3.3633494371817214	0.9999712270207007
3.3670409125095189	1.0000229650880961
3.3708307476429451	0.9999820306639259
3.3747754202221820	1.0000127014246587
3.3790243163849873	0.9999480677776693
3.3859285598813660	1.0001333397540610
3.3905204597195686	1.0000132015483005
3.3944750644024686	1.0000572054908521
3.3982029275791668	0.9999816686719617
3.4018801498345677	1.0000356432951498
3.4055872651849075	0.9999799928385781
3.4093786328296414	1.0000194097375050
3.4133232252008101	0.9999874751035901
3.4175712476638878	1.0000513562111695
3.4244534479263513	0.9998608663215504
3.4288791003693593	0.9999923464570730
3.4326233333272835	0.9999272250645567
3.4361102687752414	1.0000315473423900
3.4395100310186404	0.9999424760989797
3.4428802147117041	1.0000419608403910
3.4462466067816906	0.9999490651077261
3.4496165922673563	1.0000442218456869
3.4529967684206877	0.9999526441731883
3.4563883742933195	1.0000435742528793
3.4597958436198009	0.9999555222719337
3.4632204951867118	1.0000414314859629
3.4666675739265913	0.9999587962322024
3.4701401058468364	1.0000379426424091
3.4736458560818799	0.9999632980254828
3.4771917281350522	1.0000325148716289
3.4807916449922658	0.9999702679454244
3.4844627297044068	1.0000235462771183
3.4882377111588148	0.9999817661437422
3.4921734167071552	1.0000126760788743
3.4964198675660718	0.9999483664723307
3.5033416724039936	1.0001304341333326
3.5080264376993062	1.0000176187243881
3.5121314261830952	1.0000466669358423
3.5160750828499094	0.9999942946885084
3.5200760733025009	1.0000198855282569
3.5243449440522432	0.9999512230652444
3.5312700177009004	1.0001346973567451
3.5358803308106443	1.0000148345255575
3.5398620117115405	1.0000554847674654
3.5436309026694319	0.9999848452285317
3.5473698986960693	1.0000310468447307
3.5511716902051966	0.9999859680004882
3.5551181554860780	1.0000150054348522
3.5593681883488975	0.9999494086245995
3.5662926133776711	1.0001309042771633
3.5709803153420987	1.0000178487761693
3.5750873052069281	1.0000467271713602
3.5790322459054154	0.9999943571689236
3.5830339620089937	1.0000199114555948
3.5873030362929090	0.9999512136891836
3.5942135917493800	1.0001373942777463
3.5987352958941932	1.0000111070127791
3.6025929575509785	1.0000641499511480
3.6062074111729818	0.9999753712089718
3.6097491614934132	1.0000455936496029
3.6132853315083597	0.9999686829290571
3.6168468664371831	1.0000349484226536
3.6204557831935338	0.9999720691202059
3.6241328376614459	1.0000242813294598
3.6279117221058379	0.9999823097023806
3.6318497229921531	1.0000129405241935
3.6360967919869345	0.9999484255613048
3.6429819913671921	1.0001372677756017
3.6474434345116875	1.0000080780994964
3.6512285050198479	1.0000688800942672
3.6547595166680651	0.9999698183223500
3.6582022258091746	1.0000533287488513
3.6616172051834126	0.9999596844077870
3.6650268841467115	1.0000468451821476
3.6684414642003333	0.9999574233226494
3.6718639537766231	1.0000435042685931
3.6752983335011344	0.9999578800059039
3.6787454347340773	1.0000409639618983
3.6822093297490603	0.9999596859332783
3.6856917026598004	1.0000381214711986
3.6891983780096447	0.9999627217766165
3.6927335693346985	1.0000341379159621
3.6963070463301095	0.9999676009616461
3.6999291055672434	1.0000277632120314
3.7036197859887960	0.9999759474335967
3.7074079151773391	1.0000169013335547
3.7113531143142282	0.9999862221898898
3.7156008712763149	1.0000508200241336
3.7225142373851807	0.9998668956322174
3.7271429591078293	0.9999841910462077
3.7311526858151320	0.9999452131462142
3.7349456942387542	1.0000136177223611
3.7387061061240727	0.9999687313944304
3.7425223107023062	1.0000128359403899
3.7464789966213612	0.9999839692353223
3.7507305542824319	1.0000498290757260
3.7576519216504392	0.9998674402920689
3.7623179838995959	0.9999825397323376
3.7663813271456861	0.9999486020705438
3.7702454102173086	1.0000094854382873
3.7741056290359625	0.9999748655059539
3.7780775440193168	1.0000090612499097
3.7823361836841811	0.9999458313393057
3.7892817490717277	1.0001262462794640
3.7941117522664318	1.0000225400718872
3.7984568600119335	1.0000372352040467
3.8028415678639749	0.9999555004104206
3.8098606874889325	1.0001374183721239
3.8146233460460111	1.0000205412783207
3.8187745208090655	1.0000471131973865
3.8227454533835519	0.9999950738622622
3.8267611509769250	1.0000201911675768
3.8310342677434557	0.9999509504838429
3.8379500697023787	1.0001361766103534
3.8425210906060556	1.0000124278532685
3.8464306924950518	1.0000613555316336
3.8500915379351404	0.9999771207329884
3.8536736104330482	1.0000434139875238
3.8572446295957299	0.9999700843956431
3.8608359446234966	1.0000335687874005
3.8644697736766807	0.9999729270105298
3.8681668044814654	1.0000236490356533
3.8719604800530321	0.9999825498723173
3.8759074808043650	1.0000129518374208
3.8801569933730518	0.9999481191273547
3.8870962029751692	1.0001267179439139
3.8919238328318548	1.0000228217125442
3.8962682272312135	1.0000373664527287
3.9006526684626941	0.9999555652662074
3.9076463130545571	1.0001420278769351
3.9122485021752937	1.0000141122611970
3.9161608226139437	1.0000630876186560
3.9198138398189957	0.9999770776311131
3.9233847220080156	1.0000444939693711
3.9269438127766372	0.9999696835769930
3.9305236969985016	1.0000342407100140
3.9341472251266034	0.9999725969192721
3.9378355844352031	1.0000239668141722
3.9416226364659481	0.9999824560884609
3.9455655494265058	1.0000129577464625
3.9498139613664391	0.9999482660175799
3.9567618564393672	1.0001252758576125
3.9616465840595079	1.0000235773074067
3.9662171720268380	1.0000803300946830
3.9733793506171575	0.9998714505483953
3.9783640478277178	0.9999771110566499
3.9829685655951543	0.9999184447536632
3.9900988231790326	1.0001383632255088
3.9947319589815242	1.0000092141794485
3.9986196769332558	1.0000641255341280
4.0022289946641729	0.9999732919711217
4.0057483054042358	1.0000474693862951
4.0092506118670341	0.9999659224792024
4.0127674863966725	1.0000382237648482
4.0163186376089026	0.9999679601212655
4.0199192062590434	1.0000295727693103
4.0235912280334869	0.9999758584470089
4.0273650308642868	1.0000174653424552
4.0313013371005919	0.9999864113331169
4.0355467246986745	1.0000506113851442
4.0424905473385300	0.9998722286701307
4.0472992446066485	0.9999760937692482
4.0516324016433165	0.9999615079036374
4.0560124615210018	1.0000428972366018
4.0630329940564209	0.9998610078421699
4.0677627500483480	0.9999787567966013
4.0718844650995267	0.9999508026010306
4.0758312340356904	1.0000039889664962
4.0798338452152398	0.9999786455917197
4.0841021187615985	1.0000474218704423
4.0909957864306010	0.9998575767973068
4.0953886544296045	0.9999927068335108
4.0990942295230228	0.9999242090956181
4.1025464015612663	1.0000328055805159
4.1059167736669764	0.9999404694928153
4.1092629945280139	1.0000429292841568
4.1126110354176060	0.9999480877088521
4.1159686546781105	1.0000444897526994
4.1193431642755280	0.9999527444074067
4.1227367633794429	1.0000428034842592
4.1261552586055359	0.9999569421285923
4.1296018494332047	1.0000391698367237
4.1330844937726416	0.9999620721567802
4.1366102219516891	1.0000333770989194
4.1401931014474540	0.9999695779268196
4.1438504395652593	1.0000239581277821
4.1476152282517900	0.9999815745376475
4.1515447381990951	1.0000126606147761
4.1557895181580911	0.9999485761919892
4.1627403259575146	1.0001252547932216
4.1676145685322386	1.0000237490289334
4.1721824137389190	1.0000800285228750
4.1793064888280371	0.9998641557326940
4.1840009887121790	0.9999864253990519
4.1880033451884486	0.9999438040685719
4.1917685302633227	1.0000152247980696
4.1954996015621209	0.9999677603252559
4.1992919919543068	1.0000133113505612
4.2032336833871913	0.9999840065288117
4.2074812563108548	1.0000493025233403
4.2143693669970119	0.9998603994948150
4.2187958852159282	0.9999914708724341
4.2225508876115994	0.9999283667725605
4.2260589194928775	1.0000294719118676
4.2294902052110368	0.9999453319204116
4.2329029226455930	1.0000383756651874
4.2363241173791408	0.9999536654860862
4.2397630470549430	1.0000387150230166
4.2432290519611282	0.9999594922679262
4.2467274132526054	1.0000353058851463
4.2502686067825399	0.9999658203254914
4.2538632368795559	1.0000286170667647
4.2575317240660633	0.9999751670944091
4.2613033472002009	1.0000171403978317
4.2652384832374528	0.9999862152777349
4.2694835193574878	1.0000504623475519
4.2763749654335719	0.9998622973556990
4.2808471930154273	0.9999900270949680
4.2846549823982460	0.9999319612812474
4.2882158786699529	1.0000267178243731
4.2917008147366271	0.9999492218257097
4.2951700218634441	1.0000347684048891
4.2986530794142990	0.9999581626535795
4.3021623229817108	1.0000338477620800
4.3057113666910727	0.9999654962228459
4.3093118462568816	1.0000280666428216
4.3129847530732093	0.9999750931629393
4.3167595041722144	1.0000169753418819
4.3206965160138644	0.9999861490475612
4.3249420608947577	1.0000504915958393
4.3318947979936162	0.9998738882391910
4.3367716609276572	0.9999754192024827
4.3413419052123681	0.9999191892794596
4.3484729702580864	1.0001342119107115
4.3531859664464969	1.0000129327081224
4.3572070148164643	1.0000541883582672
4.3609905397558144	0.9999841813249616
4.3647347087060986	1.0000306912550301
4.3685381901240161	0.9999857527264863
4.3724851133606917	1.0000149085214383
4.3767353558365629	0.9999493639554066
4.3836786980897413	1.0001273859056501
4.3884926281074037	1.0000230579646932
4.3928265186622406	1.0000375719256498
4.3972081510443406	0.9999560460868382
4.4041955102964900	1.0001437498991628
4.4087356445821939	1.0000124867853366
4.4125811644094366	1.0000668627362319
4.4161736480489422	0.9999747364469578
4.4196912231481651	1.0000475053025890
4.4232036896242564	0.9999677558572556
4.4267433230372450	1.0000361808708906
4.4303329123605613	0.9999714057026245
4.4339939123854588	1.0000248664317566
4.4377606556496856	0.9999821291798361
4.4416912136606745	1.0000129525091621
4.4459362852602355	0.9999486955004169
4.4528494599546820	1.0001323781962186
4.4574664926283534	1.0000152557798514
4.4614773732923565	1.0000523602262068
4.4652999504293582	0.9999886251463729
4.4691280154710125	1.0000247999647276
4.4730819988115993	0.9999900404251433
4.4773344926336360	1.0000525345126978
4.4842642250733604	0.9998685778845372
4.4889274490866811	0.9999818978791203
4.4930124602916708	0.9999516472667730
4.4969388451783114	1.0000048067777243
4.5009308290839636	0.9999789983142656
4.5051960072137032	1.0000472937472924
4.5121280127995309	0.9998646057566348
4.5167380559241153	0.9999831950953102
4.5207398040209519	0.9999456616406308
4.5245519509554306	1.0000102845909289
4.5283736218846400	0.9999738198306686
4.5323222119291779	1.0000087750995938
4.5365745358551459	0.9999464767829995
4.5435317321650581	1.0001250095241960
4.5485309962479992	0.9999731579264877
4.5559816136669342	1.0001691189192317
4.5608253746771874	1.0000244060204595
4.5648631187701625	1.0000627644138820
4.5686264027684809	0.9999864522616135
4.5723436555574244	1.0000339088037735
4.5761237123703369	0.9999864494361083
4.5800557150455283	1.0000155183008650
4.5843020078297494	0.9999502232447357
4.5912081167767687	1.0001353311160055
4.5957412731340375	1.0000127409504840
4.5996480178592298	1.0000587053293752
4.6033545393586781	0.9999830998356363
4.6070445471455326	1.0000327742113371
4.6108107124350388	0.9999855211042586
4.6147358016483206	1.0000150602880153
4.6189800443249602	0.9999501680205861
4.6259137603411196	1.0001301002378196
4.6306161355454902	1.0000199581425280
4.6347806283746671	1.0000419888096601
4.6388547338643633	0.9999977138045247
4.6431508019881562	1.0000576435275721
4.6501454327707092	0.9998743488543561
4.6550219381047206	0.9999757891963027
4.6595931647286930	0.9999198028520428
4.6667298505560089	1.0001351633631221
4.6714078319982315	1.0000132002375344
4.6754100566527139	1.0000536837709038
4.6792071814183078	0.9999874438304168
4.6830112280700327	1.0000253406836703
4.6869495213322878	0.9999900946191799
4.6911979623292037	1.0000519887239521
4.6981163927516523	0.9998655762094520
4.7026690416819461	0.9999852374170800
4.7066177325623766	0.9999440013649635
4.7103885545071238	1.0000113095823073
4.7141808243125629	0.9999732280452995
4.7181120511581227	1.0000086770377410
4.7223596613906151	0.9999470151099962
4.7292851305926709	1.0001316867040602
4.7338947857309757	1.0000161818788762
4.7379263925904773	1.0000491529119424
4.7418148784430345	0.9999938770395198
4.7457828700723077	1.0000200898635081
4.7500427484074450	0.9999524393747034
4.7570149197102838	1.0001272547916378
4.7618765193539270	1.0000248146210056
4.7664416402605250	1.0000798998340219
4.7735365573114388	0.9998576416654613
4.7779956248584581	0.9999935771708892
4.7817345191077729	0.9999280507530914
4.7852418296775010	1.0000271271830441
4.7887118524450196	0.9999513916987746
4.7922183238794522	1.0000281327729108
4.7958069921884396	0.9999695244060399
4.7995166461924992	1.0000168377126699
4.8034137229202418	0.9999854431839964
4.8076486474889819	1.0000486876485430
4.8145988965892972	0.9998711889699062
4.8193489420374531	0.9999758480573898
4.8236402811026027	0.9999610310938633
4.8280091215545120	1.0000411931987612
4.8349768297669407	0.9998493523319555
4.8393099930431651	0.9999914149556709
4.8429698468320712	0.9999221659578568
4.8464251353186265	1.0000272582373211
4.8498584491881376	0.9999486417971254
4.8533377983429169	1.0000284651850890
4.8569065133243940	0.9999684687683273
4.8606022171907250	1.0000168629036585
4.8644911290470692	0.9999853238324364
4.8687238569662039	1.0000483393468764
4.8756065498314980	0.9998580791140600
4.8799325425278433	0.9999924877082966
4.8836297987107224	0.9999280275332674
4.8871432283790455	1.0000238673194788
4.8906512766329824	0.9999553388049247
4.8942265785749823	1.0000220000619009
4.8979248515720410	0.9999771956654265
4.9018124891834027	1.0000109945775533
4.9060464541793456	0.9999492442367950
4.9129272310130778	1.0001403603931245
4.9172590571448209	1.0000063785036999
4.9209601402655965	1.0000704615950058
4.9244789587069002	0.9999751877597038
4.9279903010905404	1.0000433191522498
4.9315698735173310	0.9999770038374435
4.9352698983460694	1.0000216416243208
4.9391600150934396	0.9999878962865937
4.9433933898708942	1.0000496715295817
4.9502916929799392	0.9998614068811473
4.9547026796742726	0.9999892928831797
4.9584985617314077	0.9999349856322308
4.9621165272620020	1.0000180916734489
4.9657419235061315	0.9999636459645079
4.9694614164993700	1.0000138729324799
4.9733605380663128	0.9999836922441587
4.9775965130439301	1.0000476790673274
4.9844889931695215	0.9998593090353733
4.9888631879833456	0.9999907736777616
4.9926078824904057	0.9999307280753578
4.9961612690929558	1.0000223580372771
4.9997017820011012	0.9999569542150762
5.0033024596893467	1.0000213063140952
5.0070190729010307	0.9999776593637483
5.0109176302443554	1.0000110692133601
5.0151544847354570	0.9999489039568588
5.0220878125373298	1.0001299911271302
5.0267529742625818	1.0000193491815477
5.0308863665656816	1.0000425889299709
5.0349418682646396	0.9999978999635072
5.0392328619683981	1.0000571328655701
5.0462312249187136	0.9998743574440632
5.0510940175568200	0.9999755679181324
5.0556616634092801	0.9999202011909000
5.0627985572300069	1.0001359466726347
5.0674378951810697	1.0000126347750127
5.0714052124749598	1.0000551064601215
5.0751765282997185	0.9999870721336687
5.0789630699271475	1.0000258077341939
5.0828912666110009	0.9999902219855111
5.0871369393805930	1.0000517128937787
5.0941036057027977	0.9998742579099795
5.0989553177579428	0.9999752061250545
5.1035191893863932	0.9999200741915558
5.1106642094873216	1.0001336312151174
5.1153789082487018	1.0000153235467113
5.1194500344797929	1.0000485394411545
5.1233533183130877	0.9999935209538975
5.1273267418098980	1.0000199448422693
5.1315885445093175	0.9999522998985878
5.1384108446932029	1.0001554247629632
5.1424124759794614	0.9999911284758392
5.1457429333277407	1.0001015790819996
5.1488772516141728	0.9999494623079985
5.1519707418037433	1.0000797915939894
5.1550724038926488	0.9999411600914214
5.1581974755491755	1.0000672578795242
5.1613526307383299	0.9999416004443438
5.1645390089857708	1.0000591161519510
5.1677599827635525	0.9999452306593255
5.1710162154489101	1.0000524198665135
5.1743123182363240	0.9999505423338665
5.1776508482588639	1.0000455698020565
5.1810392983143396	0.9999574657018374
5.1844844290870133	1.0000372837359883
5.1880002123707714	0.9999669402861466
5.1916041666332209	1.0000256952279380
5.1953298158588490	0.9999808531050071
5.1992357407597218	1.0000126158747502
5.2034741884064841	0.9999493722239827
5.2104060191460286	1.0001299048497068
5.2150895687048795	1.0000196155824317
5.2192385791267712	1.0000422554614765
5.2233034556649525	0.9999977949977067
5.2275969974151115	1.0000573884402393
5.2345108185745728	0.9998590253413141
5.2388640194592284	0.9999941897214391
5.2425518917206224	0.9999257797411418
5.2460230041094729	1.0000289835723664
5.2494538073048984	0.9999479015162105
5.2529082433962211	1.0000322640814840
5.2564228009805163	0.9999634787903301
5.2600223241392934	1.0000241661155000
5.2637438129846092	0.9999797638101954
5.2676469044729988	1.0000120809634310
5.2718846747442658	0.9999492067207041
5.2788299738771283	1.0001274450826139
5.2835949409878689	1.0000229275130590
5.2878943544375385	1.0000377563002154
5.2922666755369479	0.9999572997645214
5.2992343847144063	1.0001487933069217
5.3035999844088817	1.0000079335554406
5.3072787653321098	1.0000762551888658
5.3107385243024430	0.9999704877571071
5.3141569629539314	1.0000524567678326
5.3176021573224030	0.9999666430834732
5.3211077004493443	1.0000360648951760
5.3247016114988579	0.9999747077579400
5.3284176152180427	1.0000193389247585
5.3323188449269292	0.9999868877205662
5.3365548795210325	1.0000496023849719
5.3434904413912543	0.9998690228730444
5.3481589432953083	0.9999794560803188
5.3522978277114541	0.9999564426686689
5.3563550594800642	1.0000010624081064
5.3606478517580634	0.9999417454058325
5.3674592871282139	1.0001587442921569
5.3713225915400411	0.9999829899784352
5.3745298474393426	1.0001108519148472
5.3775617901474222	0.9999425206423832
5.3805646308295811	1.0000878457488391
5.3835808090207822	0.9999344791801718
5.3866208493621555	1.0000749655020476
5.3896878943392421	0.9999341906937709
5.3927798227159682	1.0000675763246889
5.3958968138041925	0.9999362485926705
5.3990359652139173	1.0000627102903903
5.4021978493996370	0.9999389901104341
5.4053799852069133	1.0000589692214954
5.4085835273259901	0.9999418989661735
5.4118065297146849	1.0000556964677754
5.4150507110645449	0.9999448821176544
5.4183147246237953	1.0000525312838953
5.4216009289328833	0.9999480244459733
5.4249087440102590	1.0000492007270998
5.4282414099253069	0.9999515210278401
5.4315994933075444	1.0000454023439664
5.4349876714533769	0.9999557010062594
5.4384085082802569	1.0000406856042185
5.4418694274093253	0.9999611501435229
5.4453770943845079	1.0000342250842293
5.4489452708175019	0.9999690465039620
5.4525911059762437	1.0000243161846203
5.4563475426096772	0.9999814244252891
5.4602720332885131	1.0000126451573548
5.4645154528405815	0.9999487386305361
5.4713904682728938	1.0001397148148665
5.4757676917128748	1.0000053673234477
5.4794655052100119	1.0000743165178640
5.4829179739481182	0.9999661223214061
5.4862897984593451	1.0000581376320792
5.4896391669481135	0.9999559572624633
5.4929864890799385	1.0000510823847106
5.4963403355551641	0.9999536175804598
5.4997021205597907	1.0000476485002729
5.5030741876445477	0.9999537078752900
5.5064554043883049	1.0000455746970278
5.5098475022344422	0.9999546249411967
5.5132491582464640	1.0000439521623834
5.5166622784787966	0.9999558889015672
5.5200858093136773	1.0000423887554564
5.5235220661041309	0.9999574165488817
5.5269705340050921	1.0000406435514568
5.5304342464932548	0.9999593124567636
5.5339136373524207	1.0000384563341673
5.5374130657363265	0.9999618493589931
5.5409347757678713	1.0000354138733825
5.5444857807868191	0.9999655757812349
5.5480722235015403	1.0000307186745894
5.5517072905965206	0.9999716503753169
5.5554072896134379	1.0000226706988562
5.5592040289547278	0.9999821665315215
5.5631530774610569	1.0000127124774281
5.5674031293863600	0.9999479199944903
5.5743051245278696	1.0001335431146900
5.5788923540768476	1.0000124541329125
5.5828288981309102	1.0000592083514803
5.5865189542815568	0.9999782050689335
5.5901297967109498	1.0000416419633407
5.5937281458819097	0.9999712248400174
5.5973446135060936	1.0000323284645831
5.6010007556617634	0.9999737180220679
5.6047164954604325	1.0000230348294226
5.6085244594914547	0.9999827803982598
5.6124802967444163	1.0000129587089748
5.6167321951808020	0.9999478129610430
5.6236701787779850	1.0001265356747822
5.6285107691225233	1.0000227734050378
5.6328647103879428	1.0000372806280293
5.6372517315399220	0.9999551929403495
5.6442926097186721	1.0001329621753978
5.6492335484006624	1.0000256597702093
5.6538217617078255	1.0000821654341399
5.6609850346923203	0.9998705255952511
5.6659419567060141	0.9999781192442245
5.6703418716234149	0.9999622548431982
5.6747428739377703	1.0000446391474496
5.6817580183944925	0.9998589405612199
5.6864415920580162	0.9999825769083868
5.6904500135451110	0.9999412137869086
5.6941971823481028	1.0000177456480603
5.6978632514123353	0.9999600447475754
5.7015171368578992	1.0000244135010095
5.7051979868171419	0.9999704694949220
5.7089307668534772	1.0000204510762312
5.7127507639363140	0.9999817868062427
5.7167136644939802	1.0000123544902306
5.7209675662982766	0.9999472733900967
5.7278783358950571	1.0001312696330471
5.7325497671306396	1.0000150697227503
5.7365922719042546	1.0000529402176288
5.7404004342432291	0.9999841385948560
5.7441467435712905	1.0000327373007556
5.7479104522974112	0.9999813484940815
5.7517443377540332	1.0000185058186848
5.7557150699496162	0.9999873200903771
5.7599701717852154	1.0000521974045005
5.7668765721042279	0.9998666267663489
5.7715049817846555	0.9999859183629530
5.7754808030961247	0.9999411231412116
5.7791929481290225	1.0000210613014480
5.7828078293131178	0.9999561148864848
5.7863839690234204	1.0000309151749225
5.7899479358647028	0.9999611632963750
5.7935067724734193	1.0000337997448265
5.7970659522396693	0.9999629695530773
5.8006249693591849	1.0000346051907614
5.8041860005116277	0.9999636645750378
5.8077474702980068	1.0000347707347712
5.8113110360545548	0.9999639784461821
5.8148749990711543	1.0000347415430639
5.8184409477899104	0.9999641591140170
5.8220071929186448	1.0000346555283086
5.8255753338345215	0.9999642927479302
5.8291437109359849	1.0000345520346727
5.8327139559476926	0.9999644134011555
5.8362844502416724	1.0000344366901097
5.8398568757679241	0.9999645409105773
5.8434296753707189	1.0000343002285417
5.8470046111691376	0.9999646959959747
5.8505802273032392	1.0000341209778891
5.8541584218566021	0.9999649100199530
5.8577379157130354	1.0000338591030817
5.8613208478770531	0.9999652371002474
5.8649062589140195	1.0000334424478361
5.8684967292463730	0.9999657751029446
5.8720918965910895	1.0000327379408080
5.8756951805618556	0.9999667067914111
5.8793073841209385	1.0000314921740971
5.8829336138608319	0.9999683883992255
5.8865771174361470	1.0000291958746086
5.8902467335633473	0.9999715641748188
5.8939515408608454	1.0000247383416576
5.8977101977085944	0.9999778920006737
5.9015495492080676	1.0000160145473813
5.9055263378582641	0.9999861391379407
5.9097826897411290	1.0000518934806835
5.9167256446215442	0.9998739586630029
5.9216346183151991	0.9999760067895785
5.9262132969621000	0.9999182479032526
5.9333506790779156	1.0001310778158108
5.9382093307587240	1.0000159849078163
5.9423986275861873	1.0000462314404925
5.9463499710565237	0.9999900472252387
5.9502672738609697	1.0000226344871044
5.9542739276586971	0.9999894167955345
5.9585410005918797	1.0000539913047053
5.9654844407605792	0.9998731915255785
5.9703540306163010	0.9999765455976608
5.9747305350388507	0.9999619874208988
5.9791224558207343	1.0000446340419766
5.9861610713832665	0.9998662578511206
5.9911159682125428	0.9999737613044033
5.9957096355876214	0.9999166945042134
6.0028688202392084	1.0001290169143100
6.0079523858929909	0.9999706081747878
6.0154758021001102	1.0001671985235576
6.0205004246850251	1.0000263826060052
6.0247104656734640	1.0000561070439222
6.0286042565224198	0.9999879871931899
6.0324005214044423	1.0000330664543842
6.0361961894741887	0.9999827390425192
6.0400511134489410	1.0000186666469932
6.0440339981797386	0.9999875546176537
6.0482925481190275	1.0000527604033578
6.0552233666304263	0.9998717760360020
6.0600397980964589	0.9999785806955290
6.0643106162810554	0.9999596863300669
6.0684497078203519	1.0000023128463722
6.0727648173942175	0.9999397336342049
6.0797443303046705	1.0001248081541469
6.0846732271760624	1.0000223921874043
6.0892564494025159	1.0000808481797623
6.0963936065502207	0.9998676451667599
6.1012567987863289	0.9999829618696545
6.1054507624267638	0.9999527836686302
6.1094030050072119	1.0000089443686933
6.1133221883654789	0.9999763811100743
6.1173283468181747	1.0000096089227426
6.1215966039590075	0.9999450440466011
6.1285053898356967	1.0001321578826210
6.1331509353429468	1.0000127963395697
6.1371326011309453	1.0000579564954786
6.1408420009419924	0.9999769359755893
6.1444419894669497	1.0000442386761992
6.1479944872953558	0.9999659576488034
6.1515225968680198	1.0000404789022923
6.1550364697510869	0.9999618359887709
6.1585382716084469	1.0000399322148248
6.1620308456108637	0.9999597932432538
6.1655134602627104	1.0000404168672530
6.1689883232757907	0.9999585111251038
6.1724546887095686	1.0000410949206908
6.1759151611138581	0.9999576824325900
6.1793694861201809	1.0000415772870945
6.1828208487951439	0.9999573216353757
6.1862696106767920	1.0000416176864748
6.1897196240454182	0.9999575573868920
6.1931719836880683	1.0000409999738129
6.1966313911221151	0.9999585847026291
6.2000999618578900	1.0000394701171034
6.2035837206501911	0.9999606978680986
6.2070865476815529	1.0000366387524957
6.2106170120791511	0.9999644185592117
6.2141827470694286	1.0000317620241401
6.2177983135630042	0.9999708386078634
6.2214813218164409	1.0000232310508148
6.2252648029897859	0.9999819239954870
6.2292055844852525	1.0000126991559075
6.2334534291317176	0.9999482053593192
6.2403517931506798	1.0001346270997526
6.2448989821056768	1.0000116552189753
6.2487974048989248	1.0000607185445949
6.2524629040534867	0.9999784051913956
6.2560689845976452	1.0000404318344149
6.2596896648146281	0.9999747468351476
6.2633670755351112	1.0000262086337421
6.2671428687862836	0.9999831069432086
6.2710782250380346	1.0000134376862675
6.2753246702352437	0.9999488022323885
6.2822554623322269	1.0001290636031996
6.2869928719868478	1.0000200808106350
6.2911888709412374	1.0000411239656180
6.2952824924880213	0.9999973961966078
6.2995838360257359	1.0000581331203193
6.3064901962823265	0.9998587701910533
6.3108519684788211	0.9999956408396247
6.3145161488322845	0.9999220141759992
6.3179280093883952	1.0000353807651363
6.3212612950537981	0.9999381587510333
6.3245742773485665	1.0000448996955495
6.3278933522000651	0.9999463922189218
6.3312268615222775	1.0000457005395944
6.3345829143535655	0.9999519462256226
6.3379646924122799	1.0000430140790049
6.3413793226254676	0.9999573332122679
6.3448317764581406	1.0000380006997380
6.3483326165029093	0.9999641516916719
6.3518928960093559	1.0000301070830560
6.3555334974136048	0.9999743495478859
6.3592843980065110	1.0000175588184381
6.3632069236389581	0.9999862571344252
6.3674485774860399	1.0000500360939646
6.3743269800235050	0.9998592400943730
6.3786986542309814	0.9999932526023807
6.3824013033996625	0.9999255056885917
6.3858680010890740	1.0000308927512553
6.3892697548126893	0.9999439852582029
6.3926653266694098	1.0000383522758769
6.3960832742047486	0.9999544509609545
6.3995354303826799	1.0000364921093325
6.4030352660509049	0.9999631604160638
6.4065944822287682	1.0000296202920034
6.4102342987090415	0.9999740293607915
6.4139846396941484	1.0000174025022095
6.4179068515217148	0.9999861680159301
6.4221484117131764	1.0000499781444188
6.4290362025854266	0.9998609653535727
6.4334603719905088	0.9999910689037446
6.4372258932648245	0.9999300072781191
6.4407593432072705	1.0000268925409213
6.4442333736544910	0.9999495419203641
6.4477100479997596	1.0000327520449890
6.4512224756679517	0.9999615759569745
6.4547889881341582	1.0000283434249131
6.4584336574337016	0.9999735468587344
6.4621871835050868	1.0000170138652194
6.4661112609976268	0.9999859812906895
6.4703533218604417	1.0000499428890510
6.4772287525527625	0.9998586867138100
6.4815859088584151	0.9999940573289350
6.4852673464625434	0.9999236185097603
6.4887062693794890	1.0000330951160863
6.4920716165596959	0.9999406169333639
6.4954193920770944	1.0000423987236489
6.4987746573597454	0.9999489519613093
6.5021447139272572	1.0000432932901671
6.5055367611272974	0.9999542608569222
6.5089532101199570	1.0000409378714186
6.5124004698257840	0.9999591964018708
6.5158829093733743	1.0000364323065003
6.5194105307031069	0.9999654255580541
6.5229938672954679	1.0000291664523970
6.5266533113653686	0.9999749517831794
6.5304182737063377	1.0000172926360176
6.5343493658255651	0.9999862382540357
6.5385933123453697	1.0000503290618912
6.5455105580863968	0.9998669448302138
6.5501318115477609	0.9999835001959222
6.5541511259446583	0.9999469473804387
6.5579796911644728	1.0000101400266712
6.5618140753374137	0.9999742660891321
6.5657704913244546	1.0000089142854500
6.5700248990622647	0.9999462796576551
6.5769619923595268	1.0001284563487096
6.5816999919815036	1.0000197493846650
6.5858955830756569	1.0000409780143915
6.5899888360045340	0.9999973149630627
6.5942900780605918	1.0000580740286475
6.6012716065961738	0.9998726510495586
6.6060961267696783	0.9999767464794167
6.6104339206145291	0.9999617480933345
6.6148157259760527	1.0000430176603856
6.6218073714991945	0.9998552802042040
6.6263418240793941	0.9999865511824293
6.6301841796146768	0.9999317808222177
6.6337705715349786	1.0000246478728965
6.6372805023363073	0.9999505479599572
6.6407779415476460	1.0000325367981673
6.6442950854138605	0.9999605846913526
6.6478468450661996	1.0000306907549230
6.6514506545975509	0.9999694447911381
6.6551244779666945	1.0000229419626754
6.6589014625323317	0.9999815127596295
6.6628383494294514	1.0000125259793879
6.6670851305505705	0.9999482517414773
6.6739808404456884	1.0001352589235493
6.6785034854969121	1.0000106602902128
6.6823692968749828	1.0000630767862662
6.6859938758355000	0.9999756521045927
6.6895458828229470	1.0000448464031559
6.6930918139365021	0.9999690626277346
6.6966622551647834	1.0000344708128834
6.7002789877533235	0.9999723404924936
6.7039625212468108	1.0000240573148338
6.7077463057382802	0.9999823884074788
6.7116873145515656	1.0000129422865371
6.7159351931166560	0.9999483222245060
6.7228262547095525	1.0001360295456407
6.7273287287008943	1.0000095726075344
6.7311624309693210	1.0000656574522073
6.7347439361220536	0.9999726043131166
6.7382396129078890	1.0000494644194649
6.7417119051271390	0.9999634756693322
6.7451854485932552	1.0000421194623559
6.7486730814602147	0.9999626126901443
6.7521811246503098	1.0000371670136405
6.7557181008972398	0.9999653694604421
6.7592912239141807	1.0000316443994341
6.7629142560855868	0.9999713385647631
6.7666040947264401	1.0000230809657573
6.7703930431561288	0.9999820739049535
6.7743372750714945	1.0000127262558105
6.7785860294956919	0.9999480943326499
6.7855160986401355	1.0001284966100128
6.7902752998793945	1.0000201808969211
6.7944912784029583	1.0000406051495123
6.7985974556892446	0.9999972033538495
6.8029021948076673	1.0000584532748886
6.8098482732128094	0.9998666239892723
6.8144687444204139	0.9999859804281189
6.8184447729352700	0.9999428045913483
6.8221871816612456	1.0000169930916767
6.8258776610141139	0.9999639037256498
6.8295938908396456	1.0000187376005989
6.8333935969895707	0.9999797073972539
6.8373418354773641	1.0000114901835502
6.8415920998695858	0.9999474130785915
6.8485231053672697	1.0001283196646875
6.8532824074661782	1.0000200820035838
6.8574982203239268	1.0000405651877335
6.8616042461616429	0.9999971813356913
6.8659089486219349	1.0000584370804706
6.8728885924110399	0.9998728377819724
6.8777300820251419	0.9999768038311665
6.8820801298683234	0.9999618612721071
6.8864652549802159	1.0000435025608041
6.8934811980150119	0.9998602864177759
6.8981927242447556	0.9999802350623914
6.9022700632073226	0.9999471619286907
6.9061363487284551	1.0000089596880957
6.9099953306171527	0.9999744206814819
6.9139657267550074	1.0000088712561845
6.9182240691742054	0.9999458180798957
6.9251132197760512	1.0001369804876552
6.9295741066909677	1.0000073896628074
6.9333511732627962	1.0000695391111660
6.9368694500397163	0.9999687715529213
6.9402964389781676	1.0000544784808882
6.9436940772239240	0.9999585310898124
6.9470860737788325	1.0000479603846444
6.9504840417727465	0.9999565322569826
6.9538925469066850	1.0000441269085303
6.9573173865557285	0.9999577160830629
6.9607615170768247	1.0000405617138683
6.9642316365626877	0.9999608737356704
6.9677328097511850	1.0000359370715388
6.9712755133652866	0.9999662408584340
6.9748707760596833	1.0000288521109351
6.9785393254298542	0.9999752785270899
6.9823107875506798	1.0000172180074731
6.9862457593672183	0.9999862520023610
6.9904907666822504	1.0000504742661913
6.9973913585761824	0.9998640012536587
7.0019179560826466	0.9999876391271112
7.0057997296562569	0.9999373775575260
7.0094504753331623	1.0000208927444503
7.0130467470695121	0.9999579996726337
7.0166585162322015	1.0000243827355202
7.0203307764974419	0.9999725101250204
7.0241014923957579	1.0000158602279912
7.0280352770747161	0.9999854686976888
7.0322800339818894	1.0000499913653571
7.0392049804185195	0.9998682024278184
7.0438752142975609	0.9999814034504994
7.0479688597848140	0.9999518082710350
7.0519022467734738	1.0000046566113832
7.0558985694186642	0.9999789770070577
7.0601649098266659	1.0000474356353262
7.0670857258509532	0.9998627251940375
7.0716363563995248	0.9999860017353930
7.0755468835808646	0.9999390129356883
7.0792343691654258	1.0000181862070441
7.0828801155178853	0.9999617415207341
7.0865610421795191	1.0000194234161910
7.0903348902022465	0.9999790476575892
7.0942674772247054	1.0000113361456555
7.0985135044950534	0.9999478706719030
7.1054154319063807	1.0001344442320117
7.1099544397600170	1.0000119099546045
7.1138555262140653	1.0000597438593091
7.1175382361581194	0.9999803393568831
7.1211791030388278	1.0000371892215398
7.1248579629811504	0.9999793479362440
7.1286289019762066	1.0000198663638566
7.1325612081217740	0.9999875581202120
7.1368058956798288	1.0000509687372030
7.1437056831790331	0.9998636055542041
7.1482099810548929	0.9999882776771980
7.1520694207027580	0.9999362760517777
7.1557014690072887	1.0000215118647362
7.1592826107496128	0.9999572769351738
7.1628823436459568	1.0000247448350135
7.1665453127653613	0.9999721900895152
7.1703093375617124	1.0000159487829527
7.1742391123080997	0.9999854591084461
7.1784827794101371	1.0000498439616081
7.1853577477449608	0.9998586377474137
7.1897190016179948	0.9999941358911437
7.1933996798025799	0.9999232075181099
7.1968321965371835	1.0000339179377382
7.2001852662774688	0.9999393005059719
7.2035144173081758	1.0000441525382484
7.2068439001911795	0.9999465812430061
7.2101799060997926	1.0000462329966737
7.2135281404732350	0.9999505227185609
7.2168889774776677	1.0000455138645341
7.2202660454725018	0.9999534871742947
7.2236597391704480	1.0000434790537649
7.2270742714176031	0.9999565677011950
7.2305113373527448	1.0000403795290433
7.2339769342994344	0.9999604858770345
7.2374754402488151	1.0000358454202809
7.2410168231000132	0.9999661449779982
7.2446116375007659	1.0000287868778388
7.2482802386506098	0.9999752648799709
7.2520519391368721	1.0000171892373428
7.2559871135134548	0.9999862393075526
7.2602321631087063	1.0000504735845921
7.2671127259697954	0.9998602616404646
7.2715218206334038	0.9999926430226426
7.2752513924926907	0.9999263720244433
7.2787272460392423	1.0000318789211788
7.2821189185276323	0.9999420059355972
7.2854834496078258	1.0000421137268933
7.2888463764492855	0.9999489429580746
7.2922150585385985	1.0000441195976608
7.2955962872133595	0.9999528849309449
7.2989916688398484	1.0000430985282522
7.3024062140161279	0.9999562440484185
7.3058420622912985	1.0000403834437583
7.3093056221616362	0.9999602478641172
7.3128015884187638	1.0000359664559246
7.3163402321126991	0.9999659709859080
7.3199323667015257	1.0000288951250860
7.3235985840488409	0.9999751765859100
7.3273684073353520	1.0000172234349638
7.3313024093647856	0.9999862409252717
7.3355471492435029	1.0000504332731988
7.3424221269813561	0.9998591560950719
7.3467970878414688	0.9999939816095232
7.3504876048364141	0.9999236195966057
7.3539241239433437	1.0000341777655564
7.3572755801684098	0.9999388727194379
7.3605976930732906	1.0000450837570345
7.3639145981275096	0.9999453040690569
7.3672321464659172	1.0000479764406862
7.3705554556543014	0.9999482978919565
7.3738840532791006	1.0000482942786530
7.3772204184950372	0.9999500519640079
7.3805633793165182	1.0000476758770118
7.3839150912280882	0.9999514350654839
7.3872744446295631	1.0000466407657627
7.3906436885217808	0.9999527993127838
7.3940219554154325	1.0000453219345531
7.3974117754551187	0.9999543295599912
7.4008126998475117	1.0000436881719703
7.4042277766589510	0.9999561914829448
7.4076572810957400	1.0000415965934821
7.4111052032574909	0.9999586175176379
7.4145731338632412	1.0000387621868680
7.4180668961149401	0.9999620088708828
7.4215906948497299	1.0000346347625721
7.4251543134976998	0.9999671552735433
7.4287680769845421	1.0000280621443458
7.4324520787096713	0.9999757421842049
7.4362352573259445	1.0000169852006595
7.4401774388201627	0.9999862268881358
7.4444243779484616	1.0000507157491560
7.4513182899927450	0.9998631021083765
7.4558199535290566	0.9999893813063397
7.4596545339288918	0.9999331516627948
7.4632326979422121	1.0000266962889623
7.4667228414033158	0.9999487106135105
7.4701824902818643	1.0000366447399958
7.4736373051185545	0.9999549175260428
7.4770941454926989	1.0000390047946259
7.4805587563445650	0.9999578865547863
7.4840313804375258	1.0000388827388897
7.4875152530949380	0.9999598985131433
7.4910103467660729	1.0000376779302427
7.4945203440227193	0.9999619482318506
7.4980463596320028	1.0000356087374711
7.5015937936351937	0.9999646981131165
7.5051663191806437	1.0000322966216457
7.5087732181661391	0.9999690236261148
7.5124242060724953	1.0000266463953016
7.5161387202939167	0.9999766482934878
7.5199448098839738	1.0000165758188995
7.5239010604628653	0.9999861922887426
7.5281518064991406	1.0000511954404305
7.5350550778629728	0.9998655335452993
7.5396450030971742	0.9999867010606650
7.5435802028944465	0.9999390670282786
7.5472568408272425	1.0000221693204245
7.5508426998991398	0.9999547582359238
7.5543969611520483	1.0000314516272037
7.5579472436374298	0.9999609434561124
7.5615022859082925	1.0000331707043590
7.5650700806036610	0.9999644110112806
7.5686536887119882	1.0000319499810884
7.5722604070086268	0.9999678379037855
7.5758960327001370	1.0000285037937910
7.5795733452751497	0.9999731075745248
7.5833079444910396	1.0000216158082775
7.5871307286765379	0.9999825874086763
7.5910958018379455	1.0000127365541418
7.5953502161685362	0.9999473712666211
7.6022590934070955	1.0001315203052703
7.6069254766460377	1.0000146806949697
7.6109562044783718	1.0000539567377156
7.6147440618037354	0.9999826095945484
7.6184580703458717	1.0000353061231753
7.6221711956219380	0.9999776885409516
7.6259242567839189	1.0000236989827658
7.6297569669374683	0.9999839365759915
7.6337272717984588	1.0000134306201864
7.6379832020582628	0.9999475807146310
7.6448885855117652	1.0001322356744258
7.6495375839568336	1.0000137432207701
7.6535365113996825	1.0000564329533024
7.6572766833325776	0.9999793248728656
7.6609218764095663	1.0000406866911868
7.6645359836756057	0.9999704301388771
7.6681450043888715	1.0000344681106965
7.6717629662471101	0.9999692322171961
7.6753971776864960	1.0000304141835341
7.6790577901782902	0.9999716231612029
7.6827546337996635	1.0000252591569432
7.6865066347695485	0.9999778394509373
7.6903409385331054	1.0000161695317578
7.6943145871325695	0.9999861849934384
7.6985700819991845	1.0000518053366756
7.7054803433284889	0.9998676735387702
7.7101549812926597	0.9999842719740939
7.7141925450577675	0.9999448860676858
7.7179775221483355	1.0000170383193987
7.7216802780899112	0.9999622595140102
7.7253669275741181	1.0000235079902271
7.7290756642236618	0.9999716400333682
7.7328310743242605	1.0000199443144668
7.7366679821893722	0.9999821222478482
7.7406412831960862	1.0000124057691406
7.7448980369605396	0.9999469294762305
7.7518334220302112	1.0001261774165979
7.7566964516919512	1.0000226269227017
7.7610669009319988	1.0000371124070129
7.7654584313251718	0.9999545367637994
7.7724637730729356	1.0001386841778692
7.7771972832359300	1.0000175058301719
7.7812633605762116	1.0000546254593115
7.7850706684924953	0.9999835749535716
7.7887963562285885	1.0000353684186358
7.7925168769770297	0.9999780292644995
7.7962747833311088	1.0000237037438044
7.8001106092344372	0.9999840321440733
7.8040826930245304	1.0000134686507085
7.8083391348496587	0.9999475436555961
7.8152674924003822	1.0001278744886100
7.8200735787399935	1.0000205025239381
7.8243320226612854	1.0000396683228578
7.8284648809390127	0.9999968516354590
7.8327769288040807	1.0000591633538636
7.8397169700830291	0.9998665670057935
7.8443546563840458	0.9999869404697427
7.8483213910548839	0.9999403767944125
7.8520167707119226	1.0000221954056217
7.8556125850860212	0.9999551381864917
7.8591709335378601	1.0000316451880873
7.8627216753936882	0.9999609309166158
7.8662756991891625	1.0000332602113038
7.8698433066272040	0.9999646316199503
7.8734303251634552	1.0000313795324383
7.8770475861474081	0.9999690907949597
7.8807057796868083	1.0000263197267960
7.8844251878331955	0.9999766763607902
7.8882344401373858	1.0000164938229856
7.8921924946711810	0.9999861672735217
7.8964437588885072	1.0000512454971686
7.9033574068439814	0.9998675412771606
7.9080172146053256	0.9999836695052007
7.9120576966847622	0.9999465039143854
7.9158758557369060	1.0000130868334027
7.9196555862863578	0.9999693848681888
7.9234856182880433	1.0000127103424565
7.9274505808685785	0.9999840040683134
7.9317044226488669	1.0000501351329323
7.9386315825274520	0.9998688984421231
7.9433540120365089	0.9999806330058691
7.9474973169899554	0.9999533898074161
7.9514678946036836	1.0000044297745867
7.9554865564874753	0.9999791198860031
7.9597590449682416	1.0000482723557766
7.9667079141517183	0.9998689447914254
7.9714855999204657	0.9999780102721942
7.9757164426447478	0.9999582432409643
7.9798293272935803	1.0000016764327349
7.9841373585731041	0.9999402703018990
7.9911225801986427	1.0001247330962206
7.9960306649508635	1.0000227239531876
8.0006084161565134	1.0000802400893363
8.0077508134526738	0.9998672746686562
8.0125832918277151	0.9999823104334284
8.0167669057230135	0.9999540831598022
8.0207507984886544	1.0000050315440001
8.0247733222583904	0.9999793500933560
8.0290474159276677	1.0000483650669161
8.0360080440348209	0.9998706100957072
8.0408444615831414	0.9999755028840271
8.0451944947125824	0.9999612724349196
8.0495793182352600	1.0000432845779146
8.0565661150775671	0.9998552824264815
8.0611111430455207	0.9999870844949130
8.0649488326213437	0.9999304744841354
8.0685116739924041	1.0000273881485608
8.0719775669429747	0.9999462697468515
8.0754078224953556	1.0000384013329009
8.0788300588532778	0.9999525264560841
8.0822524145545316	1.0000411079440137
8.0856817460442567	0.9999556423605425
8.0891193970013546	1.0000409044540959
8.0925697553262470	0.9999580253353400
8.0960340905072137	1.0000392391701083
8.0995175516189057	0.9999607792175264
8.1030230435135255	1.0000362669872784
8.1065582145259594	0.9999647308724736
8.1101297972687370	1.0000313968396060
8.1137515366060740	0.9999711158680540
8.1174402896718636	1.0000230230108935
8.1212284216416926	0.9999820131042819
8.1251721458234520	1.0000127046954626
8.1294207659318136	0.9999481051652643
8.1363212249241244	1.0001340864520452
8.1408874919537446	1.0000120389833063
8.1448038000230714	1.0000600601672556
8.1484796933303851	0.9999781373086004
8.1520848047860905	1.0000413731634670
8.1556884563354419	0.9999724725510448
8.1593253547721343	1.0000300617692168
8.1630239160254447	0.9999774903450011
8.1668167165761698	1.0000176237677643
8.1707643755579120	0.9999866311122260
8.1750128729347225	1.0000511052084693
8.1819380099944112	0.9998692514021995
8.1866469366750909	0.9999809716078275
8.1907786465203500	0.9999531670400819
8.1947410572938608	1.0000045171771865
8.1987549421099750	0.9999791165653533
8.2030260871400724	1.0000481094438980
8.2099411363365515	0.9998624424242090
8.2144919524989408	0.9999871798245102
8.2183797456449170	0.9999361964838103
8.2220158615176064	1.0000229602856261
8.2255747306617941	0.9999540685181907
8.2291214011543836	1.0000299715950163
8.2326912455462207	0.9999642372754133
8.2363040393534934	1.0000267789514619
8.2399847243820599	0.9999747001952002
8.2437642972480294	1.0000166020670958
8.2477040251374714	0.9999859752075099
8.2519503361034836	1.0000504905269327
8.2588740332548003	0.9998684724120531
8.2635550906099038	0.9999813614870311
8.2676581291445430	0.9999521273452748
8.2715979939171529	1.0000046584725020
8.2755980342576816	0.9999790188532213
8.2798654265711171	1.0000475822898180
8.2868257706886794	0.9998702641784787
8.2916395203566999	0.9999753868938953
8.2959732632650809	0.9999610923701735
8.3003536883756404	1.0000426271155749
8.3073316562061592	0.9998528751822744
8.3117924993659482	0.9999888908621439
8.3155534201940302	0.9999268198390917
8.3190661066139349	1.0000276153961918
8.3225139657146645	0.9999471777193135
8.3259634794664237	1.0000339498338509
8.3294500884828597	0.9999600298786505
8.3329935322775341	1.0000292071930776
8.3366189493437606	0.9999728272508676
8.3403579406862018	1.0000172574413599
8.3442731388043381	0.9999859784685518
8.3485128412375254	1.0000496280352804
8.3554271491665215	0.9998655277641130
8.3599931608231799	0.9999845517906341
8.3639576190152631	0.9999445961078038
8.3677419778130862	1.0000109257256669
8.3715443574028043	0.9999734408063211
8.3754816761297732	1.0000087046379673
8.3797309123899062	0.9999468169279947
8.3866578423626379	1.0001311327044125
8.3912895701485120	1.0000165608175386
8.3953426984965098	1.0000483501490232
8.3992474540117819	0.9999939897533729
8.4032251822537738	1.0000200154452834
8.4074876900254090	0.9999520737686306
8.4144159351304442	1.0001350731779688
8.4190006027427415	1.0000152966710902
8.4229761274129888	1.0000543066379268
8.4267699895146535	0.9999883545827726
8.4305774838364247	1.0000254476460986
8.4345192411289833	0.9999902368844201
8.4387684128002469	1.0000522126982168
8.4456247047138895	0.9998543431480478
8.4498408299042982	1.0000000789028762
8.4533718236627120	0.9999128844392264
8.4566689273244862	1.0000413426004491
8.4598982313380962	0.9999299659139924
8.4631116269905533	1.0000514856358425
8.4663310163296508	0.9999384441520651
8.4695610787850573	1.0000532820580845
8.4728066668350088	0.9999432178320599
8.4760673549740719	1.0000522481046001
8.4793461398336039	0.9999467019936730
8.4826425518260269	1.0000499978704256
8.4859598696101433	0.9999499913716194
8.4892984038239128	1.0000469454351757
8.4926623814403985	0.9999536799397424
8.4960535166594457	1.0000429983193386
8.4994778869402854	0.9999583082086492
8.5029399324000092	1.0000376718485100
8.5064497161807520	0.9999647181337350
8.5100179473434103	1.0000298344205636
8.5136651781887895	0.9999746036370706
8.5174210911248576	1.0000174795817154
8.5213466835769651	0.9999862589003489
8.5255891540929785	1.0000501444593299
8.5325138004744598	0.9998680707293606
8.5371696159872084	0.9999816467135780
8.5412499850747157	0.9999513960733567
8.5451736923238624	1.0000047209850975
8.5491642899126532	0.9999789415040802
8.5534290520424321	1.0000472231186028
8.5604007076521320	0.9998720060479508
8.5652764084216599	0.9999746082931291
8.5698468782137809	0.9999190599640175
8.5769549399834926	1.0001390227495550
8.5814929969982430	1.0000065524068333
8.5852893902633340	1.0000691624692570
8.5888149885432252	0.9999690425421925
8.5922513447188891	1.0000533998274030
8.5956636726735187	0.9999597764982521
8.5990752989670192	1.0000463902260948
8.6024960549032325	0.9999580584742601
8.6059280101538800	1.0000427501253568
8.6093739005668883	0.9999586671641786
8.6128330347026392	1.0000403018255699
8.6163076613307972	0.9999601413777863
8.6197972286857638	1.0000380996490532
8.6233047712846940	0.9999621746116396
8.6268308694847367	1.0000355813618869
8.6303803298365516	0.9999649827571293
8.6339562639364047	1.0000321031936381
8.6375673813661376	0.9999692967121568
8.6412228473351238	1.0000264684371332
8.6449415710120814	0.9999768120257267
8.6487511003303474	1.0000165265066379
8.6527095469120408	0.9999862020322137
8.6569608736688171	1.0000512846260121
8.6638673626810263	0.9998662653012423
8.6684827564722688	0.9999858773033548
8.6724497804221947	0.9999409639383197
8.6761602457268712	1.0000205466990153
8.6797815841497048	0.9999570062801469
8.6833736207353649	1.0000293093202113
8.6869651114020794	0.9999635822511995
8.6905663571663911	1.0000303159462929
8.6941877171385453	0.9999679196875928
8.6978358270387304	1.0000277178999522
8.7015237905418683	0.9999733203665905
8.7052671058952011	1.0000212812084435
8.7090964829137931	0.9999826499347064
8.7130656264568582	1.0000127216699004
8.7173211546727938	0.9999472212648264
8.7242296646618076	1.0001313997846948
8.7289029038148236	1.0000147394860359
8.7329395724535850	1.0000537502772531
8.7367313972796392	0.9999826316601744
8.7404476499379431	1.0000352503580001
8.7441617747721505	0.9999776593850316
8.7479150563387282	1.0000237018626281
8.7517476255032687	0.9999839165642607
8.7557177534437383	1.0000134224333777
8.7599736532505403	0.9999475806818445
8.7668714820903038	1.0001336656548407
8.7714718571156638	1.0000119050608824
8.7754043948269107	1.0000606030667418
8.7790684070068945	0.9999752844879847
8.7826287529038396	1.0000462840295099
8.7861484071906784	0.9999647538128403
8.7896517599565893	1.0000413782046655
8.7931504716438038	0.9999617360535131
8.7966484852008140	1.0000392898485659
8.8001505716855952	0.9999613698638060
8.8036581386117874	1.0000377486276031
8.8071758225033037	0.9999623822496545
8.8107057299726339	1.0000357446900570
8.8142541000688706	0.9999646785514522
8.8178254372736937	1.0000325034280533
8.8214297662002927	0.9999688612761426
8.8250775022413404	1.0000268236653753
8.8287887026188372	0.9999765297809857
8.8325919781780105	1.0000166325343041
8.8365464046717079	0.9999861941636277
8.8407966746460129	1.0000511287026437
8.8476935633127400	0.9998642317944797
8.8522396427550252	0.9999882841784659
8.8561189025269549	0.9999355188242431
8.8597346625317996	1.0000253778913799
8.8632551510167854	0.9999503308327695
8.8667385296693055	1.0000357901803074
8.8702108544154417	0.9999556657545682
8.8736790581566698	1.0000388050816658
8.8771486918698361	0.9999577681128298
8.8806195814206603	1.0000395045451234
8.8840942914648835	0.9999588012785073
8.8875718356748656	1.0000393662235503
8.8910545171981692	0.9999595830664332
8.8945415329766320	1.0000388009263854
8.8980355097105068	0.9999604731906901
8.9015361629408201	1.0000378423488006
8.9050468169632016	0.9999617247510275
8.9085681292387555	1.0000363275548720
8.9121047251640721	0.9999636557621999
8.9156590553521831	1.0000338827264457
8.9192383547481988	0.9999668205713865
8.9228489169618097	1.0000297361275381
8.9265040509763711	0.9999723638773200
8.9302200676781336	1.0000222137982453
8.9340286388796795	0.9999823667490646
8.9379848968968236	1.0000127291555212
8.9422369192032356	0.9999476764965044
8.9491816462849787	1.0001251883457067
8.9540773273808121	1.0000233428577223
8.9586507707657272	1.0000806175415351
8.9654747717173109	0.9998140056539272
8.9824076445971333	0.9997149725333565
8.9879528204569450	0.9998825273293150
8.9975069558949734	0.9998378904566457
9.0028812063684036	1.0001243578207997
9.0084016535412204	0.9996732986824367
9.0159581024639479	1.0003322764631921
9.0234714478010094	0.9997136674387066
9.0341166458976456	0.9996868068434679
9.0409958445517535	1.0001440780094220
9.0537348928566654	1.0002573836147493
9.0588074313662226	1.0000965474660894
9.0630345368069491	1.0000863392958546
9.0669571744752062	1.0000142186950565
9.0708599825403624	1.0000353922462324
9.0748221923525847	1.0000137387761436
9.0788723016884258	1.0000421946981184
9.0830189572671998	1.0000236815596057
9.0873020731840235	1.0001495653442150
9.0918904160772538	0.9997445208360447
9.0953827774080231	1.0000180048067071
9.0985975533570596	0.9999061549403461
9.1019089117933536	1.0000296919395311
9.1055679974652310	1.0000057223619156
9.1097523595163530	1.0000765213894225
9.1162515355968878	0.9998292824808342
9.1199348794096196	0.9999988441045259
9.1233462774183458	0.9999249691893504
9.1270074451236294	0.9999874101090953
9.1312000507280278	0.9999433271345078
9.1382131351688365	1.0001309741719289
9.1428042633032138	1.0000318412510645
9.1473057446666299	1.0000747372236820
9.1547182380621397	0.9998831963340215
9.1597351422812245	1.0000513997865947
9.1646723138850383	0.9995928191479473
9.1679788670069211	0.9999331010213647
9.1714480111514849	0.9998791628042455
9.1750097609900241	0.9999731985018352
9.1786655314461640	0.9999301359032488
9.1823572697768956	0.9999964718190898
9.1860310067173430	0.9999429991218833
9.1896502926608292	1.0000221214404101
9.1932297666449667	0.9999625488787448
9.1968240781721988	1.0000366049960911
9.2005116776232114	0.9999970352380906
9.2043870995241033	1.0000387769438446
9.2086191486581193	0.9999835721039719
9.2155848744728779	1.0001649379272486
9.2201804534508369	1.0000564484590175
9.2243637847525957	1.0000707575454897
9.2287060609652904	0.9999906494757524
9.2356612338794655	1.0001775296503175
9.2398435059687536	1.0000299327930418
9.2434937207607835	1.0000850233620977
9.2471166119485506	1.0000077563472307
9.2509338473439691	1.0000345178159127
9.2551536559341159	0.9999683921218283
9.2618987732161653	1.0001829956650421
9.2654303019910191	0.9999798139539474
9.2684711581434964	1.0001243070287613
9.2714507422360608	0.9999506874914197
9.2744733133393495	1.0000866577111738
9.2775595221166522	0.9999472844761386
9.2807086883234593	1.0000659271108783
9.2839179118676203	0.9999499611779061
9.2871828581736082	1.0000532903569928
9.2905040670170091	0.9999552625893143
9.2938820037812757	1.0000433546628777
9.2973236336295191	0.9999627978631115
9.3008375747860921	1.0000327377217291
9.3044429437617726	0.9999738937408996
9.3081688513322529	1.0000184598693578
9.3120765268707117	0.9999866142934086
9.3163141649206711	1.0000497733039451
9.3232624341791581	0.9998718515970861
9.3280324381611894	0.9999760780875442
9.3323380780532439	0.9999613179793135
9.3367107086390106	1.0000418719105482
9.3437115176458665	0.9998561656840232
9.3482589144007431	0.9999842165000237
9.3521545142766325	0.9999376075312569
9.3558428804156328	1.0000156831440505
9.3595183457821438	0.9999651097213891
9.3632719818859549	1.0000133328881444
9.3671909250940590	0.9999837149225324
9.3714322769100633	1.0000483875257418
9.3783321530113781	0.9998615868881555
9.3827849507884729	0.9999887540246979
9.3866033830215940	0.9999347108464894
9.3902157803051214	1.0000205763649002
9.3938021298740004	0.9999591652676547
9.3974374646159173	1.0000205287315365
9.4011786186709312	0.9999783045498706
9.4050916926506343	1.0000112103029417
9.4093324468955739	0.9999484829775636
9.4162164165831701	1.0001386571575073
9.4206111638628602	1.0000067553262704
9.4243434505821071	1.0000710884776427
9.4278439112614709	0.9999697752773885
9.4312757315652949	1.0000531256899872
9.4346962920860680	0.9999612267299482
9.4381254359098481	1.0000448593779245
9.4415710239118180	0.9999601021872615
9.4450337977477901	1.0000405218477584
9.4485153171406697	0.9999610942629737
9.4520137130218647	1.0000377706543826
9.4555299738623368	0.9999626504568901
9.4590620655214384	1.0000356635522778
9.4626112943070932	0.9999643449562745
9.4661760612540462	1.0000337620681345
9.4697584352976047	0.9999661807633379
9.4733578598242723	1.0000317153664022
9.4769780064640301	0.9999684470095244
9.4806206649715570	1.0000289863472052
9.4842931862402278	0.9999718670649558
9.4880031658362451	1.0000244425698297
9.4917678190908283	0.9999781243708654
9.4956126177959135	1.0000159045048953
9.4995930550871925	0.9999861307410798
9.5038503544859800	1.0000520216793214
9.5107804769284048	0.9998717574086408
9.5156062187932342	0.9999783269764111
9.5198869185394894	0.9999598119864853
9.5240326588419340	1.0000023174012462
9.5283495477363651	0.9999394862240829
9.5353274254707223	1.0001247486809253
9.5402621178935583	1.0000222441355311
9.5448468421036718	1.0000809840522331
9.5519673312057218	0.9998651038192201
9.5567411516119627	0.9999869662733315
9.5607835044043217	0.9999424755771529
9.5645195945798847	1.0000221826946296
9.5681343488070389	0.9999554533815065
9.5716957089453114	1.0000326194843518
9.5752361723690598	0.9999596857509744
9.5787681060960050	1.0000353236136341
9.5823026624358167	0.9999621562817670
9.5858460831231405	1.0000344889778865
9.5894087831362693	0.9999654716576238
9.5929996938945408	1.0000307006425337
9.5966345758730700	0.9999714035368120
9.6003319384438672	1.0000228221485044
9.6041254714747524	0.9999820753686475
9.6080722039931334	1.0000127139917763
9.6123217006827595	0.9999480130201127
9.6192351494369799	1.0001315614700172
9.6238896295199350	1.0000158294556143
9.6279364003996744	1.0000509387552039
9.6317870875552973	0.9999890626677811
9.6356350866424147	1.0000243150486843
9.6396008820779091	0.9999899195167191
9.6438566161689572	1.0000528804411606
9.6508142415669376	0.9998743034275918
9.6556961429855246	0.9999757262046672
9.6602678854928268	0.9999192072821654
9.6674204017898298	1.0001304762983902
9.6722779042624385	1.0000186107243703
9.6765251803353802	1.0000402546126714
9.6806398446719548	0.9999968142760707
9.6849480527072558	1.0000582325938832
9.6919212591179971	0.9998705853967350
9.6966858012855521	0.9999794799209474
9.7008977910759899	0.9999583296660484
9.7049975897458243	1.0000018511321533
9.7093021806484305	0.9999408543712516
9.7162243133787083	1.0001372775201340
9.7206835569226158	1.0000070556453469
9.7244568946409569	1.0000691742942418
9.7279818317875026	0.9999702076750975
9.7314316583426557	1.0000515976997240
9.7348732041569246	0.9999630795186942
9.7383360252087776	1.0000411831594531
9.7418394570208626	0.9999658718821721
9.7453990900276253	1.0000313069829379
9.7490376582635445	0.9999748389005879
9.7527864812404204	1.0000179572087331
9.7567075582736358	0.9999864543591125
9.7609488683110701	1.0000500945336905
9.7678400719686440	0.9998615990778746
9.7722812122529135	0.9999902516513862
9.7760707023320403	0.9999319341225021
9.7796339196476296	1.0000248822395934
9.7831448450467882	0.9999525467779526
9.7866678407587102	1.0000293990461164
9.7902397519983584	0.9999661092150536
9.7938852107065610	1.0000228414087091
9.7976405229208066	0.9999805291157053
9.8015640240585267	1.0000122005314600
9.8058072429858552	0.9999485721490574
9.8127500716289422	1.0001270093228760
9.8175458518165613	1.0000228926977051
9.8218673367871787	1.0000375712447565
9.8262455654579668	0.9999564641678835
9.8332937075368338	1.0001331185728284
9.8382090172584249	1.0000262256155814
9.8427905262943867	1.0000815135853249
9.8499306234130568	0.9998649595206042
9.8546533518876487	0.9999852426232919
9.8586992403806324	0.9999470587858303
9.8625283489028011	1.0000110093138372
9.8663564677860585	0.9999742217607417
9.8703074767469801	1.0000090150439287
9.8745606512107500	0.9999465734898164
9.8814713857762886	1.0001339475938731
9.8860195929626613	1.0000131212029864
9.8899538109656699	1.0000557663555487
9.8937100628520369	0.9999870402444738
9.8974880802585012	1.0000260287818750
9.9014116990072552	0.9999902802429232
9.9056561285275517	1.0000516159558257
9.9125595759813852	0.9998622788296249
9.9170004828116483	0.9999888239568249
9.9208214938433024	0.9999363182110356
9.9244585547439463	1.0000176896471686
9.9280982187435924	0.9999643196484314
9.9318277845484584	1.0000138683968249
9.9357328274192351	0.9999838558010611
9.9399703899082912	1.0000480644462379
9.9469218443640930	0.9998709141092741
9.9516791302997536	0.9999755935418672
9.9559753254699341	0.9999607565362159
9.9603454589274474	1.0000408864643184
9.9673739717460954	0.9998595724619389
9.9719970154836819	0.9999824846179199
9.9759805296986741	0.9999424221794025
9.9797347688865266	1.0000168779782528
9.9834266952228692	0.9999630495587414
9.9871110196096655	1.0000251268888685
9.9908109333995352	0.9999717643898551
9.9945306304631920	1.0000268189481172
9.9982745315454160	0.9999766403795409
