0.0000000000000000	0.0000000000000000
2.6432229383054717	0.0010000000000000
2.6487143471008281	0.0009497391283524
2.6526419057493467	0.0011317236381424
2.6566507886757749	0.0012180725250993
2.6612255526005226	0.0014240487273601
2.6690349678661600	0.0015925517573675
2.6735145204326551	0.0019676905745839
2.6777481189255399	0.0022515192220765
2.6823952774035598	0.0026830725750704
2.6912062040103377	0.0035255499850511
2.7036896252982756	0.0055216654278936
2.7085905492608657	0.0063362115231878
2.7124426924612446	0.0072829048729494
2.7161900547113245	0.0081701290647626
2.7200271243981158	0.0093326882456900
2.7240146102629885	0.0106206410944627
2.7281219006388109	0.0122005168003640
2.7323733773023129	0.0140354833929423
2.7367565907975244	0.0162337710605401
2.7414274259621925	0.0188512310410566
2.7464381550280144	0.0227288129746621
2.7499970564189566	0.0252255655893941
2.7542583450346894	0.0290317821599709
2.7588419430899362	0.0336550276850488
2.7632959303398672	0.0387355171564689
2.7679071416000349	0.0448413511042283
2.7726099080995756	0.0521020815807904
2.7773985626167468	0.0607116303539231
2.7869274212145294	0.0819470093838744
2.7923239926321295	0.0965084083712990
2.7976704630057050	0.1136517226627234
2.8030806988970718	0.1328686676670678
2.8072370233680730	0.1499377021234080
2.8111312525266121	0.1674847029819936
2.8150545963354077	0.1869806623317965
2.8191197158315746	0.2089589953808523
2.8233153856871609	0.2337010786977427
2.8276079730580306	0.2610927908667937
2.8320682974791143	0.2917838091970996
2.8365160932514248	0.3245082150654274
2.8412060908570300	0.3611080121754053
2.8457700335915090	0.3984997372141358
2.8507155437396161	0.4407041914719490
2.8558030300514869	0.4849007996151515
2.8697263114370131	0.6069266369507023
2.8776067825014189	0.6723717871580931
2.8838851316583622	0.7199177556042549
2.8904205013485544	0.7656958273713838
2.9065018157780598	0.8548541151473553
2.9148804032760878	0.8893470902138846
2.9197173580345437	0.9056446876691806
2.9241276621140293	0.9187620732445171
2.9286463482934235	0.9304086941305404
2.9352417713580539	0.9447644997889316
2.9403183406050908	0.9533963940387675
2.9437237477622151	0.9591133865374709
2.9466975257251060	0.9630688334440745
2.9496108829497465	0.9669456369777113
2.9527252483859150	0.9703571913519291
2.9559977533599833	0.9737737090969478
2.9594808101079009	0.9768327428858969
2.9631108478595332	0.9797549350699568
2.9669270377035399	0.9823644843916817
2.9708887553310790	0.9847897235280888
2.9751663168306095	0.9869536914321242
2.9818804293641232	0.9899906965365269
2.9858120942481792	0.9912004798143359
2.9891682758161440	0.9923228300955997
2.9924542532419056	0.9930900727130839
2.9958281484605847	0.9939745949384572
2.9993827032380600	0.9946598425494459
3.0031829301993702	0.9953911710032226
3.0074027452566305	0.9959953858542770
3.0140200589700887	0.9970676626542687
3.0185047552992246	0.9974093834924722
3.0223077967760976	0.9978116267220121
3.0258960489346740	0.9980044970948284
3.0294200622770657	0.9983215209448703
3.0329201345789047	0.9984504956152427
3.0363928811822105	0.9987180314401012
3.0398387975165049	0.9987922765577701
3.0432564413538743	0.9990233916161740
3.0466578203797279	0.9990560268002897
3.0500510815278301	0.9992564139003828
3.0534507961157873	0.9992627201743606
3.0568639335174028	0.9994348717015705
3.0603014147718421	0.9994260797918105
3.0637674993078949	0.9995718719970677
3.0672715069407697	0.9995557467293501
3.0708189537377191	0.9996761701169923
3.0744233632605429	0.9996601339713563
3.0780996924097428	0.9997532548417907
3.0818798753314325	0.9997477344376590
3.0858188597167606	0.9998107083938680
3.0900665436734265	0.9997758396840229
3.0969799162767817	0.9999976050763890
3.1016500897874999	0.9999040475695816
3.1057180150471124	0.9999531674636989
3.1095892756237093	0.9999055497207570
3.1134541474782149	0.9999508840070382
3.1174306316319669	0.9999266010190122
3.1216892461244727	0.9999989490784660
3.1286118529085272	0.9998256759515436
3.1332661053374609	0.9999482334952293
3.1373011086291376	0.9999155094248358
3.1411155182582275	0.9999862026795576
3.1448929019301590	0.9999457842325652
3.1487215688385799	0.9999921715039330
3.1526857836557860	0.9999661634271281
3.1569394386639278	1.0000347737707151
3.1638665610336796	0.9998568259592790
3.1685850214992985	0.9999705779181236
3.1727239480589629	0.9999444822835711
3.1766909097115414	0.9999968546696508
3.1807072989535636	0.9999725087219991
3.1849791902615969	1.0000425105229513
3.1918991199811479	0.9998589576422460
3.1964836534607035	0.9999820104146133
3.2004179279358866	0.9999361686379377
3.2041112875971307	1.0000164971199119
3.2077418202877475	0.9999569479435557
3.2113809458326497	1.0000212683851568
3.2150744777056577	0.9999712261962471
3.2188606299143281	1.0000139086021804
3.2228037073845353	0.9999839728667222
3.2270509967744090	1.0000490294260234
3.2339410389566856	0.9998610714470230
3.2384149177798163	0.9999894731299079
3.2422162017413019	0.9999302028955417
3.2457604790806744	1.0000277789007739
3.2492166681520169	0.9999457941109555
3.2526420789759909	1.0000381698755536
3.2560620550504584	0.9999521256614194
3.2594832136843075	1.0000408391884352
3.2629110092195823	0.9999551179931885
3.2663453331504027	1.0000410284125640
3.2697888814076466	0.9999569869180791
3.2732408923720877	1.0000402652226512
3.2767039400012821	0.9999586145982223
3.2801776048819886	1.0000389611740244
3.2836650139171981	0.9999604298492429
3.2871665937726600	1.0000370955739497
3.2906866840347728	0.9999628021155800
3.2942274345596347	1.0000343526494890
3.2977957461407401	0.9999663010415626
3.3013975879045656	1.0000299794694103
3.3050459504469281	0.9999720866771145
3.3087568795182678	1.0000222930880667
3.3125618570138604	0.9999822675039181
3.3165159720127728	1.0000126885007699
3.3207673979094845	0.9999477196852252
3.3276636516638769	1.0001343669720437
3.3322259006734298	1.0000110345591853
3.3361204553561459	1.0000624902119151
3.3397519435993526	0.9999740899355830
3.3432841882077518	1.0000479244227041
3.3467781785521473	0.9999634361902504
3.3502564134542525	1.0000430269574330
3.3537287692207967	0.9999600472694746
3.3571975254648687	1.0000413692257777
3.3606657709888506	0.9999589762485065
3.3641332070976886	1.0000406832560083
3.3676025603502442	0.9999588745606288
3.3710737538882132	1.0000400372901708
3.3745502220466776	0.9999594660804253
3.3780327672749717	1.0000389389983917
3.3815259887312710	0.9999608687339240
3.3850321306293432	1.0000369663310245
3.3885577346159934	0.9999634541111754
3.3921076932473673	1.0000335283451236
3.3956924724421222	0.9999679843355028
3.3993229828179992	1.0000274883144491
3.4030198025159000	0.9999760961424828
3.4068121454972315	1.0000168331930552
3.4107598191634709	0.9999862152528143
3.4150082675173818	1.0000509031567624
3.4219158191305090	0.9998659068607295
3.4265131911947577	0.9999855360454682
3.4304766197328656	0.9999421138464065
3.4342105437885060	1.0000170392837842
3.4378943903907313	0.9999635211804129
3.4416052225815306	1.0000188180815828
3.4454008233775464	0.9999795822636982
3.4493465245667880	1.0000114545830110
3.4535961120735732	0.9999474795169281
3.4604763917069019	1.0001379430098465
3.4649122157630998	1.0000067744564956
3.4686633878444910	1.0000712555585836
3.4721573845102141	0.9999675913141831
3.4755612340418685	1.0000561444046323
3.4789360183748199	0.9999571127225753
3.4823045932979118	1.0000496787016748
3.4856776837013959	0.9999547902309830
3.4890588088995047	1.0000461800565501
3.4924525102708981	0.9999553925006660
3.4958601152240201	1.0000433522630665
3.4992861982892665	0.9999575070860968
3.5027328996686493	1.0000401086668014
3.5062064637925014	0.9999609817926101
3.5097115283557359	1.0000356221158311
3.5132582416573030	0.9999664043011284
3.5168573119511728	1.0000286568657406
3.5205291955272666	0.9999753732614761
3.5243032567072170	1.0000171564779119
3.5282398466971854	0.9999862412416266
3.5324852826618747	1.0000505249652178
3.5394100540028002	0.9998686221231859
3.5440921749064729	0.9999812978687767
3.5481976148482688	0.9999522586742821
3.5521400138916928	1.0000046219907057
3.5561417855738275	0.9999790273546462
3.5604096119779305	1.0000476487188026
3.5673377873583600	0.9998643500132347
3.5719449836345336	0.9999840892927216
3.5759266473076310	0.9999434124101850
3.5796939623883826	1.0000140807445861
3.5834333452636482	0.9999678531388723
3.5872339152408856	1.0000129471309620
3.5911810987557424	0.9999839008060899
3.5954300757177631	1.0000494598487208
3.6023576680234921	0.9998681471067744
3.6070423127367994	0.9999810654107584
3.6111494266926774	0.9999521852867468
3.6150928898934809	1.0000045558577275
3.6190952637926026	0.9999789973436806
3.6233632581658810	1.0000476518773835
3.6302767067736053	0.9998616140739414
3.6347944957338245	0.9999878421642192
3.6386511916729862	0.9999346791610795
3.6422632336643703	1.0000235940914866
3.6458044824661076	0.9999532454309726
3.6493386946981881	1.0000302757389050
3.6529000509095413	0.9999639165111534
3.6565072943610781	1.0000268742036280
3.6601845081586002	0.9999746103806344
3.6639620063407845	1.0000166126303369
3.6679006121874322	0.9999859700684741
3.6721465903693171	1.0000504494980016
3.6790341543620757	0.9998616581060061
3.6834896864890752	0.9999909510280836
3.6872713670407249	0.9999297771761408
3.6907975581751247	1.0000292817510348
3.6942373168786893	0.9999453302495812
3.6976479299018372	1.0000394315034609
3.7010549322357802	0.9999518416268559
3.7044653762726005	1.0000416890509287
3.7078854269497725	0.9999552117991520
3.7113159285320405	1.0000412177144318
3.7147608764515057	0.9999577838784049
3.7182212136197688	1.0000393884104590
3.7217018039961243	0.9999606607548381
3.7252053113511923	1.0000363215502490
3.7287391733675586	0.9999646821629495
3.7323099450665347	1.0000314048541410
3.7359312205045843	0.9999710985802670
3.7396197341920443	1.0000230156888514
3.7434077551480684	0.9999820042927364
3.7473514306651210	1.0000126966900480
3.7516000336137907	0.9999480994254449
3.7585104751235070	1.0001322059940680
3.7631395569477712	1.0000146814363844
3.7671465374903974	1.0000538072318479
3.7709388080835287	0.9999852542875919
3.7746969886059465	1.0000302354394834
3.7785130716649600	0.9999860673057079
3.7824682207426799	1.0000149435951193
3.7867206148472254	0.9999490763658486
3.7936389083757649	1.0001316555115045
3.7983057881595066	1.0000163418536974
3.8023668170044438	1.0000503930438218
3.8062306009188527	0.9999894066364691
3.8100889675629133	1.0000240801402815
3.8140612340897140	0.9999898667817870
3.8183186886513001	1.0000530704262465
3.8252667246781336	0.9998727999548508
3.8300938316900597	0.9999763780947404
3.8344393007581949	0.9999617113196871
3.8388227635796239	1.0000433985207571
3.8458440897180681	0.9998616382710275
3.8506033855635997	0.9999784026827697
3.8547542578858467	0.9999518010796512
3.8587232856747016	1.0000038655326589
3.8627393689018192	0.9999787368944186
3.8670113301610471	1.0000479245264551
3.8739302298371427	0.9998628755853247
3.8784977689286659	0.9999865072345068
3.8824071590708518	0.9999375474554463
3.8860664973105346	1.0000218033914448
3.8896491009190775	0.9999555048696694
3.8932192180294471	1.0000288289804122
3.8968114126488160	0.9999653609787903
3.9004445378782733	1.0000259854913121
3.9041425791801485	0.9999752797284667
3.9079355200555401	1.0000163686624792
3.9118835376369288	0.9999859669411671
3.9161320655526719	1.0000507817826920
3.9230742029971113	0.9998723613523623
3.9278996308665111	0.9999760985566235
3.9322449568405098	0.9999615881351884
3.9366282986376429	1.0000433558568291
3.9436244567428949	0.9998571367901812
3.9482277870591624	0.9999847151347110
3.9521447873843689	0.9999360818364622
3.9558006978730367	1.0000216875593864
3.9593759967643436	0.9999546449464308
3.9629376104970553	1.0000290967440579
3.9665213491401872	0.9999648360061826
3.9701467026430186	1.0000262339199506
3.9738381194512336	0.9999750338632550
3.9776259665559106	1.0000164431827621
3.9815708280771012	0.9999859646691380
3.9858185090230940	1.0000506695569027
3.9927694821711555	0.9998738690969596
3.9976524310774026	0.9999755149371022
4.0022242743540977	0.9999190073305607
4.0093927954360646	1.0001272959229870
4.0143753421963231	1.0000217111258207
4.0189774358642598	1.0000800666186913
4.0261121435439859	0.9998611760410375
4.0307475848396459	0.9999895969871294
4.0346433697124411	0.9999353746543230
4.0382590362950710	1.0000254081010647
4.0417857685583058	0.9999519278781263
4.0452931660797615	1.0000328132757921
4.0488160349067881	0.9999610428568360
4.0523708627482193	1.0000308480666973
4.0559760392395745	0.9999695693064928
4.0596502615848076	1.0000230380660529
4.0634271937521893	0.9999815577383178
4.0673639546661375	1.0000125645410194
4.0716107204853103	0.9999482857472036
4.0785512962344033	1.0001268648504904
4.0833643768202812	1.0000228565587088
4.0876981842780706	1.0000374632685909
4.0920797653138399	0.9999559846160059
4.0990980140159481	1.0001380399794495
4.1038332506905899	1.0000202359442663
4.1079572460476284	1.0000480671788898
4.1119073601309770	0.9999949772745650
4.1159104487866998	1.0000202924877162
4.1201801099612370	0.9999514315035293
4.1270713342976597	1.0001413037664095
4.1314732157186862	1.0000064202108858
4.1351844957113597	1.0000743578950693
4.1386427278835969	0.9999663350947108
4.1420164796058891	1.0000582053526779
4.1453668470681082	0.9999561584171847
4.1487167959113389	1.0000506824474673
4.1520774205993192	0.9999545459747287
4.1554528895147991	1.0000460898271195
4.1588486966718889	0.9999561917454273
4.1622674999089693	1.0000419344564166
4.1657157437078007	0.9999597982601445
4.1691982516128281	1.0000368321415156
4.1727252819973693	0.9999655735378573
4.1763077085752336	1.0000293419665134
4.1799661524378937	0.9999749804814835
4.1837302528256703	1.0000173525616578
4.1876607834881572	0.9999862635162239
4.1919045876171666	1.0000503239768144
4.1988588692217848	0.9998738940930378
4.2037304741158428	0.9999753364916265
4.2082993486998781	0.9999193489168089
4.2154295079924866	1.0001347028831553
4.2201206383004912	1.0000125243160694
4.2241194161650473	1.0000551856075237
4.2278843701548512	0.9999837348346686
4.2316140712627828	1.0000312075529563
4.2354070994490227	0.9999856422360456
4.2393477643112503	1.0000149327090129
4.2435962994533387	0.9999495915100606
4.2504804204759088	1.0001387782281270
4.2549065357543396	1.0000073550362805
4.2586575686290526	1.0000708044862425
4.2621631984576442	0.9999692889446096
4.2655905274328463	1.0000538203527984
4.2690009949127088	0.9999603886254695
4.2724185274493811	1.0000454491681698
4.2758555565224050	0.9999600732399283
4.2793182856704073	1.0000395814143372
4.2828151918084103	0.9999635188079421
4.2863535809125999	1.0000332076594529
4.2899473260110375	0.9999702511478431
4.2936135777336890	1.0000238107993085
4.2973850334710191	0.9999817732885277
4.3013186190389128	1.0000127107521857
4.3055644908001636	0.9999484603450510
4.3124527838193085	1.0001368303007840
4.3169245342334284	1.0000088150517898
4.3207288767290866	1.0000671218132160
4.3242883469035931	0.9999721106249131
4.3277705661981996	1.0000498086892498
4.3312389869825161	0.9999640860572071
4.3347199566640340	1.0000408247724588
4.3382289578810234	0.9999650328963547
4.3417763576038766	1.0000334618351912
4.3453770122422766	0.9999708348565726
4.3490485825471419	1.0000238442519589
4.3528238578617380	0.9999819412836658
4.3567597448803133	1.0000127685249358
4.3610062393204201	0.9999484083244802
4.3679556198360041	1.0001252516032832
4.3728349935375661	1.0000236587506286
4.3774041736566742	1.0000801715679137
4.3845292405183560	0.9998646425553342
4.3892454769734091	0.9999860178910743
4.3932701029031538	0.9999448004269544
4.3970538982389344	1.0000147741062724
4.4007995042880053	0.9999682778448742
4.4046024035021780	1.0000131986834331
4.4085503950186995	0.9999840306506002
4.4127996834787329	1.0000495338611246
4.4197466588923406	0.9998717406050452
4.4245580466012306	0.9999758797229622
4.4288927002479506	0.9999613997993563
4.4332731821978539	1.0000428781462620
4.4402633420283770	0.9998554801272881
4.4448060700558880	0.9999863034318989
4.4486578139436439	0.9999324237419089
4.4522546008345687	1.0000239766318235
4.4557777812685044	0.9999517256631297
4.4592938073863282	1.0000309877645934
4.4628381434914681	0.9999629558509348
4.4664302677843866	1.0000274088541625
4.4700948625025791	0.9999741654688017
4.4738627976486764	1.0000167723973186
4.4777955297982208	0.9999859768079655
4.4820399347042468	1.0000502491919874
4.4889564267125541	0.9998667990640229
4.4935753674635510	0.9999835825313488
4.4975913117843236	0.9999467660535674
4.5014164694018728	1.0000102335181549
4.5052480371656660	0.9999741966309236
4.5092026707459576	1.0000089029363539
4.5134566131771754	0.9999463363759565
4.5203838976033150	1.0001303861880615
4.5250534080305718	1.0000170773235557
4.5291415838870028	1.0000471491321559
4.5330719674266282	0.9999941271509466
4.5370648293481519	1.0000198995802521
4.5413314994611520	0.9999515064268025
4.5482604245273581	1.0001343272776624
4.5528786954623355	1.0000158190221811
4.5568854251704920	1.0000530328833357
4.5607031016498745	0.9999887069897727
4.5645271593539798	1.0000250175841610
4.5684786184611115	0.9999901203399625
4.5727304491523890	1.0000524826389459
4.5796893950632152	0.9998739467755715
4.5846870714553685	1.0000256502782479
4.5921430534522507	0.9998302589918245
4.5969898492545118	0.9999743899225627
4.6010351230692361	0.9999365172313422
4.6048033659749876	1.0000123137478840
4.6085261682228067	0.9999651860387498
4.6123087503887419	1.0000124233255316
4.6162437022701717	0.9999833921773751
4.6204895505279335	1.0000487147232835
4.6273995843535234	0.9998639207993117
4.6319379317979799	0.9999859839772701
4.6358529647569995	0.9999405825393425
4.6395648497209123	1.0000156373741234
4.6432606199693920	0.9999663189754456
4.6470294578297056	1.0000133407251806
4.6509575736210564	0.9999838428074224
4.6552013930458909	1.0000487639201421
4.6621385632104770	0.9998690479572092
4.6668423823532876	0.9999789152421387
4.6710110833128375	0.9999570431539011
4.6750862480839048	1.0000012509325185
4.6793839217924518	0.9999412593790947
4.6863761696785602	1.0001247238266053
4.6912562299017333	1.0000232060579310
4.6958266565939004	1.0000794566331876
4.7029594666751562	0.9998639272390795
4.7076461589089700	0.9999856262445985
4.7116579735646917	0.9999455831567943
4.7154603072230623	1.0000114268338607
4.7192693503147964	0.9999737242958573
4.7232090722198112	1.0000088995105607
4.7274591833333810	0.9999469120314621
4.7343759566763719	1.0001332995190861
4.7389379473649536	1.0000138501567217
4.7428929353756155	1.0000546371589192
4.7466703437599822	0.9999877300163912
4.7504657699856550	1.0000256047336737
4.7544003028817130	0.9999902309458388
4.7586475387045128	1.0000519698199444
4.7655759732534655	0.9998675098387794
4.7701895980650528	0.9999826410777257
4.7742277445519568	0.9999499931634949
4.7781194563309111	1.0000050137908647
4.7820908460998028	0.9999788382790973
4.7863504071955392	1.0000465101049298
4.7933263519295544	0.9998719348675290
4.7981867298655390	0.9999743302164942
4.8027532400763970	0.9999195036154271
4.8098567424556391	1.0001407736755823
4.8143276682753049	1.0000057472533996
4.8180783560964082	1.0000700501196842
4.8215979732479708	0.9999722662820116
4.8250767694272749	1.0000470180432395
4.8285917562186746	0.9999710755247339
4.8321855599537429	1.0000291928899185
4.8359003371845297	0.9999821667317024
4.8397990465797864	1.0000134783297385
4.8440356409641652	0.9999501000616309
4.8509817520304859	1.0001278579595649
4.8557383373367751	1.0000230677255344
4.8600317482205062	1.0000378858001979
4.8644024735330795	0.9999575736245634
4.8713692180020747	1.0001492790254263
4.8757188481279670	1.0000079145442378
4.8793907366879745	1.0000760216676514
4.8828567776074445	0.9999720133366433
4.8862968986658393	1.0000498645822673
4.8897828662426246	0.9999706508369284
4.8933551185096418	1.0000302919970843
4.8970547310842649	0.9999821075728069
4.9009445414324384	1.0000135853879264
4.9051787406687311	0.9999504606315758
4.9120582761219076	1.0001407938967182
4.9163929371243578	1.0000065888676142
4.9200948206091635	1.0000706265266734
4.9236129474639174	0.9999751519699971
4.9271228972630388	1.0000434540152299
4.9307009189737707	0.9999769574086790
4.9343996170896798	1.0000216889471698
4.9382888893532177	0.9999879071564265
4.9425220535027155	1.0000496480998207
4.9494057641585947	0.9998586243174965
4.9537341110133388	0.9999925898313116
4.9574343931780041	0.9999283619053135
4.9609508847807371	1.0000237898385205
4.9644617297219140	0.9999555282121024
4.9680393934914733	1.0000219450238015
4.9717394493892755	0.9999772515738907
4.9756281684332322	1.0000110054398874
4.9798624139111842	0.9999492114337600
4.9867566446644167	1.0001377849114330
4.9911652986352282	1.0000094732269975
4.9949557935764028	1.0000641933676244
4.9985707217340218	0.9999806933428200
5.0021921847898474	1.0000353930420764
5.0059102896375789	0.9999850018687182
5.0098071770427515	1.0000152054142859
5.0140437843030714	0.9999512095196181
5.0209311768904783	1.0001400408447776
5.0252982662984094	1.0000078380582254
5.0290329507549467	1.0000687310976091
5.0325794151991090	0.9999762734444393
5.0361128299953251	1.0000422696248905
5.0397094548114021	0.9999774768449416
5.0434217063365097	1.0000213390441484
5.0473190822761929	0.9999878471270836
5.0515543807772945	1.0000498985049810
5.0584911241382615	0.9998689742058301
5.0631491015626686	0.9999796012369475
5.0672791490225153	0.9999562461567137
5.0713311209973257	1.0000009950182096
5.0756224779869461	0.9999418802146189
5.0826192180480492	1.0001247192259244
5.0874820823575044	1.0000234879427738
5.0920480338000456	1.0000789669785297
5.0991802188190087	0.9998627855789904
5.1038131006074581	0.9999864585129564
5.1077751921206946	0.9999435186877520
5.1115400986481809	1.0000120003390909
5.1153233891669023	0.9999730341290172
5.1192481682134892	1.0000087119673109
5.1234941983121915	0.9999473145134191
5.1304587152458447	1.0001248753527168
5.1353106529027261	1.0000239002264784
5.1398728770555504	1.0000791735407963
5.1470128472151631	0.9998651384003676
5.1517230693623217	0.9999837407737751
5.1557908563126054	0.9999502137823679
5.1596893782255151	1.0000054744072742
5.1636612844219494	0.9999789633613607
5.1679214698791434	1.0000464451296387
5.1747463630837798	0.9998431480143591
5.1787323611516198	1.0000082834242672
5.1820538937157981	0.9998967602626676
5.1851813654160823	1.0000496840425439
5.1882720088088190	0.9999188980334697
5.1913706231875167	1.0000578167693734
5.1944954833855226	0.9999316189595482
5.1976494337187571	1.0000572893729309
5.2008368904025906	0.9999398435988027
5.2040575888597838	1.0000536188890123
5.2073155003688134	0.9999465665284231
5.2106117280352660	1.0000482984019330
5.2139521146643588	0.9999534139915867
5.2173407571102821	1.0000413880609520
5.2207876513235725	0.9999616840094304
5.2243034744124142	1.0000319409620184
5.2279089554068419	0.9999732487212442
5.2316342748080968	1.0000180540238999
5.2355414262113440	0.9999862928205386
5.2397789597724911	1.0000495112711962
5.2467142554934840	0.9998691840500927
5.2513959093389211	0.9999792928339587
5.2555461833196597	0.9999567098143280
5.2596103220218104	1.0000011502951893
5.2639049796605137	0.9999415647652988
5.2708177966432652	1.0001398537441153
5.2751766724058182	1.0000048500170720
5.2788676674390755	1.0000728929470863
5.2823430312149782	0.9999700729604288
5.2857759153451696	1.0000508457091968
5.2892335324030455	0.9999667518127371
5.2927492342869424	1.0000353514782938
5.2963511119454978	0.9999747988808803
5.3000728536056814	1.0000191308026904
5.3039775141449983	0.9999868271678999
5.3082144613192268	1.0000496906511072
5.3151631350844903	0.9998716466622138
5.3199263805968906	0.9999759813781619
5.3242271041913787	0.9999611817145604
5.3285984437035392	1.0000415939809726
5.3355693548638952	0.9998503986485522
5.3399368226407180	0.9999908668762951
5.3436202197811333	0.9999229224280584
5.3470822979472521	1.0000283153082603
5.3505040775299815	0.9999466275373372
5.3539505304480439	1.0000322072569701
5.3574585095224840	0.9999629430402761
5.3610528531801940	1.0000241878893363
5.3647706085804465	0.9999796096266456
5.3686714665441668	1.0000120334717582
5.3729086430199349	0.9999492614475749
5.3798407205278833	1.0001300339970411
5.3845129417634379	1.0000194744783257
5.3886521523826074	1.0000424859035679
5.3927110835770860	0.9999978721489923
5.3970030208373974	1.0000572333990090
5.4038112555791704	0.9998393984357459
5.4076540337044587	1.0000168508012384
5.4108458503758623	0.9998866997574776
5.4138636662868835	1.0000572396824423
5.4168558959689488	0.9999099982026923
5.4198608017856040	1.0000651800116374
5.4228921626829907	0.9999230907302648
5.4259493383119244	1.0000653902186492
5.4290336791165483	0.9999306183193618
5.4321417476945522	1.0000632588136520
5.4352741257142601	0.9999355817595509
5.4384278554641483	1.0000604469494325
5.4416039148141602	0.9999393995447127
5.4447999914622924	1.0000574710473566
5.4480175656094758	0.9999427396133670
5.4512549428042201	1.0000544235582201
5.4545141666625048	0.9999459688957478
5.4577942325291202	1.0000512186392465
5.4610979116536509	0.9999493638063633
5.4644251306335345	1.0000476604026620
5.4677797632921949	0.9999532288701093
5.4711632265001295	1.0000434193695089
5.4745813408654440	0.9999580159765196
5.4780383261844792	1.0000379097899315
5.4815440643295821	0.9999645500590878
5.4851091208530054	1.0000299504500911
5.4887539377977808	0.9999745309596320
5.4925081363046218	1.0000175071923110
5.4964327082957354	0.9999862579415428
5.5006749010357474	1.0000501064021488
5.5075512119468346	0.9998589526054678
5.5119149961268192	0.9999939375563016
5.5156015431001979	0.9999237941021790
5.5190419952880534	1.0000333593977797
5.5224041587884622	0.9999400177395565
5.5257427766566387	1.0000435524491658
5.5290812795801996	0.9999471470857376
5.5324249315895315	1.0000458865226061
5.5357783461774837	0.9999506386006278
5.5391406226702653	1.0000457753897616
5.5425138493338624	0.9999527605838227
5.5458965556263706	1.0000448284076016
5.5492906284231669	0.9999544297612069
5.5526948072050022	1.0000435274386470
5.5561112319518715	0.9999560436548247
5.5595390848188524	1.0000419552526751
5.5629810316431740	0.9999578465574981
5.5664369917651539	1.0000400046519229
5.5699105959075474	0.9999601001008492
5.5734030711499756	1.0000374003845101
5.5769199027191840	0.9999632198584167
5.5804649358592959	1.0000335925424206
5.5840476174430442	0.9999680050819547
5.5876779069150873	1.0000274220304604
5.5913755261189424	0.9999761561219047
5.5951689579210564	1.0000167999444742
5.5991174379296123	0.9999862122663585
5.6033660759171919	1.0000509311821459
5.6102702014381709	0.9998653230552600
5.6148481375247359	0.9999866414987839
5.6187776570457402	0.9999393052822865
5.6224595666730659	1.0000209774932156
5.6260647498017446	0.9999569308808075
5.6296564963442703	1.0000279199876698
5.6332687200896494	0.9999663557849372
5.6369196714479202	1.0000253454976269
5.6406327044529858	0.9999757698479037
5.6444371036712617	1.0000161783703676
5.6483922156141615	0.9999859581509972
5.6526426545871589	1.0000510275431966
5.6595837032745306	0.9998725040691481
5.6644196608946551	0.9999761351617270
5.6687727368699665	0.9999616573881983
5.6731581692859265	1.0000436617506880
5.6802017261265823	0.9998661647390943
5.6851390927230820	0.9999733605758298
5.6897281086539699	0.9999171319671672
5.6968964092050545	1.0001284085370266
5.7018492634231963	1.0000209466200254
5.7062444005039792	1.0000367900952849
5.7106453515565248	0.9999545141675030
5.7176568472203142	1.0001403267535840
5.7223359545084334	1.0000162545918485
5.7263364284321820	1.0000581268919388
5.7300779727742901	0.9999809947425714
5.7337373573398400	1.0000392053881377
5.7373869711956811	0.9999743631674206
5.7410626015698378	1.0000286578100908
5.7447926654781840	0.9999784089901342
5.7486090814887651	1.0000172162247314
5.7525712495841210	0.9999866024201951
5.7568236834236126	1.0000516073138075
5.7637367577046072	0.9998676847520229
5.7684008093057217	0.9999839667470714
5.7724385051836498	0.9999457550973810
5.7762406853141384	1.0000149318961356
5.7799836183732545	0.9999660288246638
5.7837430281636593	1.0000176585236309
5.7875752511844372	0.9999803751324157
5.7915434815030213	1.0000116042794838
5.7957991738970245	0.9999467788043053
5.8027028733825379	1.0001325610112688
5.8073275476093391	1.0000128575286444
5.8112961288315379	1.0000581398511081
5.8150032054542198	0.9999776291102694
5.8186117796232839	1.0000431052818217
5.8221837125957512	0.9999677751169282
5.8257422172399176	1.0000380034603560
5.8292975618619263	0.9999649100429568
5.8328519289379024	1.0000361554790334
5.8364080479720810	0.9999641289590996
5.8399648184142414	1.0000354276663019
5.8435239071494269	0.9999639875025355
5.8470836938315784	1.0000350870923125
5.8506457259801756	0.9999640384088878
5.8542083119520107	1.0000348843216831
5.8577730121569065	0.9999641430779888
5.8613381440588546	1.0000347323664955
5.8649053015085020	0.9999642621576877
5.8684728333026390	1.0000345965746089
5.8720423784475164	0.9999643903405295
5.8756123355127148	1.0000344565467791
5.8791844096316357	0.9999645373721668
5.8827570792477673	1.0000342909868623
5.8863321560169171	0.9999647254746072
5.8899082536678993	1.0000340679435442
5.8934873666870740	0.9999649950515316
5.8970683478959893	1.0000337327137692
5.9006535190786877	0.9999654188170409
5.9042421703037977	1.0000331868637078
5.9078372310426310	0.9999661303809031
5.9114388219821308	1.0000322470927290
5.9150510540942314	0.9999673836941476
5.9186757181817065	1.0000305566974270
5.9223193976965343	0.9999696886848761
5.9259875823801931	1.0000273711822305
5.9296927391990470	0.9999741571654694
5.9334501094915231	1.0000210332460922
5.9372900393862045	0.9999828960310841
5.9412656991998061	1.0000127782220558
5.9455230152888294	0.9999470224531316
5.9524632741003591	1.0001251519867294
5.9573744250630227	1.0000230434025266
5.9619519402781522	1.0000810440973125
5.9690837002692083	0.9998677665333768
5.9739444724147104	0.9999830219533219
5.9781366298192102	0.9999527325539173
5.9820875371422906	1.0000089516074435
5.9860057795621433	0.9999763449714760
5.9900113755197291	1.0000095870345005
5.9942794764224194	0.9999450488594200
6.0012219602382277	1.0001258762409682
6.0060926525996789	1.0000224374540401
6.0104676136772683	1.0000370198774786
6.0148604504248944	0.9999543749520768
6.0218968340939378	1.0001329031270536
6.0268536770896137	1.0000253344776229
6.0314460894637758	1.0000826183670135
6.0386033130079886	0.9998705078150677
6.0436853069880820	1.0000296700345299
6.0511823425821509	0.9998306858180577
6.0562237783034689	0.9999729005776149
6.0604434586994307	0.9999429749467718
6.0643391440822034	1.0000111973288577
6.0681369039739410	0.9999660366807119
6.0719315966398568	1.0000163918226770
6.0757872027923590	0.9999804368221679
6.0797689722936417	1.0000115535170222
6.0840285075349216	0.9999463585587044
6.0909576648718380	1.0001273970934828
6.0957756092647619	1.0000204729079873
6.1000451420024548	1.0000393928654956
6.1041851286822917	0.9999967664798408
6.1084991181855042	1.0000593841153929
6.1154790724835886	0.9998743147952543
6.1204068033775121	0.9999766798676386
6.1249914717792509	0.9999183062520375
6.1321313216494833	1.0001314315533274
6.1369941497344307	1.0000160968733933
6.1411857236405627	1.0000462768914025
6.1451383143430229	0.9999901043684277
6.1490563307802217	1.0000226622438357
6.1530633601568088	0.9999894405153666
6.1573305467888009	1.0000540169868000
6.1642412201942527	0.9998670526719383
6.1688889034989360	0.9999860514763844
6.1728768324990311	0.9999413751817915
6.1765915330103169	1.0000217082114937
6.1801994204577309	0.9999552183795282
6.1837591125202920	1.0000325199318387
6.1872970501230027	0.9999590926849417
6.1908201548326671	1.0000364931704733
6.1943337853139626	0.9999597490096762
6.1978375064912212	1.0000384104652966
6.2013336819648579	0.9999593557167304
6.2048211975526861	1.0000396018273385
6.2083023325505478	0.9999587352981315
6.2117763457474631	1.0000403850688957
6.2152459680400396	0.9999582658948830
6.2187110385096451	1.0000407511875504
6.2221748966031978	0.9999581898946138
6.2256380677824881	1.0000405704424125
6.2291046462772073	0.9999587263650216
6.2325760336723457	1.0000396412393604
6.2360573872847285	0.9999601368330188
6.2395514509808923	1.0000376598605771
6.2430652026843561	0.9999628197143129
6.2466039242063545	1.0000340953028253
6.2501784135459513	0.9999675268676206
6.2537998867128044	1.0000278486392900
6.2574891990717241	0.9999758737796868
6.2612758628240979	1.0000169432279449
6.2652200405717711	0.9999862300434106
6.2694675470783370	1.0000507897439808
6.2763695628390019	0.9998647031297023
6.2809247561313351	0.9999870117693067
6.2848345997365698	0.9999387711230501
6.2885085033610331	1.0000202039914006
6.2921232555248672	0.9999588751531008
6.2957495521368978	1.0000239743899821
6.2994329194868905	0.9999728894065590
6.3032115859870990	1.0000157608674329
6.3071501248495281	0.9999854804343743
6.3113961802661640	1.0000501652544243
6.3183299663480677	0.9998700865221624
6.3230690814712931	0.9999788110365082
6.3272695056435779	0.9999579217544420
6.3313643059700242	1.0000015872077406
6.3356673010323181	0.9999407901220192
6.3425741995056253	1.0001398245683761
6.3469512746918904	1.0000037114410329
6.3506280005423186	1.0000760611922483
6.3540520097490329	0.9999640475945180
6.3573939862351345	1.0000601264324704
6.3607157688769291	0.9999544320372159
6.3640408269179058	1.0000520913091440
6.3673809593274235	0.9999535267500334
6.3707411481297571	1.0000466802705303
6.3741279424008015	0.9999561213952954
6.3775453213818869	1.0000413981131053
6.3810015460099123	0.9999610598515534
6.3845040401779451	1.0000346607020438
6.3880671151811770	0.9999688907910218
6.3917084209794597	1.0000245260025353
6.3954612987615329	0.9999813827404710
6.3993835785470026	1.0000126593514542
6.4036264155859479	0.9999488259422774
6.4105018829487967	1.0001397473273750
6.4148777553722880	1.0000057010591008
6.4185813238943572	1.0000733344696497
6.4220499858262006	0.9999680439399680
6.4254516585096955	1.0000548966018625
6.4288484430806507	0.9999605690897736
6.4322658224559319	1.0000444575205152
6.4357188781055914	0.9999624234155287
6.4392179325538956	1.0000357611088151
6.4427779311419853	0.9999692962237657
6.4464168593551223	1.0000248939763787
6.4501680132442303	0.9999815155653627
6.4540892783866379	1.0000127450587750
6.4583318324354426	0.9999489053849564
6.4652162903578532	1.0001381247676369
6.4696413224222873	1.0000077863225298
6.4734045201659027	1.0000690208362555
6.4769372823391782	0.9999719411894804
6.4804090518819173	1.0000494643212545
6.4838851852695010	0.9999660986094426
6.4873956221219835	1.0000374013392523
6.4909619324056251	0.9999705341850154
6.4946049353322159	1.0000253989560401
6.4983587091195707	0.9999818914205295
6.5022814988730344	1.0000129284581400
6.5065244614577908	0.9999489493912525
6.5133959723082215	1.0001405272337787
6.5177498921239394	1.0000046474091597
6.5214248008534623	1.0000756953402088
6.5248591786102939	0.9999655354207003
6.5282187729291881	1.0000586491016292
6.5315627318319782	0.9999562459979929
6.5349128879495897	1.0000502466769496
6.5382797558095911	0.9999553857736184
6.5416673010120707	1.0000448779308204
6.5450811606865784	0.9999577883849944
6.5485245548086004	1.0000398876169629
6.5520050507409069	0.9999623496462060
6.5555294771668731	1.0000336034772306
6.5591116113112538	0.9999696737906755
6.5627685811312944	1.0000240194603098
6.5665332016446678	0.9999816044781503
6.5704626426665058	1.0000126747334095
6.5747073962707061	0.9999485837457220
6.5816215002530463	1.0001321653803634
6.5862429106045601	1.0000153680904320
6.5902592898598460	1.0000520763132432
6.5940870389480883	0.9999887417209997
6.5979192175078216	1.0000246886570097
6.6018757656734355	0.9999900133690011
6.6061289351753958	1.0000526081492380
6.6130686215101315	0.9998705690183086
6.6178028909275168	0.9999791798110725
6.6219979448108228	0.9999579391109221
6.6260892708156680	1.0000016227942321
6.6303913244795112	0.9999409319541934
6.6373717320125163	1.0001263945505332
6.6421965580366518	1.0000221946475460
6.6465322439396894	1.0000372198873382
6.6509148002880911	0.9999559562394855
6.6579034531988626	1.0001439314242251
6.6624348522143029	1.0000122351648499
6.6662709509732805	1.0000674815882762
6.6698532962313779	0.9999740792404971
6.6733580500187317	1.0000486452360651
6.6768524150550466	0.9999662194740756
6.6803653378251697	1.0000385267046861
6.6839149417324535	0.9999681178807027
6.6875154147811502	1.0000295891263471
6.6911880533635175	0.9999759300200669
6.6949626568065899	1.0000174462693843
6.6988995427945159	0.9999864025536130
6.7031450683752958	1.0000506189923815
6.7100431742547038	0.9998636621948167
6.7145587633279966	0.9999883860169000
6.7184202154947767	0.9999355714711694
6.7220393248961336	1.0000234369281862
6.7255881683509093	0.9999538535374558
6.7291298354092293	1.0000299948880422
6.7326981298687674	0.9999643075863626
6.7363115389796944	1.0000266644797875
6.7399939109332250	0.9999747967457673
6.7437753284568469	1.0000165539755859
6.7477163471790389	0.9999859732277325
6.7519629724795820	1.0000505374733517
6.7588564985181119	0.9998628975330329
6.7633524810670167	0.9999894489258949
6.7671825288604444	0.9999330186478609
6.7707593128608821	1.0000264524726590
6.7742525245507181	0.9999492582755990
6.7777212253293868	1.0000355610449578
6.7811931592671186	0.9999566628015404
6.7846779314265175	1.0000363959387368
6.7881850145295930	0.9999616621673709
6.7917196939021318	1.0000336104791512
6.7952923967623962	0.9999672211412510
6.7989135899118285	1.0000276144758360
6.8026034888216413	0.9999758144151848
6.8063909856421905	1.0000168540539789
6.8103357909566729	0.9999861900918804
6.8145834415261817	1.0000507883514853
6.8215164648566384	0.9998705619339502
6.8262727122604154	0.9999787401815537
6.8304889457631788	0.9999583379334279
6.8345937011819533	1.0000017446352967
6.8388993884846956	0.9999405437550264
6.8458444068176059	1.0001323994495404
6.8504658558825557	1.0000129362143846
6.8544404513711452	1.0000561382438660
6.8581835465571563	0.9999819323953104
6.8618731114067453	1.0000350208884801
6.8655902159977842	0.9999801890739509
6.8693890780027216	1.0000192167994435
6.8733382712432469	0.9999874338601756
6.8775875279471101	1.0000514975556849
6.8845212474430904	0.9998707495125485
6.8892784578329920	0.9999788386775300
6.8934952576210948	0.9999583968051836
6.8976003055029711	1.0000017768536711
6.9019060793716038	0.9999405536098323
6.9088845954469438	1.0001261947233129
6.9137277057160009	1.0000221416606336
6.9180765968748643	1.0000371067135747
6.9224627332935160	0.9999554473153289
6.9294764242220301	1.0001387758404581
6.9341908379903625	1.0000187205455158
6.9382682033814334	1.0000517579816681
6.9421362476177890	0.9999899980016191
6.9459949383804709	1.0000245122215790
6.9499666437681338	0.9999900721757802
6.9542240592327946	1.0000531368030616
6.9611162466089143	0.9998622425057865
6.9655811615008281	0.9999913207953975
6.9693658081333663	0.9999298294120309
6.9728897650210753	1.0000298209301806
6.9763237590714642	0.9999448702908149
6.9797265344716788	1.0000400562790399
6.9831249510325613	0.9999513324715711
6.9865274596880225	1.0000420844408031
6.9899417661779752	0.9999551045555162
6.9933704744679970	1.0000409506433579
6.9968196736334267	0.9999586061903496
7.0002928796240234	1.0000378550993976
7.0037983077459121	0.9999631634136217
7.0073432114952503	1.0000325557486685
7.0109418437069886	0.9999701771461861
7.0146116023811809	1.0000235885866078
7.0183854585132588	0.9999817382247868
7.0223204391186229	1.0000126736000288
7.0265667027724623	0.9999483919348547
7.0334647154817800	1.0001349429978266
7.0379977315879731	1.0000113786897862
7.0418830377773558	1.0000613298957681
7.0455383803580665	0.9999781434861070
7.0491368836506449	1.0000407692703830
7.0527519763203070	0.9999746106114171
7.0564253537349311	1.0000263390702560
7.0601983775788719	0.9999830754525514
7.0641321140331801	1.0000134403120078
7.0683781089746605	0.9999488585108378
7.0752999311808464	1.0001308158418898
7.0799747272443891	1.0000175321822129
7.0840696907060838	1.0000470545981353
7.0880056219387475	0.9999942619561247
7.0920019278507169	1.0000199254485320
7.0962695216669021	0.9999514013475646
7.1031873695353633	1.0001362521434072
7.1077435553517496	1.0000129733946721
7.1116565245235615	1.0000597576816352
7.1153475590623065	0.9999807949249110
7.1189945431352086	1.0000370812727786
7.1226779154293762	0.9999795225172992
7.1264520366015081	1.0000198380944647
7.1303862287506528	0.9999875679391377
7.1346314318413144	1.0000510393621262
7.1415363141916792	0.9998646474907490
7.1460752327702970	0.9999869434830085
7.1499791770260028	0.9999392788750912
7.1536627122817604	1.0000185144606462
7.1573058124682252	0.9999617820680178
7.1609849016710081	1.0000195359088822
7.1647574889911976	0.9999790615522899
7.1686893418612820	1.0000113523048388
7.1729351655890117	0.9999479033011195
7.1798321580906297	1.0001354017605690
7.1843398578674105	1.0000106446208237
7.1881996110787370	1.0000625914053993
7.1918333451607257	0.9999774076511773
7.1954142092867279	1.0000416072211435
7.1990151443164665	0.9999741685440366
7.2026775246823220	1.0000267095417279
7.2064425859828249	0.9999829591853868
7.2103715426565387	1.0000134418751980
7.2146162385941155	0.9999490235685843
7.2214875104163969	1.0001405079539443
7.2258476118397716	1.0000046228137749
7.2295236766038053	1.0000759870520843
7.2329531620788110	0.9999647636953535
7.2363016604006241	1.0000598900835624
7.2396279172388818	0.9999545214212259
7.2429529993188808	1.0000525781687084
7.2462863578048005	0.9999524535591954
7.2496304637240430	1.0000486031774145
7.2529889596053563	0.9999531981085740
7.2563622548773647	1.0000456049360409
7.2597539825414650	0.9999552665397803
7.2631651620390238	1.0000424907940135
7.2666006876933285	0.9999584049463820
7.2700633922478204	1.0000385394207958
7.2735608327574077	0.9999629797738350
7.2770997878918298	1.0000328447550615
7.2806940622354395	0.9999700785811058
7.2843607224481453	1.0000236873969921
7.2881324821611022	0.9999817142772520
7.2920662460742385	1.0000126737712804
7.2963121687298100	0.9999484323802343
7.3031898488605513	1.0001387989215964
7.3076001428765345	1.0000062467665702
7.3113282469932326	1.0000725794330403
7.3148045781590527	0.9999670342598099
7.3181953968558506	1.0000568984848439
7.3215609061410607	0.9999568305032573
7.3249234427097818	1.0000499311247357
7.3282935152167825	0.9999548436022705
7.3316746635922065	1.0000459748464408
7.3350716599230932	0.9999558737883456
7.3384862819723766	1.0000426148692967
7.3419238159045870	0.9999585895546418
7.3453874689220990	1.0000386210245054
7.3488850762649420	0.9999629989307681
7.3524236865599857	1.0000329136859181
7.3560173286534694	0.9999700549988803
7.3596832724175787	1.0000237275347088
7.3634543975546585	0.9999817061771679
7.3673877473937708	1.0000126766298560
7.3716335641348891	0.9999484489466597
7.3785056027371594	1.0001398788250859
7.3828829484788496	1.0000049143973562
7.3865726020077673	1.0000753357620209
7.3900094436051784	0.9999646715573219
7.3933592283002225	1.0000601319472593
7.3966809110607468	0.9999537211981527
7.3999954574097817	1.0000537414246238
7.4033119799965394	0.9999507872667623
7.4066323534185710	1.0000507816259590
7.4099593891704849	0.9999504356436041
7.4132923324396494	1.0000490543637599
7.4166332901339125	0.9999510296656299
7.4199812026684819	1.0000476898877306
7.4233382276042086	0.9999520508933228
7.4267034197780761	1.0000463351929876
7.4300791636204826	0.9999533670840626
7.4334648179070886	1.0000448047639960
7.4368631669480916	0.9999550100392079
7.4402741127536913	1.0000429325576083
7.4437011408690426	0.9999571230373278
7.4471451211127029	1.0000404858990135
7.4506108392705794	0.9999599901026799
7.4541009921098853	1.0000370618599279
7.4576230151270391	0.9999641595773614
7.4611835088153757	1.0000318714233294
7.4647961036808290	0.9999707828560739
7.4684776163798290	1.0000232312853350
7.4722604369871437	0.9999819150927360
7.4762009431677505	1.0000126907139912
7.4804486867561115	0.9999482068074885
7.4873389203641114	1.0001361407474665
7.4918360613448289	1.0000093042106482
7.4956622190468654	1.0000662487531611
7.4992337532262283	0.9999718487235716
7.5027158258003670	1.0000506819677444
7.5061691878801575	0.9999618736343217
7.5096162874416823	1.0000444390319454
7.5130671292900821	0.9999595195592220
7.5165243131530657	1.0000414342885267
7.5199912643577713	0.9999596660238123
7.5234680820482058	1.0000393829135135
7.5269579543401726	0.9999609098000189
7.5304614151344396	1.0000372849130392
7.5339828301771234	0.9999630316805961
7.5375244260051719	1.0000344743595262
7.5410931738369698	0.9999664107223941
7.5446951399491748	1.0000300737615853
7.5483434133942584	0.9999721430101685
7.5520541433855355	1.0000223598901028
7.5558589059283179	0.9999823078003747
7.5598128703381304	1.0000127253277538
7.5640642590293545	0.9999477547312584
7.5709642603806904	1.0001336945587485
7.5755494796965124	1.0000120165149562
7.5794761022889574	1.0000602897186908
7.5831461573337275	0.9999764281075535
7.5867241290224072	1.0000445647342240
7.5902725400072759	0.9999671401701501
7.5938157107146429	1.0000383169484071
7.5973656296032042	0.9999654515420762
7.6009270507455975	1.0000347857848770
7.6045063329449425	0.9999667239062976
7.6081075304652872	1.0000312893171388
7.6117397993624980	0.9999702395161103
7.6154126353960718	1.0000259388791555
7.6191451002502992	0.9999772144525236
7.6229647276891876	1.0000163681331677
7.6269293264296918	0.9999861843735224
7.6311823436320632	1.0000514857910312
7.6380935260946874	0.9998674174489979
7.6427530314017895	0.9999843272083563
7.6467794044662130	0.9999447271617206
7.6505615919115790	1.0000164455996838
7.6542723464490319	0.9999634272021819
7.6579811270367371	1.0000213253309640
7.6617322193746409	0.9999751257504552
7.6655619035945550	1.0000150065952693
7.6695318218018773	0.9999854838754371
7.6737863780797850	1.0000512735456144
7.6806940916339261	0.9998667054767878
7.6853364814665452	0.9999852608387478
7.6893313492747470	0.9999422505837842
7.6930661141686114	1.0000197372552568
7.6967081697526201	0.9999580228557230
7.7003179244285507	1.0000286188464724
7.7039246628034972	0.9999642933363905
7.7075390564535518	1.0000297872336048
7.7111717195626923	0.9999683942383819
7.7148294467857701	1.0000273612252946
7.7185254336470663	0.9999735927560361
7.7222751924817539	1.0000211079968591
7.7261093656798741	0.9999827270425117
7.7300814539944653	1.0000127285329967
7.7343377928799155	0.9999471217678605
7.7412456993844447	1.0001313839489248
7.7459214687959577	1.0000146251983433
7.7499573630762431	1.0000540661785131
7.7537427502286533	0.9999818682399568
7.7574443672595317	1.0000366587296299
7.7611317697717332	0.9999754078529441
7.7648396722012052	1.0000272669253052
7.7685960413272372	0.9999789732897492
7.7724321600417854	1.0000167897236407
7.7764064688120955	0.9999865106669157
7.7806622225459785	1.0000519818843128
7.7876000830119203	0.9998728871711072
7.7924611351045066	0.9999762946685897
7.7968326583507643	0.9999618473280213
7.8012231204702127	1.0000444067812648
7.8082304322164351	0.9998604366960672
7.8129639647060065	0.9999813743205207
7.8170334427473556	0.9999444494136631
7.8208423043560122	1.0000152699768861
7.8245712141439396	0.9999636774530622
7.8282930153041050	1.0000208319579522
7.8320536338801672	0.9999752877132220
7.8358900004471534	1.0000148775502002
7.8398639139370854	0.9999854613987508
7.8441195850199152	1.0000514032501682
7.8510505236406143	0.9998712339577467
7.8558561964067843	0.9999784167032989
7.8601172249208284	0.9999593394872415
7.8642501046143733	1.0000021327288469
7.8685635067805526	0.9999398197560927
7.8755036475036668	1.0001322584433834
7.8801500859061431	1.0000122127099207
7.8841247155709802	1.0000580572381221
7.8878301284013492	0.9999771410521237
7.8914341318337851	1.0000432685123493
7.8950020668053211	0.9999677163020299
7.8985604277168555	1.0000375349272961
7.9021232852331753	0.9999660609237542
7.9056975810687131	1.0000339212572913
7.9092923178914534	0.9999678580056561
7.9129149264743424	1.0000295723921617
7.9165793188522953	0.9999728011776905
7.9203022850448210	1.0000221199838961
7.9241157582387922	0.9999824892664124
7.9280749440190226	1.0000127621189951
7.9323277803975536	0.9999475925956609
7.9392390285907695	1.0001313715051681
7.9439074341355935	1.0000153664103593
7.9479538466722701	1.0000521388943002
7.9517787868351295	0.9999859676093615
7.9555623054458069	1.0000293784034253
7.9593966703648587	0.9999862433903243
7.9633627961181439	1.0000149043441242
7.9676182169967635	0.9999486790957745
7.9745424211335871	1.0001300759134755
7.9792718774754068	1.0000183325988110
7.9834189903908559	1.0000453984125381
7.9873940890242459	0.9999945055759274
7.9914139338617227	1.0000197849758086
7.9956880169999769	0.9999505377809069
8.0026337431135435	1.0001300723107449
8.0074175251606121	1.0000209293597258
8.0116509170127959	1.0000406393518311
8.0157669830724068	0.9999972502370356
8.0200745453329976	1.0000587763007593
8.0270606264511528	0.9998743298411882
8.0319687363211791	0.9999763206350041
8.0365482366788044	0.9999188781711716
8.0436942092456150	1.0001316097969750
8.0485298374648497	1.0000167266227356
8.0527150009256090	1.0000447723558117
8.0567023615745708	0.9999939678664292
8.0607256202214526	1.0000195918882555
8.0650011507712733	0.9999504591442281
8.0719572370467336	1.0001285214616991
8.0767992844872776	1.0000234361257692
8.0811507306539205	1.0000376983350250
8.0855373115707980	0.9999555727900685
8.0925228515882566	1.0001436335803748
8.0970770287680658	1.0000120408814521
8.1009210337830257	1.0000680963196147
8.1044908178406860	0.9999717921580374
8.1079609292595709	1.0000523926953273
8.1113960945309174	0.9999607295712456
8.1148209166271670	1.0000462410261315
8.1182467748907570	0.9999579642046958
8.1216774795052906	1.0000432020121486
8.1251175830691817	0.9999581159217623
8.1285684024621769	1.0000408712462245
8.1320344230324260	0.9999597419317945
8.1355176917385084	1.0000381494167354
8.1390243550924346	0.9999626885467099
8.1425589108014886	1.0000342133853017
8.1461313780147968	0.9999675455529253
8.1497522715737265	1.0000278314264583
8.1534418185260193	0.9999759157969630
8.1572290101729052	1.0000169291141703
8.1611736099232779	0.9999862315888566
8.1654212100814121	1.0000508066101914
8.1723241685722261	0.9998649160105237
8.1768861763061320	0.9999869491447152
8.1808007942316916	0.9999387366585986
8.1844733303086947	1.0000208867691898
8.1880769637251785	0.9999574268453200
8.1916776657124064	1.0000265363601171
8.1953135172903444	0.9999687811828518
8.1990096417292087	1.0000214778404548
8.2028021099977995	0.9999812749899268
8.2067480978539180	1.0000122867911871
8.2109974053085004	0.9999478219911081
8.2179197004029412	1.0001298556283273
8.2226287949625743	1.0000179117958499
8.2267575879986872	1.0000458435506037
8.2307193692375069	0.9999943908519007
8.2347313148830583	1.0000198081156073
8.2390031923940104	0.9999508139405185
8.2459161951245505	1.0001364873377161
8.2504729434085444	1.0000119065525734
8.2543653707611835	1.0000623627743277
8.2580086520126130	0.9999762912381086
8.2615734225607120	1.0000444246765314
8.2651277708412554	0.9999692933310826
8.2687034815157379	1.0000343346921883
8.2723232766700061	0.9999723846238829
8.2760084264008373	1.0000240365484672
8.2797929856686761	0.9999823872108577
8.2837343465746418	1.0000129398591893
8.2879823453363084	0.9999483082924586
8.2949034936954522	1.0001303789982108
8.2995957345534297	1.0000176845515942
8.3037069718192367	1.0000464891222438
8.3076548222185274	0.9999942997957543
8.3116581849235516	1.0000198626006023
8.3159277360997397	0.9999511305118325
8.3228842967388967	1.0001287187506280
8.3277070129625628	1.0000235007647218
8.3320447143164493	1.0000378061575295
8.3364275508943901	0.9999560861482326
8.3434066685205650	1.0001453691050550
8.3478976422214739	1.0000107851922091
8.3516856219731572	1.0000704956289228
8.3552224398564103	0.9999721753460299
8.3586884236498804	1.0000506513293934
8.3621540395493597	0.9999655768774858
8.3656521433243647	1.0000382910213459
8.3692061111904970	0.9999700453167879
8.3728381117553496	1.0000258488893947
8.3765832490557859	0.9999817484405858
8.3805006785184943	1.0000129360163204
8.3847422320135188	0.9999491420486782
8.3916530706943373	1.0001334237794433
8.3962272520596581	1.0000144347894622
8.4001959023915056	1.0000541492152990
8.4039846542051642	0.9999880248184958
8.4077883718479107	1.0000254217139697
8.4117278571093301	0.9999901933501917
8.4159764247739464	1.0000521155750388
8.4229057902739264	0.9998678922392437
8.4275355479002414	0.9999823621499992
8.4315893072097392	0.9999505613751956
8.4354927547586769	1.0000049279425334
8.4394711580752197	0.9999788873175774
8.4437326146978542	1.0000467729610909
8.4506639392609397	0.9998638843491450
8.4552423312041665	0.9999836980188826
8.4592145629538056	0.9999444425249430
8.4630041220151515	1.0000106229320049
8.4668100342102495	0.9999734055316335
8.4707493918206396	1.0000086606595244
8.4749991871226786	0.9999467278460936
8.4818512967843436	1.0001450344182738
8.4860585961018788	0.9999984434725309
8.4895790801111595	1.0000866932912282
8.4928692313155203	0.9999572020840617
8.4960914985344775	1.0000694014709082
8.4993006268307543	0.9999471411122250
8.5025148941356345	1.0000607656912288
8.5057421663059110	0.9999454050593352
8.5089837703988245	1.0000558986003314
8.5122425460744005	0.9999464816946134
8.5155180498180183	1.0000523597382331
8.5188130916408014	0.9999487630445005
8.5221275815835202	1.0000490364088084
8.5254651029380248	0.9999518412449000
8.5288265807612866	1.0000453237054217
8.5322169789909239	0.9999558141588355
8.5356391387661237	1.0000406751036426
8.5391007144575806	0.9999611700130232
8.5426085810449379	1.0000342445313573
8.5461766748070893	0.9999690383416552
8.5498222927203926	1.0000243338433741
8.5535784950328235	0.9999814219408074
8.5575028235445156	1.0000126478625231
8.5617462037854217	0.9999487467881878
8.5686676676814333	1.0001310112692254
8.5733249223310199	1.0000172441541617
8.5774036126758961	1.0000475693170405
8.5813276063686921	0.9999941832540575
8.5853168391412940	1.0000199690770879
8.5895824830812000	0.9999516609674070
8.5965504241382220	1.0001271532965914
8.6014286538329188	1.0000244859016216
8.6059980673273486	1.0000803348784388
8.6130977393846972	0.9998594566156794
8.6176262301914370	0.9999928121173863
8.6214108713079440	0.9999288344040727
8.6249216899214041	1.0000306876355225
8.6283446339050727	0.9999445471413602
8.6317419349944959	1.0000400438028763
8.6351400976328581	0.9999516049490775
8.6385458218655291	1.0000417754676818
8.6419643841155196	0.9999553015726526
8.6453954247646951	1.0000411396382611
8.6488414836893046	0.9999578168258675
8.6523017463308687	1.0000396040560731
8.6557789277423876	0.9999601044295031
8.6592729910342960	1.0000374762035866
8.6627878359730168	0.9999627346716645
8.6663251792265399	1.0000345383322820
8.6698915165014867	0.9999663578173733
8.6734924359394920	1.0000300566119302
8.6771405821818579	0.9999721752825482
8.6808516917302025	1.0000223357292004
8.6846569852012099	0.9999823311936428
8.6886113456224923	1.0000127353076855
8.6928628277848468	0.9999477502780520
8.6997658631590031	1.0001331071624293
8.7043711315253827	1.0000127520323987
8.7083239477945327	1.0000586680460821
8.7120230201731044	0.9999779334911525
8.7156325511204003	1.0000424995248602
8.7192156814697892	0.9999692162698893
8.7227977566486405	1.0000357611508974
8.7263922976207091	0.9999682996339059
8.7300063060933528	1.0000312837588847
8.7336497004522542	0.9999709997573160
8.7373321997845181	1.0000257603141751
8.7410726941654673	0.9999775432369385
8.7448984528175107	1.0000163173198331
8.7488668558353027	0.9999862051653468
8.7531209081662045	1.0000516323416526
8.7600321682212865	0.9998676232413930
8.7647012125078181	0.9999841720860596
8.7687371947577777	0.9999451385994987
8.7725273438402223	1.0000162569347242
8.7762443529668879	0.9999636769438435
8.7799579176324585	1.0000212173452794
8.7837125615552338	0.9999752287973386
8.7875447353035820	1.0000149805784475
8.7915161360870417	0.9999854856901312
8.7957711086356980	1.0000513257999364
8.8026725395964363	0.9998655895374553
8.8072783112289432	0.9999867405811035
8.8112210867548306	0.9999388686490878
8.8148939649352069	1.0000231581395507
8.8184648325495036	0.9999532080497155
8.8219931446678661	1.0000336558807790
8.8255064194903561	0.9999580536178236
8.8290129971914801	1.0000367111718171
8.8325199335563660	0.9999600595805064
8.8360287254280276	1.0000371495111697
8.8395439358638672	0.9999615108707388
8.8430669649640343	1.0000362229747466
8.8466031336125468	0.9999634255562030
8.8501554583738482	1.0000340130944967
8.8537317170026704	0.9999665833639771
8.8573386843301094	1.0000299113233952
8.8609901134804669	0.9999721867013519
8.8647027162051142	1.0000223185806092
8.8685085310933705	0.9999823073585521
8.8724630401414171	1.0000127193153530
8.8767145978575392	0.9999477312258518
8.8836087271438089	1.0001347798708191
8.8881584772866198	1.0000106272908027
8.8920380278488462	1.0000633683339029
8.8956551198487368	0.9999735024361126
8.8991746950986297	1.0000486079383870
8.9026583438392759	0.9999630578953004
8.9061290207121058	1.0000433117573402
8.9095969185731150	0.9999600246460738
8.9130644862567685	1.0000412296282355
8.9165347768271204	0.9999593190218304
8.9200072364652261	1.0000402029615358
8.9234840946392033	0.9999594607903116
8.9269645155504644	1.0000394181532595
8.9304509060318100	0.9999600361526445
8.9339427313680062	1.0000385188755863
8.9374429164070612	0.9999610085644811
8.9409515990570281	1.0000372547341210
8.9444726534856702	0.9999625385989948
8.9480074887693668	1.0000353097422452
8.9515617924693878	0.9999649984251823
8.9551395428303859	1.0000321308835944
8.9587503129270782	0.9999691591061860
8.9624040919469703	1.0000265742121479
8.9661205567502993	0.9999766951996415
8.9699279428418972	1.0000165592186812
8.9738849424447924	0.9999861911419794
8.9781359019659934	1.0000512206699992
8.9850837309655649	0.9998739375978823
8.9899767790662661	0.9999757162575083
8.9945512593494836	0.9999187168296243
9.0011559514997135	1.0002224087710143
9.0064018049450194	0.9999165090656998
9.0114408260505261	1.0002864907863407
9.0152005958219661	0.9999823183382257
9.0183110596763925	1.0001215728726016
9.0214004993715999	0.9999531924193310
9.0246764000336501	1.0000343244087775
9.0281594372214453	0.9999580591398904
9.0318405807729150	0.9999943597071099
9.0357303740559285	0.9999514877330183
9.0399624281903357	0.9999950572569001
9.0476249615704134	0.9998991445110501
9.0553383844204340	1.0001355899248521
9.0596898767620093	0.9999750378813471
9.0634542491535424	1.0000204499455865
9.0671283776883751	0.9999493663160788
9.0708262181984090	0.9999997617542694
9.0745549841309590	0.9999498264585899
9.0783080691284539	1.0000001910084009
9.0820840051203433	0.9999559595537147
9.0858847921998311	1.0000031769197570
9.0897173590090290	0.9999653604211636
9.0935933419200143	1.0000050726267666
9.0975017628584371	0.9999689317119929
9.1014418986027721	1.0000065952428805
9.1054121196483795	0.9999743760298773
9.1094054453951205	1.0000101311945451
9.1134159407796407	0.9999792242474405
9.1174321262129325	1.0000147598127052
9.1214444143316413	0.9999814903007619
9.1254410898419405	1.0000186634474153
9.1294216554157437	0.9999825649109260
9.1333946140618778	1.0000188368238283
9.1373902689863620	0.9999874197086829
9.1414605916896985	1.0000164342574274
9.1457451772794744	0.9999483906284296
9.1526446700569810	1.0001365919876228
9.1572067726888484	1.0000165506375340
9.1612142135052590	1.0000466509333366
9.1651849329854524	0.9999987933586765
9.1694554019056493	1.0000547811428959
9.1764625281640804	0.9998725307982519
9.1812267544339186	0.9999731569618145
9.1857710701611115	0.9999211564100094
9.1928603822592034	1.0001456294504780
9.1971050939254368	0.9999992737708383
9.2007088661142209	1.0000706731024118
9.2041562108691419	0.9999649831803773
9.2075986538620800	1.0000404516015251
9.2110755681718679	0.9999561719183157
9.2145916291512560	1.0000256171989521
9.2181436687297662	0.9999533488134086
9.2217267863515637	1.0000181078591115
9.2253432885528568	0.9999549462554956
9.2289999992795284	1.0000123942931729
9.2327160257012686	0.9999629966571534
9.2365214181092092	1.0000043883006167
9.2404766020387274	0.9999757781842818
9.2447272561173701	1.0000431468964497
9.2516586788338859	0.9998673224802974
9.2564735790165553	0.9999747224714467
9.2608085470302157	0.9999623046757493
9.2651895744245572	1.0000457152636197
9.2721766371788217	0.9998593331647265
9.2766560585785243	0.9999910532997551
9.2805240307316765	0.9999482099885444
9.2842772786379744	1.0000138534827490
9.2881646497072534	0.9999861669701812
9.2924023918886771	1.0000515117736415
9.2990812285815689	0.9998204958839972
9.3024418782538270	1.0000426687664179
9.3053492211111308	0.9998746074041773
9.3082220530217601	1.0000657570240603
9.3111586275708618	0.9999143222563452
9.3141710089731529	1.0000648660443741
9.3172596989530021	0.9999361092702754
9.3204165100995677	1.0000588557453560
9.3236395013513160	0.9999490031498637
9.3269245974213391	1.0000508847869758
9.3302747606984457	0.9999587633666124
9.3336926751710703	1.0000412470877544
9.3371895312297877	0.9999690211308133
9.3407805360310423	1.0000285077212270
9.3444977510648251	0.9999828960187620
9.3483988697443223	1.0000144979659711
9.3526359845645146	0.9999511330326901
9.3595817632207066	1.0001286561030163
9.3643473728377788	1.0000239369654491
9.3686474924848984	1.0000385599154424
9.3730199581550124	0.9999579265309908
9.3800186410690998	1.0001435686775164
9.3845613743944636	1.0000150682485252
9.3884509196473633	1.0000619032198583
9.3921369157900081	0.9999835230018534
9.3958096113767358	1.0000341419447210
9.3995630260455165	0.9999858102251424
9.4034804950376323	1.0000153855409457
9.4077226689048192	0.9999506505401268
9.4146188422100625	1.0001376269708513
9.4190724792573040	1.0000101964795673
9.4228884846541003	1.0000644034072736
9.4265001069391214	0.9999783326005284
9.4300840944598132	1.0000398899716934
9.4337189492698563	0.9999783975535015
9.4374582317678364	1.0000206795014344
9.4413715976957331	0.9999877405819011
9.4456111839498753	1.0000504109939834
9.4524934697396183	0.9998594867078603
9.4568583116457390	0.9999932266192167
9.4605604487625712	0.9999257641954489
9.4640300436332847	1.0000307288347059
9.4674335292040244	0.9999437558831817
9.4708246850596485	1.0000393893106609
9.4742262521870959	0.9999521778742606
9.4776428356871385	1.0000405142694666
9.4810783591430585	0.9999566567629177
9.4845312794060153	1.0000394612125374
9.4880029921941791	0.9999595416107072
9.4914914164761441	1.0000378001435590
9.4949978473386913	0.9999617913374144
9.4985205153667298	1.0000359640457601
9.5020612116574004	0.9999638579767846
9.5056189223183853	1.0000339491034964
9.5091965466455246	0.9999661040286981
9.5127946688266611	1.0000314595653210
9.5164186175856802	0.9999690797064306
9.5200726575609078	1.0000277601589176
9.5237680548112156	0.9999739343432935
9.5275189627698644	1.0000211540913706
9.5313548139151081	0.9999828535163366
9.5353281856892043	1.0000127760714907
9.5395848263821517	0.9999471013258767
9.5465131882404837	1.0001274634016488
9.5513304857471653	1.0000205494227945
9.5556004436273803	1.0000393648292831
9.5597409779278966	0.9999967363246257
9.5640550752456104	1.0000593651361722
9.5710349718387349	0.9998743053859247
9.5759636711775276	0.9999766724416420
9.5805485618835409	0.9999182598223156
9.5876745702157091	1.0001337617534045
9.5924482653642791	1.0000123212197545
9.5964944817941031	1.0000559263076783
9.6002426452275813	0.9999776663961183
9.6038726591526125	1.0000423776327343
9.6074546156242864	0.9999676078143894
9.6110165980123323	1.0000379032427831
9.6145731560857683	0.9999650093273540
9.6181311677953119	1.0000354705739223
9.6216991882337357	0.9999657007327474
9.6252835528605711	1.0000324090770489
9.6288957780035123	0.9999691567960309
9.6325477289948989	1.0000268796887668
9.6362607517125838	0.9999765817900997
9.6400645771365490	1.0000166872778231
9.6440191058165432	0.9999862264284356
9.6482694520389902	1.0000511558179959
9.6551859437104497	0.9998678999476515
9.6598554635145923	0.9999828461222565
9.6639200913401773	0.9999486965586223
9.6677834483643004	1.0000096721375009
9.6716421681674323	0.9999748763643003
9.6756129025283713	1.0000090949647276
9.6798712740365804	0.9999458964572789
9.6868248994019410	1.0001248356142785
9.6917135434106303	1.0000232716732911
9.6962853341784072	1.0000802368223796
9.7034315754234512	0.9998685219575655
9.7083000841203955	0.9999803900543398
9.7125581720189125	0.9999589277845162
9.7166773248067528	1.0000023177136557
9.7209882070036393	0.9999407743718952
9.7279623940048658	1.0001283889758166
9.7327327765925293	1.0000195424813101
9.7369475669674657	1.0000405752728831
9.7410508284467365	0.9999971352343010
9.7453550047293298	1.0000582788050181
9.7522790104156769	0.9998621976973050
9.7567526913313767	0.9999914083028322
9.7605436878131098	0.9999308136398669
9.7640830909222007	1.0000280449264427
9.7675477123616208	0.9999482631776627
9.7710013592810263	1.0000352265530443
9.7744767733009681	0.9999584487494532
9.7779899925642528	1.0000326055151552
9.7815596230908408	0.9999680534606100
9.7852049017954101	1.0000238844819118
9.7889602420896136	0.9999811140156368
9.7928838502776081	1.0000125058724356
9.7971270826663126	0.9999487088847840
9.8040148885693519	1.0001373749806586
9.8084636605522384	1.0000087284213537
9.8122557323658643	1.0000669471405748
9.8158207475759411	0.9999739556316479
9.8193300296804864	1.0000465169183468
9.8228519108597823	0.9999693915963659
9.8264205686357347	1.0000329759198658
9.8300644114190590	0.9999760140519213
9.8338168023279966	1.0000184703103714
9.8377399056432111	0.9999867529497443
9.8419817818969353	1.0000503073174880
9.8489278587200673	0.9998720458001691
9.8537183579726353	0.9999760514591507
9.8580384949406401	0.9999613852008972
9.8624150340742691	1.0000423774051785
9.8694665437885494	0.9998660524898259
9.8743774347284567	0.9999728288654125
9.8789595255679963	0.9999178740701185
9.8861051739959471	1.0001339777983760
9.8908229315692662	1.0000137423361846
9.8948641399568800	1.0000519584361134
9.8986927184663642	0.9999879869231104
9.9025195513191804	1.0000247389902428
9.9064714441794877	0.9999899467524249
9.9107235473809148	1.0000523793851424
9.9176413905070451	0.9998660546806032
9.9222191263585735	0.9999849014303834
9.9261889812384343	0.9999447996259880
9.9299744238090746	1.0000111530895126
9.9337760521462748	0.9999734681669007
9.9377125136659359	1.0000087454184754
9.9419615982166807	0.9999468709384683
9.9488628770477021	1.0001360475760912
9.9533351814429292	1.0000105389357588
9.9571786636304260	1.0000616460821126
9.9608315398761675	0.9999814081191524
9.9644792645913061	1.0000343367020268
9.9682147858883710	0.9999851083388891
9.9721215953015072	1.0000151243667637
9.9763609355032496	0.9999508436311887
9.9833093375793212	1.0001281977826630
9.9880668640166874	1.0000231834486484
9.9923605981853001	1.0000379099277081
9.9967314301411498	0.9999575219317761
