0.0000000000000000	0.0000000000000000
2.7194749284775241	0.0010000000000000
2.7326793200680464	0.0013382821530940
2.7364128541523782	0.0013365970216229
2.7403554578602809	0.0015148546115475
2.7449147886551049	0.0016647252670965
2.7509491826474193	0.0024128388454786
2.7639067997442641	0.0025950973214903
2.7674556824364136	0.0033162198959812
2.7714109704144794	0.0037203911401645
2.7756982054201109	0.0043759030635458
2.7802608566660179	0.0051812462495919
2.7849292853040866	0.0060992881023615
2.7944647184287144	0.0082184946846298
2.7984733421511878	0.0095644428089763
2.8032355678715475	0.0112494859562853
2.8116189836360177	0.0150431776349242
2.8151359732149546	0.0167079255660663
2.8187458920455408	0.0188846357362524
2.8227483514674434	0.0214894192605984
2.8273062090265819	0.0249562482587063
2.8388566054539499	0.0363668339923729
2.8480365023726435	0.0487723479944380
2.8530905754721414	0.0573328841202696
2.8600114411168991	0.0714065561473125
2.8655659165843681	0.0844704082084008
2.8710029344699666	0.1001000024098421
2.8765052760695577	0.1179203196318405
2.8819295745834728	0.1385314819442795
2.8896161564594491	0.1720507717755186
2.8991404312074120	0.2233094469528720
2.9046684041493198	0.2580394088253580
2.9094222467878299	0.2905942848083024
2.9141028186549462	0.3250310915041734
2.9186309089028151	0.3603650258140634
2.9234150032137327	0.3995345773015844
2.9281554990350283	0.4398030216385199
2.9423698743212210	0.5648416178609661
2.9545940554658534	0.6678540342480612
2.9595681226527124	0.7064956213211955
2.9670791628030520	0.7596261167530635
2.9709394353757239	0.7845366846125610
2.9746346920175224	0.8064667281847990
2.9784549799782476	0.8274662411869660
2.9823918174167634	0.8471587708145820
2.9863554302861264	0.8651675151722570
2.9904520998613462	0.8818338300233132
2.9945294959946311	0.8966924770772429
2.9987630150399651	0.9103348856592376
3.0031256303504588	0.9227826798807635
3.0108272456053933	0.9406633352549293
3.0157261046933832	0.9500992770575185
3.0203623293471904	0.9576458467824720
3.0275032780894580	0.9674042693609463
3.0327099754851052	0.9726146857335008
3.0369657729774078	0.9767551160062451
3.0410293648521369	0.9800060433101984
3.0448246984830800	0.9826973211380562
3.0485989031988177	0.9849097050898298
3.0524101500937491	0.9869346448167483
3.0562883042998483	0.9886568632566035
3.0602271014918534	0.9902218689226813
3.0642985952025277	0.9915563748497503
3.0685699807044671	0.9928650973726569
3.0740828642677314	0.9938222577172771
3.0813546760407737	0.9955924057274104
3.0898251180104785	0.9965045236334824
3.0940904425022202	0.9972302812818786
3.0973841970803795	0.9974541328414984
3.1005231731001008	0.9978845863530726
3.1037145778099853	0.9980292471210909
3.1069877918947841	0.9983591679402047
3.1103448142181565	0.9984712418235173
3.1137730726400155	0.9987330761839701
3.1172740385377380	0.9988208805615039
3.1208446017102518	0.9990278863040484
3.1245011575537012	0.9991011753010016
3.1282658649959871	0.9992574798828510
3.1321987971911178	0.9993297602971586
3.1364431659225214	0.9994894000185124
3.1433820999145365	0.9994347053281823
3.1480146204130208	0.9996186670432250
3.1520518424488215	0.9996346048768494
3.1558977898881939	0.9997383451723429
3.1597467016437837	0.9997397045996546
3.1637121113030213	0.9998064450809560
3.1679693053082638	0.9997732394616187
3.1748822900304821	0.9999983186432281
3.1795227235928967	0.9999027069938615
3.1835412372715894	0.9999568258701473
3.1873439269264554	0.9999019370688145
3.1911111648646577	0.9999572795619248
3.1949342997949626	0.9999232100078798
3.1988938775577136	0.9999606222339231
3.2031475246721266	0.9999025495794297
3.2100715602929912	1.0000943338139965
3.2147929054252096	0.9999881812836745
3.2189329302472438	1.0000197794973369
3.2229030337981608	0.9999721796601810
3.2269200118086259	1.0000005558740581
3.2311932636459857	0.9999341851659685
3.2381117249330091	1.0001224552467309
3.2427133224040068	1.0000026943627354
3.2466631928115972	1.0000492628553137
3.2503722206265997	0.9999718251314609
3.2540144456574578	1.0000316642640712
3.2576646670489278	0.9999694294375534
3.2613654473018179	1.0000199564575569
3.2651583723493682	0.9999785694531943
3.2691041132234955	1.0000092751564051
3.2733533769529002	0.9999448667202645
3.2802397654467059	1.0001341299420192
3.2847194298467652	1.0000061742337649
3.2885214206104929	1.0000659237765992
3.2920657926469241	0.9999684492543284
3.2955186822777693	1.0000511664746945
3.2989410712893492	0.9999584810913652
3.3023554831977981	1.0000454344624101
3.3057718819871549	0.9999561642262378
3.3091927644130434	1.0000428825616638
3.3126212808664808	0.9999562690048025
3.3160571018696952	1.0000413429758044
3.3195026866225512	0.9999572785972479
3.3229575501061075	1.0000399576750958
3.3264245056271422	0.9999587951705871
3.3299036028669144	1.0000383101900570
3.3333985398853030	0.9999608548393621
3.3369105682810694	1.0000360368442922
3.3404451654047542	0.9999637879597091
3.3440061239330432	1.0000325715974849
3.3476028137278528	0.9999683589008976
3.3512450697913883	1.0000267596210888
3.3549524518485678	0.9999762559511126
3.3587531957053471	1.0000165073685008
3.3627061615037239	0.9999860601279722
3.3669560159779346	1.0000509635307784
3.3738543264502421	0.9998643537235069
3.3784061521333664	0.9999879739534580
3.3822930833834652	0.9999359308999105
3.3859167383079307	1.0000249620611421
3.3894445522503789	0.9999506903708438
3.3929341759661615	1.0000354968242742
3.3964112847173782	0.9999558210859317
3.3998825322997193	1.0000387306811749
3.4033533181768343	0.9999576863780457
3.4068234712815935	1.0000396522880672
3.4102957348984160	0.9999585375271922
3.4137695032957196	1.0000396387387389
3.4172476766781212	0.9999592932703112
3.4207302993254185	1.0000389846240916
3.4242211213477067	0.9999604374664656
3.4277213191244491	1.0000375801958277
3.4312360968765039	0.9999623907349653
3.4347685571947606	1.0000350530379176
3.4383266041307867	0.9999657493038806
3.4419172420102235	1.0000306338957490
3.4455544792852262	0.9999716600682302
3.4492553591051260	1.0000226742619973
3.4530523109141784	0.9999821547801175
3.4570013625775573	1.0000127089383617
3.4612514415208722	0.9999479176240509
3.4681569065299369	1.0001329064412525
3.4727660006872085	1.0000135932154250
3.4767387600198458	1.0000563256360120
3.4804825284659304	0.9999821390285416
3.4841729524562712	1.0000350808672112
3.4878905726235687	0.9999802347483958
3.4916896643853210	1.0000192386639333
3.4956389470605465	0.9999874433504984
3.4998882413830645	1.0000515039759830
3.5067723024636144	0.9998614290810971
3.5112182413631912	0.9999917823128439
3.5149822553244361	0.9999283672262647
3.5184855268699420	1.0000309055403314
3.5218984911659659	0.9999432831204366
3.5252793471929533	1.0000414809027727
3.5286543509328445	0.9999495666105599
3.5320312563511993	1.0000439004897945
3.5354169301969498	0.9999529389972448
3.5388128523449462	1.0000433792318772
3.5422236513195182	0.9999556841225276
3.5456508264880040	1.0000413258948389
3.5490997736263505	0.9999588764240634
3.5525736550761859	1.0000378934303473
3.5560803518869997	0.9999633320307404
3.5596268660636179	1.0000324965105880
3.5632272034252415	0.9999702794163466
3.5668985534801001	1.0000235416598371
3.5706736955121299	0.9999817686308520
3.5746094885764990	1.0000126766993926
3.5788559652092156	0.9999483639458437
3.5857777195763965	1.0001304413430272
3.5904623268530327	1.0000176138817181
3.5945671053454125	1.0000466757860538
3.5985105737960623	0.9999942925572450
3.6025114425103810	1.0000198861160230
3.6067802815218459	0.9999512275510078
3.6137052407608024	1.0001347249759160
3.6183145762935127	1.0000148098637474
3.6222951709133762	1.0000555376328575
3.6260630839178525	0.9999848177364434
3.6298012720597370	1.0000310763849882
3.6336024567206318	0.9999859603848547
3.6375485516842261	1.0000150063342808
3.6417984846932758	0.9999494217680270
3.6487228774658904	1.0001309271693546
3.6534095526687964	1.0000178339502455
3.6575155284660590	1.0000467620902922
3.6614596932516306	0.9999943521135948
3.6654609397286380	1.0000199142909039
3.6697298856886156	0.9999512308075093
3.6766400781732638	1.0001374817823945
3.6811587080866750	1.0000110166663077
3.6850130195543231	1.0000643418228861
3.6886243845866566	0.9999752449364916
3.6921633679472010	1.0000457506900453
3.6956970804375877	0.9999685774109531
3.6992564655029097	1.0000350518409304
3.7028635496748130	0.9999720027763821
3.7065391141494275	1.0000243296556282
3.7103168859947457	0.9999822907810642
3.7142542079629184	1.0000129394330615
3.7185010936965948	0.9999484484502748
3.7253851800107931	1.0001375071259058
3.7298387419726993	1.0000078044138543
3.7336149561206655	1.0000694478251091
3.7371374058774491	0.9999693883840226
3.7405719281038010	1.0000538856326062
3.7439790162243374	0.9999592291786661
3.7473810496837023	1.0000473472479068
3.7507882247564495	0.9999569827300905
3.7542035645860756	1.0000439486767698
3.7576310865681024	0.9999574788316955
3.7610716600169547	1.0000413459493211
3.7645293995643558	0.9999593427798074
3.7680060364800174	1.0000384324985441
3.7715074369884456	0.9999624514242245
3.7750378629325816	1.0000343676144883
3.7786071283815876	0.9999674161490484
3.7822255827441222	1.0000279009649000
3.7859133215199328	0.9999758587494142
3.7896992504873310	1.0000169406316506
3.7936431024266484	0.9999862251178641
3.7978904953385362	1.0000507737967463
3.8048036413494182	0.9998667893357908
3.8094278864971334	0.9999842816994021
3.8134329655171002	0.9999450049701858
3.8172220008454203	1.0000137143237031
3.8209792458850371	0.9999686202904872
3.8247931248070768	1.0000128608095229
3.8287484022967013	0.9999839642112802
3.8329995759267179	1.0000497772376082
3.8399208430640388	0.9998673554109573
3.8445830929005202	0.9999826025641146
3.8486425855030597	0.9999484482099031
3.8525035194413451	1.0000095373624389
3.8563614295618862	0.9999748096707943
3.8603319522894850	1.0000090464871432
3.8645902113129997	0.9999458708247430
3.8715359618425835	1.0001262667670936
3.8763641183372899	1.0000225455335636
3.8807078842763572	1.0000372465711638
3.8850922280219602	0.9999555521979751
3.8921113562404117	1.0001374778397256
3.8968710363973433	1.0000205110351850
3.9010193147949357	1.0000472101646574
3.9049880582587382	0.9999950641468215
3.9090024370584127	1.0000202008212609
3.9132751896429219	0.9999509998350256
3.9201909302061084	1.0001362428032359
3.9247590008985265	1.0000123783776640
3.9286659162690376	1.0000614764273563
3.9323247698579453	0.9999770782776403
3.9359054703899807	1.0000434713195925
3.9394755976855325	0.9999700702910804
3.9430663774007040	1.0000335849057984
3.9466999193750105	0.9999729272172587
3.9503968216751093	1.0000236506393960
3.9541904533530992	0.9999825514630704
3.9581374421167395	1.0000129523950152
3.9623869483599221	0.9999481197728294
3.9693261762099956	1.0001267132319922
3.9741539469814282	1.0000228218886449
3.9784984566430590	1.0000373656867065
3.9828829268420400	0.9999555610359465
3.9898774862191586	1.0001418549129097
3.9944855194747926	1.0000143031941278
3.9984049816315688	1.0000626618907873
4.0020652078170587	0.9999773979063893
4.0056430339553355	1.0000440920495406
4.0092086563079281	0.9999699789003688
4.0127945182958316	1.0000339503271189
4.0164233215052940	0.9999727931900707
4.0201160817125148	1.0000238233634733
4.0239064780355216	0.9999825131531981
4.0278514509209753	1.0000129605987411
4.0321004175266184	0.9999481956226647
4.0390478433929129	1.0001252686461990
4.0439342642186462	1.0000235446424746
4.0485052918670750	1.0000803761729258
4.0556669005685873	0.9998714552163593
4.0606533050584792	0.9999771460822519
4.0652582674422142	0.9999183987494890
4.0723903026753421	1.0001379504003267
4.0770392803209949	1.0000096481590481
4.0809445423398225	1.0000631318251463
4.0845700778632148	0.9999739668645532
4.0881039466663509	1.0000466231676377
4.0916192545732724	0.9999665128602694
4.0951476356887913	1.0000376277082794
4.0987088088074213	0.9999683753673454
4.1023178577138486	1.0000292291991981
4.1059967374932889	0.9999760569071644
4.1097756322936814	1.0000173671150443
4.1137150413821706	0.9999864010134670
4.1179612660420544	1.0000507155593514
4.1249046043734570	0.9998722850071960
4.1297176739232802	0.9999761079254070
4.1340539934066927	0.9999615378776840
4.1384349071246023	1.0000430229461310
4.1454554664955303	0.9998611647628699
4.1501927344904708	0.9999786741598499
4.1543216975897801	0.9999510527764260
4.1582739019375259	1.0000039645211838
4.1622797712518782	0.9999786719811030
4.1665489397091875	1.0000475465561063
4.1734443858199661	0.9998580516047216
4.1778532850298715	0.9999922373996747
4.1815744639177197	0.9999251549744487
4.1850396103649796	1.0000322677408766
4.1884206198520166	0.9999411525495726
4.1917756144905267	1.0000425114961815
4.1951309143957021	0.9999485306243359
4.1984945429810168	1.0000441935986693
4.2018739987076357	0.9999530219447140
4.2052716467611990	1.0000426086553726
4.2086934253525365	0.9999571092526679
4.2121426571128548	1.0000390514706428
4.2156274017613766	0.9999621662453922
4.2191547787994299	1.0000333128859917
4.2227389302456064	0.9999696235924438
4.2263972199893169	1.0000239321344921
4.2301626775411529	0.9999815864466971
4.2340925835525205	1.0000126618590177
4.2383374723072258	0.9999485631373332
4.2452881916529011	1.0001252549693502
4.2501627279467993	1.0000237440503545
4.2547306509234053	1.0000800370539538
4.2618546183534347	0.9998641548948999
4.2665493547879754	0.9999864297585669
4.2705517914508953	0.9999438018988858
4.2743169255939355	1.0000152331737489
4.2780478839664777	0.9999677551728413
4.2818401567717386	1.0000133147696846
4.2857817674709500	0.9999840069718449
4.2900293205686983	1.0000492998554282
4.2969163633819587	0.9998601945065833
4.3013365804919266	0.9999917065666695
4.3050843898567681	0.9999278904595434
4.3085854156735879	1.0000298308618736
4.3120100043823699	0.9999448770800741
4.3154163358120252	1.0000387338370964
4.3188314682242304	0.9999532841039670
4.3222646964865366	1.0000390267389054
4.3257254189497827	0.9999591972791988
4.3292189772529257	1.0000355429035244
4.3327559080899167	0.9999656216568044
4.3363468811802894	1.0000287602109819
4.3400123836713158	0.9999750730826156
4.3437817779386441	1.0000171809781708
4.3477155533963865	0.9999862179715573
4.3519602237855457	1.0000504156229659
4.3588510242947525	0.9998621101040067
4.3633165764483159	0.9999902122986704
4.3671176100142253	0.9999315793334133
4.3706727144786317	1.0000269411886176
4.3741527982681596	0.9999489417234035
4.3776179474042447	1.0000349410729055
4.3810976180287469	0.9999579855836308
4.3846040552310326	1.0000339630308814
4.3881508034843737	0.9999653956250140
4.3917494445458471	1.0000281293911211
4.3954209301559688	0.9999750502503070
4.3991946583053156	1.0000169919985187
4.4031310561614898	0.9999861498437386
4.4073764335222627	1.0000504704261077
4.4143293171892291	0.9998738878051593
4.4192057067462471	0.9999754109376159
4.4237758262834861	0.9999192032159446
4.4309070440541509	1.0001342147066385
4.4356194966726923	1.0000129358149896
4.4396402320265613	1.0000541930425701
4.4434236778839082	0.9999841903582530
4.4471679016354981	1.0000306872853748
4.4509714811844017	0.9999857570610553
4.4549184801361728	1.0000149093959891
4.4591687398323359	0.9999493617549109
4.4661120895610296	1.0001273792118872
4.4709262973971127	1.0000230578584994
4.4752604021424744	1.0000375703045432
4.4796420900212173	0.9999560380971784
4.4866308754126631	1.0001434794692463
4.4911799138339585	1.0000127809466715
4.4950358163668795	1.0000662257758253
4.4986383977341982	0.9999751902025618
4.5021654201921137	1.0000469397270213
4.5056865660533187	0.9999681538290155
4.5092339884716175	1.0000357903413966
4.5128303385803941	0.9999716607880244
4.5164969012832623	1.0000246797042689
4.5202678247011505	0.9999822012913020
4.5242009372916678	1.0000129551847292
4.5284466945593644	0.9999486078559173
4.5353604218974697	1.0001321553310953
4.5399865205988066	1.0000154322410451
4.5440066273030517	1.0000519704993756
4.5478367885593931	0.9999887636602074
4.5516704159366030	1.0000246606315144
4.5556277463341193	0.9999900063470697
4.5598811453724917	1.0000526319156178
4.5668110989272153	0.9998687643285171
4.5714830761844638	0.9999817700145508
4.5755765557401142	0.9999519414240927
4.5795093174193440	1.0000047683095679
4.5835051293467606	0.9999790263246063
4.5877713522707344	1.0000474390495089
4.5947040164741910	0.9998649004286477
4.5993260970457452	0.9999829727763766
4.6033398585396874	0.9999461712397691
4.6071617234855591	1.0000101142494173
4.6109904493144933	0.9999740006483291
4.6149432565655326	1.0000088216630230
4.6191967238954890	0.9999463585264717
4.6261527023923330	1.0001250704879079
4.6311523671649448	0.9999730692903726
4.6386038499369695	1.0001687573924756
4.6434635136809552	1.0000246294433139
4.6475177580466136	1.0000619786823759
4.6512947786858678	0.9999867597891950
4.6550226825191032	1.0000335004388059
4.6588103981111573	0.9999865211400103
4.6627469628412603	1.0000154934622685
4.6669944950655893	0.9999500546594159
4.6739019883356967	1.0001348700234893
4.6784525885820036	1.0000131362433815
4.6823767406537780	1.0000578670923088
4.6860976757699744	0.9999834697146062
4.6897988704003986	1.0000323526978432
4.6935730846504189	0.9999856093578922
4.6975029688329437	1.0000150394581855
4.7017485103049887	0.9999499929938099
4.7086820774153431	1.0001299158881045
4.7133938774502973	1.0000200292754815
4.7175666384392976	1.0000417802713946
4.7216458111362538	0.9999976399063826
4.7259432503224357	1.0000577732410447
4.7329368077711980	0.9998743467040021
4.7378172252216286	0.9999758523924094
4.7423894690883150	0.9999196873862046
4.7495268168334714	1.0001348074829992
4.7542206042615502	1.0000134771602962
4.7582383171286988	1.0000530312244786
4.7620476997835528	0.9999876598215527
4.7658604806058129	1.0000251149673822
4.7698039390134097	0.9999900390182034
4.7740537772988318	1.0000521364292068
4.7809732327030359	0.9998659850674765
4.7855425856724807	0.9999849007569670
4.7895074192073084	0.9999447017098396
4.7932909787389120	1.0000110802161251
4.7970923293389447	0.9999734690274923
4.8010289214908370	1.0000087383827738
4.8052779816108240	0.9999468663862201
4.8122039621600345	1.0001313782645074
4.8168275669918925	1.0000164002121101
4.8208721939487162	1.0000486847558598
4.8247702309595866	0.9999939358077768
4.8287438564802176	1.0000200456943076
4.8330052702778890	0.9999522281755736
4.8399763332964367	1.0001272298808908
4.8448422615335964	1.0000247314357009
4.8494085007134311	1.0000800156377707
4.8565077198217228	0.9998586474884649
4.8610021220215218	0.9999926064698310
4.8647751451553543	0.9999300172395894
4.8683103928060776	1.0000261157260055
4.8718027871203704	0.9999526182055176
4.8753269744113696	1.0000275480570526
4.8789292587356847	0.9999700480201730
4.8826486541863021	1.0000166974397973
4.8865515119511072	0.9999854597338679
4.8907879818001243	1.0000488996384420
4.8977374310952682	0.9998713185490739
4.9024958795180424	0.9999758664186594
4.9067931163732634	0.9999610942468393
4.9111635331845731	1.0000414299960143
4.9181353898682989	0.9998503896719040
4.9225016496170397	0.9999904838499102
4.9261916386371842	0.9999239691755758
4.9296705874499747	1.0000264396237459
4.9331222337215266	0.9999496854079375
4.9366157221113616	1.0000280229009142
4.9401950749167778	0.9999688957128007
4.9438982759095751	1.0000167641853295
4.9477915979685507	0.9999853425357851
4.9520255053850839	1.0000485039481330
4.9589096049747035	0.9998585567987751
4.9632516014482313	0.9999920718756967
4.9669627800626870	0.9999287862368750
4.9704866271434991	1.0000235696784032
4.9740023100305386	0.9999557157070541
4.9775831166886757	1.0000218854798113
4.9812851522129469	0.9999772994575507
4.9851749722091645	1.0000110174034866
4.9894095248913750	0.9999491810033339
4.9962897988874362	1.0001403646962903
5.0006228038088283	1.0000063561055466
5.0043239522471756	1.0000705028225112
5.0078420872957414	0.9999751154879107
5.0113524191282766	1.0000433810324452
5.0149309507973578	0.9999769585696231
5.0186301100959030	1.0000216622777109
5.0225196822084648	0.9999878973926367
5.0267529197011491	1.0000496527081939
5.0336498558431746	0.9998611191002436
5.0380520249975120	0.9999895587270661
5.0418390240839797	0.9999344984363315
5.0454495449127554	1.0000183190086920
5.0490690955722028	0.9999634030748726
5.0527843670970620	1.0000139260450183
5.0566809819467364	0.9999836793013771
5.0609162923369144	1.0000475848811579
5.0678059056502995	0.9998586472381844
5.0721595426748625	0.9999913976632683
5.0758842662672601	0.9999295769302107
5.0794211163098906	1.0000229278648749
5.0829483958227639	0.9999562912628247
5.0865388417088395	1.0000215653237050
5.0902481093267511	0.9999774678758065
5.0941423024107895	1.0000110336797035
5.0983779971064314	0.9999490360517576
5.1053112971495072	1.0001301886020728
5.1099668506779707	1.0000192568717376
5.1140919434691829	1.0000428060890552
5.1181424180763404	0.9999979735083467
5.1224320625346218	1.0000570051308433
5.1294314713298537	0.9998743556842293
5.1342903304732515	0.9999755062152073
5.1388569636345620	0.9999203174083316
5.1459927374399275	1.0001363833976009
5.1506140622905274	1.0000122893204968
5.1545640866253120	1.0000558681736589
5.1583219000014608	0.9999868258967956
5.1620989086166089	1.0000260657304674
5.1660215056549719	0.9999902851047571
5.1702656727406744	1.0000515544774036
5.1772335533846299	0.9998742518924418
5.1820808315471627	0.9999751350330736
5.1866435606746641	0.9999202048711036
5.1937883038008028	1.0001339532797684
5.1984879165341207	1.0000151147565706
5.2025449481663211	1.0000490450251376
5.2064379587509029	0.9999934602821734
5.2104053561954320	1.0000199930857392
5.2146655169881990	0.9999525249410732
5.2214823215139834	1.0001566913589444
5.2254513485981331	0.9999899479734162
5.2287572043632089	1.0001032847920177
5.2318749905298292	0.9999488292916781
5.2349574283990510	1.0000806075442701
5.2380517933526889	0.9999409106310484
5.2411722468445729	1.0000675567659629
5.2443247430576250	0.9999415603556536
5.2475099063753969	1.0000591573402837
5.2507307120121292	0.9999452972896555
5.2539875137148586	1.0000523502564240
5.2572846723484821	0.9999506470983067
5.2606245454383194	1.0000454718134471
5.2640144626446368	0.9999575633934055
5.2674610546551293	1.0000372030393669
5.2709781863543350	0.9999670037833762
5.2745832900418286	1.0000256546616699
5.2783098165439428	0.9999808713557227
5.2822162781523714	1.0000126170840964
5.2864548668228473	0.9999493541002517
5.2933867263589267	1.0001298733309085
5.2980716855932624	1.0000196293634454
5.3022219579588699	1.0000422225529362
5.3062876133436880	0.9999977838405686
5.3105813632134700	1.0000574084774099
5.3174965102308152	0.9998593023406003
5.3218583323841155	0.9999939042364122
5.3255547843912723	0.9999263115191265
5.3290332277193020	1.0000286765301329
5.3324701845129585	0.9999482705484077
5.3359297523173437	1.0000320546850878
5.3394485108555445	0.9999636761774781
5.3430513412874170	1.0000240712518789
5.3467752335403649	0.9999798188296649
5.3506797639199792	1.0000120885354142
5.3549179178043493	0.9999491606845671
5.3618630383579156	1.0001274139105691
5.3666301082068264	1.0000229264844465
5.3709310419345471	1.0000377435837478
5.3753037682576981	0.9999572424614890
5.3822727945449378	1.0001484871939150
5.3866482067327066	1.0000082212651618
5.3903362417036771	1.0000756889069926
5.3938035263886155	0.9999707741143072
5.3972280127862389	1.0000520935931094
5.4006780729160075	0.9999668279047337
5.4041874890460564	1.0000358812829073
5.4077843858786432	0.9999747885383695
5.4115025267026269	1.0000192885988803
5.4154050277456474	0.9999868802911418
5.4196414019552899	1.0000496432800925
5.4265769019807006	0.9998690706790890
5.4312479114478736	0.9999794349221701
5.4353889402507942	0.9999564979803702
5.4394474647449655	1.0000010819396055
5.4437406067768110	0.9999417134864425
5.4505413883340079	1.0001606428373886
5.4543624037994736	0.9999809088773670
5.4575337140075284	1.0001139119434099
5.4605363042009154	0.9999406523250594
5.4635137878725946	1.0000902212484746
5.4665071297474865	0.9999328214333554
5.4695260623310276	1.0000768512823413
5.4725733296305741	0.9999326916691356
5.4756465731241022	1.0000691400153690
5.4787458369580637	0.9999348993413751
5.4818681204952862	1.0000640458734325
5.4850139413021388	0.9999377864959489
5.4881807705704082	1.0000601256533159
5.4913697447158842	0.9999408369309594
5.4945788966586679	1.0000566977558529
5.4978099480104463	0.9999439589808300
5.5010615477303233	1.0000533878820987
5.5043360706480078	0.9999472397083288
5.5076329437175522	1.0000499157160554
5.5109554318715537	0.9999508762423150
5.5143041164234452	1.0000459748500550
5.5176837050990519	0.9999551991612113
5.5210967826396526	1.0000411128275672
5.5245508072240668	0.9999607949669862
5.5280524753635421	1.0000345038235150
5.5316155870908039	0.9999688416408363
5.5352573463274366	1.0000244443255542
5.5390107694179962	0.9999813670035298
5.5429334345844739	1.0000126402640213
5.5471763638484353	0.9999487994448927
5.5540475109867709	1.0001405222511750
5.5583996803017586	1.0000044492480582
5.5620707180990783	1.0000761273494563
5.5654981551202569	0.9999648075081952
5.5688465083902852	1.0000598416378570
5.5721734743020237	0.9999545879849510
5.5754991187721368	1.0000526142390269
5.5788318503933301	0.9999522651997766
5.5821729916945779	1.0000490488077014
5.5855248675473579	0.9999524074315693
5.5888863332990155	1.0000468675545688
5.5922591479232988	0.9999533984695281
5.5956420057057654	1.0000451432974471
5.5990368635550123	0.9999547540380431
5.6024427053716961	1.0000434715721962
5.6058619154850691	0.9999563916924090
5.6092940386692760	1.0000416032295385
5.6127421866003298	0.9999584196874109
5.6162068837917625	1.0000392716692432
5.6196925757027785	0.9999611138759322
5.6232016157282390	1.0000360583212873
5.6267411215848844	0.9999650261616478
5.6303173628155658	1.0000311625653708
5.6339436550757700	0.9999713168221557
5.6376364686221860	1.0000228850747872
5.6414278112852800	0.9999820698032084
5.6453735494503814	1.0000127036079893
5.6496227047075198	0.9999480307664634
5.6565233013845324	1.0001339561937617
5.6610947328587962	1.0000120351521322
5.6650138977166273	1.0000601364128816
5.6686878227517186	0.9999775935405666
5.6722841518834004	1.0000424136371990
5.6758695593573147	0.9999707022620115
5.6794746521390813	1.0000328466607384
5.6831210412929245	0.9999733823802706
5.6868287961574380	1.0000232835711145
5.6906307519593327	0.9999826838382115
5.6945828960800160	1.0000129538316374
5.6988337909203608	0.9999479392718892
5.7057723203888502	1.0001266007278868
5.7106077967614590	1.0000227931579651
5.7149579846519929	1.0000373137244307
5.7193439868493581	0.9999553389627478
5.7263857240698384	1.0001329778877284
5.7313236635973972	1.0000257245582047
5.7359110904757280	1.0000820865868003
5.7430750949771472	0.9998704697148567
5.7480268743385023	0.9999780898129753
5.7524229553697266	0.9999622202884061
5.7568229164389777	1.0000444877853003
5.7638370694268826	0.9998585751828242
5.7685056188052659	0.9999829046309403
5.7724975026445504	0.9999403801207983
5.7762294727871542	1.0000182567590832
5.7798820754960394	0.9999593813735363
5.7835242192006540	1.0000248246802992
5.7871950565528980	0.9999700728851991
5.7909196518417136	1.0000206612813409
5.7947334904523542	0.9999816676121438
5.7986925978036741	1.0000123365201536
5.8029454660978423	0.9999473961486864
5.8098556806586350	1.0001315427205510
5.8145150499410665	1.0000148229404113
5.8185445710265471	1.0000535281359844
5.8223411371250808	0.9999838149051208
5.8260776491081065	1.0000331290606326
5.8298334312562252	0.9999811719544278
5.8336613989911958	1.0000186277637813
5.8376284942667684	0.9999873426823819
5.8418826027904993	1.0000520812595941
5.8487881027444182	0.9998662916143969
5.8534026210965466	0.9999862615840529
5.8573630141417476	0.9999403200839433
5.8610606651125696	1.0000216180371375
5.8646622298332245	0.9999553808045495
5.8682260943233278	1.0000314757016082
5.8717786708605804	0.9999605488405373
5.8753269017696486	1.0000343161994836
5.8788761886207697	0.9999624519239886
5.8824259805565502	1.0000350641732072
5.8859784108828901	0.9999632241164893
5.8895318722175656	1.0000351713740181
5.8930879835968115	0.9999636016563698
5.8966450158749453	1.0000350883013442
5.9002045200643387	0.9999638358161101
5.9037647766568728	1.0000349548376046
5.9073273489619735	0.9999640145039932
5.9108905483715333	1.0000348106698318
5.9144559731811128	0.9999641729633372
5.9180219782788015	1.0000346609638755
5.9215902160115679	0.9999643321319793
5.9251591063996525	1.0000344955712619
5.9287303866808054	0.9999645138888015
5.9323025826529943	1.0000342917098353
5.9358775728028208	0.9999647508301552
5.9394540646390954	1.0000340083152259
5.9430341831088302	0.9999650983569227
5.9466169605600143	1.0000335719470057
5.9502049689158500	0.9999656556405822
5.9537978428178668	1.0000328482286323
5.9573989988335967	0.9999666067585757
5.9610092419114835	1.0000315824351247
5.9646336810175251	0.9999683092719629
5.9682755710171946	1.0000292639496104
5.9719437590116211	0.9999715087978039
5.9756473375646451	1.0000247806810065
5.9794049830286307	0.9999778644828669
5.9832435692590789	1.0000160271906555
5.9872198833950536	0.9999861404776722
5.9914761052180614	1.0000518774256772
5.9984191768566895	0.9998739584703643
6.0033277738884081	0.9999759999062791
6.0079063526621432	0.9999182590353388
6.0150437647157666	1.0001310964906100
6.0199013339999938	1.0000159718760331
6.0240894943931282	1.0000462718095979
6.0280398852099726	0.9999900328367225
6.0319564772751484	1.0000226498339777
6.0359626959326702	0.9999894208875623
6.0402296486775873	1.0000539784537064
6.0471731580499473	0.9998731863400097
6.0520421954464156	0.9999765430877401
6.0564182905320001	0.9999619839770671
6.0608100993137484	1.0000446178772073
6.0678488158447950	0.9998662567620494
6.0728033890110016	0.9999737543666083
6.0773969703869613	0.9999167033696795
6.0845562985732897	1.0001290117175974
6.0896398315932423	0.9999706177788908
6.0971632865877137	1.0001672171890323
6.1021869076227881	1.0000263739607871
6.1063958507883838	1.0000561530268426
6.1102886786205310	0.9999879661697668
6.1140841496738734	1.0000330968224820
6.1178791883242489	0.9999827270801429
6.1217336483169067	1.0000186761059808
6.1257162488973860	0.9999875566155858
6.1299747203805701	1.0000527514590580
6.1369055747398811	0.9998717702927310
6.1417215677159449	0.9999785822976421
6.1459919884902279	0.9999596776976671
6.1501308295453185	1.0000023092621075
6.1544458696533733	0.9999397400360217
6.1614254345606785	1.0001248074810825
6.1663541480506296	1.0000223953541616
6.1709373212656589	1.0000808428956047
6.1780745122948604	0.9998676399092759
6.1829373267146392	0.9999829644618031
6.1871309256162581	0.9999527717726611
6.1910828867275232	1.0000089472811138
6.1950018731096295	0.9999763768458191
6.1990079149876820	1.0000096075870613
6.2032761391332736	0.9999450472775001
6.2101860846390560	1.0001319451176027
6.2148388478841179	1.0000130852644213
6.2188308903839529	1.0000572859809973
6.2225527743469504	0.9999776315264519
6.2261672355875239	1.0000432566788382
6.2297363032778152	0.9999669877269891
6.2332831819846914	1.0000392275256356
6.2368180695738511	0.9999631718502080
6.2403430786797189	1.0000384234728192
6.2438609415918052	0.9999613956610613
6.2473707179323776	1.0000386874094309
6.2508743682071444	0.9999603148148076
6.2543708160769365	1.0000392145385355
6.2578623232895652	0.9999595967473712
6.2613482336862871	1.0000396415388546
6.2648313482007643	0.9999592400050287
6.2683116131344541	1.0000397339794909
6.2717925098656959	0.9999593707564081
6.2752747544560030	1.0000392728497809
6.2787627301101967	0.9999601939420516
6.2822582392241655	1.0000379902485130
6.2857670562353789	0.9999620214112845
6.2892928173886764	1.0000354780055796
6.2928438993164040	0.9999653939713273
6.2964277375145441	1.0000309745083515
6.3000587176647169	0.9999714194754588
6.3037542322844811	1.0000228554034927
6.3075470377390888	0.9999820885111117
6.3114935132994159	1.0000127116035740
6.3157429010313004	0.9999480125118081
6.3226431732724606	1.0001340095042990
6.3272141290113755	1.0000122413061985
6.3311374133949725	1.0000594383116659
6.3348247031966931	0.9999791304067793
6.3384491309814353	1.0000395435462650
6.3420849240046140	0.9999752159435701
6.3457743156035056	1.0000257994381254
6.3495589115543343	0.9999832314489390
6.3534995951469151	1.0000134323696852
6.3577474861953265	0.9999486143154303
6.3646779495453139	1.0001288850320904
6.3694252926552890	1.0000201452264952
6.3736301341938084	1.0000409101327987
6.3777292350063375	0.9999973175419493
6.3820320702326008	1.0000582745280315
6.3889426950615658	0.9998597729582869
6.3933380803325512	0.9999945704380103
6.3970352726443611	0.9999240876245392
6.4004750186085513	1.0000341269194151
6.4038316945685718	0.9999397303655918
6.4071645220810165	1.0000438733592887
6.4105005653950462	0.9999474809904202
6.4138486465785389	1.0000449224456596
6.4172171869820156	0.9999526841691718
6.4206096371110393	1.0000424620682908
6.4240333192985615	0.9999578144079224
6.4274933853405134	1.0000376427257911
6.4310005325631501	0.9999644358345561
6.4345659215557456	1.0000299140907192
6.4382105081584191	0.9999744732805496
6.4419642901558625	1.0000175077180236
6.4458885444115364	0.9999862546168744
6.4501306653184667	1.0000500959812362
6.4570094208261786	0.9998593882536586
6.4613864792922788	0.9999931194328243
6.4650938219017879	0.9999257629030235
6.4685639746168713	1.0000307868463247
6.4719681964796330	0.9999441232168136
6.4753655117193434	1.0000382988250289
6.4787846683375268	0.9999545104536474
6.4822376441814775	1.0000364708826737
6.4857380160946985	0.9999631813382857
6.4892975698023498	1.0000296146166985
6.4929375898470374	0.9999740349111949
6.4966880485791814	1.0000174021672710
6.5006103227032961	0.9999861685453822
6.5048519015166653	1.0000499806233154
6.5117391639717876	0.9998608682720703
6.5161604224986327	0.9999911769229288
6.5199226348906585	0.9999297950011670
6.5234529188794674	1.0000270424169058
6.5269240188705107	0.9999493603846648
6.5303980272401194	1.0000328784365762
6.5339080807862526	0.9999614537712890
6.5374725487055887	1.0000284225251346
6.5411155458603423	0.9999734896196526
6.5448678232991577	1.0000170359219487
6.5487911406501924	0.9999859819450695
6.5530329984700506	1.0000499163881678
6.5599064527767252	0.9998582792927917
6.5642511930552550	0.9999945119084067
6.5679195027074639	0.9999227357140403
6.5713463661344758	1.0000337104918418
6.5747006711170339	0.9999398356749686
6.5780382287509749	1.0000429875846466
6.5813839881815204	0.9999483157686831
6.5847451986153853	1.0000438085495094
6.5881290639518815	0.9999537586232111
6.5915380054132413	1.0000413537819104
6.5949784642037814	0.9999588225305842
6.5984548377571182	1.0000367333556015
6.6019771625165298	0.9999651806958945
6.6055560154360613	1.0000293426088918
6.6092118380918823	0.9999748380011788
6.6129741164695837	1.0000173417436991
6.6169035773142761	0.9999862413769713
6.6211470852629386	1.0000502729316871
6.6280641075599434	0.9998668238319290
6.6326802492252659	0.9999835948147112
6.6366944538278618	0.9999467343812082
6.6405188756930036	1.0000102124782295
6.6443502440888453	0.9999741902277445
6.6483048530752304	1.0000088947742471
6.6525587699261202	0.9999463306095497
6.6594959304743240	1.0001285159939368
6.6642304896336926	1.0000197229946608
6.6684230144146470	1.0000410515370521
6.6725143674994403	0.9999973412793758
6.6768150938858346	1.0000580244192483
6.6837968714378473	0.9998726220816672
6.6886188199486529	0.9999767394535582
6.6929547617064147	0.9999617311925685
6.6973360673793376	1.0000429445870529
6.7043263954764694	0.9998549523354950
6.7088492474711616	0.9999868755066375
6.7126792590649407	0.9999310575786401
6.7162545025465157	1.0000251047113513
6.7197545585117044	0.9999499599985835
6.7232432595124925	1.0000329297442725
6.7267527064207853	0.9999601793861865
6.7302977844803396	1.0000309665682774
6.7338959444349991	0.9999692133702778
6.7375652032053184	1.0000230738484006
6.7413387968366996	0.9999814466317674
6.7452736191330320	1.0000125185781663
6.7495198428994492	0.9999483198719413
6.7564144757475395	1.0001355545631332
6.7609263654048517	1.0000103604194734
6.7647807602254142	1.0000637118781344
6.7683950647020712	0.9999752527507093
6.7719380660842425	1.0000453459383192
6.7754761479296333	0.9999687395014653
6.7790398288327687	1.0000347909366065
6.7826508683598981	0.9999721414194239
6.7863298134919869	1.0000242054923059
6.7901101899648344	0.9999823330936241
6.7940491231361264	1.0000129404985312
6.7982964396074683	0.9999483936626760
6.8051865467135890	1.0001363032581183
6.8096790666995322	1.0000092955396525
6.8135024205469072	1.0000662449388826
6.8170747792002446	0.9999722363354845
6.8205625350600458	1.0000499329289905
6.8240279441435341	0.9999631596476510
6.8274954965336168	1.0000424521137254
6.8309779217590192	0.9999623706419456
6.8344814714438300	1.0000373916158933
6.8380146082357776	0.9999652033386476
6.8415845039372414	1.0000317816236530
6.8452048848155096	0.9999712448917127
6.8488926309085301	1.0000231427307793
6.8526800477443244	0.9999820482276576
6.8566233523066602	1.0000127245457551
6.8608718537147810	0.9999481258495524
6.8678020121973100	1.0001285209297148
6.8725596756256095	1.0000201727906606
6.8767742985763549	1.0000406369559385
6.8808796381602519	0.9999972154803860
6.8851841473436384	1.0000584317449384
6.8921302725572033	0.9998666007325889
6.8967493218492155	0.9999859989714877
6.9007241152199619	0.9999427566405653
6.9044656490831056	1.0000170063663512
6.9081555460285466	0.9999638832228891
6.9118714010346158	1.0000187410256420
6.9156708754563443	0.9999797022495306
6.9196189857053314	1.0000114886276108
6.9238692127424990	0.9999474166296345
6.9308002627807710	1.0001283149827880
6.9355596090660425	1.0000200843645259
6.9397755027636414	1.0000405627270690
6.9438815913590801	0.9999971807892480
6.9481863087057585	1.0000584390268146
6.9551659558742438	0.9998728426888657
6.9600076571274290	0.9999768041394986
6.9643578688720273	0.9999618626186257
6.9687430365557272	1.0000435089299018
6.9757591234253216	0.9998603214735043
6.9804719530357797	0.9999802071874097
6.9845507650540100	0.9999472259533697
6.9884183542359795	1.0000089335140656
6.9922783414355454	0.9999744453437989
6.9962493576445421	1.0000088772577702
7.0005078666694480	0.9999458001393261
7.0073989178158280	1.0001365986862054
7.0118721779723376	1.0000078340764704
7.0156634792380173	1.0000686175569449
7.0191956959560624	0.9999694823568618
7.0226360623783188	1.0000535684222915
7.0260465382444055	0.9999592696795063
7.0294508350163261	1.0000471601643806
7.0328605171529643	0.9999572164419253
7.0362800884807504	1.0000434549897126
7.0397152650551673	0.9999582982779439
7.0431689355936999	1.0000400295068770
7.0466477324506513	0.9999613244199075
7.0501566579953376	1.0000355547510846
7.0537061382600594	0.9999665422101250
7.0573071414437214	1.0000286285206470
7.0609803313854878	0.9999754200858156
7.0647552370292033	1.0000171551732957
7.0686923054989448	0.9999862473853038
7.0729378781647450	1.0000505460804192
7.0798392491352464	0.9998642483908393
7.0843751137134507	0.9999874033595072
7.0882664789864904	0.9999378803940406
7.0919255664126037	1.0000206108068632
7.0955288343169052	0.9999583439297713
7.0991463461900528	1.0000242025075168
7.1028231515955733	0.9999726674505013
7.1065971986405687	1.0000158128405636
7.1105329973746603	0.9999854713184109
7.1147782991507018	1.0000500636717826
7.1217032689019506	0.9998683031946946
7.1263782912792042	0.9999813406977927
7.1304765093152849	0.9999519653876023
7.1344133097969884	1.0000046386598413
7.1384116745559156	0.9999789927064493
7.1426785751065669	1.0000475135184272
7.1495998927033098	0.9998629090577632
7.1541576510446250	0.9999858413066609
7.1580753600577136	0.9999393697418182
7.1617689001475799	1.0000180101742457
7.1654195294555283	0.9999619564918626
7.1691042537886061	1.0000193376878426
7.1728808503860488	0.9999791116575804
7.1768150884182305	1.0000113487790057
7.1810615631970336	0.9999478203036795
7.1879638462669853	1.0001343070415223
7.1925083799572800	1.0000120352390505
7.1964149370963408	1.0000594760822239
7.2001021891670378	0.9999804693851311
7.2037466666172527	1.0000370317649145
7.2074283047827281	0.9999794096934892
7.2112012372891270	1.0000198201732557
7.2151347369276237	0.9999875492418370
7.2193797482207058	1.0000510058352068
7.2262796601345682	0.9998636821842021
7.2307871800253967	0.9999882099607769
7.2346496024179130	0.9999364209775069
7.2382839705765889	1.0000214492148196
7.2418668588140207	0.9999573581447802
7.2454678915386035	1.0000247121889403
7.2491318082064859	0.9999722222792821
7.2528964876560300	1.0000159416382119
7.2568266466090572	0.9999854603946859
7.2610704197199869	1.0000498580576238
7.2679439875229592	0.9998583928361660
7.2722981985939477	0.9999944320469497
7.2759707201671251	0.9999226221735102
7.2793951273862749	1.0000343822822533
7.2827402483650729	0.9999387065508961
7.2860616043523931	1.0000446470202260
7.2893834585984365	0.9999460383141905
7.2927120362543514	1.0000467088482154
7.2960530995644790	0.9999500436374233
7.2994070709448975	1.0000459421330741
7.3027776330315719	0.9999530792581057
7.3061652188829260	1.0000438420140392
7.3095740824830928	0.9999562367832244
7.3130059459577499	1.0000406667525314
7.3164668360115330	0.9999602365354944
7.3199611532075322	1.0000360508940429
7.3234988867516098	0.9999659807879261
7.3270906178507831	1.0000289064993559
7.3307567314506032	0.9999751882543926
7.3345265886329090	1.0000172226009865
7.3384606416719604	0.9999862415089510
7.3427053890070582	1.0000504349824533
7.3495857920540928	0.9998601774726684
7.3539916875283584	0.9999927108386535
7.3577185938325842	0.9999262415371636
7.3611927177794882	1.0000319064490772
7.3645834771277805	0.9999419777769258
7.3679477606041504	1.0000420796249845
7.3713109830931627	0.9999489896783705
7.3746803966361512	1.0000440417203527
7.3780626984397477	0.9999529729057897
7.3814594061227226	1.0000429985016388
7.3848754473926794	0.9999563461149624
7.3883128847374557	1.0000402822306265
7.3917780549397873	0.9999603423952964
7.3952755864329403	1.0000358820194652
7.3988156909974405	0.9999660413959978
7.4024091263327483	1.0000288412948497
7.4060764336469473	0.9999752115457048
7.4098470845203037	1.0000172077309166
7.4137815954964905	0.9999862397586772
7.4180264713684405	1.0000504506991543
7.4249012932715397	0.9998591523109571
7.4292764051956119	0.9999940118795823
7.4329664347420810	0.9999235448991435
7.4364017779544502	1.0000343018369666
7.4397513816372429	0.9999386915967180
7.4430709788622469	1.0000453035691115
7.4463847177032179	0.9999450308817428
7.4496984717727965	1.0000482825563546
7.4530173918417617	0.9999479476561343
7.4563410454485251	1.0000486721645958
7.4596719628624024	0.9999496411227888
7.4630090251430907	1.0000481071899083
7.4663544518038849	0.9999509824348174
7.4697071959253067	1.0000471046134094
7.4730695803211491	0.9999523259660141
7.4764408076702908	1.0000457956607396
7.4798234895292550	0.9999538583535708
7.4832172530449004	1.0000441479070072
7.4866252331860554	0.9999557464486166
7.4900477851974490	1.0000420178515281
7.4934889886110065	0.9999582231587292
7.4969505186721639	1.0000391208569355
7.5004382833438097	0.9999616893050987
7.5039565769366066	1.0000349076168189
7.5075152665313398	0.9999669325591894
7.5111247678834623	1.0000282285181903
7.5148052663800744	0.9999756343021721
7.5185858135524617	1.0000170328624454
7.5225263818181585	0.9999862302754944
7.5267728864583727	1.0000506602833925
7.5336648426749635	0.9998626568664717
7.5381513931021908	0.9999898831471579
7.5419687787181759	0.9999320843551416
7.5455301673036397	1.0000275106983363
7.5490041297112942	0.9999476459213877
7.5524480543641204	1.0000375265864982
7.5558874825738327	0.9999539356317790
7.5593292461063264	1.0000398814474689
7.5627791040388708	0.9999569887931622
7.5662373572123416	1.0000397106514409
7.5697073067686356	0.9999590925396782
7.5731890159038739	1.0000384222938592
7.5766862555377603	0.9999612526812374
7.5802002494041405	1.0000362369526754
7.5837365023975734	0.9999641393709945
7.5872988120888492	1.0000327754837830
7.5908965829761348	0.9999686328185398
7.5945396760164146	1.0000269419036898
7.5982476862334867	0.9999764569902040
7.6020488706612310	1.0000166623623195
7.6060020992313060	0.9999861999883178
7.6102520261764868	1.0000510926433099
7.6171538600162938	0.9998651189243900
7.6217280411315862	0.9999871411934371
7.6256454202965847	0.9999380786113008
7.6293049419759651	1.0000228854824915
7.6328746986664386	0.9999538241131516
7.6364137851537439	1.0000321835217350
7.6399497279957895	0.9999601498738971
7.6434912544929272	1.0000338360833205
7.6470463902199111	0.9999637634828813
7.6506182738835138	1.0000324989396745
7.6542142937971613	0.9999673504328045
7.6578403673947415	1.0000288949176566
7.6615094050671848	0.9999728064617129
7.6652371753959994	1.0000218105863588
7.6690547891881753	0.9999824987713046
7.6730166672243980	1.0000127280746411
7.6772702105732717	0.9999474787369739
7.6841785175402162	1.0001317724407395
7.6888340482153641	1.0000144462327865
7.6928528906381706	1.0000545172364037
7.6966298910211055	0.9999822733025369
7.7003344277379195	1.0000357261162891
7.7040395021542789	0.9999774506194271
7.7077859993745665	1.0000239050005093
7.7116137683968251	0.9999838684210253
7.7155810274224077	1.0000134303257251
7.7198361237549609	0.9999476866666992
7.7267409039463617	1.0001324861491905
7.7313793067387033	1.0000135003410993
7.7353665696725011	1.0000570147683079
7.7390959384222580	0.9999789420678273
7.7427314300593135	1.0000411862227618
7.7463368505864194	0.9999700753734990
7.7499381129259817	1.0000348424649996
7.7535491783004504	0.9999689486021418
7.7571773282910899	1.0000306750135193
7.7608326955449840	0.9999714282399583
7.7645251162399411	1.0000254124876211
7.7682735366143598	0.9999777446130161
7.7721051642583392	1.0000162141744959
7.7760771644086804	0.9999861898071818
7.7803322065111153	1.0000517495821377
7.7872425603573747	0.9998676145198703
7.7919139476916790	0.9999843154433434
7.7959484196383482	0.9999447633871000
7.7997310038555234	1.0000170843527072
7.8034320285888104	0.9999621953280049
7.8071174776257024	1.0000235284711492
7.8108254160948034	0.9999716172294798
7.8145803177755200	1.0000199493492827
7.8184169171307438	0.9999821172360585
7.8223900492237650	1.0000124043701391
7.8266467523761216	0.9999469345286975
7.8335821832992716	1.0001261732310087
7.8384451979704801	1.0000226278772366
7.8428156541001979	1.0000371127125585
7.8472071831294201	0.9999545368386064
7.8542129801456202	1.0001385992968512
7.8589494732600116	1.0000175973237000
7.8630195052953233	1.0000544149571871
7.8668310102684114	0.9999837365120794
7.8705608170042156	1.0000351727528223
7.8742851665435394	0.9999781597569026
7.8780464046261507	1.0000235961714461
7.8818848470013023	0.9999840727633496
7.8858585768268981	1.0000134704210750
7.8901154639863824	0.9999474871234982
7.8970437464208647	1.0001278111555230
7.9018533072315131	1.0000205248976537
7.9061150516617120	1.0000395938029356
7.9102500373560067	0.9999968234286003
7.9145626640345483	1.0000592205456875
7.9215044452814469	0.9998669785738761
7.9261577965406866	0.9999864731489061
7.9301436359448489	0.9999414469963698
7.9338585002734696	1.0000213374073099
7.9374735255893052	0.9999562558104449
7.9410506253771684	1.0000307171013989
7.9446195298668121	0.9999619308411104
7.9481909325422349	1.0000324050432039
7.9517749165359701	0.9999654504633868
7.9553770573746618	1.0000306965707451
7.9590079400017624	0.9999696715090516
7.9626779871818725	1.0000258878561823
7.9664072056364725	0.9999769640139282
7.9702238835675070	1.0000163667524204
7.9741865254519331	0.9999861568192984
7.9784390355968107	1.0000514024964053
7.9853532372416129	0.9998678654538308
7.9900273746085206	0.9999833954463124
7.9940830151627518	0.9999471603727607
7.9979143196759264	1.0000127748079535
8.0017046402893595	0.9999697442484292
8.0055425134911378	1.0000126269117420
8.0095122538318044	0.9999840185999909
8.0137674029321584	1.0000503096969013
8.0206944925220167	0.9998691081561883
8.0254275538040662	0.9999805094709047
8.0295813070358193	0.9999537323887191
8.0335598650754978	1.0000043896180899
8.0375833754670687	0.9999791529905147
8.0418572005383435	1.0000484557039724
8.0488057032076714	0.9998690903268003
8.0535918391560806	0.9999779684455977
8.0578303271604597	0.9999584235088502
8.0619480001222925	1.0000017469052467
8.0662573428628637	0.9999401494990900
8.0732415935394481	1.0001247383149396
8.0781533039673032	1.0000226610219023
8.0827320091787485	1.0000803425449145
8.0898741666576282	0.9998674528613739
8.0947166229424710	0.9999822123962948
8.0989101286159624	0.9999543996609547
8.1029015440484979	1.0000049949776766
8.1069286165076537	0.9999793810457360
8.1112039659589801	1.0000485365881933
8.1181639410838002	0.9998706860519073
8.1230062329482138	0.9999755317886077
8.1273605393958590	0.9999613152382419
8.1317465238282054	1.0000434562432947
8.1387347674138582	0.9998557509666917
8.1432975987208156	0.9999866492135714
8.1471534968096826	0.9999314966432287
8.1507319868857575	1.0000267925645916
8.1542110002714647	0.9999470486036488
8.1576522420609958	1.0000379113880267
8.1610836653496186	0.9999530458549770
8.1645136550734811	1.0000407540291736
8.1679492594919658	0.9999559695535111
8.1713919909890720	1.0000406748118049
8.1748463912753895	0.9999582165112916
8.1783138741138970	1.0000391072478483
8.1817997277031136	0.9999608788694612
8.1853069866667933	1.0000362023230209
8.1888434217100698	0.9999647745835198
8.1924158760583357	1.0000313715603177
8.1960381936562836	0.9999711306478569
8.1997273151846493	1.0000230161312489
8.2035156717376889	0.9999820159701155
8.2074595189238870	1.0000127050773586
8.2117081753016894	0.9999481011630427
8.2186080601353702	1.0001341905108028
8.2231710333775379	1.0000119210858409
8.2270831969652320	1.0000603071678451
8.2307548185625024	0.9999779474374823
8.2343557772087905	1.0000416028788963
8.2379555356422802	0.9999723087377883
8.2415889360036676	1.0000302118637243
8.2452845332986318	0.9999774038635487
8.2490750604589298	1.0000176694845904
8.2530213106308441	0.9999866365514630
8.2572694304285310	1.0000510581394058
8.2641944509004865	0.9998691601030049
8.2688992231434035	0.9999810319245092
8.2730267320409041	0.9999530236041556
8.2769858730446373	1.0000045381260976
8.2809977562797918	0.9999791038789997
8.2852683553958357	1.0000480342120295
8.2921849597702231	0.9998626407025765
8.2967410348293207	0.9999868939230153
8.3006371659667071	0.9999367896844559
8.3042833962504812	1.0000223867898066
8.3078534288900983	0.9999547802636197
8.3114116968973981	1.0000293672416143
8.3149929742163380	0.9999648269907969
8.3186164020782503	1.0000263469303641
8.3223062955525169	0.9999750107976696
8.3260930187695585	1.0000164724680880
8.3300371942808606	0.9999859689142995
8.3342846901486709	1.0000506454616302
8.3412091567288886	0.9998688436566582
8.3459058858207467	0.9999811131938551
8.3500249088584706	0.9999526913180744
8.3539772580337051	1.0000045727117990
8.3579849359400047	0.9999790692361542
8.3622543993475880	1.0000478710532124
8.3692138266114391	0.9998704481027242
8.3740391600987216	0.9999754308023020
8.3783813693797011	0.9999611774170092
8.3827640642001011	1.0000429662561587
8.3897493085721102	0.9998546171410014
8.3942697235235126	0.9999872357129003
8.3980915784062660	0.9999303938732090
8.4016566000365742	1.0000255877032378
8.4051481895604265	0.9999497336717322
8.4086339968781694	1.0000324712850619
8.4121504432536778	0.9999615107930857
8.4157179357992238	1.0000283760144202
8.4193620277933334	0.9999734604142632
8.4231144780992189	1.0000170442958689
8.4270377274935768	0.9999859817656165
8.4312796030006112	1.0000499141198398
8.4381938804846151	0.9998659057004941
8.4427774116585983	0.9999842842165972
8.4467576456341966	0.9999452333122411
8.4505536989104009	1.0000107648720782
8.4543640393006285	0.9999736512809256
8.4583059618476089	1.0000087645611544
8.4625564676851663	0.9999466935249112
8.4694828435337186	1.0001310710641402
8.4741201662831696	1.0000166022309511
8.4781776964239519	1.0000482179615566
8.4820852604489243	0.9999939879740325
8.4860645283983889	1.0000199970831374
8.4903274814200085	0.9999520124582659
8.4972547880344713	1.0001351981280731
8.5018363853603454	1.0000151791039953
8.5058078757984479	1.0000545119600983
8.5095978905632919	0.9999882507521782
8.5134023170772739	1.0000255257021702
8.5173421668583380	0.9999902508690011
8.5215908405400693	1.0000521528491215
8.5284430735823857	0.9998534899561535
8.5326350345194157	1.0000009694052270
8.5361435848880216	0.9999113272030176
8.5394223661848869	1.0000422373257516
8.5426366283353783	0.9999288426892522
8.5458374231017622	1.0000521940762537
8.5490460983131307	0.9999376705539723
8.5522669355593042	1.0000538342595491
8.5555045147189812	0.9999426671560205
8.5587581827740689	1.0000526794276365
8.5620307692440694	0.9999462926735758
8.5653216605978564	1.0000503376239045
8.5686340330161865	0.9999496771536028
8.5719681124958758	1.0000472130290923
8.5753280724912759	0.9999534376437881
8.5787155867940026	1.0000432033365696
8.5821367150050047	0.9999581287768852
8.5855958877836258	1.0000378167027832
8.5891031730836733	0.9999646002357973
8.5926692932643132	1.0000299178977770
8.5963148211245386	0.9999745482656126
8.6000694736702883	1.0000175017927406
8.6039943014223930	0.9999862590439895
8.6082365668772471	1.0000501167627398
8.6151611421058405	0.9998680186602005
8.6198147408912149	0.9999816786705347
8.6238929524706940	0.9999513175864994
8.6278150281607928	1.0000047291647614
8.6318046448973398	0.9999789320078667
8.6360691402464465	1.0000471833750060
8.6430410102183099	0.9998719991478634
8.6479159314584937	0.9999745904827539
8.6524861994122446	0.9999190786616051
8.6595896836492940	1.0001398621186535
8.6640993976159777	1.0000055504594736
8.6678634244704771	1.0000712973341437
8.6713572027264565	0.9999673517663794
8.6747624367995293	1.0000555940286595
8.6781439590306793	0.9999579020044905
8.6815248527965760	1.0000484774366503
8.6849149085891710	0.9999561448121598
8.6883162430863035	1.0000447177412992
8.6917317388873734	0.9999568060107978
8.6951608690135451	1.0000421272462048
8.6986060835352426	0.9999584096014542
8.7020670670422877	1.0000397389571054
8.7055470857478365	0.9999606452760337
8.7090470019533086	1.0000369726795437
8.7125718971545982	0.9999637331020854
8.7161252069887958	1.0000331714177961
8.7197159644591427	0.9999684101421885
8.7233537131266541	1.0000271304450230
8.7270577684522230	0.9999763713201261
8.7308561962560400	1.0000167168095513
8.7348077910148287	0.9999862133417741
8.7390572627270817	1.0000510456301659
8.7459616965078215	0.9998655442704215
8.7505485545615898	0.9999865882404979
8.7544842501711972	0.9999393273760198
8.7581657308113261	1.0000216246122426
8.7617609898129594	0.9999556093393019
8.7653296527400393	1.0000302967095813
8.7689002410581054	0.9999625424894213
8.7724829237952502	1.0000310978717071
8.7760879828418599	0.9999672031421671
8.7797220270528467	1.0000282502275022
8.7833981569118365	0.9999729049041364
8.7871319274235269	1.0000215387535334
8.7909541874511898	0.9999825314005982
8.7949189608600662	1.0000127107560111
8.7991732891777659	0.9999473699551982
8.8060821330042067	1.0001315339014496
8.8107477124921516	1.0000146582928788
8.8147774647429742	1.0000540111521055
8.8185642816362737	0.9999825671356678
8.8222772199953781	1.0000353628115319
8.8259892940258400	0.9999776504723643
8.8297413962824756	1.0000237333005155
8.8335733293815686	0.9999839249365462
8.8375431389658949	1.0000134311572020
8.8417989367850680	0.9999475986016596
8.8486989474108011	1.0001332677212877
8.8533125699812167	1.0000123938271133
8.8572625254646074	1.0000595458341783
8.8609453322645582	0.9999762126776239
8.8645249684916561	1.0000450930487121
8.8680640184950672	0.9999658017160513
8.8715865599652641	1.0000402491161793
8.8751039732278354	0.9999627520345968
8.8786199212713406	1.0000382941158612
8.8821389553396326	0.9999622660884848
8.8856622913111973	1.0000369236759348
8.8891944438303678	0.9999631117448791
8.8927374273100650	1.0000351077008318
8.8962974435062065	0.9999652226517081
8.8998789748886598	1.0000320576311912
8.9034920532048059	0.9999692167707056
8.9071470921225764	1.0000265669360044
8.9108641383310001	0.9999766971546952
8.9146717354517300	1.0000165615681953
8.9186287998215992	0.9999861900705809
8.9228797902756209	1.0000512206465630
8.9297765954323527	0.9998643410908991
8.9343279420741055	0.9999882087444177
8.9382116502511497	0.9999357039141994
8.9418302861490773	1.0000253509038726
8.9453522511300374	0.9999503642560934
8.9488359685666552	1.0000358515552532
8.9523077156379625	0.9999555877631831
8.9557746142073107	1.0000389313466078
8.9592423745176486	0.9999576267433740
8.9627109658444528	1.0000396680759067
8.9661830765409718	0.9999586314435600
8.9696578316706752	1.0000395425585986
8.9731376279510275	0.9999594093861576
8.9766217446122720	1.0000389711573257
8.9801128740338019	0.9999603123750594
8.9836107875650217	1.0000379935285186
8.9871188507115605	0.9999615872003265
8.9906377543338021	1.0000364520003775
8.9941721455467150	0.9999635470443891
8.9977244915767525	1.0000339767157913
9.0013020361051801	0.9999667430545734
9.0049110799116008	1.0000297982252244
9.0085649363714975	0.9999723185347485
9.0122799248031740	1.0000222431811023
9.0160877319743147	0.9999823539243675
9.0200435228201297	1.0000127281078073
9.0242954174660639	0.9999476923126290
9.0312402515435561	1.0001251890160545
9.0361355671917352	1.0000233497614102
9.0407089142539707	1.0000806073545834
9.0471515083143501	0.9997509039171828
9.0523999579169683	1.0000403294804878
9.0582437083078311	0.9997739351134447
9.0638671796739487	1.0003474927379439
9.0690316573859100	1.0001812565030328
9.0740342835859398	1.0003863948232998
9.0789673707985177	0.9999337568424113
9.0838749308052638	0.9998277689718358
9.0935528427572763	0.9997206039832964
9.0985601095465860	0.9998565903742809
9.1030284691498196	0.9998271517161219
9.1077378491228487	1.0001376128221495
9.1125312207127127	0.9997872840524804
9.1164922465813536	0.9999490532504608
9.1208838059775825	0.9998152802525585
9.1255376501441727	0.9999825636525348
9.1328823285422125	0.9999056611675338
9.1374514275299905	1.0000298804785011
9.1415995840027282	1.0000187632092021
9.1456628480318720	1.0000482335744636
9.1498570923268190	0.9999804445452566
9.1541579736846401	0.9999130977605095
9.1629224068798454	0.9995941584428797
9.1664212205648603	0.9998166389995696
9.1702033526521394	0.9997851996835586
9.1742313430491684	0.9998841901748848
9.1784514298928066	1.0000097187152164
9.1827228080992125	1.0001919172365059
9.1881706370589971	0.9999013162390188
9.1990343526612293	1.0005343468507846
9.2139984007372036	1.0002035255294408
9.2182461697954885	1.0001060778321209
9.2224562532121794	1.0000551484394271
9.2266854899996833	1.0000330008078746
9.2309630122548967	1.0000460674274587
9.2352737485874528	1.0000093059685247
9.2396024381341970	1.0001101967440671
9.2445189157384480	0.9997060715554319
9.2546905453659445	1.0003847969517627
9.2660147784696960	1.0002612117275678
9.2691713584421187	1.0000414483054314
9.2723619846293559	1.0001294348290417
9.2757125593040683	1.0000158842832212
9.2792286077000838	1.0000623617253959
9.2829116318990188	1.0000030131633217
9.2867985915801547	1.0000259299547740
9.2910302976272909	0.9999573385409763
9.2979890912534984	1.0001270597338217
9.3027741695314941	1.0000222353012647
9.3070925062541860	1.0000358681458670
9.3114690268713911	0.9999544334100516
9.3184811935793466	1.0001369024028981
9.3231695554887626	1.0000173970003599
9.3272433460563935	1.0000484362025026
9.3311527787728075	0.9999934311669429
9.3351307406205759	1.0000196700473469
9.3393936879828807	0.9999520059313732
9.3460732717865742	1.0001817383505447
9.3495390243134491	0.9999674249754927
9.3524745518084522	1.0001330515792974
9.3553384902491956	0.9999382960646063
9.3582455213587465	1.0000959458155736
9.3612215490046324	0.9999380944699252
9.3642687024505271	1.0000736863874680
9.3673858130279211	0.9999440542893687
9.3705692582730400	1.0000593598595184
9.3738197754058739	0.9999521378661957
9.3771375170755711	1.0000479431259091
9.3805290197479376	0.9999618413408922
9.3840023096196408	1.0000360519932834
9.3875760915495636	0.9999745613117080
9.3912792790393613	1.0000206443593216
9.3951734242251224	0.9999883841190332
9.3994074405706378	1.0000510163669003
9.4063578625355202	0.9998731850073610
9.4111092420175488	0.9999775124977197
9.4154018414773315	0.9999625489275143
9.4197709654931767	1.0000425979152046
9.4267717385086218	0.9998565971358752
9.4312917010292949	0.9999855729633838
9.4351639256341695	0.9999374012767779
9.4388356272677196	1.0000167209276982
9.4424997113843734	0.9999653573527498
9.4462458983388764	1.0000139720400396
9.4501606168157384	0.9999842081866936
9.4544007885100037	1.0000486843591594
9.4613003732242245	0.9998617216971917
9.4657438363178112	0.9999892634284940
9.4695539427759403	0.9999345550700269
9.4731598967584727	1.0000209868703400
9.4767413292732527	0.9999591360346888
9.4803729684795357	1.0000207838085837
9.4841115080901499	0.9999783878960949
9.4880230339587577	1.0000113241841573
9.4922633706518962	0.9999486358247504
9.4991372049812437	1.0001406995584043
9.5034728373715645	1.0000045381801863
9.5071396129349441	1.0000756329207949
9.5105764638522814	0.9999664166457954
9.5139464897604498	1.0000575863181600
9.5173061957220195	0.9999575997730097
9.5206748431597266	1.0000489912573840
9.5240601239006732	0.9999564421905693
9.5274627684125441	1.0000443645173562
9.5308844826613779	0.9999575382899186
9.5343236014544956	1.0000413411988425
9.5377813382680223	0.9999592966917548
9.5412559671047301	1.0000389383597421
9.5447490747833434	0.9999612771023848
9.5482594381310726	1.0000366855854890
9.5517894807719710	0.9999634875922290
9.5553391007291832	1.0000342033955936
9.5589124187863135	0.9999662360672155
9.5625117847124468	1.0000309227536714
9.5661451317974695	0.9999702758243827
9.5698207790919714	1.0000256746752569
9.5735567645555051	0.9999773203025232
9.5773796601678551	1.0000162772027812
9.5813464583245516	0.9999861702238815
9.5856000383753859	1.0000515601368012
9.5925316313130846	0.9998713839530448
9.5973331439199008	0.9999784462404876
9.6015913507392430	0.9999593182457144
9.6057227401359597	1.0000021198314961
9.6100356808276253	0.9999398602960370
9.6170165628839008	1.0001247319755235
9.6219403352550685	1.0000224418915764
9.6265221663741762	1.0000806760044205
9.6336466486322703	0.9998651283869111
9.6384114912432732	0.9999866090423751
9.6424543039539827	0.9999430648445585
9.6462021879449367	1.0000209008908898
9.6498388472456966	0.9999571961540816
9.6534304638613389	1.0000305149806854
9.6570077096999754	0.9999620736296531
9.6605809569879284	1.0000328506813916
9.6641593766222265	0.9999646454893802
9.6677472268219660	1.0000321420914859
9.6713531156239316	0.9999675864855943
9.6749842929109295	1.0000289116827945
9.6786550534332143	0.9999727725459572
9.6823825180013667	1.0000219083780255
9.6861990165986693	0.9999824752673241
9.6901599527715909	1.0000127406962289
9.6944132908497096	0.9999475249695084
9.7013277947439569	1.0001306960464238
9.7060213738694383	1.0000164584953517
9.7101077063666921	1.0000493692277912
9.7139907010911948	0.9999895827040889
9.7178622949098816	1.0000237436390207
9.7218423039594803	0.9999897662977288
9.7261019259815242	1.0000532859754978
9.7330563508016112	0.9998742905655839
9.7379492286540739	0.9999759072664420
9.7425238577787834	0.9999188785624504
9.7496743238844843	1.0001301490048389
9.7545548332161172	1.0000186955154542
9.7588226490961745	1.0000397882723471
9.7629500040543444	0.9999966354404582
9.7672616984717067	1.0000585601936889
9.7742336178200393	0.9998708200630279
9.7790167432996817	0.9999793933472515
9.7832447844117425	0.9999586995935611
9.7873543741261297	1.0000019986147739
9.7916616718853877	0.9999406134364192
9.7985879315574156	1.0001361823011776
9.8030887531972546	1.0000082732956752
9.8069048196274071	1.0000666673402168
9.8104676895757592	0.9999718393901931
9.8139509344458808	1.0000495403435348
9.8174221702105946	0.9999644993218961
9.8209113338915852	1.0000397306797493
9.8244378438518645	0.9999668815817071
9.8280171227201354	1.0000304648750167
9.8316716426783461	0.9999753201830418
9.8354323180907812	1.0000177148811116
9.8393605977537728	0.9999864262270407
9.8436038352666415	1.0000503304296275
9.8504951728609935	0.9998619648914113
9.8549522448574862	0.9999899821840961
9.8587542957731689	0.9999324526766173
9.8623250989371485	1.0000248196137409
9.8658397103878919	0.9999526257593943
9.8693637137867629	1.0000294928078881
9.8729349886805640	0.9999660226609913
9.8765790399784379	1.0000229163837431
9.8803328727546234	0.9999804777700155
9.8842553588668860	1.0000121814553431
9.8884983303207328	0.9999485873048254
9.8954411024132440	1.0001270608458992
9.9002338702179067	1.0000228759951697
9.9045530773712311	1.0000375733823443
9.9089307142383696	0.9999565356080811
9.9159793864483667	1.0001331265626223
9.9208924978621322	1.0000262591070277
9.9254734565246778	1.0000814439972248
9.9326138452024821	0.9998648633296451
9.9373311318628730	0.9999852949567180
9.9413723904908267	0.9999469123409067
9.9451983907955288	1.0000110488868217
9.9490245984411469	0.9999742003468250
9.9529745614379816	1.0000090326875684
9.9572274338052296	0.9999466433061890
9.9641461500724322	1.0001325417550300
9.9687398987273479	1.0000144727955418
9.9727255766714720	1.0000533381172210
9.9765271530727269	0.9999881577609311
9.9803397523196598	1.0000251622948511
9.9842844352419409	0.9999901226450947
9.9885344207397644	1.0000522622424044
9.9954418840096064	0.9998640063252064
9.9999482458403630	0.9999874977941834
