0.0000000000000000	0.0000000000000000
2.7741811839465380	0.0010000000000000
2.7854007715229745	0.0010644780867698
2.7904061583468538	0.0010927726081010
2.7952854468017181	0.0012834264908203
2.8028974401152560	0.0013103483148660
2.8088087638912307	0.0021894868293824
2.8126208619738016	0.0021022419642926
2.8170114877485477	0.0023686568887562
2.8217119137717228	0.0026468900982333
2.8267606811660038	0.0035678977798031
2.8306438670655476	0.0037457679548829
2.8354709114905283	0.0043456659753779
2.8401605128291330	0.0050716707179542
2.8452152866125218	0.0064307013247968
2.8501653858693778	0.0073825821464414
2.8549110298569826	0.0085492706635503
2.8600003586075462	0.0097580589003655
2.8651766243484476	0.0119817702204397
2.8703070874399441	0.0142509739587826
2.8751081235834457	0.0167305894837972
2.8823701986740429	0.0208974934041197
2.8879665810396178	0.0252452297542409
2.8927372253620804	0.0295141614648705
2.8969886104747871	0.0339267883335809
2.9011648020311043	0.0387902542471408
2.9054258015606580	0.0444816634708871
2.9100845357690943	0.0515237287339895
2.9150597331444379	0.0607918269733016
2.9184738073058543	0.0672887097289300
2.9225459809498773	0.0764257434261135
2.9270743384931892	0.0878923224212675
2.9317343329318413	0.1013039326524185
2.9424891237803648	0.1391364847001578
2.9539986305492869	0.1935026708770851
2.9677354595090222	0.2770371266771402
2.9720406359461387	0.3076017663373580
2.9764235741409326	0.3407648578917484
2.9809052995240397	0.3764416237718722
2.9857550549766541	0.4168223726753794
2.9899920093914800	0.4533213439612765
2.9941306093064526	0.4897230594191076
2.9980031835277372	0.5239078233350715
3.0022157104420573	0.5610466898058055
3.0061871165129426	0.5955439438144361
3.0103958164933173	0.6313008789638463
3.0144880606128512	0.6648248748923304
3.0188230885199632	0.6987714673444608
3.0231008447318573	0.7303579184296548
3.0275031038408931	0.7607239530594959
3.0318662436931128	0.7884882306150630
3.0362143428094179	0.8138426369244163
3.0405474471578646	0.8367384843886007
3.0447849902149531	0.8569708659871809
3.0490305686115753	0.8750937113909882
3.0531432697971099	0.8908160191532006
3.0572615899849933	0.9047537774256840
3.0612341009827375	0.9167503076265385
3.0652079644130037	0.9272971631444987
3.0690572524567381	0.9364165308995314
3.0729232559189406	0.9444139177180145
3.0767046306748500	0.9514072046704662
3.0805242414308465	0.9575332830234037
3.0842974278167810	0.9629474375716183
3.0881299234236699	0.9676831329786877
3.0919566291257881	0.9719054536893785
3.0958835558734044	0.9756149736054172
3.0998936551759138	0.9789652651423512
3.1042014724519702	0.9819714752082842
3.1107911202076259	0.9860335404276898
3.1189552492118002	0.9894544105600145
3.1241598415453327	0.9913951537513749
3.1285142367243828	0.9926894965735678
3.1327290719251031	0.9937678431619822
3.1370063753419428	0.9946853484855849
3.1412975845963160	0.9954570817207838
3.1456629931958022	0.9960448920833704
3.1541253944148582	0.9971366039934616
3.1587634792947972	0.9976098769770159
3.1627543232230080	0.9980263484990226
3.1665250280489694	0.9982487222214930
3.1703956710530208	0.9985228576664580
3.1746345016891713	0.9986742152485720
3.1812895038755413	0.9991666375145329
3.1855254993862165	0.9991660456096884
3.1891601061089396	0.9993372671700368
3.1927049335638675	0.9993410011326677
3.1963468562498969	0.9994683648321940
3.2001949996458170	0.9995041836016016
3.2044188391930888	0.9996326551104949
3.2113749615563818	0.9995439239295726
3.2158452854413149	0.9997137018195491
3.2197348220376258	0.9997055173041491
3.2234516545233247	0.9998090353731601
3.2271663281270384	0.9997886645964562
3.2309556278401703	0.9998576264036855
3.2348981756162591	0.9998498678533997
3.2391455248318515	0.9999349051744644
3.2460791790841443	0.9997805026311976
3.2507791664626002	0.9999065884904228
3.2549051498342960	0.9998894043398595
3.2588648040497561	0.9999495870034482
3.2628776039513916	0.9999318617879435
3.2671483609706327	1.0000077864304762
3.2740722041554857	0.9998328606613088
3.2786718347953152	0.9999590646714409
3.2826254613867882	0.9999179363373900
3.2863381406668299	0.9999989307461108
3.2899863796187203	0.9999431546721281
3.2936409419543193	1.0000079647543016
3.2973471190317727	0.9999605200729997
3.3011427924875605	1.0000041043417038
3.3050916837639779	0.9999756358102705
3.3093405694495073	1.0000421118830574
3.3162303011499046	0.9998557419749272
3.3207134902726740	0.9999847162658668
3.3245210664976410	0.9999263224179681
3.3280676285036370	1.0000243715389370
3.3315227391237610	0.9999424224193147
3.3349444106725392	1.0000358081980603
3.3383584952689125	0.9999491779053256
3.3417720540100602	1.0000392598418057
3.3451908653481492	0.9999525521039778
3.3486151147564138	1.0000400298282217
3.3520477253257344	0.9999547574087321
3.3554881569340367	1.0000396893236723
3.3589391587265509	0.9999566839840780
3.3624005066022078	1.0000386777008956
3.3658754943221667	0.9999587769921368
3.3693647467932295	1.0000369906662407
3.3728727865285242	0.9999614250587266
3.3764019809816168	1.0000343217264220
3.3799594388247201	0.9999652149811790
3.3835513693285484	1.0000299254681337
3.3871909975536081	0.9999713176723639
3.3908946394392179	1.0000221314897841
3.3946940688363494	0.9999818341745196
3.3986447567594302	1.0000123882464065
3.4028952557006806	0.9999475833493250
3.4097903498604158	1.0001345440231364
3.4143381728447380	1.0000105111008228
3.4182178256654185	1.0000631128761415
3.4218367047326130	0.9999735445510517
3.4253590266373863	1.0000482949299676
3.4288457634678315	0.9999631329285745
3.4323193893371631	1.0000430682247239
3.4357897389006471	0.9999600419193992
3.4392590324649635	1.0000411080882325
3.4427302395116426	0.9999592575682553
3.4462028840863734	1.0000401741822884
3.4496794551508971	0.9999593857348313
3.4531595809653344	1.0000393584896374
3.4566463640673515	0.9999601192394155
3.4601402363799294	1.0000381864986370
3.4636454187285954	0.9999615603294586
3.4671637606036767	1.0000362429625305
3.4707014254111894	0.9999640793703513
3.4742629280593906	1.0000329321219696
3.4778583853505283	0.9999684486785502
3.4814983630217826	1.0000271030705219
3.4852031116488416	0.9999763249664737
3.4890014901389947	1.0000167123270001
3.4929528927955174	0.9999861963756044
3.4972023457189727	1.0000510221974410
3.5041110662742914	0.9998663023913726
3.5087242992490846	0.9999851592873188
3.5127047490507550	0.9999429373197815
3.5164537910786464	1.0000165782076400
3.5201503463046024	0.9999640588641090
3.5238713819175209	1.0000185755369722
3.5276745407864056	0.9999797458060411
3.5316248444910738	1.0000114833642733
3.5358756802631008	0.9999473345186141
3.5427583154713069	1.0001372995155828
3.5472169250147525	1.0000074315865688
3.5509909621306259	1.0000699119196785
3.5545044247677731	0.9999683937579791
3.5579244990116212	1.0000551336571080
3.5613128343196427	0.9999577573912031
3.5646927423749242	1.0000490028311126
3.5680752820608443	0.9999552589273927
3.5714642434369983	1.0000457445163613
3.5748643882470521	0.9999557089495730
3.5782772462807957	1.0000430822052488
3.5817075664818541	0.9999577061931756
3.5851576519247637	1.0000399498324457
3.5886338878650976	0.9999610976077592
3.5921410361378845	1.0000355356305859
3.5956893537379480	0.9999664646691133
3.5992896371798784	1.0000286164954781
3.6029624135144900	0.9999753972571419
3.6067370941081882	1.0000171465605856
3.6106740492566272	0.9999862406982409
3.6149195862491910	1.0000505376092530
3.6218442981586128	0.9998686268655157
3.6265268470661800	0.9999812962582800
3.6306326280468504	0.9999522687260076
3.6345752459645948	1.0000046226494286
3.6385771383045826	0.9999790289903122
3.6428449999193036	1.0000476536812348
3.6497730770064978	0.9998643356434429
3.6543798742168558	0.9999841041910770
3.6583610103184721	0.9999433841433174
3.6621277963041186	1.0000140987582073
3.6658667105736336	0.9999678356166549
3.6696669141675686	1.0000129525702648
3.6736138698746781	0.9999839004644744
3.6778627863290208	1.0000494516525267
3.6847903445660806	0.9998681290187743
3.6894742250542505	0.9999810771784952
3.6935805680237697	0.9999521580996655
3.6975234334928389	1.0000045597987643
3.7015254430103481	0.9999789948506917
3.7057933384414152	1.0000476380469463
3.7127064514207371	0.9998615344603756
3.7172215009916849	0.9999879239078876
3.7210751841685865	0.9999345047836891
3.7246844303481921	1.0000237093571205
3.7282231592216695	0.9999531013076994
3.7317551253235788	1.0000303724248356
3.7353145098110034	0.9999638209435103
3.7389200700893785	1.0000269349166990
3.7425959128118262	0.9999745653315620
3.7463723870576064	1.0000166295298174
3.7503103674637597	0.9999859703945928
3.7545561771360281	1.0000504274595345
3.7614426843122555	0.9998614294980247
3.7658907489153739	0.9999912110533441
3.7696640393364294	0.9999292368683325
3.7731821225253430	1.0000296903012076
3.7766141200393983	0.9999447997988288
3.7800172474689027	1.0000398649084692
3.7834169907963622	0.9999513619205370
3.7868203907642428	1.0000421090508549
3.7902336360231685	0.9999547857331483
3.7936575978306242	1.0000416007708006
3.7970963145818795	0.9999574165998042
3.8005507695282414	1.0000397169598234
3.8040258689210269	0.9999603611483011
3.8075243236357719	1.0000365809268597
3.8110536141490754	0.9999644605573579
3.8146203444528779	1.0000315823388217
3.8182381565696839	0.9999709654857510
3.8219238445581225	1.0000231007085107
3.8257097503339432	0.9999819660010083
3.8296521317156302	1.0000126932693485
3.8339003845988477	0.9999481427429198
3.8408105841572997	1.0001323103196398
3.8454352943684706	1.0000145915306393
3.8494377255994534	1.0000540115096141
3.8532260967334446	0.9999851583866627
3.8569811663587368	1.0000303444787531
3.8607949614119743	0.9999860422046083
3.8647487254661526	1.0000149478733966
3.8690007416025836	0.9999491261831479
3.8759189047796752	1.0001317412668247
3.8805819631723617	1.0000162774681800
3.8846391186377858	1.0000505481885780
3.8884997237442929	0.9999893531917210
3.8923557572390850	1.0000241361849276
3.8963266147151168	0.9999898809945438
3.9005836848939537	1.0000530292965730
3.9075319259247552	0.9998727786431447
3.9123571397470256	0.9999763719369901
3.9167012334638831	0.9999616988694975
3.9210843237816220	1.0000433440474270
3.9281056660058851	0.9998615753332145
3.9328618383428080	0.9999784345331925
3.9370096666459049	0.9999516983937283
3.9409763918231011	1.0000038754026079
3.9449910859499648	0.9999787260649204
3.9492626645359961	1.0000478714589178
3.9561813798714685	0.9998627800589779
3.9607449815348224	0.9999865879271850
3.9646505165859049	0.9999373579453774
3.9683067067877631	1.0000218958190228
3.9718868350359431	0.9999553843474088
3.9754550298210360	1.0000288887716879
3.9790457481031294	0.9999652994718310
3.9826777575016679	1.0000260156398491
3.9863749783130880	0.9999752556189618
3.9901673493710033	1.0000163758350142
3.9941150303972752	0.9999859667005764
3.9983634645997199	1.0000507698532086
4.0053056677180985	0.9998723592896385
4.0101307586822816	0.9999760966294363
4.0144758492923529	0.9999615856539004
4.0188591255079258	1.0000433462814129
4.0258559795565008	0.9998572530994058
4.0304630443366429	0.9999845798449704
4.0343848603915786	0.9999363785398606
4.0380458296446795	1.0000214505387681
4.0416261570655747	0.9999549409644443
4.0451926106214193	1.0000288709946505
4.0487808610307363	0.9999650571274825
4.0524102471565984	1.0000260809545873
4.0561050627669886	0.9999751449844927
4.0598955072735574	1.0000163982735426
4.0638419746667047	0.9999859625644072
4.0680900866660537	1.0000507253869755
4.0750406629546401	0.9998738738051461
4.0799249571612695	0.9999755394234001
4.0844971498500682	0.9999189679903060
4.0916651930946406	1.0001272937781367
4.0966491145726440	1.0000216848184027
4.1012515652651542	1.0000801061610014
4.1083879159856451	0.9998615470462712
4.1130373888087144	0.9999892037163424
4.1169489525248339	0.9999362735736769
4.1205794064602941	1.0000247827251540
4.1241195897417180	0.9999527116157901
4.1276391270234853	1.0000322552988152
4.1311728475459004	0.9999616051914804
4.1347371971470803	1.0000304498800883
4.1383504876693022	0.9999698974420875
4.1420313013499328	1.0000228457184972
4.1458131480782923	0.9999816518445579
4.1497529073921866	1.0000125744312314
4.1540004828348511	0.9999481862216608
4.1609406355057637	1.0001268085749171
4.1657579535528484	1.0000228430486982
4.1700948340220148	1.0000374351368224
4.1744772456029091	0.9999558649054001
4.1814955815134649	1.0001378828784828
4.1862382494418133	1.0000203194076551
4.1903694621567320	1.0000478183903341
4.1943250180857374	0.9999950033210491
4.1983313746116426	1.0000202676572945
4.2026019340230372	0.9999513088623497
4.2094952368476637	1.0001407795896844
4.2139147646679369	1.0000069492013888
4.2176435486646042	1.0000732869809110
4.2211166316679360	0.9999669702399187
4.2245028076058917	1.0000573992717769
4.2278636409924726	0.9999566754424140
4.2312224548427038	1.0000501347522801
4.2345905888134086	0.9999549313773525
4.2379724029826402	1.0000457275036432
4.2413735419128979	0.9999564603841782
4.2447967986115422	1.0000417025553103
4.2482487307750452	0.9999599724230631
4.2517342642654290	1.0000366928319087
4.2552637449350419	0.9999656743089824
4.2588481155465221	1.0000292705736364
4.2625080508789672	0.9999750236105760
4.2662732180160363	1.0000173338622060
4.2702043864002297	0.9999862622640053
4.2744483642843809	1.0000503458802790
4.2814024944709832	0.9998738947331536
4.2862745907737407	0.9999753451739343
4.2908435946693411	0.9999193346279532
4.2979736818753418	1.0001346851534787
4.3026658909605926	1.0000125364561643
4.3066656034943946	1.0000551494442698
4.3104312186085378	0.9999837441392914
4.3141613616944143	1.0000311929559640
4.3179546732048362	0.9999856433209732
4.3218954972760901	1.0000149314722300
4.3261440779037432	0.9999495854986136
4.3330272944641219	1.0001389417792717
4.3374484950776244	1.0000071616931654
4.3411937581371705	1.0000711951201180
4.3446936321910599	0.9999689840606983
4.3481153556384164	1.0000542068412863
4.3515203940841021	0.9999600775131499
4.3549327084536635	1.0000457807690277
4.3583647849300444	0.9999597982592434
4.3618228880026431	1.0000398418351812
4.3653155604579394	0.9999633078505522
4.3688501756764957	1.0000333847734122
4.3724406693305111	0.9999701231234788
4.3761042618211023	1.0000238950354161
4.3798737273287074	0.9999817369064200
4.3838060981214095	1.0000127081582195
4.3880516431781631	0.9999485013805536
4.3949391950159704	1.0001370254148512
4.3994041250724125	1.0000086173848033
4.4032014279397309	1.0000675287440453
4.4067547220611347	0.9999718609296777
4.4102316401067272	1.0000501222242186
4.4136955079165707	0.9999638827658184
4.4171725762699809	1.0000410343105839
4.4206782563220779	0.9999648902510816
4.4242228711437548	1.0000335873759862
4.4278212424551180	0.9999707540440025
4.4314910148982349	1.0000238999106275
4.4352649778846782	0.9999819194546092
4.4392000727710306	1.0000127675050214
4.4434463519008256	0.9999484354605032
4.4503959115595100	1.0001252531651121
4.4552746656865159	1.0000236702534111
4.4598436834978479	1.0000801543667046
4.4669688143611488	0.9998646158504555
4.4716835407911537	0.9999860357993041
4.4757067955087759	0.9999447464212958
4.4794895788845421	1.0000147901450009
4.4832344804319328	0.9999682544595623
4.4870369132523615	1.0000132011787799
4.4909846374118230	0.9999840288206212
4.4952338504008162	1.0000495237445037
4.5021808774142187	0.9998717397606161
4.5069920378352109	0.9999758782115591
4.5113265379177525	0.9999613980346644
4.5157069764742515	1.0000428718386831
4.5226982375006859	0.9998556742123716
4.5272471718687637	0.9999860854656121
4.5311064093091682	0.9999328927038345
4.5347106846184264	1.0000236277977017
4.5382410317280808	0.9999521590139122
4.5417637541597973	1.0000306737150293
4.5453141851720291	0.9999632628433511
4.5489116521175141	1.0000272042759351
4.5525806788976420	0.9999743142669172
4.5563519594723783	1.0000167140312017
4.5602867427240250	0.9999859747662992
4.5645316967169727	1.0000503207286706
4.5714486478251741	0.9998669869637861
4.5760751907759527	0.9999834328570584
4.5800989288472271	0.9999470958499189
4.5839305266030443	1.0000101148501173
4.5877668406622956	0.9999743155220207
4.5917243346288501	1.0000089326352490
4.5959790511131304	0.9999462549092848
4.6029065867155383	1.0001302219810755
4.6075837315408021	1.0000171905759438
4.6116793433150001	1.0000468912830716
4.6156153579162726	0.9999941628375345
4.6196116066921649	1.0000198767392521
4.6238792018947397	0.9999513808210477
4.6308087868892223	1.0001340604031781
4.6354379519955895	1.0000160225893835
4.6394556380064227	1.0000525691760733
4.6432822367369431	0.9999888658597444
4.6471127946379962	1.0000248530255389
4.6510681510309979	0.9999900795988005
4.6553210366369671	1.0000525954163146
4.6622788235378723	0.9998738953887844
4.6672768703064955	1.0000257443037610
4.6747334700211196	0.9998305929284199
4.6795953422081871	0.9999741800183480
4.6836562848204615	0.9999372602914077
4.6874376097418793	1.0000120214005552
4.6911705968535351	0.9999655760250137
4.6949605185054653	1.0000123556539138
4.6988998529240327	0.9999834176739041
4.7031468901645965	1.0000488802806631
4.7100581921983906	0.9998643644965859
4.7146133498416791	0.9999856062238011
4.7185452386536699	0.9999413919820472
4.7222711249922096	1.0000152795962847
4.7259778010572733	0.9999667290327297
4.7297544987242679	1.0000132557536079
4.7336873071226533	0.9999838648278764
4.7379323961763040	1.0000489390576326
4.7448693445798611	0.9998692277104023
4.7495824080700544	0.9999788477157884
4.7537592288520569	0.9999572483577840
4.7578393701252475	1.0000013256559590
4.7621383929936218	0.9999411357567963
4.7691296671176788	1.0001247245920593
4.7740135275545725	1.0000231424159920
4.7785849413770967	1.0000795633133419
4.7857184312769769	0.9998642738286243
4.7904204262442116	0.9999853639989866
4.7944473463550281	0.9999462185892353
4.7982616696607474	1.0000112185601435
4.8020792795755884	0.9999739466000811
4.8060240708415760	1.0000089566788755
4.8102755559756671	0.9999467715011927
4.8171933583021076	1.0001329075897878
4.8217715240653458	1.0000141754353093
4.8257422038811857	1.0000539612319055
4.8295320401893855	0.9999879550768400
4.8333363402997467	1.0000253726836741
4.8372761275987903	0.9999901740593837
4.8415247824212404	1.0000521204003847
4.8484536186093488	0.9998678079652631
4.8530808185482925	0.9999824330305740
4.8571316599117100	0.9999504486938814
4.8610326912608963	1.0000049590960642
4.8650095883890554	0.9999788839397284
4.8692706493653812	1.0000467213788717
4.8762454202351009	0.9998719572121151
4.8811100700806573	0.9999744093535937
4.8856776858567503	0.9999193825984299
4.8927852303042059	1.0001398095445513
4.8972902680735952	1.0000066848021065
4.9010741301705476	1.0000681522249029
4.9046211052661315	0.9999732588511149
4.9081219176610702	1.0000458217663928
4.9116544212482331	0.9999716555475295
4.9152617249424466	1.0000286792687645
4.9189861899626921	0.9999823084846151
4.9228906540442336	1.0000134652967325
4.9271287898542733	0.9999498943031345
4.9340741869125262	1.0001277301594302
4.9388390937004090	1.0000230508641947
4.9431383624309575	1.0000378267349246
4.9475106565111080	0.9999573449236634
4.9544818115305080	1.0001482113215321
4.9588657508562797	1.0000088821008468
4.9625693236590207	1.0000741298508991
4.9660605429401805	0.9999728943251410
4.9695203472726401	1.0000487495842096
4.9730216123011024	0.9999711357410455
4.9766054380911848	1.0000298310594098
4.9803132453812484	0.9999822181219523
4.9842078840285611	1.0000135674815347
4.9884433760110145	0.9999502841589677
4.9953248695086696	1.0001402046461068
4.9996790696414957	1.0000071113609843
5.0033983393662300	1.0000696679682395
5.0069297616274735	0.9999755488339486
5.0104496366251388	1.0000429618671904
5.0140349301168392	0.9999771165349436
5.0177386510424000	1.0000215519758671
5.0216308542726678	0.9999878784551685
5.0258648039899176	1.0000497351808841
5.0327486195236206	0.9998587732809495
5.0370829886668265	0.9999924670149771
5.0407878484123270	0.9999285796134001
5.0443072657590040	1.0000237411369433
5.0478199091812357	0.9999556083979468
5.0513986591598199	1.0000219380317192
5.0550993533601671	0.9999772710857123
5.0589884142492965	1.0000110117914498
5.0632227579807330	0.9999492030278287
5.0701160054851195	1.0001379597536253
5.0745197292957585	1.0000093076404306
5.0783049595748171	1.0000644938977259
5.0819152869365460	0.9999805415687608
5.0855330367475213	1.0000355489721728
5.0892484127338342	0.9999849642594584
5.0931436690452907	1.0000152122047612
5.0973798460749498	0.9999512688564102
5.1042646997418766	1.0001405939716541
5.1086148855539273	1.0000073105216845
5.1123330111419554	1.0000696982061279
5.1158656555911479	0.9999757870648588
5.1193879512721487	1.0000428317185239
5.1229759388329743	0.9999772548058572
5.1266819781159363	1.0000215016510199
5.1305756580818533	0.9999878763532171
5.1348099775654470	1.0000497843661162
5.1417467166953168	0.9998688000564843
5.1463963174569010	0.9999796833431045
5.1505191316836108	0.9999560557370911
5.1545667291769357	1.0000009298245256
5.1588569119370282	0.9999419885338141
5.1658544848214500	1.0001247238765971
5.1707139512534654	1.0000235442111862
5.1752790306695688	1.0000788727424690
5.1824100414039558	0.9998623783076865
5.1870265051573865	0.9999867769629022
5.1909727731185829	0.9999428143684683
5.1947253168222982	1.0000122267452767
5.1984998703942695	0.9999727944639087
5.2024195227169336	1.0000086515048552
5.2066641745006645	0.9999474549873779
5.2136297166962322	1.0001248835929750
5.2184776216960422	1.0000239675502807
5.2230388098445246	1.0000790608806494
5.2301783899053635	0.9998648266463513
5.2348744152794664	0.9999839375515660
5.2389288895621000	0.9999497302073542
5.2428177103333082	1.0000055295040631
5.2467839247013250	0.9999789137380052
5.2510425634817759	1.0000462265172851
5.2578603642900132	0.9998415830417365
5.2618071921054952	1.0000097788131215
5.2650984038199242	0.9998945832996662
5.2682046381189211	1.0000505967214737
5.2712802091551119	0.9999177292914228
5.2743679754524520	1.0000582977495001
5.2774850532417217	0.9999310632321636
5.2806335034871532	1.0000575162174956
5.2838172063337492	0.9999396160385301
5.2870354719900128	1.0000536957597508
5.2902919493727536	0.9999465035522448
5.2935874726464434	1.0000482972483045
5.2969276726932080	0.9999534222817544
5.3003164697951872	1.0000413584737513
5.3037637193018776	0.9999617105566313
5.3072799835846114	1.0000319142384002
5.3108859010851281	0.9999732655206223
5.3146115802727767	1.0000180453250858
5.3185189589193751	0.9999862919563243
5.3227565506198742	1.0000495188550733
5.3296918814475074	0.9998692032189012
5.3343743292955308	0.9999792838995959
5.3385253324711650	0.9999567289324804
5.3425899259537388	1.0000011566793814
5.3468847043320293	0.9999415532087507
5.3537986952264749	1.0001396187479876
5.3581647714445024	1.0000050945795258
5.3618630627554476	1.0000724357463644
5.3653447636756724	0.9999703442998483
5.3687830362555991	1.0000505208171040
5.3722451949581647	0.9999669403646566
5.3757646457680774	1.0000351749657994
5.3793694945539325	0.9999748851186646
5.3830934028038868	1.0000190814161511
5.3869993638399185	0.9999868207659341
5.3912366568921462	1.0000497331825184
5.3981851514358539	0.9998716752772542
5.4029503477175531	0.9999759848663271
5.4072524523177519	0.9999611955949912
5.4116241607433357	1.0000416489742254
5.4185963946581346	0.9998507058493514
5.4229736439935756	0.9999905768985282
5.4266663592125468	0.9999234948504260
5.4301360806140782	1.0000280203686560
5.4335640547211623	0.9999470001669162
5.4370155278630978	1.0000320146143720
5.4405275234162946	0.9999631337425330
5.4441249767508166	1.0000241030798833
5.4478449661988302	0.9999796622917696
5.4517471542641616	1.0000120415281957
5.4559846862544008	0.9999492194858914
5.4629167216483792	1.0001299828463388
5.4675915998969353	1.0000194974042333
5.4717330919062190	1.0000424273057251
5.4757934025703152	0.9999978518975700
5.4800857122485924	1.0000572684438980
5.4868836700585630	0.9998375767805814
5.4906863541737554	1.0000188454426624
5.4938442581768898	0.9998837934757850
5.4968344190933349	1.0000590128051241
5.4998027796062825	0.9999077442733102
5.5027861698588456	1.0000667520469941
5.5057976444150700	0.9999213011035101
5.5088361696452903	1.0000668121336240
5.5119028926868685	0.9999291340414302
5.5149942331946278	1.0000645388304417
5.5181106989200703	0.9999343139348810
5.5212492655832506	1.0000615884704149
5.5244108835846735	0.9999383019489358
5.5275932090052846	1.0000584775120651
5.5307977184497750	0.9999417896096496
5.5340227061577298	1.0000552973016974
5.5372702266604596	0.9999451565931294
5.5405392769358883	1.0000519601342559
5.5438326483839360	0.9999486861803993
5.5471502777731514	1.0000482683601029
5.5504960649525952	0.9999526865252510
5.5538714429431177	1.0000438912938927
5.5572822623625626	0.9999576112699020
5.5607327652581855	1.0000382427026988
5.5642328663018628	0.9999642861081025
5.5677931687127096	1.0000301418066058
5.5714341594132675	0.9999744091663371
5.5751855319144452	1.0000175598435317
5.5791083914197390	0.9999862610172052
5.5833501250167288	1.0000500472304934
5.5902225649933408	0.9998581446079416
5.5945615693213826	0.9999948533131108
5.5982217432280308	0.9999219969682434
5.6016376235607792	1.0000346588381832
5.6049767844406340	0.9999383340341088
5.6082934733240188	1.0000449000232281
5.6116107969716822	0.9999456366559144
5.6149338295362385	1.0000472136681964
5.6182671193307803	0.9999492605743237
5.6216097211175864	1.0000470479990307
5.6249637353555926	0.9999514907424457
5.6283276929781545	1.0000460250751511
5.6317035210620272	0.9999532620886035
5.6350899838821658	1.0000446311728430
5.6384892800675619	0.9999549842763399
5.6419006357970574	1.0000429485964095
5.6453267911385563	0.9999569099472402
5.6487677318412031	1.0000408677087080
5.6522271683241456	0.9999593071833248
5.6557064221313444	1.0000381094530295
5.6592110677167193	0.9999625952244512
5.6627450602544345	1.0000341207931176
5.6663179535902612	0.9999675760605110
5.6699398379001344	1.0000277413626091
5.6736305777934115	0.9999759489911683
5.6774188510733881	1.0000168914039227
5.6813641669914672	0.9999862190029656
5.6856119495472628	1.0000508224682085
5.6925147147962836	0.9998649149544014
5.6970771971030985	0.9999870540646416
5.7009897570736436	0.9999383932406586
5.7046559645718729	1.0000215756434503
5.7082470308667892	0.9999561751040604
5.7118262084567792	1.0000284296564479
5.7154273887075560	0.9999658496687711
5.7190688846336917	1.0000256719779335
5.7227741786263984	0.9999755274112739
5.7265727633296288	1.0000162716806626
5.7305243013652598	0.9999859617870155
5.7347737711144307	1.0000509029409983
5.7417153971976456	0.9998724409883746
5.7465463685820870	0.9999761151645208
5.7508957914627610	0.9999616234521697
5.7552802338778957	1.0000435163140837
5.7623246813324744	0.9998661511944422
5.7672591063835315	0.9999732987494412
5.7718473495798976	0.9999172125780621
5.7790163827593171	1.0001284606534406
5.7839642046717241	1.0000209725880189
5.7883556139067007	1.0000368210370165
5.7927555510137356	0.9999546565495425
5.7997659400806105	1.0001406926788317
5.8044301354618550	1.0000159218517479
5.8084141883240905	1.0000589597217004
5.8121406258313062	0.9999804801930122
5.8157866291294109	1.0000398677368867
5.8194245673735470	0.9999739501807314
5.8230902476465225	1.0000290530822233
5.8268121752059594	0.9999781978185335
5.8306224758518912	1.0000173339332736
5.8345808767751892	0.9999866185254332
5.8388322864105602	1.0000514823830209
5.8457448092077717	0.9998674033645044
5.8503965777914333	0.9999842201610158
5.8544210571587110	0.9999451515587077
5.8582114426000729	1.0000152627528511
5.8619444030304741	0.9999656265724702
5.8656957481111869	1.0000178381863378
5.8695219470913225	0.9999802491386562
5.8734864792939305	1.0000115796011961
5.8777411611676706	0.9999468939912319
5.8846437844842683	1.0001329227066891
5.8892536660461259	1.0000124815059315
5.8932057401282174	1.0000590091026218
5.8968972110804456	0.9999770169416967
5.9004913648301152	1.0000439096647045
5.9040499097619552	0.9999671526320325
5.9075959141222869	1.0000386860536346
5.9111395346443585	0.9999643301593987
5.9146828982680386	1.0000367383690074
5.9182286839878246	0.9999636079175225
5.9217757647324119	1.0000359299121913
5.9253257719871550	0.9999635280799181
5.9288770623941680	1.0000355213914336
5.9324311501112401	0.9999636374475396
5.9359863190710884	1.0000352600745184
5.9395440963363129	0.9999637949917659
5.9431027737965856	1.0000350574418619
5.9466639125876499	0.9999639606258025
5.9502258360591043	1.0000348779408439
5.9537901522796268	0.9999641291567627
5.9573552358587838	1.0000347003721655
5.9609227639153604	0.9999643109157526
5.9644911936329601	1.0000345025440045
5.9680623125616297	0.9999645290059305
5.9716347168614430	1.0000342514642775
5.9752103815939490	0.9999648249164370
5.9787881464526951	1.0000338912494169
5.9823703190334516	0.9999652725968312
5.9859561812428277	1.0000333221653566
5.9895486539736780	0.9999660070079472
5.9931478550722019	1.0000323595109131
5.9967578928201206	0.9999672835458338
6.0003805608353131	1.0000306450943299
6.0040224462327076	0.9999696136707396
6.0076890481037006	1.0000274328376779
6.0113928452768555	0.9999741108090039
6.0151490990050860	1.0000210639366847
6.0189881845062372	0.9999828823960233
6.0229633214463334	1.0000127769465008
6.0272204939777376	0.9999470401346745
6.0341608734383749	1.0001251526642692
6.0390716137064482	1.0000230514047184
6.0436490201578454	1.0000810327430527
6.0507808072497866	0.9998677459021245
6.0556403950267992	0.9999830360731568
6.0598313033034081	0.9999526881113155
6.0637811632755279	1.0000089673508257
6.0676986236772370	0.9999763279915719
6.0717037412617545	1.0000095823867718
6.0759717098652999	0.9999450626876341
6.0829142632131381	1.0001258820457981
6.0877843499938358	1.0000224399981670
6.0921588621992493	1.0000370234479314
6.0965515760407785	0.9999543922938424
6.1035880648278820	1.0001329044798983
6.1085445544511678	1.0000253421524516
6.1131368731832589	1.0000826089482926
6.1202942543112737	0.9998705134995058
6.1253762138346390	1.0000296597724343
6.1328732899931246	0.9998306648789210
6.1379135759643395	0.9999729099455240
6.1421319772120366	0.9999429209706177
6.1460265304856110	1.0000112223514150
6.1498233482376188	0.9999660000918543
6.1536172883747104	1.0000164062201344
6.1574723360715824	0.9999804251380097
6.1614537628303969	1.0000115508396692
6.1657132035165096	0.9999463689594160
6.1726423964511872	1.0001274046100153
6.1774597907645328	1.0000204703992233
6.1817288200949312	1.0000394036709139
6.1858684875512848	0.9999967707512550
6.1901823889443452	1.0000593755848206
6.1971624148614426	0.9998743154808790
6.2020899058699062	0.9999766756518533
6.2066745102503402	0.9999183133238595
6.2138143947113473	1.0001314403977084
6.2186766409147056	1.0000160911625169
6.2228676276234101	1.0000462968449910
6.2268197432383019	0.9999900980375068
6.2307374145004761	1.0000226696055128
6.2347442353063824	0.9999894425628534
6.2390113637918843	1.0000540109023828
6.2459230033716624	0.9998672250329277
6.2505764436223812	0.9999858147246899
6.2545728098756568	0.9999419261681175
6.2582978127681974	1.0000211268599895
6.2619178065291710	0.9999560437008401
6.2654915097616515	1.0000316434113063
6.2690454906368078	0.9999601638248010
6.2725867232113508	1.0000353376191526
6.2761205715184438	0.9999610622751146
6.2796465168825479	1.0000370012770239
6.2831667952028951	0.9999608864293698
6.2866800795012336	1.0000379882818924
6.2901884058535167	0.9999604282137547
6.2936907165755196	1.0000386420784062
6.2971894174453249	0.9999600389885095
6.3006839696189125	1.0000389731610921
6.3041773519230695	0.9999599448411711
6.3076697001048121	1.0000388602930752
6.3111647587314739	0.9999603614600816
6.3146635703490421	1.0000380985450772
6.3181709864709426	0.9999615582850928
6.3216894464587412	1.0000363719615806
6.3252256774528552	0.9999639484085452
6.3287847109744906	1.0000331334568107
6.3323771339775385	0.9999682997098922
6.3360139341336712	1.0000272688185172
6.3397157347144661	0.9999762436243490
6.3435117299738799	1.0000167759127565
6.3474616209299120	0.9999862152099676
6.3517106742267355	1.0000509834408042
6.3586145130677636	0.9998653174275913
6.3631936054629730	0.9999864237843089
6.3671286336688402	0.9999400586838886
6.3708247343967592	1.0000194640612659
6.3744582835743024	0.9999597778575398
6.3781001216555087	1.0000234901451970
6.3817958600902891	0.9999733076533782
6.3855836348766148	1.0000156306248145
6.3895276997332244	0.9999854851309579
6.3937752533417758	1.0000503619965606
6.4007086155845831	0.9998702694535908
6.4054580790798230	0.9999787447420805
6.4096677331999512	0.9999581437421127
6.4137682550534185	1.0000016703006667
6.4180728107844232	0.9999406453530603
6.4249843419180834	1.0001387582142423
6.4293973841827805	1.0000048579893717
6.4331099170528239	1.0000738177202748
6.4365645532811984	0.9999654340606092
6.4399324836116891	1.0000583884504981
6.4432764883751963	0.9999555913752047
6.4466207291049997	1.0000508652367497
6.4499774538486827	0.9999544205622590
6.4533519796536432	1.0000458359814113
6.4567511014946248	0.9999567650528031
6.4601790121005394	1.0000408405250878
6.4636441381231835	0.9999614828648584
6.4671540461029267	1.0000343281750979
6.4707231567861916	0.9999691212792606
6.4743691838941801	1.0000243809376517
6.4781254857681416	0.9999814451849115
6.4820498209927884	1.0000126641576039
6.4862932139399785	0.9999487571118859
6.4931693174180047	1.0001395364080758
6.4975526694432677	1.0000059009735280
6.5012630243248415	1.0000729491033966
6.5047369418045173	0.9999682281887281
6.5081426113719854	1.0000546620731996
6.5115424465301253	0.9999606857472740
6.5149621589412314	1.0000443339998084
6.5184169930024272	0.9999624892948867
6.5219173920043314	1.0000357019726942
6.5254783941054724	0.9999693273948744
6.5291180515836453	1.0000248718265750
6.5328697070420088	0.9999815230732191
6.5367912654164240	1.0000127452338419
6.5410339003603744	0.9999488953702407
6.5479179579930671	1.0001381876350157
6.5523412580447786	1.0000077127031930
6.5561023178490929	1.0000691655196499
6.5596329082370382	0.9999718303417701
6.5631025800066087	1.0000495978021116
6.5665767436982794	0.9999660012199182
6.5700853873631573	1.0000374951362714
6.5736501276188104	0.9999704720450926
6.5772918329071315	1.0000254438902336
6.5810446305095489	0.9999818740014538
6.5849668246250825	1.0000129279139396
6.5892096282944710	0.9999489699034216
6.5960792559483519	1.0001409078352659
6.6004216476445032	1.0000042201984218
6.6040843284162341	1.0000765240664813
6.6075074278010826	0.9999649544124406
6.6108566629052214	1.0000593870353542
6.6141910102962358	0.9999556874403795
6.6175321968116432	1.0000508496880987
6.6208907075731114	0.9999548955281743
6.6242705065298724	1.0000453547698009
6.6276772551680985	0.9999573917761202
6.6311141982301809	1.0000402426792907
6.6345889374303040	0.9999620623919735
6.6381083374997276	1.0000338361057592
6.6416862133776622	0.9999695056586199
6.6453397454760719	1.0000241273541339
6.6491018168111014	0.9999815573050120
6.6530297098698643	1.0000126711207522
6.6572740468757159	0.9999486357608137
6.6641879110284474	1.0001322811958229
6.6688044440295524	1.0000152768829513
6.6728159463140653	1.0000522798005242
6.6766397374771840	0.9999886718241218
6.6804690371907354	1.0000247607164663
6.6844238594806678	0.9999900312492814
6.6886765609154004	1.0000525581204243
6.6956163334567629	0.9998705115526981
6.7003472952890784	0.9999792046662088
6.7045394059221106	0.9999578679111875
6.7086289119938920	1.0000015966209304
6.7129304709772155	0.9999409778905113
6.7199110881035704	1.0001264223270472
6.7247334631942710	1.0000222001918941
6.7290673841491673	1.0000372348286297
6.7334494639930824	0.9999560238583239
6.7404367913802341	1.0001442524034561
6.7449568655605177	1.0000119154556686
6.7487809279334696	1.0000681893978596
6.7523524036126199	0.9999736314213132
6.7558475389788608	1.0000492200001800
6.7593333917704239	0.9999658352474274
6.7628388232546843	1.0000389225278541
6.7663819232266578	0.9999678487124660
6.7699769021110319	1.0000298148938342
6.7736451010440675	0.9999758015188022
6.7774164098219982	1.0000175106143623
6.7813512891933252	0.9999864093537711
6.7855962740253881	1.0000505516067171
6.7924933113113228	0.9998633657032789
6.7969981878674917	0.9999886870304960
6.8008482754510515	0.9999349362143062
6.8044571643392766	1.0000238365601195
6.8079970415463569	0.9999533539902440
6.8115308936395138	1.0000303183630253
6.8150924504239523	0.9999639875150121
6.8187001865912054	1.0000268638608572
6.8223779829774758	0.9999746487451439
6.8261560041541083	1.0000166093574305
6.8300949532986115	0.9999859747418099
6.8343410192377023	1.0000504651671265
6.8412335027581443	0.9998626024051628
6.8457188809755030	0.9999897511768118
6.8495378233989967	0.9999323806269765
6.8531047082078578	1.0000268603528548
6.8565892504164800	0.9999487388767028
6.8600503327724924	1.0000359195174600
6.8635155503200895	0.9999562849277348
6.8669944141101853	1.0000366772195359
6.8704963328822730	0.9999614007031034
6.8740265490715036	1.0000338080299078
6.8775954566013562	0.9999670580743557
6.8812135032021393	1.0000277280200371
6.8849008977422130	0.9999757402190959
6.8886865527529517	1.0000168857234029
6.8926302393191694	0.9999861924202995
6.8968775857587996	1.0000507501397460
6.9038107214022757	0.9998705307385212
6.9085650319492915	0.9999787511997624
6.9127795483729608	0.9999582976242958
6.9168832409498338	1.0000017292626662
6.9211886367547235	0.9999405707498242
6.9281336116071666	1.0001324460948005
6.9327527020781172	1.0000128950229883
6.9367250512790770	1.0000562356133136
6.9404663659742214	0.9999818910456251
6.9441545826575606	1.0000350741020900
6.9478706932969789	0.9999801707962547
6.9516688633740316	1.0000192320017778
6.9556176472352060	0.9999874371932853
6.9598667906012404	1.0000514850747626
6.9668005733235132	0.9998707446313873
6.9715572803082742	0.9999788400490763
6.9757736647199389	0.9999583875578366
6.9798784648502963	1.0000017730747270
6.9841841690387669	0.9999405597715305
6.9911627293359446	1.0001261943269864
6.9960056317597150	1.0000221426270526
7.0003543816286982	1.0000371080116459
7.0047404779849023	0.9999554528901416
7.0117542815758709	1.0001387607833094
7.0164691135262043	1.0000187348912699
7.0205470467476481	1.0000517308072299
7.0244156505604698	0.9999900121832507
7.0282747994415855	1.0000245011805282
7.0322467949275005	0.9999900699944506
7.0365042868490448	1.0000531458344697
7.0433981531999148	0.9998625707620002
7.0478735484192923	0.9999909343023189
7.0516705043547336	0.9999306347169081
7.0552067297423475	1.0000291830671024
7.0586526919562766	0.9999456893918569
7.0620671095334870	1.0000393777080425
7.0654768145644802	0.9999520707674479
7.0688901959703783	1.0000414450110455
7.0723148629850678	0.9999557368260307
7.0757533345565413	1.0000403989651296
7.0792116071591442	0.9999591145196518
7.0826931158303372	1.0000374228946267
7.0862060060182914	0.9999635325487303
7.0897574594030424	1.0000322642152280
7.0933616638844246	0.9999703947272822
7.0970359379977221	1.0000234510218853
7.1008131539748574	0.9999817999506405
7.1047501812296847	1.0000126788595058
7.1089969974049136	0.9999483233510092
7.1158958234146397	1.0001346971387888
7.1204380612071700	1.0000116147969444
7.1243329707555390	1.0000608264852064
7.1279967150497665	0.9999784291710728
7.1316022918103510	1.0000404217014103
7.1352232141045624	0.9999747944907442
7.1389012153113729	1.0000261795136947
7.1426776365113138	0.9999831243200910
7.1466134278113742	1.0000134384136536
7.1508599793666159	0.9999487862274155
7.1577818581362944	1.0001307121967438
7.1624615622702601	1.0000175971523211
7.1665612300105570	1.0000468933435640
7.1705006852491708	0.9999942813334125
7.1744991009480845	1.0000199102654617
7.1787672741462671	0.9999513225663066
7.1856856857973526	1.0001360587561337
7.1902493714297497	1.0000131437413733
7.1941699419430636	1.0000593800310833
7.1978674213380875	0.9999809839745754
7.2015196216116601	1.0000368520991338
7.2052070658234841	0.9999796153663646
7.2089841387749072	1.0000197699935076
7.2129201073351172	0.9999875551393728
7.2171657911320457	1.0000510948926387
7.2240710690869099	0.9998648021798456
7.2286161628179944	0.9999868020791354
7.2325262673859312	0.9999395818576382
7.2362149503413091	1.0000183654191812
7.2398621707468145	0.9999619623140628
7.2435444449057993	1.0000194644444247
7.2473193274175172	0.9999791148592770
7.2512525559383310	1.0000113628212763
7.2554987529360897	0.9999478613286157
7.2623959989816136	1.0001352957605201
7.2669079722383296	1.0000107418581214
7.2707718230379665	1.0000623858155668
7.2744088708153249	0.9999775063197720
7.2779923300905489	1.0000414831155455
7.2815952738192911	0.9999742246390226
7.2852591684451440	1.0000266574465444
7.2890253033305550	0.9999829726537605
7.2929548976393237	1.0000134404640595
7.2971997680529155	0.9999490007478915
7.3040698841862737	1.0001406961762518
7.3084247389436827	1.0000043851080829
7.3120944408314781	1.0000764592505549
7.3155173537608560	0.9999643685898821
7.3188592109151989	1.0000603973377451
7.3221787931356648	0.9999540839071138
7.3254972046015832	1.0000530605088793
7.3288239602221932	0.9999520204746339
7.3321615941952967	1.0000490411754306
7.3355138185334967	0.9999527994312735
7.3388810998670682	1.0000459859696311
7.3422671288478085	0.9999549222914016
7.3456729686718338	1.0000428049436156
7.3491035583480357	0.9999581283156866
7.3525617638983602	1.0000387789792635
7.3560551765025579	0.9999627797131345
7.3595906068156633	1.0000330038620844
7.3631818893769241	0.9999699611447979
7.3668461299311225	1.0000237617619430
7.3706160920813577	0.9999816810093994
7.3745487624077413	1.0000126709055859
7.3787943901550932	0.9999484689278607
7.3856717397446214	1.0001389107074241
7.3900780074818053	1.0000061450239024
7.3938024730149072	1.0000727773465075
7.3972760975995646	0.9999669524837872
7.4006650445133584	1.0000569953644149
7.4040293685844638	0.9999568070149205
7.4073912863229117	1.0000499464475441
7.4107612074807090	0.9999548670897974
7.4141425849084639	1.0000459402438928
7.4175401098457439	0.9999559265252277
7.4209554843457024	1.0000425563269217
7.4243939227727589	0.9999586528987764
7.4278585655239961	1.0000385592691585
7.4313571862089471	0.9999630561216175
7.4348967763009632	1.0000328647666750
7.4384913135021256	0.9999700929106944
7.4421580199234354	1.0000237025097858
7.4459297307068431	0.9999817173817421
7.4498634421649337	1.0000126774773623
7.4541093553274154	0.9999484367457923
7.4609812862547855	1.0001398816891152
7.4653587207546073	1.0000048897125318
7.4690479626635238	1.0000753972074155
7.4724838364705892	0.9999645693495639
7.4758320906125331	1.0000602828371548
7.4791516779456346	0.9999535363772061
7.4824635634199348	1.0000539729075653
7.4857768726073202	0.9999505255074477
7.4890934997691749	1.0000510827218210
7.4924162893398050	0.9999501081268681
7.4957445236565832	1.0000494116597323
7.4990803582720584	0.9999506518153850
7.5024227834642749	1.0000480870486008
7.5057740174348764	0.9999516411061133
7.5091331744145160	1.0000467532976296
7.5125027087689480	0.9999529458405134
7.5158820458774702	1.0000452229279309
7.5192740468926971	0.9999545992205413
7.5226786855356780	1.0000433286638526
7.5260995284740444	0.9999567452374553
7.5295375206340571	1.0000408374882268
7.5329975283458319	0.9999596679704200
7.5364823288824425	1.0000373472180468
7.5399994336445344	0.9999639143297669
7.5435555243151651	1.0000320703082930
7.5471643090429579	0.9999706331915077
7.5508426916734477	1.0000233273391201
7.5546231599399212	0.9999818717979464
7.5585622253262246	1.0000126868888830
7.5628095804558120	0.9999482549904581
7.5696979061252501	1.0001365644838183
7.5741807303500348	1.0000088227875246
7.5779905941983019	1.0000672675849402
7.5815462058965384	0.9999710681233556
7.5850129065403289	1.0000517015220733
7.5884513024994629	0.9999610274265767
7.5918837457679027	1.0000453820054951
7.5953202040075656	0.9999586774962212
7.5987633079492340	1.0000422981694654
7.6022165279546901	0.9999588704887955
7.6056800426462967	1.0000401592848125
7.6091571164006382	0.9999601948422251
7.6126483828024618	1.0000379550939780
7.6161583013486993	0.9999624290324169
7.6196892121063140	1.0000350125620716
7.6232481950078945	0.9999659523401127
7.6268414442498953	1.0000304500452579
7.6304821781550984	0.9999718611345426
7.6341867041020999	1.0000225442878758
7.6379867877700205	0.9999822259944338
7.6419378733608507	1.0000127185090393
7.6461884810769858	0.9999478519635331
7.6530869836066211	1.0001341075195302
7.6576566898374097	1.0000115772260092
7.6615657526129377	1.0000612724440900
7.6652189211857662	0.9999757148059208
7.6687810003572343	1.0000454951169162
7.6723144112947308	0.9999664111086158
7.6758434010070724	1.0000391088916971
7.6793799351144578	0.9999647885785892
7.6829288176674444	1.0000354328412993
7.6864964743743496	0.9999661771588602
7.6900870656644971	1.0000317767455678
7.6937098578227765	0.9999698505566752
7.6973744889994009	1.0000262400681204
7.7011001802318848	0.9999770214413627
7.7049146843666136	1.0000164571096279
7.7088761163730259	0.9999861929732604
7.7131282721075358	1.0000513782607177
7.7200388886227591	0.9998671601825345
7.7246873753808831	0.9999845683206287
7.7287016830978592	0.9999441548993272
7.7324728551351418	1.0000167896760903
7.7361739894630253	0.9999629983021091
7.7398745937388336	1.0000215685933391
7.7436190138458478	0.9999749154049753
7.7474436786016501	1.0000150760537923
7.7514105013395840	0.9999854835270185
7.7556642119592274	1.0000511641049421
7.7625712622557383	0.9998664336932782
7.7672023136780064	0.9999855277085232
7.7711846166455443	0.9999416150991162
7.7749076577839755	1.0000201626352865
7.7785390782963475	0.9999574667844284
7.7821392157730065	1.0000290208682074
7.7857372660348316	0.9999638673884830
7.7893438565136668	1.0000301151920747
7.7929695845263023	0.9999680912270413
7.7966212547619955	1.0000275906629816
7.8003120869651283	0.9999734118160231
7.8040576463139528	1.0000212209414447
7.8078886638652554	0.9999826739664567
7.8118588056710179	1.0000127226553452
7.8161146103006889	0.9999471867858244
7.8230224755897249	1.0001314782547754
7.8276935911549970	1.0000145461263994
7.8317247447159337	1.0000542716567951
7.8355061237902124	0.9999817641209032
7.8392045026998947	1.0000367957580820
7.8428893304021976	0.9999753373524436
7.8465952213487684	1.0000273366516346
7.8503500611296539	0.9999789413485559
7.8541850878542405	1.0000168092274535
7.8581587387299212	0.9999865140490610
7.8624143088774998	1.0000519606012943
7.8693522950878156	0.9998728830896306
7.8742126468522544	0.9999762906833854
7.8785836657395940	0.9999618426584771
7.8829739875403870	1.0000443865806454
7.8899816420313709	0.9998604762402863
7.8947162104583111	0.9999813229675724
7.8987874283284949	0.9999445547959411
7.9025984031793532	1.0000151737869607
7.9063295729942471	0.9999637903902203
7.9100535930844620	1.0000207498513116
7.9138162142333446	0.9999753537328935
7.9176541865848327	1.0000148513333202
7.9216291208464193	0.9999854602982687
7.9258850658950610	1.0000514390809450
7.9328159620939518	0.9998712783955020
7.9376239804327513	0.9999784007531809
7.9418872609038518	0.9999593909024888
7.9460215980057054	1.0000021526524809
7.9503353961556877	0.9999397818397654
7.9572770826837207	1.0001319148264223
7.9619363875414253	1.0000126104902012
7.9659270411717209	1.0000571507943985
7.9696491262969547	0.9999778905695457
7.9732698438216687	1.0000422908963620
7.9768543501071800	0.9999685468804924
7.9804289688891012	1.0000366366979527
7.9840075749076025	0.9999668414850549
7.9875968575228704	1.0000331699279326
7.9912055666227557	0.9999684913451367
7.9948408524120964	1.0000290308775344
7.9985163550290990	0.9999732063708178
8.0022485590907682	1.0000218488302350
8.0060690559406229	0.9999826093968983
8.0100325872862452	1.0000127727966626
8.0142866053275963	0.9999474461786142
8.0211984666805165	1.0001310578178406
8.0258806738563049	1.0000156325897720
8.0299418105439475	1.0000515019708660
8.0337796205801428	0.9999862756708883
8.0375735590391475	1.0000290266343421
8.0414156750010619	0.9999863275704789
8.0453865312198651	1.0000148921865259
8.0496432480744264	0.9999485098140191
8.0565674565758414	1.0001298659980673
8.0613075180069291	1.0000184575593409
8.0654651174860632	1.0000450562509791
8.0694482692753375	0.9999945484216086
8.0734730162025539	1.0000197543443605
8.0777484522664977	0.9999503564296254
8.0846938720653316	1.0001299243886355
8.0894862357118811	1.0000209736781798
8.0937274291509969	1.0000404576086872
8.0978484003116993	0.9999971809235318
8.1021573037113725	1.0000589043748340
8.1091423076968372	0.9998743236340525
8.1140541835019295	0.9999763849603848
8.1186346766727713	0.9999187671739826
8.1257803446433936	1.0001314294125438
8.1306263851046445	1.0000168319963540
8.1348218690321854	1.0000444459966431
8.1388171020974127	0.9999940094590721
8.1428451255184253	1.0000195634940867
8.1471219734544214	0.9999502850022548
8.1540774494287636	1.0001284425942345
8.1589256403614510	1.0000234082533825
8.1632815700405477	1.0000376571091110
8.1676693707773094	0.9999553982717514
8.1746566773139371	1.0001431079102543
8.1792307683810481	1.0000125423948489
8.1830955254735951	1.0000669228017740
8.1866835136544953	0.9999725089541546
8.1901692118420613	1.0000514571142902
8.1936177466840352	0.9999613504426761
8.1970540438047923	1.0000455791752996
8.2004897330170792	0.9999584435755108
8.2039288014685923	1.0000427501003617
8.2073759661459977	0.9999584575542205
8.2108326830582623	1.0000405747403094
8.2143035785361640	0.9999599676463309
8.2177908266624158	1.0000379656333358
8.2213006997264912	0.9999628257021204
8.2248378078368134	1.0000341085832631
8.2284122751491378	0.9999676196652423
8.2320347050419578	1.0000277804640827
8.2357253978572249	0.9999759459177834
8.2395133930593687	1.0000169160059518
8.2434584697625404	0.9999862304581444
8.2477062019499918	1.0000508227559648
8.2546087446829723	0.9998648587000513
8.2591692239695682	0.9999870198589612
8.2630816228191790	0.9999385928375166
8.2667516599189881	1.0000210106847816
8.2703527157604917	0.9999572792291623
8.2739509061634298	1.0000266482804512
8.2775844393567652	0.9999686801580809
8.2812785664100197	1.0000215382139448
8.2850694857547307	0.9999812438111831
8.2890145102272061	1.0000122831259413
8.2932635600669364	0.9999478537276323
8.3001857334221896	1.0001299239990369
8.3048918071744939	1.0000178664162798
8.3090175215315991	1.0000459493895080
8.3129768926943193	0.9999943745659619
8.3169873609400309	1.0000198168268821
8.3212588356771846	0.9999508682990046
8.3281726579042488	1.0001363987600640
8.3327314527808181	1.0000120528146019
8.3366277699754967	1.0000620630226287
8.3402762231404477	0.9999766092618781
8.3438470211512854	1.0000440291922192
8.3474078639359028	0.9999696441449536
8.3509901356301235	1.0000339917486289
8.3546161455229626	0.9999726418331396
8.3583067408544824	1.0000238520842073
8.3620955651449442	0.9999824658420002
8.3660395874853180	1.0000129450327895
8.3702882951091642	0.9999482182399676
8.3772100284747548	1.0001301413067476
8.3819121790819295	1.0000178460730540
8.3860336469859060	1.0000461292714715
8.3899895631151100	0.9999943590536221
8.3939978794475270	1.0000198342339193
8.3982687743586464	0.9999509492489459
8.4052248309027746	1.0001285969108387
8.4100551576998210	1.0000234753688531
8.4143984516963819	1.0000377554962008
8.4187827885804705	0.9999558703456566
8.4257687276403885	1.0001438671461531
8.4303109264373166	1.0000122786403005
8.4341535984056897	1.0000672579399887
8.4377393390763977	0.9999741689316528
8.4412477082330213	1.0000481622258444
8.4447496937021835	0.9999671266423088
8.4482785570861143	1.0000367615171812
8.4518579383226538	0.9999709566683590
8.4555100466570945	1.0000251708856054
8.4592698813459766	0.9999819917843195
8.4631961586856388	1.0000129398906739
8.4674400967251700	0.9999488363669758
8.4743516103595677	1.0001328939475205
8.4789488360662002	1.0000148317001047
8.4829391959966660	1.0000532496345502
8.4867446969850260	0.9999882916343416
8.4905601483987514	1.0000251172779209
8.4945065257571510	0.9999901137551014
8.4987569738529061	1.0000523096564946
8.5056860117688231	0.9998681094843859
8.5103281358970246	0.9999822160654172
8.5143928010804135	0.9999509273043233
8.5183039168386010	1.0000048997281958
8.5222867609347137	0.9999789282892859
8.5265494504439925	1.0000469447920433
8.5334801605602575	0.9998639512400984
8.5380634122650800	0.9999836763766626
8.5420391297441007	0.9999445551744618
8.5458306785927967	1.0000106313108774
8.5496376335498390	0.9999734348867397
8.5535775031374310	1.0000086737199920
8.5578274584517349	0.9999467180362535
8.5646754304256500	1.0001458000363947
8.5688622760885220	0.9999976142535235
8.5723626286418941	1.0000881586683719
8.5756354301160389	0.9999562759632739
8.5788427528564348	1.0000705481402274
8.5820388607984661	0.9999463587269000
8.5852416856941876	1.0000616027674021
8.5884588687758612	0.9999447754863661
8.5916915579876338	1.0000565122322189
8.5949424501515246	0.9999459873776332
8.5982109703458285	1.0000528156369406
8.6014998207716271	0.9999483803174426
8.6048088123740758	1.0000493777607757
8.6081414521346105	0.9999515493248413
8.6114985974545011	1.0000455768452485
8.6148851651750462	0.9999555985375087
8.6183039565929143	1.0000408547707880
8.6217626028423204	0.9999610222808510
8.6252679626219706	1.0000343581683606
8.6288339662279014	0.9999689544565799
8.6324779170270105	1.0000243849500583
8.6362328937808854	0.9999813981213860
8.6401564817971916	1.0000126451974944
8.6443996626948945	0.9999487707590111
8.6513210728235901	1.0001310541028667
8.6559763544867767	1.0000172143728814
8.6600531470695508	1.0000476352193897
8.6639757162324926	0.9999941737210283
8.6679640965930744	1.0000199743126461
8.6722295077129807	0.9999516917971299
8.6791976190857696	1.0001271559634275
8.6840751876051474	1.0000244978214345
8.6886444296898997	1.0000803161007534
8.6957398806553012	0.9998586826749486
8.7002424156563869	0.9999937269934353
8.7039975158204559	0.9999268632379014
8.7074793820342862	1.0000322354759521
8.7108740200889656	0.9999425198797314
8.7142432911066567	1.0000417632587766
8.7176134739899087	0.9999496687099143
8.7209911931571735	1.0000435350258163
8.7243817996594277	0.9999534682944743
8.7277850370724384	1.0000428544571769
8.7312036249537552	0.9999561101880852
8.7346369274233080	1.0000412026942069
8.7380878734522849	0.9999585693729679
8.7415566695267390	1.0000388887467826
8.7450474564879865	0.9999614310373293
8.7485622357497661	1.0000356906371484
8.7521077839620478	0.9999653569749796
8.7556900134766806	1.0000308701529996
8.7593218987273236	0.9999715541356362
8.7630195670478450	1.0000227347593844
8.7668146938515932	0.9999821473737209
8.7707627917500819	1.0000127162650805
8.7750125780581936	0.9999479578289823
8.7819132109741780	1.0001338425397641
8.7864898473083919	1.0000119980724309
8.7904109620837190	1.0000603590024075
8.7940803626017789	0.9999767802582632
8.7976628590661523	1.0000439813575475
8.8012213949809386	0.9999681338586265
8.8047811510370444	1.0000368990502162
8.8083555520246311	0.9999674193761183
8.8119516151820285	1.0000320925506416
8.8155792953771730	0.9999703865211347
8.8192484155072606	1.0000262411744301
8.8229780033252307	0.9999772430466448
8.8267955796922024	1.0000164572370158
8.8307589407542810	0.9999862191377044
8.8350116155058434	1.0000514612626958
8.8419228832542558	0.9998673877565867
8.8465801957401311	0.9999843633603672
8.8506044711443046	0.9999446418446717
8.8543849525469547	1.0000164894161720
8.8580943457922441	0.9999633715663598
8.8618020410629210	1.0000213548867434
8.8655522840175056	0.9999751007165286
8.8693813448578531	1.0000150155373784
8.8733508831399490	0.9999854847308277
8.8776053346406023	1.0000512611822783
8.8845085151041978	0.9998658392220958
8.8891212713019758	0.9999864106253994
8.8930747464610249	0.9999395876060747
8.8967604621262577	1.0000224501382582
8.9003456160612409	0.9999541424827747
8.9038892242772238	1.0000327766816968
8.9074184541345662	0.9999590336289899
8.9109412855440180	1.0000357922180696
8.9144644459022970	0.9999609944791483
8.9179891160717055	1.0000362851234681
8.9215195972193619	0.9999623378436857
8.9250570561079119	1.0000354788908679
8.9286066380587616	0.9999641009599620
8.9321712093375574	1.0000334312247587
8.9357584424087992	0.9999670789395038
8.9393750164632220	1.0000295174455645
8.9430346081239023	0.9999724832624268
8.9467538310904846	1.0000221306375154
8.9505645904072395	0.9999823937994710
8.9545221298388054	1.0000127286521965
8.9587745141599076	0.9999476308940589
8.9656689063399586	1.0001345957324639
8.9702267092550745	1.0000107881888194
8.9741138638507838	1.0000630055606767
8.9777368219831235	0.9999736600379271
8.9812606071321071	1.0000484145127679
8.9847470751858047	0.9999631195546482
8.9882194090131282	1.0000432647957993
8.9916879972509633	0.9999600001836095
8.9951554519649584	1.0000412787639921
8.9986249746428726	0.9999592323688964
9.0020961444084726	1.0000403089568970
9.0055713113844043	0.9999593373252854
9.0090497489276160	1.0000395517036311
9.0125339595528811	0.9999598981281698
9.0160234940268946	1.0000386583018372
9.0195213489848154	0.9999608734352869
9.0230277252950923	1.0000373845151831
9.0265465475793167	0.9999624189622154
9.0300792684798292	1.0000354192711967
9.0336316090134634	0.9999649028301181
9.0372075766292532	1.0000322131174681
9.0408167670876285	0.9999690933357531
9.0444691918604736	1.0000266242020026
9.0481845495191902	0.9999766635007722
9.0519911050412425	1.0000165739000666
9.0559475939950573	0.9999861926610453
9.0601984146879477	1.0000512034913251
9.0671463688070943	0.9998739371399774
9.0720390075092769	0.9999757089949218
9.0766133801196247	0.9999187289716757
9.0840963648801765	1.0000707882521653
9.0889990530873987	1.0000054805727983
9.0935366710127852	1.0000288871785727
9.1013022075700682	0.9999386823865035
9.1060654857864307	1.0001200889762218
9.1109056733890110	0.9999689030760878
9.1187105243172848	1.0001136724317177
9.1235758786443260	0.9999776221141784
9.1284829335939417	1.0002228379284455
9.1333575605509232	0.9997782030655220
9.1365494750189509	1.0000823981577602
9.1402572214119040	0.9999440828205013
9.1437112869635424	1.0000392012334747
9.1472491768466373	0.9999642967372253
9.1509752773077864	0.9999705592332148
9.1548984218980021	0.9999152090599881
9.1591311011277536	0.9999686652975573
9.1660960887777829	0.9998305706842657
9.1706507502802967	0.9999572729117561
9.1746084387295816	0.9999239459246487
9.1783505387423627	1.0000038648453047
9.1820530579151374	0.9999569353567199
9.1857849352991643	1.0000134031613845
9.1895786149319925	0.9999726277324116
9.1934416476501966	1.0000108403979133
9.1973859650309659	0.9999787231820557
9.2014322846159740	1.0000086785996036
9.2057097424787244	0.9999500387891518
9.2134362460437416	1.0000225803622469
9.2179569319524237	0.9999654400457888
9.2223617794791455	0.9999029262798819
9.2314906524020870	0.9997912875984871
9.2354379163675411	0.9999505764017620
9.2391130453170547	0.9999324329685845
9.2428126493146880	1.0000151343868970
9.2466978388504337	1.0000045783864069
9.2509191478902686	1.0001011815262306
9.2560437381842835	0.9996974329543246
9.2612811905953478	1.0002132885900741
9.2649958318072816	0.9999937025003746
9.2694285620495904	0.9999870674382657
9.2767154486061454	0.9999931166313722
9.2805645172480915	1.0000980872885610
9.2842132378288671	1.0000358938398966
9.2878785698262760	1.0000914600605024
9.2916242620786935	1.0000390687966147
9.2954441831416457	1.0000730493698893
9.2993179254017218	1.0000251965788836
9.3032127480328608	1.0000584668335952
9.3071069891446943	1.0000102149663135
9.3109900279117959	1.0000477896684647
9.3148761778099782	1.0000031697782057
9.3187987705061452	1.0000350865782992
9.3228231610397447	1.0000033617147632
9.3270936042286934	1.0000686314527079
9.3340163754102665	0.9998840667965573
9.3388873361057012	0.9999871105033522
9.3432613200566017	0.9999710306730724
9.3476533513198667	1.0000522961559699
9.3546602131006154	0.9998657276518756
9.3593809807437065	0.9999843558044492
9.3634802204936207	0.9999536413880010
9.3674035434152714	1.0000075853059212
9.3713902648498060	0.9999811749181738
9.3756545454960740	1.0000488429150569
9.3823684937617440	0.9998248325313879
9.3859417167753847	1.0000284013186100
9.3889431568546780	0.9998722933681150
9.3918406047274576	1.0000617834229282
9.3947643926205266	0.9999060032647622
9.3977434967292748	1.0000636720268008
9.4007878713562398	0.9999269915387176
9.4038954955633756	1.0000583379778518
9.4070683557922337	0.9999411210819427
9.4103051526508761	1.0000503862241112
9.4136106702349593	0.9999528069796307
9.4169888896407983	1.0000405355814355
9.4204518870002243	0.9999651235448186
9.4240155826915935	1.0000275010618156
9.4277126688074020	0.9999809292239564
9.4316016931258311	1.0000132917850841
9.4358356106792431	0.9999507145153007
9.4427827696194928	1.0001285993683096
9.4475299114916584	1.0000238596253048
9.4518169829002563	1.0000387600529836
9.4561859712791829	0.9999586435643009
9.4631822595776480	1.0001449577096264
9.4676856850049802	1.0000147383992661
9.4715393267366288	1.0000640949283213
9.4751978722330001	0.9999834060763991
9.4788505968341195	1.0000354087667622
9.4825902917120377	0.9999861824747492
9.4864997840138336	1.0000159148384358
9.4907397792900952	0.9999514070282352
9.4976352434836517	1.0001385151363162
9.5020699798043360	1.0000101898714220
9.5058695163225941	1.0000655717036611
9.5094688974056183	0.9999783646746412
9.5130440145567228	1.0000405978867624
9.5166725295948229	0.9999785609445242
9.5204074997947021	1.0000210460246719
9.5243183597633987	0.9999879961373318
9.5285572602511888	1.0000505419921715
9.5354301431864421	0.9998577910000359
9.5397390818936039	0.9999955358115848
9.5433806260559404	0.9999216951733655
9.5467922342110683	1.0000339892236738
9.5501397885968551	0.9999397723863076
9.5534760235118128	1.0000428558540517
9.5568230470078586	0.9999484606909815
9.5601851529985300	1.0000440014198926
9.5635662574868192	0.9999531592430018
9.5669648657843389	1.0000428558215251
9.5703825603426509	0.9999562517742667
9.5738174576778849	1.0000410177515124
9.5772710944337831	0.9999587393096298
9.5807420102956282	1.0000389256232924
9.5842322998143654	0.9999611054564934
9.5877413474833304	1.0000365650276366
9.5912724520393855	0.9999637435083212
9.5948267024835907	1.0000336177229814
9.5984099493162258	0.9999672365352995
9.6020270979062676	1.0000293179596080
9.6056901037216846	0.9999727666534303
9.6094139753333057	1.0000219449454200
9.6132291764318065	0.9999825105533933
9.6171897218046851	1.0000127505898508
9.6214428699160681	0.9999475401824247
9.6283723028521333	1.0001278539731762
9.6331660994213930	1.0000204275211806
9.6374142447144813	1.0000398567178843
9.6415408672443963	0.9999969292631662
9.6458511542692946	1.0000589988023862
9.6528341834567204	0.9998743264267764
9.6577520989031491	0.9999764857568701
9.6623341362678126	0.9999185800039789
9.6694622070728879	1.0001340791839777
9.6742140942261852	1.0000122342205711
9.6782432573388526	1.0000563496988379
9.6819837337511814	0.9999780136148907
9.6856152904069930	1.0000418290969102
9.6892069692842764	0.9999686522630212
9.6927856381720883	1.0000366180354892
9.6963644728885274	0.9999665201386583
9.6999488438852008	1.0000338562202065
9.7035457242351661	0.9999673123078577
9.7071598168365973	1.0000308851318489
9.7108010623065883	0.9999704789045532
9.7144797848684572	1.0000258239129929
9.7182158851118885	0.9999772823025996
9.7220376297278577	1.0000163611540787
9.7260033554614562	0.9999861945575059
9.7302567163678138	1.0000515349682251
9.7371744970012877	0.9998686939659687
9.7418793908105066	0.9999822280615225
9.7459810278955814	0.9999501630219326
9.7498754214148597	1.0000091313336743
9.7537572733888762	0.9999754167445957
9.7577420795034797	1.0000092304658392
9.7620042918329553	0.9999454863185553
9.7689549225725987	1.0001248225604136
9.7738545776738626	1.0000230688252816
9.7784292514093618	1.0000805409388340
9.7855738644129442	0.9998689100890702
9.7904675468021445	0.9999802847728380
9.7947487285074519	0.9999594522741815
9.7988823274401966	1.0000025209770005
9.8031971666330424	0.9999404056147027
9.8101703691008133	1.0001280413615175
9.8149646917729854	1.0000196868709459
9.8192007840031703	1.0000400897376758
9.8233172632306651	0.9999969542443119
9.8276250597224042	1.0000586257464927
9.8345534947220425	0.9998635325416588
9.8390788857923717	0.9999900229159071
9.8429219842069493	0.9999337379295211
9.8465061358659494	1.0000262920865191
9.8500086590210767	0.9999504866405547
9.8534946064887805	1.0000338084748104
9.8569976128030223	0.9999599086422990
9.8605342070389490	1.0000316477638815
9.8641232225547366	0.9999688591300743
9.8677839269421668	1.0000234395343077
9.8715505940482089	0.9999813405790631
9.8754810470245289	1.0000125319048503
9.8797261253395057	0.9999484842856710
9.8866152716155664	1.0001368155929828
9.8910855280965659	1.0000092142964936
9.8948971807786297	1.0000659492216879
9.8984770916825848	0.9999743690288254
9.9019972465088202	1.0000459802200818
9.9055269379877515	0.9999695929965454
9.9091011052867053	1.0000327543179341
9.9127487510801533	0.9999760788227579
9.9165036440798566	1.0000184106149439
9.9204281807926140	0.9999867355558604
9.9246704582192784	1.0000503445519120
9.9316162200834484	0.9998720336048215
9.9364077553511692	0.9999760498570084
9.9407285608555647	0.9999613848968681
9.9451052932238468	1.0000423971574526
9.9521566291733965	0.9998660379774040
9.9570678330457483	0.9999728251459695
9.9616500187454715	0.9999178552285211
9.9687950634288853	1.0001340576344375
9.9735102454359126	1.0000136680880158
9.9775483969395999	1.0000520946621523
9.9813742368376168	0.9999879219282354
9.9851989640812420	1.0000247906772792
9.9891495653032987	0.9999899590506649
9.9934013258347818	1.0000523439391600
