0.0000000000000000	0.0000000000000000
0.1939272136964840	0.0010000000000000
0.2019152046876228	0.0009561678904292
0.2093185310749264	0.0024922204407314
0.2155940001201870	0.0036284321284656
0.2233863248350102	0.0060294522473197
0.2274477922031778	0.0077591948864054
0.2310450835630706	0.0099138738700563
0.2346561399014342	0.0123667175837824
0.2382941210119533	0.0155408744394578
0.2421114881433407	0.0194256738264772
0.2459502451389089	0.0242476419105098
0.2499513652733910	0.0301828464186140
0.2538992622300406	0.0372664569538783
0.2579650025279550	0.0458338970063071
0.2619118156192946	0.0557180440465915
0.2659346658948659	0.0673799145763009
0.2698111590702647	0.0804898387258181
0.2737349275823415	0.0955828151068969
0.2775264248607215	0.1122815221658407
0.2813389450845417	0.1310443237862105
0.2850601826960916	0.1516352970822369
0.2887613742781841	0.1741265438957008
0.2924277678862718	0.1987345146032959
0.2960135760025425	0.2247084045656786
0.2996320280753558	0.2531466837816634
0.3030995070152764	0.2820384532471936
0.3066713794100662	0.3137574594228094
0.3100290421042096	0.3448027935424003
0.3135557396366634	0.3789416123658328
0.3168268764284694	0.4113215946466319
0.3203114804233239	0.4468023670655260
0.3235301283876227	0.4797222924455791
0.3269776987179918	0.5153678887214037
0.3301816536042275	0.5480635761540268
0.3336000479392467	0.5827281270085442
0.3368244685071385	0.6144472189964514
0.3402253820744868	0.6471353143405866
0.3434990620277305	0.6771461213807346
0.3468989605988665	0.7070986620389318
0.3502447526137968	0.7347514693475424
0.3536671248965365	0.7614957270942597
0.3571083514743374	0.7863229330736413
0.3605900541387592	0.8096899582096431
0.3641604934706186	0.8314694330660856
0.3677474746092731	0.8514840577183591
0.3714745826965620	0.8700958569999500
0.3751936694005237	0.8867991049149456
0.3790694558368785	0.9021451790148842
0.3829093382456544	0.9156100753782048
0.3868967851863866	0.9277667111701368
0.3908324365497108	0.9382589662232469
0.3949130246324522	0.9476020613431591
0.3989880295318307	0.9556620278789850
0.4033691440604066	0.9629319015511185
0.4090950442152403	0.9711076314902807
0.4181554217463617	0.9799547893602618
0.4222145374341696	0.9833315968798940
0.4260246795342906	0.9858541936958445
0.4299929277097153	0.9882326565012993
0.4341730542774155	0.9902994444816438
0.4384677717931051	0.9920367739877558
0.4476812320250199	0.9944007758070700
0.4527689150991057	0.9955833158044541
0.4577340344701694	0.9961306750588946
0.4626152147325999	0.9971486521226954
0.4674973436178572	0.9976982916423744
0.4744650949232298	0.9986682620740109
0.4852232718630053	0.9994642477719621
0.4887823189671937	0.9993655222889434
0.4923937319898058	0.9995002005804162
0.4966191099248792	0.9995393349192649
0.5037267225059882	0.9998704923300237
0.5088175877436987	0.9996823041267227
0.5141317305154387	1.0000707012097239
0.5197151051193740	0.9997004720478117
0.5278065524574596	1.0000183295035012
0.5325036356160742	0.9998748365575075
0.5365234643046037	0.9999292519698181
0.5408472093517570	0.9998838307617104
0.5480114678344488	1.0000911951463674
0.5522757766534496	0.9999776018853714
0.5561253438236101	1.0000206930169775
0.5600263049670566	0.9999775424836221
0.5642748892201160	1.0000358402527476
0.5708613999053793	0.9997821439642665
0.5777982438211408	1.0001783972119302
0.5975430607107736	0.9994392666784071
0.6017455248277223	0.9998055082931353
0.6050293142689988	0.9997550477912410
0.6084208840553454	0.9999068231738713
0.6121162341265806	0.9999085935419522
0.6163049929289233	0.9999918556747490
0.6234114742003557	0.9998499557539807
0.6275179305854953	0.9999934868551219
0.6311187137342444	0.9999268937377193
0.6345821213973564	1.0000294302124355
0.6380303740102592	0.9999519426192586
0.6414980892057008	1.0000355203182998
0.6450063241590266	0.9999635924151790
0.6485684955924530	1.0000301483393130
0.6522081689923176	0.9999739800051719
0.6559568994526425	1.0000169455808257
0.6598778327700142	0.9999850142816004
0.6641190860972812	1.0000482499871959
0.6709831553567419	0.9998544751531888
0.6752692515504454	0.9999937300354897
0.6788991546534422	0.9999204862537574
0.6823271669476944	1.0000282826732281
0.6857332657875139	0.9999459641195484
0.6891868079228468	1.0000286295301630
0.6927329421608668	0.9999663409825368
0.6964112460745401	1.0000159069298131
0.7002895186091019	0.9999838475795993
0.7045195172976340	1.0000462362347293
0.7114452872130494	0.9998632698252987
0.7160294326077382	0.9999764445557430
0.7200919541064525	0.9999493563708648
0.7241022760844277	0.9999945092759535
0.7283827603014404	0.9999359348828699
0.7353678099004761	1.0001196690440521
0.7402060284652331	1.0000185755681219
0.7447662654807757	1.0000737681746426
0.7518674068885584	0.9998514925188927
0.7566261828332917	0.9999673404632984
0.7607735684233679	0.9999409721967384
0.7648214435119679	0.9999876432156625
0.7691139792122819	0.9999332764982852
0.7762073129234165	1.0001173716547740
0.7809091467774695	1.0000203703543538
0.7851072829794137	1.0000454636713390
0.7892082356492452	1.0000042072824558
0.7935131264700608	1.0000523569061990
0.8011234172956434	0.9999099718714172
0.8063036633603785	1.0003169171468562
0.8112908307921975	1.0001403911846691
0.8179121516765566	1.0000339935741567
0.8219502182168662	0.9998771794795617
0.8255263449799624	0.9999490816642548
0.8290132563314907	0.9998708093460315
0.8325624175185706	0.9999482697505568
0.8362088615196472	0.9999076113657045
0.8399595951680990	0.9999659079777266
0.8438194836150716	0.9999434262102963
0.8478145915186374	0.9999847440931329
0.8520763384254103	0.9999318159629763
0.8591444640695488	1.0001111679700168
0.8633059814445392	0.9999736926143643
0.8668510897101441	1.0000585374907165
0.8702042584909609	0.9999440553487171
0.8735271728999245	1.0000418772326674
0.8768784214691658	0.9999470476175082
0.8802786966375614	1.0000348344350600
0.8837342062553979	0.9999577369478126
0.8872429280130404	1.0000336508202392
0.8908027135786168	0.9999690284421158
0.8944090618346560	1.0000345722106483
0.8980625850435641	0.9999793073211156
0.9017650588382835	1.0000340928086364
0.9055289070695137	0.9999898659293444
0.9093757056218401	1.0000287331545905
0.9133582445646777	1.0000000034703251
0.9176158855002012	1.0000665457966458
0.9245332427115479	0.9998840733255724
0.9293213791510375	0.9999921223135302
0.9335577417616221	0.9999709536013077
0.9376724196777030	1.0000133700011606
0.9419813322271334	0.9999508321665493
0.9487937388263267	1.0001659717556024
0.9527143578768611	0.9999976729527011
0.9560465766097596	1.0000993527408026
0.9593005836397417	0.9999738802693879
0.9626525971504349	1.0000528362059189
0.9661837074367982	0.9999864619695162
0.9699728074668289	1.0000190738630996
0.9741813653604238	0.9999575862027887
0.9808927805305003	1.0001792135123617
0.9843721754817339	0.9999738145600912
0.9874097880913163	1.0001162224295261
0.9904366958874044	0.9999551156830531
0.9935625528668122	1.0000693380327539
0.9968193808668999	0.9999629019221921
1.0002260639927807	1.0000370386744963
1.0038123633036382	0.9999798951037898
1.0076368425142501	1.0000130262604414
1.0118537106429211	0.9999518117306508
1.0186929606061814	1.0001500903659779
1.0227232118826020	0.9999951556431685
1.0261564592740005	1.0000871839531853
1.0294500556782609	0.9999634773468323
1.0327540556042509	1.0000574762456333
1.0361190349619247	0.9999630389870643
1.0395679933391486	1.0000375995656523
1.0431224329907600	0.9999729386974828
1.0468121545660163	1.0000191524067308
1.0506982866198191	0.9999862743767290
1.0549302008041743	1.0000484933354996
1.0618096609385417	0.9998573298044446
1.0661030120487220	0.9999943963660831
1.0697589941565875	0.9999250207870986
1.0732217406921716	1.0000281192502327
1.0766646414071925	0.9999505256510741
1.0801528604871153	1.0000292699343030
1.0837287299521252	0.9999699247593818
1.0874296453847150	1.0000180078351357
1.0913216588269605	0.9999866264513534
1.0955552089563851	1.0000498029461116
1.1024441890288266	0.9998607696009292
1.1068052792105978	0.9999928221537759
1.1105375822494832	0.9999315757762866
1.1140807844883056	1.0000241370017000
1.1176132191976642	0.9999578590942784
1.1212077130930251	1.0000226066092817
1.1249199270601833	0.9999785045658747
1.1288158757445046	1.0000117760561513
1.1330520361408103	0.9999494210107034
1.1399009942651581	1.0001458113816768
1.1440963390696315	1.0000004236189086
1.1476422967158244	1.0000821820444246
1.1510009161217054	0.9999653613224270
1.1543396275705451	1.0000565446296006
1.1577209867422531	0.9999634505719472
1.1611756558111241	1.0000379705319817
1.1647303167698342	0.9999730581914611
1.1684182221005790	1.0000194758683327
1.1723027682024754	0.9999864421121996
1.1765343731030504	1.0000485179207019
1.1834720054911023	0.9998680702024603
1.1881072212510093	0.9999794270885073
1.1922183335418060	0.9999554541268656
1.1962590465987322	1.0000005407151458
1.2005473520643133	0.9999418387190099
1.2074860735786006	1.0001353643195452
1.2119652820138229	1.0000099668709514
1.2158076335930872	1.0000621133689573
1.2194434466174602	0.9999782601383514
1.2230411769226883	1.0000395918221185
1.2266673421934824	0.9999750017363638
1.2303571049337880	1.0000247487969798
1.2341460595927820	0.9999824486505923
1.2380905574552354	1.0000122437801162
1.2423392427604834	0.9999470549288254
1.2492704035106890	1.0001266849396622
1.2540070642982422	1.0000152864039533
1.2581500765044558	1.0000446162683194
1.2620733339221575	0.9999854086170504
1.2659338179042827	1.0000252084788050
1.2697941975656664	0.9999797017970815
1.2736839999294935	1.0000163147240786
1.2776297541101473	0.9999826891505934
1.2816736367052453	1.0000107690299083
1.2859494901739155	0.9999425233438888
1.2928573759782740	1.0001261561107186
1.2977313270144200	1.0000179864470355
1.3020142072961580	1.0000411289501301
1.3060886260948725	0.9999947325951649
1.3101675815228546	1.0000199465656450
1.3144585288933952	0.9999494293118035
1.3212777868035561	1.0001532721384394
1.3254088497358048	0.9999972385861244
1.3288482045600780	1.0000932495884429
1.3320961287596340	0.9999606952088133
1.3353341234927256	1.0000652620409936
1.3386294215679859	0.9999611412281550
1.3420138161037134	1.0000433279710246
1.3455139962664022	0.9999730935035526
1.3491630028021988	1.0000220882206039
1.3530245821269795	0.9999880986139830
1.3572501495851972	1.0000491445109390
1.3641347687872154	0.9998580325411641
1.3684117674103975	0.9999949144616398
1.3720605296109694	0.9999248507557023
1.3755168190375486	1.0000289677904823
1.3789428692746379	0.9999477760366550
1.3823915040026158	1.0000334274828309
1.3858892188978671	0.9999615009803193
1.3894494359884655	1.0000285733428416
1.3930926222237632	0.9999739689443918
1.3968467563745672	1.0000173590577752
1.4007716780133601	0.9999864503428378
1.4050138622833761	1.0000505287720460
1.4119673777278567	0.9998741833037458
1.4169627276030781	1.0000260996346115
1.4244436401338270	0.9998352994988261
1.4294584140282700	0.9999697901779224
1.4337616171869259	0.9999533510264138
1.4378916800588557	1.0000003520477185
1.4422074626935513	0.9999406459853334
1.4491765749015375	1.0001321202831084
1.4538323228199794	1.0000170383622760
1.4578915086206965	1.0000494773861008
1.4617950493444254	0.9999948927621995
1.4657705958205163	1.0000210976061377
1.4700327573743170	0.9999531959069311
1.4769217374626566	1.0001433945273956
1.4813049032694361	1.0000113414626470
1.4850709935836148	1.0000665003156994
1.4886922117532184	0.9999862038661580
1.4923739759160617	1.0000307920785261
1.4962411646460902	0.9999927663075596
1.5004707162841275	1.0000517326296590
1.5074495629023612	0.9998753551874981
1.5122501521065788	0.9999752905378320
1.5168011499244862	0.9999218514103094
1.5239684639590900	1.0001317914212391
1.5287516096243510	1.0000202770328115
1.5330258734355340	1.0000335058971705
1.5373944126309937	0.9999490209176615
1.5444175325793750	1.0001187830635574
1.5494522198903766	0.9999500222598038
1.5571386181921745	1.0000935431413343
1.5632732378691878	0.9995984788227584
1.5864025648805660	0.9999116459439937
1.5918685865334581	1.0004317669426541
1.5976702927512036	0.9999933417388425
1.6029146111270234	1.0001854804187928
1.6079583955986183	0.9998619593044911
1.6129139096433087	1.0000532981535333
1.6177918629725261	0.9997470234591428
1.6226497689929571	0.9999356266300449
1.6288981203958046	0.9999244594723371
1.6329984598254801	1.0001084553613568
1.6366493962750590	1.0000644875844538
1.6401833306350464	1.0001463863247242
1.6437033182826037	1.0000560083355683
1.6472260474861682	1.0001091170993872
1.6507989971488544	1.0000237215881225
1.6544786497819999	1.0000540885170546
1.6583534334906693	1.0000061651868382
1.6625837021251308	1.0000582588783322
1.6694099812685346	0.9998535102738771
1.6738961100575793	0.9999770104536089
1.6777636588819282	0.9999286306422355
1.6814533956316322	1.0000048679504672
1.6851467743817197	0.9999574398820884
1.6889225455607693	1.0000047401023417
1.6928571058819131	0.9999768323960594
1.6971022345403353	1.0000432028436497
1.7034902861501011	0.9997649211903268
1.7086764176574589	1.0001379061649085
1.7136956600749271	0.9999207420065133
1.7186360962313338	1.0001616579788826
1.7235105333373253	0.9998623639766235
1.7283629685161384	1.0000210785364967
1.7332194322504879	0.9996472612680616
1.7367532505570482	1.0000420853271195
1.7400434484105711	0.9999389070727450
1.7431675454929223	1.0001131160696621
1.7463281119024394	0.9999964323794683
1.7495720899366238	1.0001011166410794
1.7529068793045324	0.9999998842576096
1.7563111733729047	1.0000758402406555
1.7597733654860979	0.9999877818167370
1.7632805624246148	1.0000535365345753
1.7668299182251208	0.9999774256683311
1.7704184344638365	1.0000372014536956
1.7740483172993278	0.9999725704173593
1.7777194212741620	1.0000262639892605
1.7814344413477092	0.9999721609537471
1.7851926506198912	1.0000195029182821
1.7889957538213364	0.9999744144867793
1.7928417668974481	1.0000157922822297
1.7967315287004122	0.9999780159897054
1.8006626357940350	1.0000141079360125
1.8046376496749965	0.9999826145243139
1.8086611924299074	1.0000128481344350
1.8127608412054388	0.9999868153147293
1.8170506500280419	1.0000586959851825
1.8234370528089707	0.9997839831100025
1.8465114156191091	0.9996091423188785
1.8514976564539694	0.9999310074534640
1.8550020939868319	0.9998777671609063
1.8583108050397250	1.0000336300327470
1.8617644438913175	0.9999986011776608
1.8655023740554781	1.0000596621087590
1.8696972298183099	1.0000213450147164
1.8765764271717236	1.0002357541618672
1.8817003194590047	0.9998951717277246
1.8866795781298136	1.0001651203442810
1.8916009387372916	1.0000113228378273
1.8976141830083448	1.0002387869859077
1.9088893701761942	0.9994958026564433
1.9121685993352000	0.9998642894366492
1.9157684094031098	0.9997520508645569
1.9192068187161715	0.9998996857931663
1.9229445525763158	0.9999152301326850
1.9270573953263754	1.0000091254614372
1.9313631478251905	1.0000026073801092
1.9386555553303888	1.0000853087731987
1.9428671942529452	1.0000212645730338
1.9466513339192653	1.0000875040697759
1.9502021959005842	1.0000001902570463
1.9536541982612008	1.0000861057656780
1.9570902944996644	0.9999977251166662
1.9605422214266093	1.0000763757364257
1.9640168820380786	0.9999914696661442
1.9675072106193117	1.0000633789484479
1.9710116211058764	0.9999798637027365
1.9745277080184647	1.0000480312902114
1.9780608570539089	0.9999685947159780
1.9816132497006276	1.0000332361648641
1.9851906931695720	0.9999611258234993
1.9887947590967252	1.0000218761731157
1.9924301636008501	0.9999586808917474
1.9960998158981524	1.0000143310391334
1.9998125610017874	0.9999618310327328
2.0035805784323011	1.0000081012982718
2.0074306540966114	0.9999716130444273
2.0114134099266621	1.0000026686636203
2.0156724574651612	0.9999383093788331
2.0226056778051653	1.0001203145222448
2.0274857784051963	1.0000185624522846
2.0318691366268382	1.0000342691207829
2.0362641685900869	0.9999522968234527
2.0432908372902627	1.0001335272376883
2.0483296028220441	0.9999738809889130
2.0557807575219273	1.0001713358082576
2.0685191097852491	1.0004240956546642
2.0718970750231116	1.0001460363590544
2.0762946054057254	1.0001076103532354
2.0830841415082144	0.9998446538370193
2.0865802093987837	1.0000183738934751
2.0898694845994559	0.9999206422153598
2.0932429869648166	1.0000224261818587
2.0967438488787891	0.9999627777416020
2.1003671257801275	1.0000260021025684
2.1041243326482229	0.9999916472698099
2.1080537059089401	1.0000301790810433
2.1122976226809054	0.9999757066884783
2.1193779565688087	1.0001483146370698
2.1237612836520290	1.0000296167069209
2.1276216905359790	1.0000715248487697
2.1313939094118917	1.0000091525372314
2.1352963033987651	1.0000351763348703
2.1395382699160308	0.9999671177444304
2.1464381688277223	1.0001494576217658
2.1508544412864397	1.0000189490676461
2.1546610699157180	1.0000697133286218
2.1582889888033643	0.9999847684986117
2.1618972213267043	1.0000425127725490
2.1655391256575323	0.9999780484227080
2.1692309833624037	1.0000286122630564
2.1729771783270997	0.9999777607063552
2.1767746828599148	1.0000209717056345
2.1806214106783997	0.9999790067006540
2.1845113054091314	1.0000166989725234
2.1884413133364800	0.9999804924408033
2.1924046828551740	1.0000145859296627
2.1963981476248620	0.9999819003359282
2.2004148060461381	1.0000139784436906
2.2044515982788160	0.9999831725873505
2.2085020499952011	1.0000143501163574
2.2125639685779017	0.9999843177524568
2.2166320594256939	1.0000152025448354
2.2207057305279769	0.9999853760914504
2.2247815538706339	1.0000160776135885
2.2288612122530309	0.9999864644450318
2.2329441307486118	1.0000164706897687
2.2370363824070272	0.9999880744215333
2.2411456228234878	1.0000154317483168
2.2452992022895848	0.9999887031822705
2.2496051431911122	1.0000612438615870
2.2567190548320331	0.9999181592444535
2.2615125377216252	0.9999965630603915
2.2658368402901830	1.0000192048191545
2.2700663991186394	1.0000312504955458
2.2743545356367383	1.0000281316345869
2.2786597896910732	1.0000167100833912
2.2829762425245952	0.9999672252001559
2.2872595610847322	0.9999830392918689
2.2914849206362402	0.9999521116285414
2.2956562101668547	0.9999862967700517
2.2997867628259612	0.9999618219351858
2.3039035815178002	0.9999946316574905
2.3080601950399213	0.9999743163600890
2.3123578928521993	1.0000542550848490
2.3187364559730130	0.9997863426913811
2.3387958107775826	0.9996243939231169
2.3545418261782323	0.9998165432309430
2.3793432240509937	0.9998791624345603
2.3828955794026760	1.0000391371119191
2.3864244534975851	0.9999658883190340
2.3901742737129283	1.0000139480244630
2.3943719713000515	0.9999738645558147
2.4015148369793349	1.0001518810993031
2.4059769101488491	1.0001676777758965
2.4102101035042289	1.0001721461587978
2.4145416234716484	1.0000790175521530
2.4225037749752900	1.0000876055080941
2.4272139596164202	1.0000400238419127
2.4317142286488909	0.9999854863223117
2.4359435264078719	0.9999240562968084
2.4398358901120507	0.9999936922323192
2.4434655002771333	0.9999194627138436
2.4469800841656295	1.0000053403101639
2.4504793148800621	0.9999323176283982
2.4540098382732185	1.0000075559358916
2.4575932332769703	0.9999465111568547
2.4612383990069207	1.0000064158386939
2.4649586189886787	0.9999599582245761
2.4687747699038440	1.0000009982978919
2.4727388570485926	0.9999727058180652
2.4769914367033836	1.0000396020084439
2.4839154757484536	0.9998602341068678
2.4886602456072953	0.9999730184962086
2.4928038788741067	0.9999435944153414
2.4967214379668374	1.0000035005539745
2.5005877388949735	0.9999660873109961
2.5044854447807472	1.0000062638221223
2.5084928854222563	0.9999789889328446
2.5127582761117591	1.0000470881759853
2.5196990281497724	0.9998696314880038
2.5246262958733330	0.9999726160295720
2.5292098603404032	0.9999144094502175
2.5363308043428998	1.0001300039955960
2.5411362226300649	1.0000100005505368
2.5452166741396396	1.0000515928957900
2.5489984328552060	0.9999767870824214
2.5526667494484618	1.0000371247386406
2.5562997625354908	0.9999692536568681
2.5599353608799702	1.0000296786663432
2.5636004596946584	0.9999715289143074
2.5673190520573752	1.0000210858343395
2.5711269569487132	0.9999808139397776
2.5750821343084707	1.0000111543746870
2.5793339778618662	0.9999461391453253
2.5862806644378975	1.0001234584725218
2.5911731692741866	1.0000215400927974
2.5957458416263997	1.0000784415077539
2.6028450150999300	0.9998583743648839
2.6073561488913111	0.9999932212256516
2.6111215397091248	0.9999279712901803
2.6146211020462204	1.0000304445687098
2.6180489105741689	0.9999466712265316
2.6214734407067097	1.0000369680721095
2.6249259468051713	0.9999578068224421
2.6284165062183602	1.0000351285925293
2.6319528178779841	0.9999654882443033
2.6355363504974667	1.0000307455786226
2.6391719528047490	0.9999716942543866
2.6428628191988524	1.0000248655389827
2.6466207432629139	0.9999785725707343
2.6504653645563172	1.0000158123820209
2.6544471635768145	0.9999858495998630
2.6587045366581399	1.0000514143864017
2.6656703689204155	0.9998773756169742
2.6705085357567735	0.9999830622847888
2.6747857557652095	0.9999609018446624
2.6788388061918718	1.0000099841353500
2.6828124882550379	0.9999728935921832
2.6867574362132700	1.0000104162935792
2.6907061500256160	0.9999710391294405
2.6946863029713866	0.9999990440513640
2.6987505839989083	0.9999661405007471
2.7030315375003529	1.0000300720839244
2.7100628270022837	0.9998616527023575
2.7142844685723064	0.9999154686393451
2.7181770240128280	0.9998707628831399
2.7220857167917596	0.9998854645086491
2.7261155600942821	0.9998662319173890
2.7303797567604424	0.9999906689357519
2.7358730316026114	0.9997242063423725
2.7574139166864953	0.9997812602340619
2.7707130078212407	0.9997890989839926
2.7746912558874204	0.9999910885995705
2.7780054214331318	0.9998985998137401
2.7811825902049994	1.0000480495014938
2.7843735103088827	0.9999447344699646
2.7876103548084874	1.0000605917247138
2.7909029107661247	0.9999653705572210
2.7942459950579308	1.0000591460373527
2.7976384490312354	0.9999729115614273
2.8010744767124169	1.0000519012199260
2.8045533849618431	0.9999741135689859
2.8080711367896387	1.0000421460069284
2.8116301000113082	0.9999728839838903
2.8152271639876156	1.0000364276688312
2.8188642841378688	0.9999754309090779
2.8225414064416126	1.0000305007282955
2.8262654339468529	0.9999786958545844
2.8300457148668099	1.0000228666234274
2.8339069709827105	0.9999854240729256
2.8378970850347618	1.0000144070098018
2.8421581181081050	0.9999476561987740
2.8490820585763710	1.0001280914003723
2.8539017451115996	1.0000187886240506
2.8581291192902998	1.0000440836608095
2.8621287192997933	0.9999898656821726
2.8660655719974617	1.0000234650253463
2.8700212367273368	0.9999862733471466
2.8740642700915546	1.0000130081928986
2.8783407364655083	0.9999437022101998
2.8852782943945283	1.0001211529094232
2.8902327840577517	1.0000178360404854
2.8948214516980015	1.0000777880953018
2.9018855442606877	0.9998563410936363
2.9066927496002299	0.9999812112167858
2.9107289176385551	0.9999333728323756
2.9144301034377547	1.0000181216839195
2.9179977471692831	0.9999462895077341
2.9215119303276573	1.0000290852286926
2.9250125135433565	0.9999530496432392
2.9285159515485946	1.0000318946583195
2.9320345981305129	0.9999587999365286
2.9355740888651911	1.0000317171399231
2.9391427481148220	0.9999650167428342
2.9427467182540203	1.0000294512741570
2.9463985126929586	0.9999729970819422
2.9501133929583179	1.0000237831584071
2.9539219518287014	0.9999848660745100
2.9578784377094620	1.0000159925671479
2.9621304746029034	0.9999516196372552
2.9690479428064811	1.0001349869559737
2.9737529693554658	1.0000218961920886
2.9778551814499332	1.0000538020652816
2.9817540830654630	0.9999951891232586
2.9856388250365997	1.0000285907398552
2.9896272547273739	0.9999947306091465
2.9938890796270865	1.0000583755027614
3.0008171228922058	0.9998741526007838
3.0055491532581593	0.9999851284598698
3.0096984084826675	0.9999574129163619
3.0136719060082031	1.0000079743398080
3.0176918703857800	0.9999822687707401
3.0219647942650885	1.0000510840272174
3.0288873649847714	0.9998662314890346
3.0334910006119693	0.9999861668853053
3.0374725150903661	0.9999462043666822
3.0412595201540800	1.0000128886013087
3.0450586684663090	0.9999747478906000
3.0489926547871447	1.0000100405364216
3.0532412754727640	0.9999481379535186
3.0602034829729727	1.0001258372161173
3.0652015269925719	0.9999743487740003
3.0726233747227525	1.0001751979552449
3.0772719084051086	1.0000213184966633
3.0811067754811194	1.0000742467060715
3.0847011086227627	0.9999827621504641
3.0882875518387749	1.0000400509813625
3.0919740413743284	0.9999861288018514
3.0958507809056988	1.0000164962348166
3.1000822932488825	0.9999528884998563
3.1069481197004420	1.0001459442189722
3.1111690148992870	1.0000051248028485
3.1147843379667264	1.0000753326685969
3.1182609276546338	0.9999778350794378
3.1217785836032403	1.0000411991327496
3.1254239909658859	0.9999855157994516
3.1292785338149760	1.0000169492110857
3.1335039130981683	0.9999544029982438
3.1404346336134012	1.0001356977807534
3.1449842452239531	1.0000208545423481
3.1490193860854254	1.0000481333094209
3.1530161393120628	1.0000016774810923
3.1572915161759907	1.0000586319135052
3.1643075074895788	0.9998783158160275
3.1691206612183707	0.9999792029819091
3.1736755730165997	0.9999266375535755
3.1808323231561073	1.0001411538430813
3.1853839686138832	1.0000163902356440
3.1892904610436874	1.0000614206885599
3.1930274940797347	0.9999913751869450
3.1967960755606839	1.0000303061405220
3.2007154044049853	0.9999939931796190
3.2049583498651644	1.0000543581243531
3.2119158021836265	0.9998733766895050
3.2166463873514042	0.9999809759068730
3.2208216338900972	0.9999559873465951
3.2248161972187050	1.0000056190280664
3.2287944172359859	0.9999736242252975
3.2328468667377033	0.9999964266739780
3.2371255731832775	0.9999119091597143
3.2432244665779524	1.0001968372510195
3.2691598051334640	1.0002373288923734
3.2729597176154255	1.0000269143425111
3.2761011249096477	1.0001626872331528
3.2792059577981991	1.0000064256039618
3.2824496988406149	1.0000915388656428
3.2859088595411983	1.0000119901412547
3.2896577667399551	1.0000420492684301
3.2938563703527817	0.9999806224882605
3.3007808438603026	1.0001685890544927
3.3054575681127663	1.0000668683815712
3.3095674494990961	1.0000905018785866
3.3134758740057464	1.0000166677561935
3.3173253907182603	1.0000423326475516
3.3211831210172265	0.9999830715170334
3.3250787964406343	1.0000065182461551
3.3290373508832629	0.9999654619294496
3.3330901971408844	0.9999913753181927
3.3373694535203144	0.9999319264569624
3.3457688631040594	0.9998749704734224
3.3505963934725642	0.9998618740847778
3.3600039904052945	1.0002035907411055
3.3631286812717316	1.0000187907639597
3.3674419791618586	1.0001425277453950
3.3724788420949583	0.9998225228518821
3.3818133821980094	1.0004287926412367
3.3878503784572840	1.0002310508150940
3.3925461561582639	1.0001532951643424
3.3968537975574060	1.0000751098396083
3.4010895291961694	1.0000764852009212
3.4053023262076434	1.0000176804739001
3.4095837712556119	1.0000414612460751
3.4137405352793087	1.0000406567995401
3.4179320489745195	1.0000260440908713
3.4222658280992064	0.9999460415890510
3.4303462843415562	1.0001433403218751
3.4344725870783486	1.0001062809494503
3.4386205967633110	1.0001360243444368
3.4429020774675587	1.0000663118036095
3.4496438795009272	1.0001348406378472
3.4543717527594278	1.0000161351066941
3.4586964853253646	1.0000210210533684
3.4630501560286771	0.9999270238505203
3.4696710935740773	1.0001297514225762
3.4745502242581101	1.0000039325422088
3.4788630100126552	1.0000252599767483
3.4832519594622235	0.9999449690103027
3.4900952471987985	1.0001700211343578
3.4938862866868150	0.9999854352766289
3.4970735177224395	1.0001111806247780
3.5001374256865767	0.9999505028561749
3.5032122738874287	1.0000803026909839
3.5063306499305380	0.9999459352563125
3.5094976931543114	1.0000632164249192
3.5127136309441025	0.9999478839063176
3.5159756802499604	1.0000524741529624
3.5192848742250926	0.9999520477277795
3.5226409772820149	1.0000437669639326
3.5260490775876896	0.9999577599516452
3.5295140565608603	1.0000347244863939
3.5330483196342644	0.9999659998139729
3.5366681303584695	1.0000230768107550
3.5404059311026077	0.9999788990451943
3.5443193214000757	1.0000104006416448
3.5485597271242759	0.9999470047024892
3.5554408252143355	1.0001374661109832
3.5598114464409356	1.0000049244948592
3.5635370051963848	1.0000678778979957
3.5670659206566553	0.9999732998542974
3.5705785446189067	1.0000420602397408
3.5741551644765912	0.9999755079052793
3.5778512391623933	1.0000207776898289
3.5817385314403247	0.9999871401827078
3.5859712665763124	1.0000490289620168
3.5929287557174661	0.9998720894552939
3.5977664093284436	0.9999724275701052
3.6023267372116470	0.9999168572881521
3.6092920439541381	1.0001601378822218
3.6173731377301257	0.9997823402746367
3.6229280130627890	0.9999759823935493
3.6327097538094657	0.9998135632265002
3.6464261281982040	0.9997524637340118
3.6494431090750985	0.9999877716761019
3.6534122992806006	0.9999323752425637
3.6576551619533642	0.9999520640220616
3.6648133757281842	0.9998689624037786
3.6683632580769339	0.9999961682016698
3.6726582310055091	0.9999951063305809
3.6806148664208371	1.0002017964485779
3.6847043016046435	1.0001142077269483
3.6887989984184868	1.0001669250591416
3.6930267071057199	1.0001821692403443
3.6973322183821278	1.0001964686727416
3.7056629180073535	0.9999901755557485
3.7103067552576312	0.9999058913898270
3.7144278201124612	0.9998190975978960
3.7183413270355148	0.9998546915188478
3.7223069460421758	0.9998290802747987
3.7265656367374467	0.9999159337019661
3.7334797644041782	0.9997705588607460
3.7383515894099197	0.9998909629646889
3.7427349614255836	0.9998941818936949
3.7469754213361384	0.9999578815830557
3.7513042214665866	0.9998952551557325
3.7566685725840756	1.0002946455096280
3.7793941506829616	1.0001184663525902
3.7848779593142194	0.9997583889668183
3.7900084602497799	1.0000716435824160
3.7949943566741018	0.9999577632477852
3.8017712813840454	1.0001334434779987
3.9091687615203958	1.0005602133740517
3.9183628858208270	1.0003253798784935
3.9442991819479754	1.0004250535074206
3.9488122388740021	1.0001349160440582
3.9523241686389530	1.0001880129227885
3.9556828955840651	1.0000401533220926
3.9590507341364241	1.0001071111459430
3.9624479521395162	0.9999989433178773
3.9658720860062915	1.0000719332534327
3.9693164653009929	0.9999797042015259
3.9727776088916182	1.0000551187316715
3.9762568754331786	0.9999717588296302
3.9797567987034088	1.0000449241961715
3.9832849281564027	0.9999702360238950
3.9868488998031397	1.0000360243021922
3.9904631031704318	0.9999736525458427
3.9941451734062183	1.0000250381915465
3.9979280217510631	0.9999828349973253
4.0018684487171230	1.0000129219969680
4.0061161864300940	0.9999478885431327
4.0130296484130268	1.0001309711485564
4.0176643633182820	1.0000134103973317
4.0216706015973296	1.0000536148344326
4.0254414534883951	0.9999809210168206
4.0291378864341221	1.0000357760325012
4.0328203759390373	0.9999736277779389
4.0365112443238607	1.0000287559058045
4.0402201682186005	0.9999730416324009
4.0439491172475668	1.0000252826069349
4.0477016347074910	0.9999745603997685
4.0514789205400001	1.0000224932298807
4.0552881419654598	0.9999776271715319
4.0591383931278449	1.0000181162986899
4.0630529531646440	0.9999838618849093
4.0670764590472137	1.0000126735538171
4.0713468164883952	0.9999451701297287
4.0782665478806992	1.0001264881815002
4.0832732317500007	0.9999708431386608
4.0906610076784196	1.0001727575036046
4.0957114547003242	1.0000042532587832
4.1000418223202493	1.0000132599950176
4.1041999512276028	0.9999982129582757
4.1085214681050219	1.0001291229122868
4.1138148180655962	0.9997936829761886
4.1243932973305082	1.0004223901067666
4.1443394922446526	1.0001533973953924
4.1493592407116182	0.9997306673924061
4.1528253784874991	1.0000066110573278
4.1572941282091875	0.9999083215867810
4.1619677721801240	1.0002073272453187
4.1667531697095770	0.9999750799254121
4.1715890612059852	1.0001796364934579
4.1764570761829338	0.9998496368501897
4.1812946087990497	0.9999688271527357
4.1863554524963016	0.9995951264303832
4.1918550039928988	1.0001860404437768
4.1967561910177533	1.0000470597941922
4.2007752085705077	1.0000133115052172
4.2041876791724029	0.9998523235978861
4.2073798514723455	0.9999677467095420
4.2105699831333778	0.9998518954090031
4.2138597659335097	0.9999578401522743
4.2172879301483821	0.9998950510716860
4.2208894801700643	0.9999634836957697
4.2247233755918501	0.9999445979883909
4.2289420250320031	1.0000202397949114
4.2359480616177425	0.9998717063092326
4.2407292617927181	0.9999885418117864
4.2452757965717343	0.9999565155491766
4.2531381820146379	1.0000876992932721
4.2568257705049550	0.9999678816216567
4.2601579533424960	1.0000908831395112
4.2633653784771512	0.9999643312098321
4.2665864179654660	1.0000769921936721
4.2699010979656444	0.9999859238643639
4.2733503073825148	1.0000643696827927
4.2769662367177306	1.0000178580536601
4.2808096701907976	1.0000554390729255
4.2850298515554952	0.9999907412952835
4.2918345570786851	1.0001630945145794
4.2964808270458379	1.0000337938023938
4.3005179061252701	1.0000599706012787
4.3043641287865970	0.9999891344209476
4.3082126967555432	1.0000154634286111
4.3121790074046471	0.9999707492072609
4.3164353316898394	1.0000194035984173
4.3241539053638975	0.9999510348652781
4.3321383613735804	1.0002535048091061
4.3408333683511957	0.9997175724162417
4.3469044895160929	0.9999076896933748
4.3512567649674372	0.9998752198859256
4.3548722647047278	0.9999987455821318
4.3582709474196646	0.9999138533045857
4.3616699183626091	1.0000107388663300
4.3651505442798255	0.9999436381399112
4.3687291243391018	1.0000105492329274
4.3724040007054210	0.9999620089723897
4.3761620341669989	1.0000108595555088
4.3799927576209416	0.9999726637729187
4.3838836058776494	1.0000117029623969
4.3878306923220425	0.9999803997601950
4.3918344070608901	1.0000126054008314
4.3959222834475176	0.9999888815178248
4.4002082846211934	1.0000647865442462
4.4067128875609098	0.9998229757428626
4.4109756661928490	0.9999912721212099
4.4143211853509996	0.9998716479787773
4.4173571871695323	1.0000453499519877
4.4203392439299689	0.9998993082497689
4.4233666400583997	1.0000498295150000
4.4264884963729303	0.9999325611321671
4.4297304118108656	1.0000410314927557
4.4331195319388286	0.9999656110101790
4.4366888037470673	1.0000261189850421
4.4405037860185566	0.9999945681838014
4.4447173295615698	1.0000572666679397
4.4516991137129329	0.9998865572720109
4.4564731813747374	0.9999869745498107
4.4610173359728016	0.9999343699314213
4.4680013200847002	1.0001745439243162
4.4721342138350835	1.0000214136113696
4.4756445534793796	1.0001024582269653
4.4790776045149974	1.0000043035556674
4.4826346606002261	1.0000581103834261
4.4864320152321495	1.0000176436625501
4.4906432915728560	1.0000746536507377
4.4975889189498366	0.9998925533784755
4.5021483348888536	1.0000007981762382
4.5063085091743442	0.9999830692110102
4.5106434173215675	1.0000581497948564
4.5178252455096084	0.9999006190534631
4.5225454865501762	1.0000007102004838
4.5270762162363454	0.9999396136726804
4.5338373496758795	1.0001633100802667
4.5460695807691796	0.9996346572717104
4.5595542320464730	1.0002645095717986
4.5644421179471930	1.0000792042232682
4.5679510704454680	1.0001696623972600
4.5715998924254713	1.0000826329770955
4.5758095089490398	1.0001047973391630
4.5831924924578500	0.9999618888694738
4.5915393235687540	1.0001916516497182
4.5955844287894418	1.0000223608176986
4.5993855559812378	1.0000340818907518
4.6032466751441543	0.9999675479867381
4.6073196441083430	0.9999971128091952
4.6115576100493971	1.0000101543599866
4.6158506213627568	1.0000108000111660
4.6246985402161913	0.9997381773110089
4.6290537161019740	0.9998665234174434
4.6335295666882326	0.9999134517595281
4.6421868921486338	0.9999382149062961
4.6469651063761850	0.9999766919806827
4.6561744720058424	1.0003054933756970
4.6594024713685371	1.0001082613361842
4.6637313627760415	1.0001712883705700
4.6700327930743573	0.9999656762018960
4.6869205341878786	1.0004655929277293
4.6910865033012241	1.0001829482791118
4.6955512218408577	1.0001255372229358
4.6995985984891187	1.0000414915941798
4.7031785335180096	1.0001211337853853
4.7064635127872849	0.9999844649749652
4.7096423099032183	1.0000971414381954
4.7128217924587306	0.9999665676828535
4.7160430648726095	1.0000709583011260
4.7193203133101047	0.9999618856328425
4.7226538509864557	1.0000528514796552
4.7260430796523298	0.9999619050968552
4.7294847251440331	1.0000408398227258
4.7329797647366867	0.9999646270202125
4.7365291181886713	1.0000314497467264
4.7401408963811633	0.9999700564749728
4.7438272420204850	1.0000211550215896
4.7476163846900832	0.9999799191691184
4.7515615535969209	1.0000101690070735
4.7558103851319631	0.9999452410126854
4.7627095857595778	1.0001310822321232
4.7672779372521603	1.0000089379220067
4.7711944876190699	1.0000570592007079
4.7748708835262637	0.9999754519024741
4.7784813026499551	1.0000376058316685
4.7821016388026170	0.9999717790595426
4.7857761554470457	1.0000238238477248
4.7895484574353882	0.9999806286964392
4.7934813344578968	1.0000112719373202
4.7977271823398064	0.9999469790001102
4.8046565109738983	1.0001280296980954
4.8093751939860709	1.0000185706344602
4.8135527770836939	1.0000405243120143
4.8176344967750220	0.9999966462974287
4.8219327147773727	1.0000570451993021
4.8288814604548511	0.9998654141207227
4.8334362490726299	0.9999875935737221
4.8373484429565012	0.9999401586664953
4.8410316901829962	1.0000205500583639
4.8446557001201649	0.9999598836241385
4.8482780251622479	1.0000273441843577
4.8519235916062682	0.9999691391892374
4.8555972418911262	1.0000276723849946
4.8593021387938453	0.9999741574673224
4.8630351429733443	1.0000265288959733
4.8667962434778707	0.9999772922567035
4.8705822511493384	1.0000249840520179
4.8743951839492459	0.9999798873114485
4.8782365287002598	1.0000224234237025
4.8821169718220112	0.9999837098296108
4.8860541386827583	1.0000168008520038
4.8900938296147363	0.9999881210293008
4.8943673634816651	1.0000559237257778
4.9012509244400100	0.9998671760507643
4.9059016284203345	0.9999893683632495
4.9098477010998520	0.9999377692502827
4.9134837196680934	1.0000276752417536
4.9169935615724185	0.9999491701853817
4.9204533654442386	1.0000373482303822
4.9239057068711656	0.9999553294932272
4.9273729929342434	1.0000362266863658
4.9308761979677795	0.9999622805948882
4.9344324287308181	1.0000291584124126
4.9380666301937302	0.9999727151807228
4.9418113673815975	1.0000164004168859
4.9457297771996229	0.9999849451129833
4.9499704130151940	1.0000485691625223
4.9568147353639773	0.9998513373815444
4.9609979408482481	0.9999987717388527
4.9645165988357407	0.9999124208639728
4.9678322996856119	1.0000359732391946
4.9711173139946681	0.9999361166845289
4.9744306306074213	1.0000394382616211
4.9778037013028547	0.9999530021834107
4.9812542682582723	1.0000318581245076
4.9848067673457894	0.9999692569509568
4.9884929415515886	1.0000172375603897
4.9923765947276575	0.9999850151868311
4.9966079071737868	1.0000475286588453
5.0035101525653154	0.9998606543563990
5.0079339456895475	0.9999884036042851
5.0117272834339177	0.9999318115868963
5.0153074547691716	1.0000224432176614
5.0188359190336280	0.9999516518967280
5.0223630903278424	1.0000296696461670
5.0259088299707546	0.9999602882268521
5.0294748631389092	1.0000304604037165
5.0330627738757112	0.9999643941217914
5.0366695479679224	1.0000295111240862
5.0402967386999462	0.9999671026828532
5.0439444718997262	1.0000274690721587
5.0476193997941348	0.9999704716013206
5.0513292358965858	1.0000233065943178
5.0550920054855943	0.9999768013086259
5.0589343647573708	1.0000148399954090
5.0629129853185830	0.9999850738824165
5.0671698507806369	1.0000509737552568
5.0740849133428174	0.9998679515305990
5.0788029858711292	0.9999815303407018
5.0829137442107788	0.9999497076651163
5.0868125156124941	1.0000086687375369
5.0906958968697165	0.9999749790107262
5.0946811346874057	1.0000088875656747
5.0989435616452115	0.9999452271453900
5.1058781345028548	1.0001278191787610
5.1106557398533496	1.0000198693464302
5.1148852622613221	1.0000401661372462
5.1189991593379904	0.9999969752927986
5.1233061200234218	1.0000585014835952
5.1302980860257152	0.9998750058582693
5.1351358752709881	0.9999791692377449
5.1394850529623284	0.9999652239424490
5.1438696506072477	1.0000480997843268
5.1508037000017417	0.9998538872186076
5.1552699746722155	0.9999930780533128
5.1590018394068613	0.9999258660079623
5.1624599523361994	1.0000349873100145
5.1658330675676467	0.9999434093100628
5.1691906194750210	1.0000433037370120
5.1725698965896481	0.9999546533620194
5.1759912989272454	1.0000395544996015
5.1794779320123947	0.9999663108510913
5.1830532173657868	1.0000282989657756
5.1867554740088329	0.9999819060936035
5.1906466931236439	1.0000141924667423
5.1948813930060487	0.9999514129238081
5.2016727196779202	1.0001582981565609
5.2055836311902297	0.9999900824725694
5.2088809859843037	1.0001009780653967
5.2120405558090024	0.9999565764870729
5.2152133503098490	1.0000696963616540
5.2184480567573459	0.9999559812139934
5.2217637760996389	1.0000481896870950
5.2251753576048712	0.9999648898528403
5.2286995877250675	1.0000294546080768
5.2323685277165124	0.9999799942882497
5.2362410205109482	1.0000122256384463
5.2404705140212338	0.9999497470674844
5.2473804675886777	1.0001343454909062
5.2518565052198563	1.0000101235640420
5.2557110883328253	1.0000606136312276
5.2593555017847748	0.9999767684389630
5.2629447510259499	1.0000409007659337
5.2665312780898992	0.9999691654948299
5.2701312138951817	1.0000328413775583
5.2737498892703440	0.9999679844324910
5.2773870892374815	1.0000288622752960
5.2810460172262381	0.9999691911308682
5.2847296414932607	1.0000251953476382
5.2884486181401611	0.9999729105935881
5.2922173246234214	1.0000188957705010
5.2960656808552553	0.9999810862580871
5.3000465322330967	1.0000107719126452
5.3043052814831944	0.9999447655322788
5.3112314501228033	1.0001254486451452
5.3160505478717894	1.0000183463878145
5.3203202684596080	1.0000373689427369
5.3244600612278852	0.9999948417544005
5.3287740651793420	1.0000576505723979
5.3357064243434076	0.9998641972915224
5.3403559384999051	0.9999840802193393
5.3443434732938160	0.9999402800218626
5.3480816298156331	1.0000156214212030
5.3517587226082100	0.9999606051046616
5.3554583514717358	1.0000169027403685
5.3592429047783412	0.9999766635860722
5.3631811455269585	1.0000085952441349
5.3674288621926207	0.9999447036022354
5.3743571247162674	1.0001260623655841
5.3790836179181314	1.0000166413642941
5.3832678082296468	1.0000383328374465
5.3873535412078857	0.9999945795899913
5.3916528569603059	1.0000552901184940
5.3986249153897790	0.9998685715712515
5.4034421226294516	0.9999726056120034
5.4077728766409905	0.9999562585911888
5.4121531238436598	1.0000352009888140
5.4192686066175773	0.9998635718296870
5.4235309139430186	0.9999999232581639
5.4272269264685962	0.9999401336432859
5.4308114646675971	1.0000205633564052
5.4344766383355347	0.9999721578512319
5.4383351984656354	1.0000052312367897
5.4425629841914205	0.9999379721293260
5.4493146284334211	1.0001341191407234
5.4588950582767897	0.9997954998145575
5.4772595439482457	0.9998823610221564
5.4821363157904663	0.9999806140445650
5.4869955048124073	0.9996665727676860
5.4918527169725255	0.9999369322209707
5.4967202815382770	0.9998034476873864
5.5015971683753806	1.0002577353081334
5.5058983960732517	1.0001535737527902
5.5103462989941097	1.0001313304199742
5.5173942474807998	0.9999924982067787
5.5218430679689261	0.9999502768947577
5.5259218118110072	0.9999119918974829
5.5298357468622426	0.9999614528602170
5.5337041658096986	0.9999270243652771
5.5376629107570743	0.9999700736011430
5.5419189244810045	0.9999297479223244
5.5489353480189525	1.0001946670740471
5.5541204088244092	0.9998747157720144
5.5591406952742428	1.0001612381822047
5.5640849189701260	1.0000103217142315
5.5702727478216296	1.0001761848978530
5.5746663954823399	0.9999660941071268
5.5781923241764204	1.0000431463069448
5.5815165568135807	0.9999216446023055
5.5849011465199760	1.0000021925352969
5.5884490296870144	0.9999439886075512
5.5922471432274996	0.9999848923641057
5.5964580932406491	0.9999324535686938
5.6033810930793138	1.0001276890274422
5.6077041020889373	1.0000050463993253
5.6114993583575519	1.0000549803838206
5.6152280039398521	0.9999922869211034
5.6191058105804368	1.0000220380232852
5.6233411802344886	0.9999582378903771
5.6302261173712287	1.0001503783298995
5.6344148280553954	1.0000075845619911
5.6380028810829197	1.0000806938533637
5.6414455583656844	0.9999774228761307
5.6449067819457381	1.0000492578747788
5.6484535889437968	0.9999796822590192
5.6521328779665501	1.0000249269370618
5.6560114186603814	0.9999902285959241
5.6602415825600643	1.0000509372219470
5.6670959328447088	0.9998532992682347
5.6712309105944065	1.0000010907727617
5.6747386500169066	0.9999158463576776
5.6780793965613121	1.0000333032738766
5.6814229798127611	0.9999441910369138
5.6848312354569686	1.0000315391072134
5.6883450054021480	0.9999663939432967
5.6920013021257629	1.0000174833179141
5.6958669057394218	0.9999851101085756
5.7000935021952603	1.0000472469627384
5.7070420421680144	0.9998690092475471
5.7117158473783212	0.9999799455358093
5.7158337227586848	0.9999536146442701
5.7197660651537667	1.0000119686075795
5.7236544428520721	0.9999763094392720
5.7275314673317137	1.0000238640372434
5.7313967860914055	0.9999810610899197
5.7352318655290997	1.0000304398291382
5.7390239245804064	0.9999772055117907
5.7427641754974212	1.0000337162775461
5.7464581525926670	0.9999714934874323
5.7501147228248000	1.0000337041162315
5.7537497462677925	0.9999678393105538
5.7573753016624227	1.0000312165043130
5.7610053941325496	0.9999671287035399
5.7646490923859455	1.0000274117093038
5.7683184625493560	0.9999693720412440
5.7720239289117394	1.0000222230347018
5.7757841413420552	0.9999755783134703
5.7796253797114092	1.0000137445018056
5.7836035121811245	0.9999842483470939
5.7878602139479938	1.0000505174705980
5.7947579046498419	0.9998650346750685
5.7994047685101586	0.9999845850515605
5.8033930913539207	0.9999403371312802
5.8071115083684868	1.0000200806762143
5.8107296091028200	0.9999553846161879
5.8143094279930230	1.0000295864655342
5.8178809268315295	0.9999610397156004
5.8214543274565065	1.0000313474503082
5.8250380427733424	0.9999639906849087
5.8286342135795026	1.0000304490730314
5.8322474864128742	0.9999662771599812
5.8358786512931342	1.0000284831538206
5.8395320084944498	0.9999686817551756
5.8432091337121159	1.0000257729498840
5.8469165046700855	0.9999719132519774
5.8506601654608543	1.0000216341502042
5.8544552438506825	0.9999775481104766
5.8583246354026555	1.0000140258327981
5.8623208368192001	0.9999846885137071
5.8665823967894122	1.0000512332628957
5.8735001328561554	0.9998690462771358
5.8782658145835747	0.9999819507849702
5.8824017444181003	0.9999480890138132
5.8862630712279236	1.0000160764898649
5.8900048917735264	0.9999613730992690
5.8936813808167496	1.0000278421558058
5.8973185173190075	0.9999636086506107
5.9009259508181406	1.0000326242321971
5.9045145168230064	0.9999636288356168
5.9080909925849179	1.0000337903236738
5.9116656636229230	0.9999641582641191
5.9152449302331700	1.0000324463355532
5.9188376218089624	0.9999656182837139
5.9224479787638797	1.0000295337942198
5.9260821993746564	0.9999675860887697
5.9297416971932684	1.0000259740349557
5.9334298031877619	0.9999695082091901
5.9371449636695193	1.0000226014319191
5.9408875070467042	0.9999709215154539
5.9446528059946440	1.0000201224028271
5.9484383568890440	0.9999715682544372
5.9522373752594699	1.0000188911981067
5.9560467284818630	0.9999717091499580
5.9598614887396595	1.0000184175271332
5.9636838186474677	0.9999725967166230
5.9675181726313449	1.0000169326940473
5.9713808385738467	0.9999767057120023
5.9752972437766179	1.0000116903606198
5.9793215081986446	0.9999833296113204
5.9835911662426060	1.0000515182255738
5.9903147949498683	0.9998346422170301
5.9941466926560310	1.0000166695069850
5.9973085952979037	0.9998826519769707
6.0003044163998647	1.0000563390611223
6.0032967794260488	0.9999114216622650
6.0063302455490870	1.0000597801345337
6.0094211924531447	0.9999304729937568
6.0125694324658241	1.0000555042320742
6.0157757533714040	0.9999428431473150
6.0190355421001129	1.0000496169020112
6.0223479656808774	0.9999514899666435
6.0257086910798483	1.0000438159322602
6.0291173788406569	0.9999581044827551
6.0325708874220698	1.0000384301976963
6.0360703154824717	0.9999637547704960
6.0396148521769835	1.0000331213674472
6.0432091449308638	0.9999695493236253
6.0468582231464660	1.0000267445426456
6.0505769635277495	0.9999774834125664
6.0543892209619941	1.0000169219568711
6.0583501326583606	0.9999867686202168
6.0626019679063150	1.0000520246193887
6.0695702852112374	0.9998789359546978
6.0742361139622361	0.9999946070833732
6.0782719809142884	0.9999551446002934
6.0820395950796087	1.0000297439277541
6.0857057742192415	0.9999689899751582
6.0893426479060269	1.0000342322049938
6.0929945097345009	0.9999746829280645
6.0966819064833944	1.0000292471296910
6.1004185918013487	0.9999792545370543
6.1042056162133242	1.0000249361054350
6.1080417769953241	0.9999835976623318
6.1119196019419215	1.0000236812401968
6.1158355375641991	0.9999875698419668
6.1197877792767992	1.0000222693034564
6.1237884892351726	0.9999919356439506
6.1278693722793651	1.0000191234689655
6.1321555752324439	0.9999482131863362
6.1393704600267576	1.0000688735494787
6.1440672056493382	0.9999738021695426
6.1481823118296148	0.9999908352698416
6.1519243643663932	0.9999378017376392
6.1554629632367925	1.0000381601492019
6.1589547494974344	0.9999803069583175
6.1625465563267596	1.0000464977093171
6.1663625123211592	1.0000149119187962
6.1705732086624385	1.0000767799754808
6.1775513864743328	0.9999025751257373
6.1875717963071795	1.0000864330708077
6.1925986335236667	1.0000263208284688
6.1976857639187255	1.0003986743098048
6.2060520854452275	0.9996891872049372
6.2093332960750542	0.9999510932361847
6.2123872201622810	0.9998289349988129
6.2156894218432255	0.9999504398941204
6.2193445127224996	0.9999307450535516
6.2235242435991029	1.0000038839154402
6.2306422570266458	0.9998674557322198
6.2351989201479778	0.9999762186334606
6.2393819324173991	0.9999602920744848
6.2437196896974489	1.0000245496045030
6.2511754788617058	0.9998745404130739
6.2553451972377374	0.9999820649631072
6.2591986619576927	0.9999410625273675
6.2631191962811661	0.9999766493015567
6.2673667699509359	0.9998957748699001
6.2731505044724365	1.0002052697613357
6.3018804841742284	1.0001478016999914
6.3068008856812146	0.9999769650135564
6.3105911031231994	1.0000549598856912
6.3142512671740061	0.9999879008738959
6.3180756299824123	1.0000272576141644
6.3223019179605409	0.9999738316419008
6.3292783600895062	1.0001641875323537
6.3334016046957826	1.0000228868442527
6.3369585308815308	1.0000995043791638
6.3403692430927858	0.9999910566715166
6.3437718997577708	1.0000727589085334
6.3472085639761486	0.9999843129233399
6.3506899344816548	1.0000572192892998
6.3542187086599373	0.9999828573853560
6.3577922252702157	1.0000466653334819
6.3614110058841273	0.9999829184661410
6.3650740968041690	1.0000379502035062
6.3687874754124660	0.9999846343106125
6.3725598890170323	1.0000284666290247
6.3764156509831578	0.9999901431793233
6.3804024354614519	1.0000185518274995
6.3846625561444048	0.9999513526312914
6.3915761625674667	1.0001329096243494
6.3963262624219936	1.0000190020891793
6.4004499143331186	1.0000520936391353
6.4043213125521126	0.9999866346256320
6.4081053514035728	1.0000340161594763
6.4118749193723170	0.9999802972386339
6.4156715629854961	1.0000234547731506
6.4195357299026563	0.9999850993390230
6.4235250635168244	1.0000140611571431
6.4277863166614750	0.9999474101955835
6.4346942913136091	1.0001312756121874
6.4394021730231294	1.0000163000273676
6.4434915826896759	1.0000497822857475
6.4473691632454706	0.9999891526982508
6.4512326218138627	1.0000239580506858
6.4552065156172445	0.9999897306985649
6.4594646985211117	1.0000529801604958
6.4663861541207242	0.9998675055507510
6.4710347831231925	0.9999824135242172
6.4750965959192248	0.9999504006521397
6.4790010116298546	1.0000049372143878
6.4829785893940057	0.9999787541632380
6.4872400988739791	1.0000465880863880
6.4941884445590006	0.9998667309330416
6.4988652295533926	0.9999790059817865
6.5030042407989193	0.9999564219162990
6.5070598477488737	1.0000018598048361
6.5113524897302062	0.9999435201061179
6.5183837018593458	1.0001220719606796
6.5232261149056177	1.0000281479031723
6.5277843087145788	1.0000967581778981
6.5338148233847173	0.9997388530174159
6.5401554337706065	1.0002518581798128
6.5622046242872285	1.0001207870918833
6.5670048609637508	1.0000638630849856
6.5714430153443777	1.0000802903699739
6.5757495183133923	1.0001037980541532
6.5800231141696992	1.0000877941929729
6.5842523115310199	1.0000153424317921
6.5882726605767470	1.0000486758124996
6.5919995580187409	0.9999580571983203
6.5955039636783184	1.0000395092881160
6.5989236247095748	0.9999461925461872
6.6023804024863244	1.0000214689711417
6.6059706462511576	0.9999646351257737
6.6097900167696331	1.0000001589762049
6.6140073092347436	0.9999405369381866
6.6206748149714469	1.0001727304007311
6.6240230073194759	0.9999514509119667
6.6269505089848098	1.0001134785985923
6.6298687868371653	0.9999315736447594
6.6328668117818550	1.0000697442385775
6.6359566690406853	0.9999326909596196
6.6391320372020592	1.0000457172565862
6.6423850896319276	0.9999375831242407
6.6457071094633937	1.0000320893765648
6.6490939881733491	0.9999437587338692
6.6525418694599150	1.0000230996883119
6.6560531094969724	0.9999512874466179
6.6596321629356545	1.0000150432575319
6.6632938575082541	0.9999618745063535
6.6670634395318311	1.0000044186530421
6.6709980823436368	0.9999743265797358
6.6752428786383016	1.0000395151772405
6.6821461300962577	0.9998553341162792
6.6866890012479230	0.9999793866557529
6.6905814738088329	0.9999300284016377
6.6942285542435833	1.0000159943649207
6.6978007563083235	0.9999493400661069
6.7013611570383311	1.0000243720079682
6.7049439322811510	0.9999605685397813
6.7085682057638918	1.0000226368384963
6.7122584084313086	0.9999718491911751
6.7160451742607004	1.0000138309361049
6.7199893105712825	0.9999837948541734
6.7242368165726045	1.0000489128177337
6.7311465781609741	0.9998649201415586
6.7357457219404422	0.9999845370023621
6.7397143747056649	0.9999419919399393
6.7434557076149453	1.0000163141520917
6.7471478459966594	0.9999637828466770
6.7508666570495679	1.0000185385773024
6.7546688438651534	0.9999798296092521
6.7586187441005547	1.0000116703066355
6.7628694330910113	0.9999476144540520
6.7698009074731793	1.0001284619548381
6.7745676280764373	1.0000204407293545
6.7787907838403996	1.0000405423531351
6.7829015836492657	0.9999970675532253
6.7872075611327434	1.0000581706363019
6.7941494892359922	0.9998648022867223
6.7986649911102930	0.9999895514227638
6.8025313070982998	0.9999384390985687
6.8061880743226428	1.0000185683427711
6.8098327850739313	0.9999643447222649
6.8135611359852764	1.0000137410707972
6.8174642242637207	0.9999832037062225
6.8217014925777484	1.0000472269265896
6.8285387752468143	0.9998492061380578
6.8328504722973733	0.9999864249916534
6.8365047602483155	0.9999149504653700
6.8399576913061360	1.0000188498920475
6.8433882381739171	0.9999389668207513
6.8468640940474570	1.0000187300772525
6.8504289462373968	0.9999581130992354
6.8541213589662444	1.0000068536300701
6.8580081152268120	0.9999756007134941
6.8622403625652462	1.0000392030790608
6.8690756005257452	0.9998415855731695
6.8731406988890411	0.9999974255357852
6.8765754768811247	0.9999044078737346
6.8798428926958604	1.0000342647179994
6.8831042616569746	0.9999337655967930
6.8864100442267482	1.0000384645460882
6.8897855949321860	0.9999540558952859
6.8932439647575920	1.0000327307658787
6.8968060058818894	0.9999721693993266
6.9005006764662919	1.0000203272033215
6.9043898168691245	0.9999890853106386
6.9086224699668195	1.0000524890813542
6.9155404983067985	0.9998695115743105
6.9200672740932134	0.9999906120209668
6.9239846399684328	0.9999460506691087
6.9277003627134315	1.0000212717974539
6.9313849857475445	0.9999690761215462
6.9351064534757132	1.0000229461980414
6.9389150588093997	0.9999846806387938
6.9428701048126014	1.0000160489692824
6.9471219533917763	0.9999514775274557
6.9540419435655885	1.0001336994189971
6.9587475763398290	1.0000196140770450
6.9628347768805359	1.0000542168362485
6.9666819154326669	0.9999875411356123
6.9704465999573175	1.0000367463788369
6.9741890887839384	0.9999794386118245
6.9779319764662082	1.0000303167008355
6.9816855044845640	0.9999779079850141
6.9854519010159688	1.0000273193724949
6.9892346567177652	0.9999784382582055
6.9930339805959294	1.0000251404648275
6.9968545329282774	0.9999799618190431
7.0007000385395344	1.0000220964043764
7.0045826087088860	0.9999830841979087
7.0085208578428801	1.0000157168892163
7.0125610121496251	0.9999863906314878
7.0168347403530973	1.0000532392802624
7.0237509166496181	0.9998682486096164
7.0284164732646612	0.9999867245544453
7.0324091673612328	0.9999408273373419
7.0361208273071183	1.0000204769440797
7.0397390148434447	0.9999565707190642
7.0433485530264077	1.0000236942041092
7.0470068943347215	0.9999692190586357
7.0507616225410752	1.0000132643150170
7.0546841368581479	0.9999818830458821
7.0589262059764168	1.0000454568479422
7.0658678701164739	0.9998657757681737
7.0705280558664008	0.9999779318460256
7.0746219894356663	0.9999484298386190
7.0785606812730153	0.9999993839375474
7.0825614153411500	0.9999713629974081
7.0868288607007974	1.0000355178001550
7.0932646153781391	0.9997519138101041
7.0984600812961727	1.0001262170385465
7.1034848729470887	0.9999169424368142
7.1084277050778519	1.0001749083807887
7.1133031309782879	0.9999020222462928
7.1181562657559736	1.0000971580044635
7.1230135384373874	0.9997701905084285
7.1278785228858528	0.9999138699747615
7.1339035546219050	0.9997643307537463
7.1391816594218334	1.0002136097087597
7.1442209116854603	0.9998150745519633
7.1474770018496159	1.0001103099077260
7.1511437300915688	0.9999888324383802
7.1547910994257125	1.0000400351691618
7.1584838424760164	0.9999929150739527
7.1622334189722237	1.0000441116002134
7.1660202791391034	0.9999998406104288
7.1698246402593337	1.0000477950226074
7.1736413222450315	1.0000015530874009
7.1774717495108886	1.0000449808180669
7.1813328951180031	1.0000034586688376
7.1852485403076107	1.0000375815714742
7.1892730982370674	1.0000097625066424
7.1935423656664028	1.0000811000981980
7.2001960938328828	0.9998634758399212
7.2046712281738436	1.0000065286245412
7.2083237194014069	0.9999224779079003
7.2116525498912125	1.0000482528191064
7.2148779821818545	0.9999325635188413
7.2180854934009293	1.0000518490376198
7.2213178408650487	0.9999404197719560
7.2245932017440833	1.0000436302661870
7.2279265811055708	0.9999478901580685
7.2313267287435297	1.0000318053273765
7.2348077634060797	0.9999573584818339
7.2383861122704563	1.0000178382121152
7.2420940739705593	0.9999719013861342
7.2459897372086033	1.0000043823035298
7.2502253484598347	0.9999423731395565
7.2570744354206251	1.0001406603286633
7.2612959245186524	0.9999990252177824
7.2648699160877923	1.0000788872829511
7.2682603214263484	0.9999683862625333
7.2716397491220581	1.0000545918898540
7.2750768369812180	0.9999714517539503
7.2786108731487076	1.0000356741820449
7.2822828755699716	0.9999864788256014
7.2861562860976967	1.0000191736330610
7.2903861638134524	0.9999570227788660
7.2973195845935450	1.0001372364471108
7.3019079672957004	1.0000203853138492
7.3059103050698111	1.0000561719755960
7.3097210921349003	0.9999884926712169
7.3134914118277505	1.0000328704260348
7.3172703627983360	0.9999791649657410
7.3210675031895596	1.0000232051821627
7.3248786687012482	0.9999739855795091
7.3286912589844846	1.0000200023273305
7.3324956126264569	0.9999696717350189
7.3362822990605485	1.0000198782105185
7.3400507726761575	0.9999670543765405
7.3438029033783714	1.0000203199919822
7.3475482574614643	0.9999673321427562
7.3512956101233042	1.0000198972325318
7.3550580554745801	0.9999705979767458
7.3588464217818812	1.0000179687691417
7.3626779424735505	0.9999769747523792
7.3665753640838378	1.0000129091724144
7.3705891810875794	0.9999847337427584
7.3748556270813515	1.0000526462059143
7.3815705267542500	0.9998338862999633
7.3966846636355328	0.9995574249954550
7.4133034576993575	0.9999803693114565
7.4175773981389614	1.0000021286377552
7.4212184111464392	0.9999025548597362
7.4246891369057417	0.9999883547621899
7.4281746873048782	0.9999150572639715
7.4317313545664847	0.9999855485901694
7.4353649737706426	0.9999314154379080
7.4390776155913123	0.9999827489369369
7.4428902092197493	0.9999441458503386
7.4468508252703298	0.9999738410323666
7.4511037067841244	0.9999073580468794
7.4579414017343524	1.0001023028365208
7.4625168265140891	0.9999814840123412
7.4664754814527194	1.0000232763741990
7.4702935774776007	0.9999660165128085
7.4742158171376500	0.9999978883577821
7.4784643293815334	0.9999378379812235
7.4855146771058116	1.0001131400937473
7.4902935045616221	1.0000199262377498
7.4948367785956735	1.0000802839001321
7.5009110421000420	0.9997098095674258
7.5071432325809422	1.0002040956011291
7.5362736063374500	1.0000997786427552
7.5403231244497491	0.9999963478643229
7.5440526018469010	1.0000671869270319
7.5478433600846655	1.0000235592613627
7.5517391016858806	1.0000534794177374
7.5557340114724001	1.0000231811546367
7.5598267126665739	1.0000444001723916
7.5641124531684705	0.9999659538575740
7.5710658430062319	1.0001131262779059
7.5760099061360604	0.9999769023822100
7.5830324929599549	1.0002191531020752
7.5991307137873827	0.9995058782692193
7.6057482702362638	1.0000708858239618
7.6108814357948100	0.9999959409503610
7.6154997505714617	1.0000125824981982
7.6225714629228758	0.9999338652002604
7.6290424759267559	1.0002197203995911
7.6344120835748184	0.9997573485266030
7.6394996534948678	0.9999883383272711
7.6444702472100330	0.9998461598573392
7.6493921095418056	1.0003484739640991
7.6528069476723601	1.0000795172379793
7.6562624473948055	1.0001637380200523
7.6596624940714229	1.0000412962349292
7.6630745170120047	1.0001076015885395
7.6665523493594803	1.0000139154633283
7.6701223564863685	1.0000592152489411
7.6737996624929385	0.9999930403415258
7.6775949943637034	1.0000195099114588
7.6815497845266192	0.9999795176505969
7.6857991165698190	1.0000382835109254
7.6921677926840157	0.9997556741108594
7.6989981106270839	1.0001623855499584
7.7049728809897999	0.9995746758387463
7.7130272162457088	1.0002282685362573
7.7220563272161655	1.0002582407587821
7.7266862005788983	1.0001179668790852
7.7312032053695381	1.0001569193246298
7.7379880076996201	0.9998738166062852
7.7533399726762484	1.0003649855972419
7.7583738720841486	1.0001822496800241
7.7620863865753584	1.0002337401958461
7.7654757712127678	1.0000808176183680
7.7688178568639321	1.0001436923891378
7.7722066699073578	1.0000268472342724
7.7756696490652404	1.0000810824485817
7.7792098030003753	0.9999959943428245
7.7828193429766950	1.0000444908788584
7.7864890332829519	0.9999801213396813
7.7902087868933885	1.0000260649485189
7.7939725353413545	0.9999746146421343
7.7977750998465956	1.0000182176201771
7.8016173559032973	0.9999761869406582
7.8055031966722526	1.0000148208818598
7.8094495919571640	0.9999835135329441
7.8134948624672624	1.0000134741045648
7.8177710005404126	0.9999469473909200
7.8250058044961639	1.0000705543190738
7.8298414062293276	1.0000087015059862
7.8343353112468863	1.0000543774432638
7.8413243297101962	0.9999810971945252
7.8454978703659588	1.0000271295513037
7.8495478592584300	0.9999940208124123
7.8538081713184056	1.0001213857845814
7.8583657807426253	0.9997474190006076
7.8621722459311192	0.9999798878336329
7.8665710145249284	0.9998657658131144
7.8712498044483912	0.9999692663650092
7.8809350259007385	0.9999199001004249
7.8857967735473276	1.0000393901125455
7.8899147341638347	1.0000659316661642
7.8937779715495529	1.0001195615933849
7.8977274814966680	1.0000623204117165
7.9019610478640567	1.0000762725809940
7.9091094683286967	0.9998364533274882
7.9130376108317728	0.9999609107295357
7.9166035323271338	0.9998873414487246
7.9202243272417929	0.9999492401059314
7.9240314602464714	0.9999206812089810
7.9279772625703586	0.9999374163980768
7.9321240985272903	0.9998624825490893
7.9360870219501738	0.9998908099331495
7.9397795078321556	0.9998461225950693
7.9432416145766087	0.9999741835596110
7.9466241008279921	0.9999129451621541
7.9501164574482122	1.0000035005002448
7.9538727430117211	0.9999812325115737
7.9580747911162932	1.0000466502970919
7.9651798972466752	0.9998821131857811
7.9692017077382422	1.0000215628471198
7.9728218097779076	0.9999618588090453
7.9764533606303631	1.0000303837678439
7.9802841624973597	0.9999985319479963
7.9845047335973804	1.0000589706639791
7.9914337521691925	0.9998723118789394
7.9958038344233193	0.9999987597937725
7.9995678926163762	0.9999391794337064
8.0031325560033526	1.0000298143522806
8.0066482782648993	0.9999564738275273
8.0101634876153085	1.0000345494645386
8.0137051205629177	0.9999649830578569
8.0172903480030939	1.0000295908557899
8.0209452187007564	0.9999745382997867
8.0247035758260203	1.0000172282839552
8.0286298427243032	0.9999856389276789
8.0328726501406074	1.0000491813890662
8.0397514783080926	0.9998579266475267
8.0441354784921995	0.9999892719591762
8.0478864810664543	0.9999299870318498
8.0514567514344435	1.0000182440517658
8.0550396111946050	0.9999599079847314
8.0587263007963994	1.0000126287308886
8.0626054283179052	0.9999819431603146
8.0668362613161655	1.0000454256447127
8.0737413191499829	0.9998594303158702
8.0781391201248454	0.9999872835018806
8.0819469612377350	0.9999369147143464
8.0856112692244064	1.0000129270821367
8.0893298454759730	0.9999712361042643
8.0932182950157365	1.0000086160213875
8.0974543987955485	0.9999490572639717
8.1044284010990815	1.0001257845857352
8.1092515600130266	1.0000256687785611
8.1138062879518493	1.0000800973529980
8.1209837099359383	0.9998730516119656
8.1259074613107565	0.9999774016079828
8.1304960647560893	0.9999440454270196
8.1387004813603170	1.0000844042894903
8.1439124910936656	0.9997434414667239
8.1489097510947452	1.0000459068621927
8.1538300670220600	0.9999521988072869
8.1600615951552768	1.0002558797054433
8.1675637921626869	0.9997875536910641
8.1734441443477106	1.0002082531530261
8.1787676466766932	0.9998532348175563
8.1834403305836627	0.9999734933497743
8.1873564110852719	0.9999606141928619
8.1909338125368230	1.0000696324232679
8.1944709921101531	1.0000094431000117
8.1980893000327821	1.0000683603250839
8.2018409964768804	1.0000209373820164
8.2057639348269866	1.0000423701666297
8.2100081035651584	0.9999686414440131
8.2170643129213552	1.0001202749178157
8.2218689484948388	1.0000341520779226
8.2262130166152829	0.9999970545581262
8.2304723212817112	0.9999819584629887
8.2348191538322961	1.0000273340132046
8.2435915786860985	0.9998756572309613
8.2470682074640216	1.0001047895179687
8.2508402500470339	1.0000243726226572
8.2548651781054829	1.0000044499971177
8.2591177569315253	0.9999309100959007
8.2665520386559450	1.0000497037892964
8.2717096745212562	0.9996362792919502
8.2764585296323681	0.9998542695981685
8.2810133465086224	1.0000234852097298
8.2887432018442553	1.0002818246916421
8.2921167036771362	1.0000830527126809
8.2954651526777745	1.0001472400215830
8.2989979848852578	1.0000572022943579
8.3027853123143185	1.0000704950040689
8.3069734307495864	0.9999964138402483
8.3138886304471029	1.0001456084162295
8.3184767344651735	1.0000297664354367
8.3225604824652688	1.0000519054090136
8.3265945081729562	1.0000039383086330
8.3308745426672264	1.0000624104102527
8.3378009119258980	0.9998694603940826
8.3424185530694004	0.9999871667094163
8.3464036290164234	0.9999443272909773
8.3501587418720025	1.0000177738182641
8.3538433857792018	0.9999611312192948
8.3575074354532806	1.0000253882360048
8.3611711385619838	0.9999664442214780
8.3648393244613128	1.0000266031508611
8.3685212559695579	0.9999695499969476
8.3722274994218129	1.0000233521755342
8.3759803123135210	0.9999753981003310
8.3798113648210961	1.0000136914373359
8.3837818059544666	0.9999826222918031
8.3880367150772113	1.0000464688595956
8.3949562326047733	0.9998594948394119
8.4024845532582582	1.0002512347002930
8.4072890643685128	1.0000910344192033
8.4113891828266869	1.0001090596163533
8.4157304332886369	1.0000147335416096
8.4227555392471896	1.0001289135774598
8.4272809963427786	1.0000236053171838
8.4312777061943951	1.0000543729047087
8.4350891247878721	0.9999777478047183
8.4388615040108199	1.0000075804832338
8.4426672677382211	0.9999417959910124
8.4465402823619709	0.9999600820271187
8.4505423172027765	0.9999234360169293
8.4548022904024638	1.0000039597350869
8.4605179295328359	0.9996772955852090
8.4694305366266693	1.0001275615090119
8.4740573573892135	1.0000531339402450
8.4781140655532461	1.0000674146578674
8.4821000341551862	1.0000104344880194
8.4860916056808708	1.0000344199410569
8.4900919609665593	0.9999994346522022
8.4941138911203193	1.0000349107040309
8.4982054138520855	1.0000159931613104
8.5024936595004537	1.0001003240358690
8.5094393162834248	0.9999584652233566
8.5143731739333557	1.0000718921962852
8.5224404339018882	0.9998937719336729
8.5274503960586454	0.9999667653315816
8.5346429941683883	0.9997503902226859
8.5376325023680586	1.0000159722399342
8.5405295164571342	0.9998625518180204
8.5435850488511349	1.0000123728439780
8.5468205542446416	0.9999227994142464
8.5502151513496063	1.0000085051245733
8.5537645222168361	0.9999553999211565
8.5574637269310223	1.0000063038399325
8.5613597243877528	0.9999784380809783
8.5655909396938430	1.0000445540374454
8.5725180486627703	0.9998664529122637
8.5769704728078366	0.9999933550052458
8.5808043179717011	0.9999427800327375
8.5844469677665334	1.0000250829855521
8.5880853743067611	0.9999716980626481
8.5918108684660428	1.0000217425977647
8.5957126186120387	0.9999909141190703
8.5999495029697801	1.0000533348338025
8.6068963534402165	0.9998698174325181
8.6113892862227637	0.9999884503080926
8.6152861200741899	0.9999407123936012
8.6189990201507491	1.0000119495457980
8.6227050657896065	0.9999613762322320
8.6264857184305122	1.0000049105118880
8.6304222343665753	0.9999735598235059
8.6346680314052762	1.0000372020008945
8.6415998938539413	0.9998562560651856
8.6464268444584302	0.9999619188230702
8.6507723359815909	0.9999519812019289
8.6551553477499379	1.0000437098036901
8.6606278817704059	0.9996231321358939
8.6659025347343928	1.0001908799765169
8.6692475990359217	0.9999533290122893
8.6733160186631668	1.0000479073854247
8.6776376907193171	0.9999805715833587
8.6822515542565046	1.0003258911737227
8.6870174797261903	1.0001808511788830
8.6938541907032949	1.0000453827374927
8.6973985644616771	0.9998919645304596
8.7008180713788423	0.9999737364254565
8.7043099294373363	0.9999058993008987
8.7079319235669548	0.9999726184046362
8.7116767590563686	0.9999423343369560
8.7155296380482827	0.9999919386962508
8.7194752268562077	0.9999731224115241
8.7234980160123445	1.0000127602233306
8.7276054412600512	0.9999989898886725
8.7318959707717703	1.0000844573247301
8.7384345631251925	0.9998599345179167
8.7426153121257979	1.0000192350122086
8.7460950440022636	0.9999304222651626
8.7494168537568271	1.0000492738981468
8.7527534617624188	0.9999576844002228
8.7561362990125424	1.0000496795231280
8.7595642105594198	0.9999657983930660
8.7630216219151045	1.0000464715663020
8.7665006348149817	0.9999660750026368
8.7699950823099755	1.0000422840374568
8.7735085100771855	0.9999662224409717
8.7770454744222342	1.0000368794963173
8.7806174906156311	0.9999693608195875
8.7842365752952407	1.0000294616550451
8.7879239748147704	0.9999770860276299
8.7917093237479040	1.0000181038158824
8.7956527007685761	0.9999873388801600
8.7999000008444384	1.0000518812381669
8.8068284255805072	0.9998707601139417
8.8115469387844687	0.9999817866508603
8.8156919015855415	0.9999548279772591
8.8196665466476816	1.0000054205274445
8.8236884925323835	0.9999801141650753
8.8279617288204744	1.0000492639087470
8.8348755004511936	0.9998633089136166
8.8394394790895774	0.9999874175341106
8.8433407693064403	0.9999375659907281
8.8469942533513315	1.0000218062994788
8.8505820396602157	0.9999572817716657
8.8541792836159523	1.0000254275780462
8.8578353840379638	0.9999719377535122
8.8615919781608437	1.0000162589205477
8.8655166047380831	0.9999855703399660
8.8697590237152486	1.0000497842203517
8.8766071744478285	0.9998535119319694
8.8808300456998328	0.9999982102088216
8.8843841257328329	0.9999154374316536
8.8877258787765339	1.0000359033946071
8.8910248118529314	0.9999367101420022
8.8943344142684264	1.0000419931430156
8.8976769677531493	0.9999486954054195
8.9010563867094596	1.0000403003097600
8.9044759845731409	0.9999559939895006
8.9079334753956481	1.0000366379696155
8.9114298767492706	0.9999611396384482
8.9149633514893836	1.0000324491390706
8.9185367603360444	0.9999657172454971
8.9221520023342329	1.0000274498032982
8.9258181947658244	0.9999714404253897
8.9295477352728412	1.0000199401714913
8.9333687679687923	0.9999808684368906
8.9373333686099272	1.0000109341272392
8.9415875286427919	0.9999455426120817
8.9484429831281940	1.0001396076341471
8.9527940955083789	1.0000011217036988
8.9564373501787671	1.0000773797512883
8.9598235761396836	0.9999603527570144
8.9631299516243281	1.0000609586896765
8.9664244346722946	0.9999522755825356
8.9697359372766226	1.0000506593670033
8.9730812245200955	0.9999544959797111
8.9764703103365058	1.0000419020537727
8.9799156422357598	0.9999615311831425
8.9834294193041568	1.0000318924105847
8.9870329207914530	0.9999729975074488
8.9907567013311986	1.0000179798893267
8.9946628841301823	0.9999863081866860
8.9989001729956506	1.0000496457722596
9.0058598196042787	0.9998741587803731
9.0108534417036061	1.0000253905780703
9.0182798144218328	0.9998251841896711
9.0229005833060096	0.9999807980669039
9.0266912302479305	0.9999216824301987
9.0302098321017645	1.0000244180622258
9.0336781569296125	0.9999494787791305
9.0371788237170954	1.0000280619791206
9.0407614130865372	0.9999693692083309
9.0444660278164655	1.0000173600421385
9.0483599877804153	0.9999860097232814
9.0525940912636909	1.0000491973307399
9.0594433695697560	0.9998526619327113
9.0636038105005525	1.0000006330783782
9.0671128173417870	0.9999137904943051
9.0704255942928356	1.0000376404673592
9.0737061519722548	0.9999367035212233
9.0770058187567084	1.0000429337947365
9.0803480240103553	0.9999506285216484
9.0837406895188728	1.0000393499542224
9.0871944535625016	0.9999615054279842
9.0907186041475310	1.0000312612289646
9.0943325309142011	0.9999737205627692
9.0980648897006855	1.0000182139012836
9.1019765333017091	0.9999867323015471
9.1062152027799144	1.0000502035249328
9.1131061560911562	0.9998617283167572
9.1175219152638771	0.9999922920037925
9.1212757435061160	0.9999296029962342
9.1247878091511243	1.0000300707654988
9.1282238630797075	0.9999464937193874
9.1316390700688075	1.0000394961646657
9.1350584350372372	0.9999541690489366
9.1384895841633487	1.0000407119742234
9.1419400836985716	0.9999588791027100
9.1454126879461342	1.0000386630331497
9.1489138183077880	0.9999631653942531
9.1524474326527034	1.0000345662024532
9.1560226913106231	0.9999684302621086
9.1596487911588795	1.0000279793334685
9.1633445075011544	0.9999765457309157
9.1671373051724299	1.0000170191982654
9.1710856269274732	0.9999862615369585
9.1753341717903822	1.0000507735071134
9.1822664161738512	0.9998701457483790
9.1870407357856259	0.9999773886665407
9.1912744253379994	0.9999571723772568
9.1953904653616547	0.9999998523447515
9.1996991656186378	0.9999376375032625
9.2065891640716160	1.0001383880528747
9.2109889782416214	1.0000023139772061
9.2146803275045865	1.0000732746453975
9.2181223726786943	0.9999644144940797
9.2214979899349032	1.0000543831312989
9.2248799909567687	0.9999594408566164
9.2283032030118832	1.0000407587885756
9.2317928223361001	0.9999660668345154
9.2353725800832809	1.0000265486217674
9.2390790203908377	0.9999800578050420
9.2429731008319660	1.0000121175885393
9.2472084521826616	0.9999493263988684
9.2541285855285214	1.0001324246785817
9.2587266241389496	1.0000156446248123
9.2627309653974059	1.0000521230667803
9.2665443950942876	0.9999854390855440
9.2703246365905017	1.0000286635713729
9.2741227645276645	0.9999777524602738
9.2779426855808680	1.0000212231880070
9.2817651729746675	0.9999724483650823
9.2855548974747339	1.0000256800181115
9.2892793637435762	0.9999650430918701
9.2929197047852163	1.0000349582114219
9.2964864132519409	0.9999604758819857
9.3000103782028880	1.0000378506513297
9.3035387398196736	0.9999657802852033
9.3071209380081275	1.0000288912209399
9.3108158968768890	0.9999813886149073
9.3146995759429121	1.0000143063424367
9.3189329918480137	0.9999520219793863
9.3258327491525517	1.0001395903649122
9.3302415924984281	1.0000119362304807
9.3340441121040296	1.0000646358732785
9.3376790778469818	0.9999836268853780
9.3413230271493823	1.0000360777444859
9.3450608118622434	0.9999873388760315
9.3489702941975423	1.0000173737957521
9.3532100742952871	0.9999533685719401
9.3601393365478724	1.0001351207612217
9.3646106987884572	1.0000097250927784
9.3684528239478944	1.0000612658211721
9.3720790713323616	0.9999748559337645
9.3756512116849251	1.0000399158820164
9.3792300529192918	0.9999679828672984
9.3828412221743722	1.0000281877614903
9.3865015398120484	0.9999701775089451
9.3902264444568750	1.0000182376732512
9.3940442708793075	0.9999786977325887
9.3980070614702989	1.0000088087179608
9.4022606689422137	0.9999437790615988
9.4091914856314336	1.0001246941565753
9.4139935037729323	1.0000184020329947
9.4182500811407888	1.0000383575501954
9.4223823074780704	0.9999964111742725
9.4266940926493898	1.0000596309783416
9.4335928371191748	0.9998610188882382
9.4380293609044426	0.9999949564635535
9.4417644885620380	0.9999288817199039
9.4452508763971821	1.0000319450706285
9.4486782602713291	0.9999493406649381
9.4521200718107128	1.0000356458967521
9.4556187525740789	0.9999648013042436
9.4592029052291338	1.0000268794227620
9.4629119729189117	0.9999814100858770
9.4668072902696672	1.0000137696590747
9.4710430724957941	0.9999508981126877
9.4779473369154807	1.0001364828360029
9.4824268576509887	1.0000112962130516
9.4862742635693174	1.0000628837372967
9.4899049482764664	0.9999771091436842
9.4934778431977662	1.0000429409881295
9.4970476837069331	0.9999692254054188
9.5006311144440829	1.0000345464189500
9.5042321755068713	0.9999675505044570
9.5078473164385660	1.0000312015367920
9.5114741992272975	0.9999672624747716
9.5151078271518674	1.0000300845098244
9.5187478393502047	0.9999675657605398
9.5223930655599016	1.0000293699694440
9.5260487574211492	0.9999691769391753
9.5297207955256198	1.0000272573302884
9.5334233817001550	0.9999736347102771
9.5371744390042359	1.0000214877353857
9.5410072960431833	0.9999830871805614
9.5449779139454645	1.0000133865415288
9.5492339792480330	0.9999480651503141
9.5561418313008808	1.0001327458538309
9.5608137227646495	1.0000163444360464
9.5648539309036451	1.0000545809599266
9.5686589709034724	0.9999855568886580
9.5724026011850203	1.0000343536558962
9.5761644745803878	0.9999828505060937
9.5799972457596478	1.0000200057987538
9.5839673756656776	0.9999887441849595
9.5882222893847899	1.0000535070006031
9.5951690640431568	0.9998753381404660
9.6000702405588605	0.9999770492772921
9.6046468479050908	0.9999195639338838
9.6117905442195184	1.0001314915476880
9.6166581116697429	1.0000172107947014
9.6208596679521872	1.0000470183786849
9.6248133592243423	0.9999897159355750
9.6287042667847089	1.0000266687126793
9.6326221385672941	0.9999881536263475
9.6366407130536142	1.0000158131906658
9.6409104016424347	0.9999478269751688
9.6473026343685575	1.0002255392536983
9.6524692654574942	0.9999168223878431
9.6574744147509275	1.0002636658016713
9.6615811828507923	1.0000207063817115
9.6660542252582484	0.9999832719788462
9.6721186631932117	0.9997923869472464
9.6771433321847109	1.0001660032413400
9.6820753472117644	0.9998540907691825
9.6866485614264519	0.9999387631141774
9.6910721074782185	0.9998349107288360
9.6957601325704470	1.0000453017088606
9.7015460349413516	0.9997679486429273
9.7068686848733918	1.0002668023314756
9.7119449331329033	1.0001762590681127
9.7189405361206536	1.0002034762118830
9.7224492416497252	0.9999853920084260
9.7256767543022047	1.0000715808773870
9.7289760163798267	0.9999493472737049
9.7324294126496120	1.0000075180136445
9.7360367235236485	0.9999428350996508
9.7397857695688774	0.9999785960092341
9.7436559267048484	0.9999362099280588
9.7476362216851857	0.9999563238086500
9.7517107510618111	0.9999517358965060
9.7558753491651888	0.9999912312331866
9.7600992288722885	0.9999763860533717
9.7643447828511931	1.0000033842784386
9.7685822030075222	0.9999792076784412
9.7727753461213602	1.0000116101877710
9.7769036208961744	0.9999795665992950
9.7809580745092912	1.0000189647227085
9.7849452007967006	0.9999802902932339
9.7888726252467926	1.0000250371655488
9.7927524990261805	0.9999804169559674
9.7965954652986529	1.0000282722523404
9.8004216626927931	0.9999818807668482
9.8042568622191677	1.0000252252355697
9.8081436079691890	0.9999882440579011
9.8121445924582584	1.0000170653786058
9.8164096546864954	0.9999493674088660
9.8233104171332766	1.0001328653677053
9.8280142227352325	1.0000159220806870
9.8320975042421139	1.0000486038682002
9.8359710337726884	0.9999868585682752
9.8398326549250630	1.0000208445153775
9.8438057728267534	0.9999859669272416
9.8480636791125313	1.0000487469534474
9.8549311146919631	0.9998531573991162
9.8593303507760464	0.9999871056473908
9.8630367670267898	0.9999178149399723
9.8664911249859593	1.0000252555563780
9.8698748926706301	0.9999358646453128
9.8732571896021888	1.0000312238754958
9.8766771947000151	0.9999493349378371
9.8801589859701817	1.0000253427186709
9.8837315901848903	0.9999644124853337
9.8874302642561052	1.0000119346133713
9.8913207846657016	0.9999802802597666
9.8955540576291590	1.0000435443491777
9.9025216594837957	0.9998700041011146
9.9073565753887838	0.9999722441353688
9.9119160842792446	0.9999196263153639
9.9191742857225940	1.0001171303221201
9.9239583644944993	1.0000069159333138
9.9281766187540761	1.0000273567986553
9.9322805292776213	0.9999847522622954
9.9365866703574124	1.0000397971394590
9.9433908357499377	0.9997872673479298
9.9516918590917740	1.0001616922056982
9.9569112520501086	1.0001342063664396
9.9615406899235364	1.0001373188229954
9.9703737619694532	0.9997993917837390
9.9736746205252036	0.9999968424256483
9.9770556010602434	0.9999065520550035
9.9805289087461020	1.0000016210340845
9.9840139747608703	0.9999283273338755
9.9874412843383009	1.0000266946728884
9.9908012202225045	0.9999303642584423
9.9941254323584960	1.0000332604617566
9.9974647030419881	0.9999382701890682
