0.0000000000000000	0.0000000000000000
3.2214157034622430	0.0010000000000000
3.2261341160999994	0.0008794081275044
3.2296421594446629	0.0010462671291480
3.2331974713974874	0.0010159114547825
3.2369880940338005	0.0011342230445923
3.2410944793240937	0.0012127342221916
3.2456712467892461	0.0014001311074297
3.2536546699792965	0.0015732353869947
3.2588621669140632	0.0019418291040600
3.2638147444432120	0.0022295289513029
3.2716901282822071	0.0030957954876068
3.2765363976078716	0.0035635644419535
3.2807477127939126	0.0041582723611342
3.2848040880254974	0.0047251116561820
3.2889027998080769	0.0054401893745621
3.2931935483529440	0.0062493181570851
3.2978101378636304	0.0073457727074182
3.3042298486291544	0.0087268105244798
3.3177084202183709	0.0145534695563171
3.3224725386216121	0.0165773360581770
3.3276708790192808	0.0195572763086775
3.3351235463524218	0.0246678218651384
3.3398686739426866	0.0288902429610133
3.3438824163126166	0.0328374315567960
3.3476013079466380	0.0371220578686353
3.3512821855166486	0.0417113696146498
3.3549093748271241	0.0469418885623406
3.3585953135203215	0.0527182157846718
3.3622639456151884	0.0592971438207772
3.3660223250410493	0.0666744142341594
3.3697672180161655	0.0750154167074642
3.3736138960251418	0.0844427987662569
3.3774418199081211	0.0950145196523668
3.3813764465997891	0.1069979014266054
3.3852898824678634	0.1203409946374695
3.3893092224363248	0.1354425343746427
3.3933128396921894	0.1521624244222908
3.3974100746512113	0.1709477361133725
3.4015095793203085	0.1916613559728201
3.4056725588133192	0.2145948534921020
3.4098758403188998	0.2398406319990674
3.4140925229084758	0.2671711152626149
3.4184168417618834	0.2973188995166381
3.4226903515450600	0.3290350346477071
3.4271745797124002	0.3642379908460194
3.4315366363163369	0.4000704530850785
3.4362295087335850	0.4400403898708626
3.4408231792912720	0.4801020770316154
3.4457774268015262	0.5238309805374294
3.4508232531191125	0.5678053507796464
3.4562603246779657	0.6151120720773936
3.4593317480117429	0.6406907279742435
3.4640524539939741	0.6788395986657598
3.4713781885471109	0.7335934931864984
3.4746142322870668	0.7561400179973246
3.4779324887168128	0.7776490621106493
3.4814538431009203	0.7991820736402265
3.4851676175403643	0.8200867841575418
3.4890028562090531	0.8399784891730746
3.4930064593378316	0.8587947623352769
3.4970983536400739	0.8761594408320146
3.5015179171258581	0.8927563944809115
3.5071545563929853	0.9114389474551868
3.5226607282749871	0.9482653242940373
3.5393981143554165	0.9717948266585781
3.5447452228876184	0.9762638922495175
3.5502616484799843	0.9810230875324641
3.5538846929177796	0.9831600117602559
3.5570973420209038	0.9851496245362703
3.5603566392447825	0.9866980516707496
3.5637138484425188	0.9883130701845332
3.5671737251938764	0.9896257846019872
3.5706707131577087	0.9909464616680371
3.5742037799341873	0.9919832726248898
3.5777569112408285	0.9930357767670120
3.5813769096121431	0.9938572516203820
3.5850947649855494	0.9946954239448355
3.5890017574281559	0.9953873521006033
3.5932401823262716	0.9961246170023753
3.6003239449529540	0.9968665340533492
3.6049870008171849	0.9974549118626874
3.6092249792054285	0.9978117409489090
3.6135795249801790	0.9982128145035251
3.6207115950160977	0.9984687088257499
3.6252424122310365	0.9988058087811197
3.6292634118385085	0.9989451160367698
3.6332496741491411	0.9991334375958630
3.6375253633086628	0.9992067550945326
3.6444824560148485	0.9995642204240240
3.6490744684542622	0.9995468211593104
3.6532458761725439	0.9996400739047541
3.6575870987964576	0.9996393553313432
3.6649784807975450	0.9998826217916399
3.6694815827185883	0.9998357902115201
3.6736384522220025	0.9998968023261400
3.6779681721159787	0.9998641089764744
3.6851079121254098	1.0000628904294977
3.6890036234557293	0.9999196333710424
3.6925684925291984	0.9999749034114379
3.6961662469492622	0.9998920307173538
3.6998699498993743	0.9999302354919786
3.7036684534727820	0.9998849893197813
3.7075274472256852	0.9999288898414507
3.7114104139064876	0.9998954514229318
3.7152963868547357	0.9999472606209328
3.7191884473782499	0.9999177736446307
3.7231167839029817	0.9999627394088612
3.7271448511079965	0.9999426641502088
3.7314164069142910	1.0000179492024031
3.7383200613805534	0.9998405139421684
3.7428169380020826	0.9999737991666905
3.7466460908308821	0.9999228323187076
3.7502527898389495	1.0000125739608725
3.7538463634600534	0.9999568632484789
3.7575325442662737	1.0000126374453326
3.7614092635447065	0.9999840014373798
3.7656399174440676	1.0000493775965740
3.7725228489302447	0.9998610311388924
3.7768387257045100	0.9999957822907237
3.7805441450283688	0.9999338752548697
3.7840817711728683	1.0000260916084278
3.7876228633717051	0.9999616418915391
3.7912324657571510	1.0000244649613450
3.7949598230719377	0.9999814402358363
3.7988658844732885	1.0000141129171285
3.8031045178862790	0.9999511876197493
3.8100001114500541	1.0001383897595457
3.8144473537958126	1.0000096678208552
3.8182340347263586	1.0000690318544088
3.8217771908745477	0.9999716178018553
3.8252366094587038	1.0000526385024850
3.8286690212370509	0.9999609943204228
3.8320945932465960	1.0000461567030836
3.8355222787327881	0.9999580623865042
3.8389545471056099	1.0000430848527331
3.8423952834637829	0.9999579445165984
3.8458455472133939	1.0000408224901840
3.8493098197437075	0.9999593700378003
3.8527903106877512	1.0000381651463579
3.8562934131167514	0.9999622339295364
3.8598239314359026	1.0000342427625106
3.8633921993432363	0.9999671237764419
3.8670090568943931	1.0000278121502000
3.8706950333017609	0.9999756159199882
3.8744794183359921	1.0000168164510186
3.8784222605773082	0.9999860849826007
3.8826693948830493	1.0000506126011666
3.8895939502186057	0.9998687738156350
3.8942892074690225	0.9999810578082223
3.8984070440112641	0.9999525976791362
3.9023586246724986	1.0000045163958464
3.9063658751939538	0.9999790156091907
3.9106352146399308	1.0000478120877894
3.9175636802287346	0.9998646062283372
3.9221838884655535	0.9999838403634819
3.9261781401221096	0.9999439369842229
3.9299555608595358	1.0000138470137909
3.9337025934965730	0.9999681050724838
3.9375085775763967	1.0000128849950469
3.9414589764336680	0.9999839046850099
3.9457088384625796	1.0000495697593927
3.9526362311028937	0.9998682458939837
3.9573266816282793	0.9999810007088958
3.9614391169230370	0.9999523549761444
3.9653864376491641	1.0000045379207925
3.9693910883474115	0.9999790129434576
3.9736597158729245	1.0000477362958100
3.9805727162072411	0.9998616233441581
3.9850921954824030	0.9999878644632227
3.9889494133086401	0.9999346503174048
3.9925608698640875	1.0000236891407268
3.9961007789353453	0.9999531380380865
3.9996332099116634	1.0000303924201908
4.0031925932944539	0.9999638078581286
4.0067978863059315	1.0000269609383896
4.0104733532983685	0.9999745497427496
4.0142494710157131	1.0000166389270935
4.0181872123229647	0.9999859713144869
4.0224329620505666	1.0000504191473012
4.0293169500071784	0.9998609428695067
4.0337498576631718	0.9999917864728680
4.0375054359777121	0.9999280494375424
4.0410058104148190	1.0000306377212513
4.0444203630165090	0.9999435714643961
4.0478062683988432	1.0000409039475664
4.0511889947269148	0.9999502102352854
4.0545756322932398	1.0000431384864783
4.0579724852515904	0.9999537385106672
4.0613805388481081	1.0000425539699840
4.0648039768598521	0.9999565001976217
4.0682439117666505	1.0000405425949634
4.0717053868510167	0.9999596067503171
4.0751912518494535	1.0000372368111354
4.0787091138858740	0.9999638999109293
4.0822657162138620	1.0000320324373126
4.0858748347503049	0.9999706284026726
4.0895534234041424	1.0000233163914394
4.0933340140700469	0.9999818692746167
4.0972731449277040	1.0000126849487272
4.1015205197575382	0.9999482517642362
4.1084300152612192	1.0001325910361336
4.1130431834176182	1.0000143480461343
4.1170335791588579	1.0000545583138749
4.1208116147092539	0.9999849001273530
4.1245584266525315	1.0000306366106715
4.1283661441506778	0.9999859747017554
4.1323162299467588	1.0000149594536496
4.1365672439721211	0.9999492586260923
4.1434849706927590	1.0001319866558700
4.1481373388145943	1.0000160911128078
4.1521836197083148	1.0000509891003544
4.1560352750604368	0.9999891994179532
4.1598847283227727	1.0000242954922269
4.1638516107062511	0.9999899210085549
4.1681075987668263	1.0000529132061706
4.1750564064063864	0.9998727152541304
4.1798761851323523	0.9999763551029698
4.1842163316893179	0.9999616630248999
4.1885983548231467	1.0000431877656826
4.1956196637623426	0.9998613796715399
4.2003663895804424	0.9999785367885111
4.2045049657486100	0.9999513827466302
4.2084646695829431	1.0000039075504994
4.2124751235406563	0.9999786931861006
4.2167455370665419	1.0000477095074758
4.2236626522010621	0.9998622932385048
4.2282079843127738	0.9999870562789044
4.2320941207453329	0.9999363114707642
4.2357329332963571	1.0000225375318228
4.2392979233992367	0.9999545692366838
4.2428530286818624	1.0000294066613373
4.2464325475704889	0.9999647827161018
4.2500551868228547	1.0000263335859663
4.2537448836017768	0.9999750174136763
4.2575316816217974	1.0000164638724875
4.2614759657133057	0.9999859689101341
4.2657234778780628	1.0000506509391591
4.2726662338559862	0.9998723018572470
4.2774867065141509	0.9999760785943640
4.2818284450163073	0.9999615535800663
4.2862108124131675	1.0000432124556324
4.2932074886974068	0.9998570595077237
4.2978060822137509	0.9999847205846393
4.3017199884607882	0.9999360064312496
4.3053749001938497	1.0000215948764395
4.3089508330384332	0.9999547405834375
4.3125141942948026	1.0000289413249477
4.3161003382759731	0.9999649785045075
4.3197283406746960	1.0000261036854818
4.3234222834647635	0.9999751223844738
4.3272122009919904	1.0000164008237411
4.3311583814564054	0.9999859611923654
4.3354064084303943	1.0000507148315660
4.3423570431978282	0.9998738760513619
4.3472411990070858	0.9999755371802983
4.3518133505402465	0.9999189719877321
4.3589814482747293	1.0001272911097070
4.3639653039330071	1.0000216855596158
4.3685677329472163	1.0000801038318934
4.3757066055435931	0.9998619790879851
4.3803710399429709	0.9999887027028952
4.3843011835712655	0.9999373967121796
4.3879506150382559	1.0000238866631976
4.3915093699842274	0.9999538328573964
4.3950467184709732	1.0000313760470203
4.3985971800234456	0.9999624921877378
4.4021768289318892	1.0000297804858267
4.4058035859474334	0.9999704488681417
4.4094956096204712	1.0000225091038590
4.4132859562289308	0.9999818142004305
4.4172309459408181	1.0000125908958781
4.4214799289266313	0.9999480120824549
4.4284193709787019	1.0001267009760764
4.4332443980259058	1.0000228186650484
4.4375869141154958	1.0000373846712118
4.4419708455756419	0.9999556460382607
4.4489895235674766	1.0001375587642352
4.4537471303395737	1.0000204975189941
4.4578931879400763	1.0000473065696929
4.4618601246036329	0.9999950638732016
4.4658733768742644	1.0000202191009411
4.4701458262463323	0.9999510518352684
4.4770469171776472	1.0001390351880626
4.4815242996415243	1.0000088279397390
4.4853150935790822	1.0000693900097484
4.4888449532193544	0.9999696374558142
4.4922823132687579	1.0000539963788393
4.4956895242264165	0.9999591806205350
4.4990905075844809	1.0000474512452331
4.5024969209876629	0.9999570621646099
4.5059133432180740	1.0000436737613030
4.5093455395074438	0.9999581456104919
4.5127964404634131	1.0000401951214144
4.5162727072843216	0.9999612006765831
4.5197793690631709	1.0000356716783356
4.5233268699400249	0.9999664588540986
4.5269261973837605	1.0000286971081593
4.5305980335986380	0.9999753819769220
4.5343719352398884	1.0000171760942544
4.5383083924302916	0.9999862511059779
4.5425538001659893	1.0000505272742750
4.5495066538404947	0.9998739045016580
4.5543829826720081	0.9999754204747515
4.5589530924601771	0.9999192111876513
4.5660835792586285	1.0001343508373379
4.5707914075873299	1.0000128141273461
4.5748066873739495	1.0000544647731890
4.5785850393356302	0.9999840390614803
4.5823249547441218	1.0000308473461035
4.5861252522390386	0.9999857146504584
4.5900702365064410	1.0000149151972637
4.5943199559274426	0.9999494348400424
4.6012033146344189	1.0001387354090046
4.6056331340443739	1.0000073079467415
4.6093850889452757	1.0000708994106071
4.6128888813067599	0.9999690025338298
4.6163122756587107	1.0000541829012082
4.6197173009007644	0.9999599587329022
4.6231283635597347	1.0000459128363848
4.6265583215338735	0.9999596157346651
4.6300137531048247	1.0000400225297932
4.6335034777055544	0.9999631287931706
4.6370351121188147	1.0000335396200593
4.6406228054720895	0.9999700001980977
4.6442839699325527	1.0000239765017136
4.6480515522264252	0.9999817001402920
4.6519827556117610	1.0000127054050312
4.6562279907663138	0.9999485407944659
4.6631134228298867	1.0001374791034245
4.6675635855278959	1.0000081237422340
4.6713446115776911	1.0000685350741194
4.6748826481294179	0.9999711605790829
4.6783455893904033	1.0000509993137552
4.6817966937551772	0.9999632479050861
4.6852621872616496	1.0000416898917657
4.6887574994330832	0.9999644045679871
4.6922930239638170	1.0000340161572692
4.6958836600572189	0.9999704614864510
4.6995471634535564	1.0000241000743959
4.7033164613553868	0.9999818376228322
4.7072487160410077	1.0000127629904614
4.7114942293886335	0.9999485323166287
4.7184444323751960	1.0001252618672545
4.7233208931902801	1.0000237136266348
4.7278893147914349	1.0000800916093004
4.7350140121174116	0.9998643997922717
4.7397190667522873	0.9999862156710936
4.7437323877615700	0.9999443030874532
4.7475068535025233	1.0000149905682290
4.7512452491117667	0.9999680232066372
4.7550429724615331	1.0000132511717650
4.7589878708010698	0.9999840177253666
4.7632363140032874	1.0000494196250653
4.7701837606874529	0.9998716880545769
4.7749910920925798	0.9999758637133710
4.7793228347113992	0.9999613704534356
4.7837025279946577	1.0000427614056504
4.7906939487308140	0.9998555706680224
4.7952379534526379	0.9999861341531024
4.7990934382736912	0.9999327479954484
4.8026956583235805	1.0000236121046966
4.8062252920697484	0.9999521617446212
4.8097482388524790	1.0000306026319821
4.8132994890677310	0.9999633230445966
4.8168980722974748	1.0000271369558482
4.8205682603551434	0.9999743574901735
4.8243405299575910	1.0000166912817223
4.8282759508813591	0.9999859725626855
4.8325210692336160	1.0000503423976748
4.8394385792726746	0.9998671278038220
4.8440701983441219	0.9999833136246445
4.8480995249986005	0.9999473427906362
4.8519359882986874	1.0000100132672221
4.8557760130213810	0.9999744078042139
4.8597357793957814	1.0000089542496013
4.8639911048298492	0.9999461889305173
4.8709190587590196	1.0001300456834532
4.8756037877368117	1.0000173132484120
4.8797070443980717	1.0000466219176840
4.8836489859865120	0.9999942051430788
4.8876488414565333	1.0000198545671275
4.8919174160069394	0.9999512480983836
4.8988480936851468	1.0001336994733416
4.9034914666763827	1.0000163067972820
4.9075239500289802	1.0000519362690028
4.9113629316106540	0.9999890993585250
4.9152026832046989	1.0000246234933796
4.9191636057243180	0.9999900245561809
4.9234179923821566	1.0000527587649521
4.9303740946204311	0.9998738233885845
4.9353726664258488	1.0000258799220885
4.9428307303549097	0.9998311656977162
4.9477179746433704	0.9999737986591943
4.9518062477683404	0.9999385567585360
4.9556110891430869	1.0000114681502523
4.9593628183982998	0.9999662843202842
4.9631664688740544	1.0000122182377600
4.9671140755937797	0.9999834591617702
4.9713633520107194	1.0000491900117066
4.9782774745465277	0.9998652875437055
4.9828675911683451	0.9999848080542398
4.9868356308970467	0.9999431186651011
4.9905923171137658	1.0000144747382014
4.9943234607663900	0.9999676349869258
4.9981180425337124	1.0000130541998200
5.0020616167561203	0.9999839086070468
5.0063096167360612	1.0000493380376834
5.0132460849352558	0.9998696502885840
5.0179809167609291	0.9999786904431746
5.0221771320081725	0.9999577316656489
5.0262692615910547	1.0000015029924330
5.0305715346789208	0.9999408357790642
5.0375604418029596	1.0001247240743483
5.0424535417276397	1.0000229846344348
5.0470273567095987	1.0000798216349331
5.0541625370378860	0.9998651252476234
5.0589025216323256	0.9999847198285313
5.0629677847890191	0.9999478079546581
5.0668130814888777	1.0000106756100928
5.0706531067338760	0.9999745135440457
5.0746112650994917	1.0000091016534782
5.0788663765090192	0.9999463970439589
5.0857867296905974	1.0001318984774668
5.0904074042634386	1.0000150093070641
5.0944201454900124	1.0000521819362602
5.0982438147859224	0.9999885667291732
5.1020725484907281	1.0000247508553610
5.1060269079918230	0.9999900221363678
5.1102795052071048	1.0000525420632238
5.1172092623663188	0.9998686034858902
5.1218735887320657	0.9999818847037160
5.1259596783836825	0.9999516897586849
5.1298868848038444	1.0000048060034723
5.1338793644840814	0.9999790062675830
5.1381446771831687	1.0000473165079888
5.1451160955585822	0.9998720170432588
5.1499928536208293	0.9999746362320451
5.1545636120533072	0.9999190397679812
5.1616807772338689	1.0001373927204602
5.1662752902893674	1.0000090439917220
5.1701493372730116	1.0000631634960273
5.1737727363834116	0.9999759971619283
5.1773363274713171	1.0000425308196095
5.1809195891914550	0.9999733282748455
5.1845665182901932	1.0000272248976367
5.1883197054342594	0.9999827333839997
5.1922413513703711	1.0000134379495602
5.1964841041319172	0.9999492856274176
5.2034273027675519	1.0001273632399588
5.2082169057456431	1.0000229917111940
5.2125337179480828	1.0000376547586789
5.2169107224797502	0.9999566609879920
5.2238949663769620	1.0001450311111990
5.2283852644472200	1.0000118072990380
5.2321921772441593	1.0000681196203582
5.2357688631116392	0.9999759234302416
5.2392976084485863	1.0000449732921965
5.2428538038330359	0.9999729129128114
5.2464800027443337	1.0000282075170304
5.2502182436005622	0.9999826484196513
5.2541309748548750	1.0000135194839110
5.2583713185524612	0.9999496327106351
5.2652623963309111	1.0001375756184707
5.2697047544269449	1.0000095140145799
5.2735073025148838	1.0000650912231099
5.2771056888819166	0.9999776665928134
5.2806776571309122	1.0000404262537135
5.2843023654106585	0.9999780442497171
5.2880339452918461	1.0000208285658845
5.2919426064898563	0.9999877384795278
5.2961809569894900	1.0000502366269952
5.3030719763545502	0.9998608701661541
5.3074776843152973	0.9999905281423288
5.3112478532262761	0.9999321531252555
5.3148184064404855	1.0000221633440767
5.3183700236149081	0.9999575138052050
5.3219777743388388	1.0000212749962329
5.3256987465576984	0.9999778071441766
5.3295997067543297	1.0000111200798336
5.3338372405603272	0.9999488492828831
5.3407331174213502	1.0001369609575992
5.3451742250482557	1.0000101740919685
5.3489927915797137	1.0000628441348236
5.3526283071575760	0.9999811406619655
5.3562642647660166	1.0000348171520785
5.3599920899743738	0.9999850744753722
5.3638945464043797	1.0000151597376701
5.3681326783151828	0.9999509950701135
5.3750171199249799	1.0001403573054470
5.3793778322296060	1.0000074516103750
5.3831030546779379	1.0000694089440512
5.3866394106420188	0.9999757720491045
5.3901632965071062	1.0000427790807918
5.3937517369441368	0.9999772105641165
5.3974577395079724	1.0000214949370094
5.4013513030252289	0.9999878670230330
5.4055856117945531	1.0000497742849881
5.4125219666837063	0.9998687048024649
5.4171685331662749	0.9999797274201752
5.4212884386599969	0.9999559736458339
5.4253341977384837	1.0000009038331081
5.4296239029579407	0.9999420346625298
5.4366218208810624	1.0001247362099339
5.4414796426797087	1.0000235747669597
5.4460443128385618	1.0000788301492218
5.4531732030007314	0.9998619095535093
5.4577728162184265	0.9999871619376693
5.4617020556304476	0.9999420184746272
5.4654408149492593	1.0000125125656645
5.4692054028591333	0.9999725188026277
5.4731191534705728	1.0000085861603416
5.4773622361833700	0.9999476191040634
5.4843289611546249	1.0001249031515376
5.4891720307660057	1.0000240509815437
5.4937319892305485	1.0000789285823568
5.5008703475320804	0.9998643205432447
5.5055450618609667	0.9999842683666261
5.5095792589662445	0.9999489718037009
5.5134531642384186	1.0000056260093970
5.5174106005497032	0.9999788385433088
5.5216668713804600	1.0000458899703186
5.5284455741766543	0.9998339719499969
5.5322189196616858	1.0000174293902959
5.5353724871538486	0.9998837875545887
5.5383760507972317	1.0000559734190266
5.5413718579776354	0.9999109192843387
5.5443953808722384	1.0000620221961503
5.5474596486344625	0.9999268505207751
5.5505641539954897	1.0000601429512430
5.5537111469507270	0.9999369769526204
5.5568986610101261	1.0000555052664362
5.5601294275424520	0.9999448475618108
5.5634034878629333	1.0000494903707120
5.5667258769067809	0.9999524097111367
5.5700999923348649	1.0000420880982368
5.5735353012079401	0.9999611431727771
5.5770420418338853	1.0000322890985593
5.5806406393973429	0.9999730283083405
5.5843610901720284	1.0000181413224707
5.5882653608277355	0.9999862956428434
5.5925021179399490	1.0000494107165956
5.5994376799012686	0.9998690989459973
5.6041144671053713	0.9999793252878932
5.6082606601848664	0.9999566054637204
5.6123223599388758	1.0000011117752292
5.6166163514223353	0.9999416238891762
5.6235307073739635	1.0001396535436140
5.6278939390313729	1.0000050849153508
5.6315909383036171	1.0000724427190739
5.6350727118994861	0.9999704288607534
5.6385118991288534	1.0000504363647618
5.6419754049510997	0.9999670376504991
5.6454963359792272	1.0000350976597565
5.6491025689683161	0.9999749391085325
5.6528275868576134	1.0000190569635143
5.6567342407394241	0.9999868191106701
5.6609717125215022	1.0000497568331277
5.6679201417000895	0.9998717004501146
5.6726866869250019	0.9999759863045778
5.6769897682620210	0.9999612049313302
5.6813617338232003	1.0000416873882505
5.6883369117275349	0.9998512902480250
5.6927320855335353	0.9999899917141800
5.6964429916913293	0.9999246483016426
5.6999284959283569	1.0000273544210685
5.7033698948916358	0.9999478192397625
5.7068326872864628	1.0000315483484425
5.7103540329470652	0.9999635780524230
5.7139588964206043	1.0000238890408633
5.7176842942992296	0.9999797868646642
5.7215897267107092	1.0000120586043466
5.7258281222497143	0.9999491155885922
5.7327601292753245	1.0001298407563859
5.7374420284200944	1.0000195603196413
5.7415896370747683	1.0000422694812332
5.7456536735627655	0.9999977975968318
5.7499469857508849	1.0000573634595378
5.7567178737074363	0.9998327957529785
5.7604193089975571	1.0000240429845779
5.7634939561434155	0.9998765147976659
5.7664171406156441	1.0000633981124742
5.7693280620363794	0.9999021769857204
5.7722598429782650	1.0000705958230087
5.7752236900790832	0.9999169040279258
5.7782175787491834	1.0000702823526544
5.7812421430384813	0.9999254967735792
5.7842934493218525	1.0000676633420247
5.7873718242811361	0.9999312122308053
5.7904740861240143	1.0000643749200022
5.7936011233345894	0.9999356211389134
5.7967505222591056	1.0000609320289942
5.7999237563497994	0.9999394743899293
5.8031190984544176	1.0000574238548681
5.8063386332202045	0.9999431828475324
5.8095813648763839	1.0000537593439400
5.8128501342701009	0.9999470458501508
5.8161449027909091	1.0000497378472644
5.8194696307616613	0.9999513794560312
5.8228257870993652	1.0000450268889267
5.8262192898975949	0.9999566406756488
5.8296544285130896	1.0000390398824401
5.8331411925942396	0.9999636561205595
5.8366902631283768	1.0000305977485182
5.8403222284644336	0.9999741200426048
5.8440669453620337	1.0000176849117153
5.8479857771937809	0.9999862683337974
5.8522264321778392	1.0000499081773377
5.8590861735962099	0.9998555734662523
5.8633491252085657	0.9999977767990644
5.8669299719877905	0.9999164169335826
5.8702729081920495	1.0000386322746500
5.8735443857329468	0.9999332038905249
5.8767969685331796	1.0000489524517353
5.8800527364213284	0.9999410985045006
5.8833161728943191	1.0000511579440878
5.8865916138243941	0.9999451744454126
5.8898779703358191	1.0000507875930851
5.8931773635403255	0.9999477744117563
5.8964883164455397	1.0000494998932430
5.8998128562746421	0.9999498898813433
5.9031498034277616	1.0000477957094571
5.9065015042936606	0.9999519662760596
5.9098672885979902	1.0000457585404534
5.9132500828546704	0.9999542785781257
5.9166500183865871	1.0000432740176461
5.9200710198322932	0.9999571097547306
5.9235146045252884	1.0000400579702498
5.9269865653269864	0.9999608884121467
5.9304911096174653	1.0000355520673430
5.9340380337833452	0.9999664193796520
5.9376377298993681	1.0000285949655046
5.9413103935556801	0.9999753968087622
5.9450851677486858	1.0000171329136027
5.9490222300513302	0.9999862352775533
5.9532677853870597	1.0000505379472648
5.9601663024217055	0.9998637179994264
5.9646848599861313	0.9999882708249933
5.9685497356934283	0.9999357635225703
5.9721721712339528	1.0000232821089869
5.9757241437607886	0.9999540299166392
5.9792687068785950	1.0000298590834562
5.9828396269159310	0.9999644324193188
5.9864553369371638	1.0000265751407644
5.9901396215728964	0.9999748567357133
5.9939224874976791	1.0000165266056997
5.9978643972401526	0.9999859699351000
6.0021112618770314	1.0000505664274675
6.0090544155067107	0.9998722646355644
6.0138718339532913	0.9999760640312205
6.0182113742069356	0.9999615300107613
6.0225931434794937	1.0000431224717765
6.0296399860764565	0.9998661125118891
6.0345664457000137	0.9999731322659173
6.0391526015275296	0.9999174306991455
6.0463235831360249	1.0001286070683160
6.0512576711988562	1.0000210399678782
6.0556389572528975	1.0000369064788015
6.0600361460207886	0.9999550431781600
6.0670427626877368	1.0001418245694347
6.0716623842343669	1.0000148735885901
6.0755977357101170	1.0000615028080957
6.0792796316866857	0.9999789157758422
6.0828863418503749	1.0000418676331417
6.0864901104436600	0.9999727133690997
6.0901267644607282	1.0000302343536061
6.0938250366554501	0.9999775733750887
6.0976176206243347	1.0000176830606160
6.1015651435791778	0.9999866656793651
6.1058136045160927	1.0000511221625215
6.1127239615164912	0.9998664816459180
6.1173370941900425	0.9999850625167294
6.1213201840511360	0.9999432076556551
6.1250737549214804	1.0000163291929371
6.1287756640465325	0.9999643425937682
6.1325019586438998	1.0000184090450528
6.1363094976907053	0.9999798498629179
6.1402626082401444	1.0000115027599266
6.1445141794741298	0.9999472492418897
6.1514116496234532	1.0001343848093385
6.1559652748403337	1.0000109099523793
6.1598539922204640	1.0000625333113822
6.1634847234843493	0.9999744446249988
6.1670217113191699	1.0000472884485918
6.1705260646732008	0.9999644472061187
6.1740203255915986	1.0000416841185211
6.1775142777513832	0.9999617042122109
6.1810099032813843	1.0000394230733309
6.1845097610089281	0.9999611409197119
6.1880127056964103	1.0000383574352729
6.1915203146886615	0.9999612501531875
6.1950309470909080	1.0000377230057003
6.1985460735010713	0.9999615559607279
6.2020639765051806	1.0000372542417773
6.2055861378022117	0.9999619069333274
6.2091108402282469	1.0000368574938019
6.2126395959133252	0.9999622583996072
6.2161707120921692	1.0000364953938716
6.2197057451136404	0.9999626033072855
6.2232430483398007	1.0000361459637379
6.2267842464730387	0.9999629515924484
6.2303277729444346	1.0000357862021008
6.2338753649167895	0.9999633270060606
6.2374255955032130	1.0000353817560050
6.2409803947192133	0.9999637726620771
6.2445385836485796	1.0000348745329886
6.2481024340047036	0.9999643651836143
6.2516712177096405	1.0000341615403943
6.2552478332289052	0.9999652433648656
6.2588324017103334	1.0000330536189193
6.2624290274175509	0.9999666677061332
6.2660395262449535	1.0000311867866969
6.2696705067013987	0.9999691561912039
6.2733275189573598	1.0000278076300064
6.2770231046315610	0.9999738303270754
6.2807726341838581	1.0000212493435676
6.2846066463814934	0.9999828003951799
6.2885786464954689	1.0000127695010148
6.2928349579794221	0.9999471463657706
6.2997760606045423	1.0001251568129896
6.3046843404094002	1.0000230993253114
6.3092610954041275	1.0000809647832434
6.3163930533644983	0.9998676239783090
6.3212456168665678	0.9999831193847509
6.3254291567230121	0.9999524257461714
6.3293728667619060	1.0000090592825766
6.3332857509369500	0.9999762282697149
6.3372880747149072	1.0000095550915715
6.3415552704599030	0.9999451433464482
6.3484982300251112	1.0001259154963569
6.3533647992239448	1.0000224547019314
6.3577367090714478	1.0000370443056805
6.3621287102722928	0.9999544929121000
6.3691658075748050	1.0001329122496680
6.3741202538426052	1.0000253864745465
6.3787120310241869	1.0000825544986429
6.3858703225548856	0.9998705464152745
6.3909520826588686	1.0000296004429894
6.3984493691701747	0.9998305400577827
6.4034828583242938	0.9999729680760763
6.4076936764145795	0.9999425981061539
6.4115814920269747	1.0000113743417274
6.4153726783885743	0.9999657796210067
6.4191621030373636	1.0000164940964100
6.4230137906099616	0.9999803545577410
6.4269931529469595	1.0000115348450276
6.4312520250089475	0.9999464316853599
6.4381814165959614	1.0001274533161408
6.4429953866709617	1.0000204536055091
6.4472612662799280	1.0000394717407732
6.4513989319007354	0.9999967974324865
6.4557122819848924	1.0000593219970670
6.4626927581804967	0.9998743191922130
6.4676187284135267	0.9999766488861106
6.4722029279977660	0.9999183581723065
6.4793429462729613	1.0001315116751692
6.4842009468970794	1.0000160410710797
6.4883875007961436	1.0000464532462146
6.4923359180067548	0.9999900425632033
6.4962508394396501	1.0000227286841827
6.5002559797264494	0.9999894581902026
6.5045226436347967	1.0000539611523354
6.5114354860536183	0.9998673799048379
6.5160930090820486	0.9999855627731494
6.5200970774583311	0.9999425072562100
6.5238331043598308	1.0000204077191768
6.5274675533887780	0.9999570939990368
6.5310593868718936	1.0000304328586642
6.5346354762212258	0.9999616898158641
6.5382030259680759	1.0000336060192234
6.5417675911957511	0.9999630928361735
6.5453287257711317	1.0000347366154203
6.5488886770298134	0.9999634250994963
6.5524459842067220	1.0000352184765604
6.5560024802804877	0.9999634288365644
6.5595567407590698	1.0000354484204781
6.5631107403278799	0.9999633954212456
6.5666633435405641	1.0000354954051798
6.5702168898131745	0.9999634915427287
6.5737707276418549	1.0000352919126767
6.5773278061464628	0.9999638840257534
6.5808882567429556	1.0000346728023790
6.5844560500880851	0.9999648114184463
6.5880326653181012	1.0000333422874768
6.5916239292191721	0.9999666768394787
6.5952339199767067	1.0000307532529797
6.5988723337535582	0.9999702571392642
6.6025492037874223	1.0000257740779697
6.6062841872425571	0.9999772144265990
6.6101052966889817	1.0000163343814126
6.6140706926914348	0.9999861748333595
6.6183239506381071	1.0000515103700844
6.6252325877617944	0.9998669618452256
6.6298772736911875	0.9999848388125919
6.6338839473632518	0.9999436410065288
6.6376452038448583	1.0000172956796312
6.6413353998258389	0.9999624289283324
6.6450251088580030	1.0000219983303267
6.6487596410220906	0.9999745832831950
6.6525763740027219	1.0000152143976835
6.6565381670313490	0.9999854919563949
6.6607905354172736	1.0000509902885779
6.6677224740036767	0.9998708489959521
6.6725053213789511	0.9999785430085949
6.6767452320349623	0.9999588553495554
6.6808647043542457	1.0000019415710919
6.6851744368096480	0.9999401621788727
6.6921020947057528	1.0001350718828208
6.6966444903688673	1.0000089263804492
6.7004950455066083	1.0000653937467303
6.7040750520687125	0.9999711902107350
6.7075549105956815	1.0000511154730922
6.7109993161706392	0.9999609009269977
6.7144339121881167	1.0000452332116965
6.7178718306145218	0.9999588345665119
6.7213189859871303	1.0000416337046514
6.7247825602434963	0.9999601468716016
6.7282670985241282	1.0000378750804335
6.7317813210619155	0.9999638188922004
6.7353330129123963	1.0000324675049042
6.7389367727940588	0.9999704428764153
6.7426103119350174	1.0000235406000118
6.7463867898220453	0.9999818103667409
6.7503233172867541	1.0000126927186608
6.7545700082791997	0.9999483479292791
6.7614524993673930	1.0001377911627982
6.7658960754324626	1.0000076555040260
6.7696655124488423	1.0000694627389846
6.7731890851999301	0.9999702287792632
6.7766359107791923	1.0000521443122958
6.7800700976292330	0.9999622296524368
6.7835185901485886	1.0000427303628021
6.7869974661122239	0.9999635384031135
6.7905177301053943	1.0000347749647460
6.7940948244430039	0.9999699079666289
6.7977470263151156	1.0000244720882436
6.8015077627795968	0.9999816775757110
6.8054347679195804	1.0000127520607407
6.8096788781461717	0.9999487096049039
6.8165642180371666	1.0001377035524355
6.8210055664664031	1.0000081601754982
6.8247832996407016	1.0000682638729403
6.8283269907004502	0.9999722601540920
6.8318067405388616	1.0000490472369699
6.8352886756565931	0.9999662712997547
6.8388033010833507	1.0000372139403186
6.8423726075477322	0.9999706101252648
6.8460177063195893	1.0000253327415587
6.8497728804484463	0.9999819072467687
6.8536964766567356	1.0000129266454274
6.8579396646787645	0.9999489206108602
6.8648057932189746	1.0001415017393813
6.8691315555409211	1.0000035008799941
6.8727750254167512	1.0000779233440344
6.8761790645907190	0.9999638567069571
6.8795096979328125	1.0000607777604360
6.8828259243053722	0.9999545531202456
6.8861495285640499	1.0000520750370472
6.8894911413701738	0.9999538535222177
6.8928548828646194	1.0000463722414263
6.8962465941057447	0.9999565232742020
6.8996696756848479	1.0000410234934114
6.9031318910612027	0.9999614212788249
6.9066402474907287	1.0000343563299123
6.9102086999407826	0.9999691267566017
6.9138545873362274	1.0000243702272857
6.9176109745694951	0.9999814505998983
6.9215354137256826	1.0000126629081043
6.9257788234835980	0.9999487516894476
6.9326920438875330	1.0001325609068537
6.9372970498783122	1.0000150548387936
6.9412969997146163	1.0000527672579325
6.9451114000995613	0.9999885027835071
6.9489338636720497	1.0000249330829860
6.9528845884613650	0.9999900735929163
6.9571361807930998	1.0000524392424404
6.9640761288898085	0.9998703686657769
6.9687990533729005	0.9999792671073114
6.9729840148491746	0.9999576935926354
6.9770691040785211	1.0000015329874066
6.9813694643621753	0.9999410892174182
6.9883505777577826	1.0001264924018118
6.9931669351511641	1.0000222129635445
6.9974965281476447	1.0000372716575339
7.0018774411732760	0.9999561896086705
7.0088608683631124	1.0001451577705425
7.0133497074596383	1.0000110046407065
7.0171406999594659	1.0000701713033715
7.0206823715203033	0.9999723778244952
7.0241511537264465	1.0000508232610965
7.0276136946623584	0.9999647661151208
7.0310986211527249	1.0000400227839379
7.0346239327423676	0.9999671034666719
7.0382039010508910	1.0000304395467390
7.0418599865894693	0.9999754477115809
7.0456223198264469	1.0000176879924558
7.0495517410082336	0.9999864279781047
7.0537952574072520	1.0000503684244781
7.0606888405232349	0.9998624560753897
7.0651616723287605	0.9999896175459978
7.0689778964999386	0.9999330050410630
7.0725563894873549	1.0000250517879474
7.0760696156159710	0.9999518408431094
7.0795802407187995	1.0000312966980696
7.0831217749221294	0.9999630209463314
7.0867126596559018	1.0000274641164772
7.0903768755767791	0.9999742037445812
7.0941448286397293	1.0000167753030651
7.0980776518107991	0.9999859788407953
7.1023220652692878	1.0000502509823757
7.1092100663702844	0.9998614662555068
7.1136562899882998	0.9999909503610868
7.1174336691893219	0.9999298946402304
7.1209628108398402	1.0000285178284665
7.1244135520573968	0.9999466283759241
7.1278442079420010	1.0000374381864854
7.1312819329892454	0.9999546741662831
7.1347360193980585	1.0000379199938514
7.1382157722778556	0.9999602347158471
7.1417264148774668	1.0000347136047381
7.1452783540056277	0.9999663044064200
7.1488821024765210	1.0000282622620269
7.1525579734695590	0.9999753902090299
7.1563350845910874	1.0000170364825629
7.1602735651796579	0.9999862033678391
7.1645195031367823	1.0000505721721609
7.1714530683791367	0.9998703641024840
7.1761976834019823	0.9999788132507833
7.1804035310089214	0.9999580914775007
7.1845018389131123	1.0000016518667973
7.1888057645339680	0.9999407076684222
7.1957496947351336	1.0001328382797283
7.2003517622472719	1.0000125254009671
7.2043066623066325	1.0000570591346900
7.2080330584198578	0.9999814653210002
7.2117091239020397	1.0000355849999114
7.2154156957722364	0.9999799568172145
7.2192069130290584	1.0000193854225325
7.2231514917838204	0.9999874659843118
7.2273994917189501	1.0000513528117514
7.2343336401448601	0.9998706243828115
7.2390828966693244	0.9999788862018807
7.2432926512711235	0.9999582314716314
7.2473933412282507	1.0000017138125663
7.2516979205171852	0.9999406639504193
7.2586770101405396	1.0001262451427635
7.2635146976598310	1.0000221577140491
7.2678596806616778	1.0000371394155425
7.2722447529904981	0.9999555976150329
7.2792584458316147	1.0001389497743252
7.2839643065384347	1.0000186139783545
7.2880334155922046	1.0000520795193786
7.2918949828560580	0.9999899084176361
7.2957490770277031	1.0000246253732468
7.2997180531468580	0.9999901035344472
7.3039747163294981	1.0000530597784874
7.3108704597156819	0.9998627977241525
7.3153510009788461	0.9999905979712755
7.3191567901450192	0.9999313470906619
7.3227043069051705	1.0000284253099467
7.3261634323705973	0.9999466847341119
7.3295924749304300	1.0000384004777736
7.3330179094916073	0.9999531636701011
7.3364477462244535	1.0000403959902877
7.3398892020844348	0.9999568055075666
7.3433444164724087	1.0000394025529167
7.3468190181336723	0.9999600573510720
7.3503160849642102	1.0000365847010595
7.3538434412734395	0.9999642633068949
7.3574079533673036	1.0000316694487330
7.3610235217368070	0.9999708440359910
7.3647071648714970	1.0000231612971835
7.3684914358834792	0.9999819296264532
7.3724327873388216	1.0000126894993775
7.3766807681809308	0.9999481778810879
7.3835817858738189	1.0001340860600174
7.3881466028364269	1.0000122121732784
7.3920657506055800	1.0000595466476638
7.3957512754777497	0.9999791921471292
7.3993756112517621	1.0000394995069311
7.4030122830998533	0.9999753027488248
7.4067029578829571	1.0000257445631024
7.4104887860491075	0.9999832627860169
7.4144302989288366	1.0000134349339278
7.4186783981787769	0.9999485856396138
7.4256005107891898	1.0001304069516719
7.4302945030154719	1.0000177894654358
7.4344080589509867	1.0000464181704445
7.4383580254875907	0.9999943416007149
7.4423627703727986	1.0000198666506919
7.4466326795421764	0.9999510869764963
7.4535530779681309	1.0001354209369235
7.4581413336135478	1.0000137148211306
7.4620874264792656	1.0000581098219898
7.4658070100334815	0.9999816483222054
7.4694774177090713	1.0000360556056065
7.4731792715624472	0.9999799514545222
7.4769668935777807	1.0000195302841470
7.4809092450094123	0.9999875112093961
7.4851566542647943	1.0000512957832333
7.4920637155958110	0.9998654292526769
7.4966334606059188	0.9999862206426858
7.5005688517689686	0.9999408334191118
7.5042791904676802	1.0000177173865865
7.5079441063716850	0.9999627355472588
7.5116402837944438	1.0000191425550966
7.5154253025269915	0.9999793468238453
7.5193646437887818	1.0000114072071609
7.5236124963413031	0.9999476733751022
7.5305117603558900	1.0001346538404317
7.5350482927862048	1.0000113570996854
7.5389370847409678	1.0000610883048957
7.5425954721525574	0.9999782130772740
7.5461965563637818	1.0000406187434743
7.5498137979760838	0.9999746655207130
7.5534888935458229	1.0000262694936948
7.5572631875891494	0.9999830870686738
7.5611976941015264	1.0000134343264275
7.5654438972026643	0.9999488271742568
7.5723144015226955	1.0001404015347226
7.5766805988145807	1.0000045952165013
7.5803587425417929	1.0000760823757771
7.5837861349366937	0.9999643416848510
7.5871291984304774	1.0000604550601970
7.5904474087667424	0.9999537993007106
7.5937624039733835	1.0000534056695181
7.5970841410013108	0.9999515682581466
7.6004155269751923	1.0000495353895269
7.6037606125042982	0.9999522665108774
7.6071201612565478	1.0000465280769433
7.6104981400886151	0.9999543850563958
7.6138958529682057	1.0000433192387155
7.6173184646674743	0.9999576497451603
7.6207690360040115	1.0000392081071814
7.6242553395499009	0.9999624092882846
7.6277843507848955	1.0000333053225581
7.6313700518309444	0.9999697348111547
7.6350296984515023	1.0000239068833019
7.6387962096335880	0.9999816159505366
7.6427267706559219	1.0000126654997366
7.6469718323545717	0.9999485395573875
7.6538469766362249	1.0001394213673080
7.6582366072589920	1.0000056038044007
7.6619440194235979	1.0000738469737007
7.6654026666869344	0.9999662704066289
7.6687786510625138	1.0000578512795892
7.6721317059874812	0.9999562221582191
7.6754838018504010	1.0000505622115090
7.6788451904572366	0.9999544119962377
7.6822191974818219	1.0000463679738798
7.6856104115330144	0.9999555976132305
7.6890204299163152	1.0000428417433345
7.6924543717330582	0.9999584319170016
7.6959152796412962	1.0000387387564595
7.6994108363433416	0.9999629206196048
7.7029479518909811	1.0000329662331608
7.7065405307286410	0.9999700228860869
7.7102057403257565	1.0000237451394345
7.7139763820632599	0.9999816986841901
7.7179094551144320	1.0000126757502910
7.7221551935811137	0.9999484579590565
7.7290263931755110	1.0001400460103447
7.7333984960581601	1.0000046894453267
7.7370818990040506	1.0000758097603490
7.7405120073289631	0.9999642293730547
7.7438543974131857	1.0000607510846893
7.7471678091391158	0.9999530964580868
7.7504730464825276	1.0000545034691577
7.7537791394834770	0.9999499854232059
7.7570879231347973	1.0000516902148719
7.7604022242960475	0.9999494741382954
7.7637213274105026	1.0000500953988301
7.7670474226204291	0.9999499398128847
7.7703795463065655	1.0000488319817742
7.7737199919106503	0.9999508761002073
7.7770679545209127	1.0000475330642791
7.7804259962084226	0.9999521605875689
7.7837936502279703	1.0000460028806386
7.7871739098829273	0.9999538322857081
7.7905668760080200	1.0000440687864911
7.7939762632650371	0.9999560386415051
7.7974031555442123	1.0000414953805368
7.8008525720169120	0.9999590647119753
7.8043274389709314	1.0000378813427879
7.8078354130046153	0.9999634552082514
7.8113833292458930	1.0000324421734592
7.8149850419241398	0.9999703534484568
7.8186576176203184	1.0000235065037957
7.8224337248943190	0.9999817909923597
7.8263701213508128	1.0000126797605131
7.8306167575851990	0.9999483441694006
7.8375001194393583	1.0001376171108745
7.8419483502519638	1.0000076070815227
7.8457187595834545	1.0000698082808412
7.8492356443404168	0.9999690977936428
7.8526647355295944	1.0000542728047164
7.8560662991350858	0.9999588745207574
7.8594624713580075	1.0000477838661701
7.8628631894226677	0.9999565202354800
7.8662711683619095	1.0000445115510190
7.8696900546409241	0.9999568250322154
7.8731202386657415	1.0000421526702499
7.8765652148114924	0.9999583564932506
7.8800258886489587	1.0000396736644235
7.8835069743222439	0.9999608839507501
7.8870111103473084	1.0000363868606055
7.8905456575013631	0.9999647833990616
7.8941171323221591	1.0000314045580221
7.8977390726998955	0.9999711472942602
7.9014281708982592	1.0000230081857986
7.9052166488557232	0.9999820197450777
7.9091606102023739	1.0000127013174989
7.9134092890976477	0.9999480920864340
7.9203029478978015	1.0001353423280133
7.9248279144957632	1.0000102411310787
7.9286864807660811	1.0000641948092845
7.9322911136760261	0.9999735807471348
7.9358074476805047	1.0000482656599392
7.9392975929506537	0.9999642336422599
7.9427855978135486	1.0000414716865755
7.9462833902660890	0.9999628104516461
7.9497959475067939	1.0000373614777691
7.9533299156719064	0.9999645508552938
7.9568897835046801	1.0000332234358720
7.9604851513131347	0.9999687003497068
7.9641260761338968	1.0000271276827868
7.9678322377417246	0.9999764552690928
7.9716320080492533	1.0000167175141070
7.9755843565842728	0.9999862173090021
7.9798340477032674	1.0000510697502902
7.9867425233051872	0.9998663236035301
7.9913564846192546	0.9999853636405455
7.9953330701064962	0.9999423169511272
7.9990698466245735	1.0000178987751762
8.0027409581798850	0.9999616270745453
8.0064160612198609	1.0000223451836097
8.0101396948078882	0.9999742467592664
8.0139487506898899	1.0000152960773430
8.0179059695694157	0.9999854813470435
8.0221570641020055	1.0000508240707167
8.0290609066483256	0.9998653724892076
8.0336500020052064	0.9999866100814421
8.0375852093081726	0.9999391174742571
8.0412635828925136	1.0000219038211158
8.0448536931146748	0.9999551995367445
8.0484156969527554	1.0000307197980973
8.0519785755829858	0.9999620599286324
8.0555529413542128	1.0000315461576754
8.0591494956640961	0.9999667608200082
8.0627752666932011	1.0000286171603057
8.0664437570521255	0.9999725996270240
8.0701709294645010	1.0000217328602479
8.0739880459423805	0.9999824341784140
8.0779495984063026	1.0000126972767793
8.0822030574690178	0.9999474740519324
8.0891095188560485	1.0001321291758365
8.0937523446861022	1.0000139334639602
8.0977526384034366	1.0000557445491220
8.1015058408298941	0.9999808577135006
8.1051794867470477	1.0000379508860162
8.1088429324375166	0.9999746197437515
8.1125307448226653	1.0000280212853268
8.1162708804621602	0.9999785752810980
8.1200948786858902	1.0000170137297479
8.1240617278262608	0.9999865435449087
8.1283154368293733	1.0000517356964620
8.1352545858486582	0.9998727869176689
8.1401059785273873	0.9999762496161034
8.1444703846431228	0.9999617840527759
8.1488589013443207	1.0000441238597995
8.1558662646303439	0.9998601047410358
8.1605833442197131	0.9999816058434617
8.1646361689836127	0.9999437343416859
8.1684311121742184	1.0000155984020409
8.1721489101550411	0.9999632224518298
8.1758620197858747	1.0000210364984696
8.1796160254425434	0.9999750896895200
8.1834476586211267	1.0000149290107507
8.1874187218185011	0.9999854571130946
8.1916735982628488	1.0000513011286041
8.1986050024001376	0.9998711965444109
8.2034071241070716	0.9999784202915832
8.2076651192770314	0.9999592738812713
8.2117961478996282	1.0000021045549474
8.2161090281993889	0.9999398661281061
8.2230523323687077	1.0001317340475482
8.2277152653406045	1.0000128813441798
8.2317136396504775	1.0000565656762661
8.2354467101188398	0.9999785707532387
8.2390810515656767	1.0000413813697613
8.2426813196397237	0.9999694743294175
8.2462733346755144	1.0000355979849505
8.2498704244443317	0.9999678439977397
8.2534786563694631	1.0000321708959883
8.2571061311702021	0.9999693889118564
8.2607592967861834	1.0000282421286129
8.2644510895333099	0.9999738195171365
8.2681972449785608	1.0000214322396406
8.2720285685063004	0.9999827973557669
8.2759988707287544	1.0000127902414131
8.2802547229335488	0.9999472180197529
8.2871680115376058	1.0001304739824641
8.2918751470446512	1.0000161408150234
8.2959639126227298	1.0000502982589767
8.2998266721508820	0.9999868982698329
8.3036413403456333	1.0000283318650478
8.3074991652373722	0.9999865070912773
8.3114797089383643	1.0000148730656799
8.3157390733754486	0.9999481654866367
8.3226634624633835	1.0001293968590810
8.3274267911799313	1.0000187412234707
8.3316079635797404	1.0000442914516383
8.3356095519543079	0.9999946536269034
8.3396456396178600	1.0000196898034690
8.3439242000102656	0.9999499394124810
8.3508689849621902	1.0001295606275071
8.3556821214607364	1.0000210840980353
8.3599425375796912	1.0000400162622163
8.3640757218632480	0.9999970118975198
8.3683879608381115	1.0000592266654664
8.3753702440452926	0.9998743120531625
8.3802916426912937	0.9999765509581647
8.3848746450674749	0.9999184870729881
8.3920196991356732	1.0001309420623177
8.3968934631105085	1.0000171200024812
8.4011170831521067	1.0000435647571102
8.4051341714329215	0.9999941323816400
8.4091755637926369	1.0000194915114871
8.4134561032362409	0.9999497995377663
8.4204098725541954	1.0001282118069765
8.4252757734226922	1.0000233259234594
8.4296447614852266	1.0000375412235516
8.4340361138554325	0.9999548915334665
8.4410309413943434	1.0001411383782117
8.4456792638529290	1.0000145532977942
8.4496275145777471	1.0000621369607123
8.4532945460473190	0.9999758891881677
8.4568532560286318	1.0000470012558582
8.4603693430510027	0.9999647597528166
8.4638682305112116	1.0000418621134195
8.4673618722358608	0.9999615158391779
8.4708543362780659	1.0000397236441354
8.4743504346782270	0.9999610456307256
8.4778516458629003	1.0000381791738824
8.4813626929866235	0.9999620194859618
8.4848858158488358	1.0000361568781400
8.4884274093194065	0.9999643359350442
8.4919921682391983	1.0000328532805041
8.4955903186778450	0.9999685985535970
8.4992324971901798	1.0000270584404538
8.5029389856763462	0.9999764004057337
8.5067386418510846	1.0000167121418455
8.5106908209496908	0.9999862126191174
8.5149404860273226	1.0000510638618114
8.5218438936230250	0.9998653535602507
8.5264254199899714	0.9999865711527309
8.5303587880857474	0.9999396158279600
8.5340463491901133	1.0000204781312030
8.5376615807374439	0.9999579602943393
8.5412711306898270	1.0000262890231852
8.5449136495955571	0.9999690314616976
8.5486146805029559	1.0000213749137150
8.5524105618099533	0.9999813419980420
8.5563585673829614	1.0000122986792843
8.5606084359154568	0.9999477580641652
8.5675303526646260	1.0001298461078523
8.5722413647148219	1.0000179113164120
8.5763715599218049	1.0000458089682109
8.5803341557883819	0.9999943844604228
8.5843465206909979	1.0000198014864738
8.5886185278259930	0.9999507964181762
8.5955325904908264	1.0001362801260782
8.6000964144563454	1.0000121686002923
8.6039978574621010	1.0000617899565181
8.6076508515394110	0.9999767779441396
8.6112256615947835	1.0000438048935176
8.6147900931195789	0.9999697954701625
8.6183755669465203	1.0000338359960037
8.6220043746634119	0.9999727436081131
8.6256972987994551	1.0000237753169177
8.6294878935860559	0.9999824955015961
8.6334330067737550	1.0000129462872889
8.6376820082001835	0.9999481809651504
8.6446039686455851	1.0001300481949789
8.6493100516139041	1.0000179099754605
8.6534356004699919	1.0000459862919173
8.6573947500146229	0.9999943828724318
8.6614050583857960	1.0000198230685615
8.6656764937781343	0.9999508764833737
8.6726323578782853	1.0001285459582669
8.6774658154216535	1.0000234648831721
8.6818114229939347	1.0000377348155141
8.6861963800524311	0.9999557811812326
8.6931905774467086	1.0001422557505910
8.6977871412868151	1.0000140310514605
8.7016937498679034	1.0000633956697740
8.7053420719135950	0.9999769497491838
8.7089092625382705	1.0000446841859862
8.7124654784646474	0.9999695957628861
8.7160431446875481	1.0000343378180068
8.7196649817643141	0.9999725506924884
8.7233520871148382	1.0000240052530374
8.7271382612506940	0.9999824448136739
8.7310806545803175	1.0000129580891381
8.7353289223798782	0.9999482841906663
8.7422437303551970	1.0001315252756287
8.7468970611516372	1.0000159113075704
8.7509444887013252	1.0000508502917396
8.7547968681230479	0.9999891416642311
8.7586466819538007	1.0000242593979805
8.7626137344475978	0.9999899033240921
8.7668697786735628	1.0000529113640246
8.7737999312690356	0.9998692120569821
8.7784945276488404	0.9999814640035882
8.7826097299467172	0.9999526751345408
8.7865587794276188	1.0000046767146142
8.7905643616675579	0.9999790962409151
8.7948332650009711	1.0000478084522315
8.8017668667682027	0.9998655055954931
8.8064152084373664	0.9999825302086945
8.8104548855699285	0.9999472365688949
8.8142975264513819	1.0000097714263039
8.8181412477618295	0.9999743778587330
8.8221030054440899	1.0000089209984966
8.8263589135425669	0.9999461075661322
8.8332157941488543	1.0001432692110528
8.8374844634559544	1.0000000384090550
8.8410517178849837	1.0000840953652885
8.8443708978195801	0.9999578343662238
8.8476090957869715	1.0000686077785046
8.8508248620665615	0.9999469044808459
8.8540391009831705	1.0000610309032338
8.8572615588369885	0.9999446916418117
8.8604949476023442	1.0000566583278869
8.8637431861275253	0.9999455576510448
8.8670066587680445	1.0000532902387460
8.8702888392501844	0.9999478059062260
8.8735901465342408	1.0000499552188225
8.8769145790841382	0.9999509651018959
8.8802633762209560	1.0000461272575267
8.8836417660266065	0.9999550896506852
8.8870527877140475	1.0000413041318355
8.8905042705990223	0.9999606397899001
8.8940032284611998	1.0000346654709116
8.8975637227815145	0.9999687272617397
8.9012031816010690	1.0000245296554209
8.9049548105748322	0.9999813342494789
8.9088763637803137	1.0000126404724174
8.9131190000675229	0.9999488392375461
8.9200402460376544	1.0001311792987535
8.9246899597758045	1.0000171321540159
8.9287614010646870	1.0000478241669541
8.9326799581237530	0.9999941492311379
8.9366659398025394	1.0000199916578194
8.9409306960962507	0.9999517812277001
8.9478992890834483	1.0001271660563003
8.9527749996799386	1.0000245340546821
8.9573437601506143	1.0000802662483173
8.9644284976337492	0.9998567119379661
8.9688660952701778	0.9999960451109402
8.9725497061895876	0.9999219910240332
8.9759632805561154	1.0000359435064523
8.9792924255166984	0.9999376869246578
8.9825977983048304	1.0000457797744291
8.9859049656837886	0.9999451599620696
8.9892202506530854	1.0000475806666780
8.9925490834703119	0.9999492741143553
8.9958913705467385	1.0000467452807733
8.9992501814205941	0.9999522647453496
9.0026252159862601	1.0000447809818329
9.0060198686196014	0.9999551603475993
9.0094347877284253	1.0000420040265010
9.0128746342369723	0.9999585821291891
9.0163419555712316	1.0000381918579637
9.0198440770430572	0.9999632085988601
9.0233875311029657	1.0000326062367197
9.0269859086538151	0.9999702464381327
9.0306560619936995	1.0000235733977916
9.0344305053096665	0.9999817686674609
9.0383659265790239	1.0000126822976998
9.0426122915593403	0.9999483816803040
9.0495042291745253	1.0001360542706381
9.0540012730116768	1.0000096372554652
9.0578337077943587	1.0000654522891961
9.0614190291019980	0.9999731799689550
9.0649234995765546	1.0000485994610562
9.0684095614987399	0.9999646530243507
9.0719021254827634	1.0000405887877630
9.0754146353443677	0.9999645000363880
9.0789544986829558	1.0000348020493082
9.0825321547637419	0.9999683076506183
9.0861581226959647	1.0000278817893005
9.0898522151638588	0.9999762188024621
9.0936430459394018	1.0000169364394338
9.0975899326263594	0.9999862646386711
9.1018381404921751	1.0000509016099703
9.1087460941397786	0.9998659756895010
9.1133444687112313	0.9999856815669885
9.1173052684112204	0.9999415795452625
9.1210286589345291	1.0000182827030335
9.1246888375370485	0.9999611413046602
9.1283551723183276	1.0000225872207660
9.1320719826960808	0.9999740290867604
9.1358760802401093	1.0000153597309354
9.1398303000211722	0.9999854784134207
9.1440805708710595	1.0000507173939963
9.1509822350602175	0.9998648263862903
9.1555511959019107	0.9999872935289947
9.1594611758791800	0.9999375112215669
9.1631114043752806	1.0000234667700185
9.1666693332558147	0.9999528748456349
9.1701931004020700	1.0000333140358926
9.1737090042178071	0.9999585717707731
9.1772242574426013	1.0000358225786010
9.1807448802968441	0.9999611184638950
9.1842713397794746	1.0000359119243223
9.1878072156561146	0.9999628339960097
9.1913529258096904	1.0000348614074606
9.1949128666060549	0.9999647667522177
9.1984891441126120	1.0000327494662373
9.2020886944992117	0.9999677233805392
9.2057174679242504	1.0000289480447686
9.2093884508213577	0.9999729360747818
9.2131175750540972	1.0000218246336352
9.2169360755552390	0.9999825337798633
9.2208984642989851	1.0000127416072451
9.2251521538408436	0.9999474677789324
9.2320498864466813	1.0001337395501859
9.2366390654113939	1.0000117017952395
9.2405619696058245	1.0000609808057568
9.2442191415294488	0.9999751260893195
9.2477746676711927	1.0000465320448504
9.2512904356674355	0.9999645631313449
9.2547896950111159	1.0000417230042877
9.2582828797709880	0.9999612576746454
9.2617725843126966	1.0000400659326887
9.2652620322081685	0.9999602458731901
9.2687508239621366	1.0000393929343103
9.2722413881965480	0.9999601002527683
9.2757330894913750	1.0000388950970074
9.2792285666219776	0.9999604332105477
9.2827275153937681	1.0000382182548564
9.2862331057401732	0.9999612189880323
9.2897457133821337	1.0000371144271867
9.2932694511040967	0.9999626197787418
9.2968059543730703	1.0000352721437162
9.3003611281699570	0.9999650038162035
9.3039391524450199	1.0000321453903551
9.3075497865640529	0.9999691345338780
9.3112031878825920	1.0000265998230566
9.3149191820595654	0.9999766754008649
9.3187261337453844	1.0000165688549210
9.3226828429113215	0.9999861919086944
9.3269337282338647	1.0000512105648991
9.3338816365734480	0.9998739352249904
9.3387743927568803	0.9999757106454272
9.3433487994705260	0.9999187253270626
9.3503547611046756	1.0001548648869651
9.3640391292849579	1.0004438719679063
9.3753045055221840	1.0003381151001356
9.3785251072051832	1.0001012173263779
9.3818555064009352	1.0001451779986925
9.3853932928343085	1.0000436469547080
9.3891118360825256	1.0000546353093303
9.3929609822999822	0.9999947776618472
9.3968960913156678	1.0000111401636815
9.4008767242151201	0.9999660452786114
9.4048677702662289	0.9999949530861953
9.4088423677507809	0.9999531593980550
9.4127798475151678	0.9999946157917389
9.4166695865561731	0.9999500950473966
9.4205070824364743	1.0000020499809725
9.4242971813157990	0.9999524443998514
9.4280480223321206	1.0000108568308124
9.4317738152409412	0.9999579918471987
9.4354879272410646	1.0000171024251283
9.4392075507750448	0.9999656208494766
9.4429482734686196	1.0000188681934630
9.4467327844711200	0.9999755038312463
9.4505900753981269	1.0000143442591423
9.4545775244464814	0.9999858218404417
9.4588368855192684	1.0000526941932795
9.4651864415141471	0.9997669878036948
9.4703482062897351	1.0000662859850415
9.4753520299243039	0.9997057248269502
9.4788218610315980	1.0000833512430174
9.4817988880473365	0.9999151575521710
9.4847058474134194	1.0001213443053172
9.4877516985866883	0.9999911253478233
9.4909800289936150	1.0000895418119280
9.4944023452502186	1.0000034249226730
9.4980160136178924	1.0000386085940729
9.5018619728333338	0.9999854395459971
9.5060827719051826	1.0000219603338654
9.5132947023744094	0.9998440764492253
9.5171773196948592	0.9999995385239148
9.5204830217342895	0.9998862797016984
9.5236121667170934	1.0000388765471473
9.5267323478045025	0.9999196648086293
9.5299170123563233	1.0000438634559108
9.5332085499862007	0.9999546923913866
9.5366343015219837	1.0000368252886276
9.5402314961069976	0.9999872634887071
9.5440612028446630	1.0000248439659318
9.5482798491845333	0.9999661276035101
9.5551852720816903	1.0001523982299700
9.5595643280438480	1.0000243492928325
9.5633661062410766	1.0000735293388880
9.5670351959339754	0.9999972921472681
9.5707591310277316	1.0000373651861865
9.5746531095522265	0.9999992678296635
9.5788891616243603	1.0000582175232016
9.5858117206187252	0.9998710234786516
9.5904510408442132	0.9999811942809721
9.5945605117145671	0.9999553416189639
9.5985989854879339	0.9999994164874563
9.6028869120200362	0.9999399523341830
9.6099130819571421	1.0001173337854556
9.6149207966875725	0.9999594184930216
9.6219908365516300	1.0001967746023759
9.6262366417846881	1.0000067431507556
9.6296317575963801	1.0001041618134388
9.6328433386295025	0.9999624283575835
9.6360826614921553	1.0000613873632915
9.6394176575355743	0.9999643873831053
9.6428805490372724	1.0000341825386758
9.6465055666470825	0.9999826521568764
9.6503523188079487	1.0000191401086178
9.6545750296496955	0.9999634749861315
9.6617072922991554	1.0001208932696493
9.6660810872423557	1.0000043701556423
9.6700211151488276	1.0000306281610387
9.6739743793820772	0.9999808053327925
9.6782359884474669	1.0000353180700183
9.6851709666322598	0.9998506284662589
9.6893749481492133	0.9999918408332938
9.6930088803784944	0.9999287922839745
9.6965370566709002	1.0000202617561311
9.7001585456790291	0.9999750860199926
9.7039905093184231	1.0000183221952403
9.7082120216356582	0.9999651544359180
9.7152466342800281	1.0001392698098961
9.7197678903698996	1.0000330735743830
9.7239125900176315	1.0000497997852278
9.7282434210426505	0.9999731348980881
9.7351718130710392	1.0001651347660057
9.7392888802313848	1.0000127978148039
9.7428281161362431	1.0000868356911576
9.7462654766591275	0.9999842889961289
9.7497669741220641	1.0000467207970281
9.7534072866819379	0.9999897170718891
9.7572604662097202	1.0000199884300751
9.7614851045174440	0.9999565215526012
9.7683736981590243	1.0001443478089678
9.7726721992536802	1.0000087700079774
9.7763556377432259	1.0000731234366071
9.7798686898128437	0.9999773074924277
9.7833803838742845	1.0000447233533321
9.7869627513926485	0.9999785274706084
9.7906658887737539	1.0000226585689946
9.7945581449028492	0.9999888134143807
9.7987920214582029	1.0000505104744020
9.8056230593829472	0.9998495598087147
9.8096902407591440	1.0000053206187132
9.8130998585614080	0.9999053553190594
9.8163102946058061	1.0000449738498494
9.8194788052724835	0.9999261673364966
9.8226504633567586	1.0000532375503419
9.8258428568687499	0.9999371757511339
9.8290575290866009	1.0000537080463587
9.8322970078206673	0.9999434001017756
9.8355588220940753	1.0000518347331278
9.8388441897595573	0.9999475964200915
9.8421509437776038	1.0000492095863445
9.8454807431930380	0.9999510403721981
9.8488322775898354	1.0000462377558810
9.8522080976525928	0.9999543931406246
9.8556081195487266	1.0000428481752863
9.8590363665410550	0.9999581671096742
9.8624948057237383	1.0000386590820025
9.8659902532766885	0.9999630274675806
9.8695287951217630	1.0000328507878395
9.8731236334006915	0.9999702013514751
9.8767913073239217	1.0000236929922257
9.8805640969133641	0.9999817969891486
9.8844985640834810	1.0000127295242747
9.8887446605367710	0.9999484590033559
9.8956756369361081	1.0001287965689554
9.9004185110576319	1.0000201283753063
9.9046201467512081	1.0000409800394650
9.9087174820418564	0.9999973652882028
9.9130197966169806	1.0000582576887342
9.9200092910320166	0.9998743744392984
9.9249043521293601	0.9999761196741493
9.9294803919563162	0.9999192763812063
9.9366005285088388	1.0001369021360764
9.9412325485220023	1.0000094658336560
9.9451315341074533	1.0000630912488517
9.9487541937460531	0.9999736680183134
9.9522825249891778	1.0000474001263784
9.9557842251661608	0.9999648582719419
9.9592849428482015	1.0000405617387818
9.9627968321945435	0.9999636778043939
9.9663245218488630	1.0000364505607957
9.9698741379553493	0.9999654273967964
9.9734495526386802	1.0000324403330592
9.9770597521796063	0.9999693988623015
9.9807141588582233	1.0000266123221158
9.9844318349088379	0.9999768281331386
9.9882404937813600	1.0000165742302485
9.9921983776609373	0.9999862209410449
9.9964495573335359	1.0000512753015538
