0.0000000000000000	0.0000000000000000
3.3382172121715761	0.0010000000000000
3.3445979856553736	0.0010035151304301
3.3495511063510106	0.0011851106736156
3.3538621964749580	0.0013057940913505
3.3580453150021223	0.0014508167583586
3.3623067807365961	0.0016049473676712
3.3666864617124737	0.0018277549471842
3.3713167696843844	0.0020608265616328
3.3794672198969571	0.0028647321519463
3.3851085627026989	0.0031313799242738
3.3905620710736426	0.0041631902517070
3.3948453395404421	0.0045126446410383
3.3985529464964661	0.0051368996178686
3.4022114981458542	0.0056810267578956
3.4062190731797628	0.0064837710697973
3.4107696109858914	0.0074544814628660
3.4177364183267454	0.0095886272171091
3.4221863855161030	0.0109506595869994
3.4260554913708550	0.0124901211731956
3.4299626424326819	0.0141493212605006
3.4340989899082683	0.0162343612513275
3.4387135670134255	0.0188455520548951
3.4468820153636375	0.0246931386800843
3.4516910586564067	0.0288707758902648
3.4564420061034760	0.0336439638436936
3.4611968168747795	0.0391504182076973
3.4670916299578018	0.0476251504646476
3.4729301817410358	0.0569600083533707
3.4816220009587653	0.0747952795326713
3.4867904109103871	0.0876526045891682
3.4915643104174139	0.1014354063811181
3.4964328115012111	0.1174828326358610
3.5051247770489304	0.1516873945834298
3.5085862103972216	0.1672233611796770
3.5126177599353436	0.1872875340094870
3.5170803699834479	0.2115951651228899
3.5218165807178079	0.2398883975806624
3.5295715676809767	0.2914677460142626
3.5342800376441859	0.3262228127523707
3.5384365938237714	0.3586133020322991
3.5428511167400010	0.3946842359952561
3.5473372466329129	0.4326937340735384
3.5522252482267977	0.4753247282433652
3.5572856513230584	0.5197877699161310
3.5689685344630906	0.6213066455132359
3.5916104997520808	0.7885731959964551
3.5949002027628816	0.8080125652374540
3.5986995073422334	0.8286906818115335
3.6027623778025832	0.8488895435722383
3.6071667624450963	0.8684330669839789
3.6118483519045594	0.8872705359366103
3.6167527870851299	0.9040154537790188
3.6216840136810569	0.9188272681864150
3.6369841250328485	0.9515824925179522
3.6403052858514728	0.9573482180387285
3.6436770342743308	0.9621788122193016
3.6473183296956448	0.9669248471710239
3.6515705958876228	0.9715411667662579
3.6561365803459220	0.9762102428191343
3.6609254844547010	0.9799325993179899
3.6657669321901301	0.9835202917327757
3.6706190437312141	0.9860124704391361
3.6754688954092516	0.9884039964799829
3.6806859320081182	0.9899008322199251
3.6890179498999083	0.9929810580048467
3.6938894472200743	0.9939778547305839
3.6976457262617686	0.9948256259938574
3.7014289172222385	0.9954516046441003
3.7056593685625323	0.9961578195344124
3.7129958762997481	0.9969245100574170
3.7173772790122910	0.9974777373370218
3.7214524459200269	0.9978132840894883
3.7257607428058082	0.9982044690673525
3.7329635668711978	0.9984778011601259
3.7375954560367584	0.9988051817646753
3.7418159740166730	0.9989625342344866
3.7461632737482549	0.9991901276449875
3.7531745849308167	0.9992005045585273
3.7574140087679222	0.9994411930117617
3.7610113581807658	0.9994367693043821
3.7644205322562190	0.9996057023743430
3.7678083111101319	0.9995716088540009
3.7712259296010524	0.9997062919678902
3.7746970909194886	0.9996716834183044
3.7782280126613066	0.9997785440521569
3.7818288434798504	0.9997500017228940
3.7855095429387080	0.9998307061592181
3.7892967254755092	0.9998154327751073
3.7932411185391595	0.9998687766298237
3.7974899153520010	0.9998249797560516
3.8044009852785829	1.0000355983663849
3.8090687120108169	0.9999347893067917
3.8131175273608626	0.9999822013865637
3.8169452884914170	0.9999251288006786
3.8207310411162045	0.9999760665701934
3.8245667576205835	0.9999397392007336
3.8285336912728374	0.9999744677933827
3.8327893845566430	0.9999138653223776
3.8396764455393488	1.0001097232789709
3.8441763750846620	0.9999869167441829
3.8480163068852398	1.0000438324809924
3.8516318214008893	0.9999597977607703
3.8552085332207402	1.0000250910285591
3.8588317540447701	0.9999643593323148
3.8625599194168196	1.0000094062599696
3.8664658763844040	0.9999779231516280
3.8707036736531562	1.0000419366565736
3.8775808619190131	0.9998519746388874
3.8818988196445678	0.9999897295370207
3.8855563321429192	0.9999188718697087
3.8889882142996743	1.0000289700201730
3.8923585415565682	0.9999385302625072
3.8957185438008630	1.0000388253844632
3.8990890727049781	0.9999479667947724
3.9024735397578678	1.0000409925753717
3.9058753899876488	0.9999530607348378
3.9092932639114091	1.0000406234983767
3.9127294962023402	0.9999565968841259
3.9161837411061433	1.0000389909547538
3.9196599379166903	0.9999600025215742
3.9231601120638935	1.0000361218456753
3.9266912973094787	0.9999643239997248
3.9302598229789338	1.0000313450947744
3.9338791905065125	0.9999709313683071
3.9375661267096156	1.0000230200297606
3.9413529503313556	0.9999819731376983
3.9452958873084385	1.0000127106313104
3.9495442923692856	0.9999481559757811
3.9564660976499808	1.0001301440421448
3.9611673706016148	1.0000178676484957
3.9652881969894591	1.0000461747312706
3.9692437326267891	0.9999943906965084
3.9732518485086432	1.0000198634957020
3.9775226830264212	0.9999509787964582
3.9844484191506653	1.0001342893591223
3.9890770841591188	1.0000151685436862
3.9930768583902099	1.0000546908807542
3.9968605285127126	0.9999851704359887
4.0006108576017372	1.0000306442072475
4.0044207522310797	0.9999860383733912
4.0083720502303608	1.0000149764424564
4.0126234112717896	0.9999492223941338
4.0195476759580915	1.0001307162094883
4.0242446893383246	1.0000179393091937
4.0283603602224609	1.0000464290569526
4.0323116799055994	0.9999943735112861
4.0363171833066556	1.0000198719244364
4.0405873081685959	0.9999510614287482
4.0474977184438448	1.0001372595341058
4.0520256495070361	1.0000111764821449
4.0558882356186023	1.0000639432244800
4.0595056993128624	0.9999753822351676
4.0630489600029316	1.0000455464466034
4.0665855988534423	0.9999686364925687
4.0701469279120994	1.0000349723763517
4.0737552639603765	0.9999720179921371
4.0774316042005276	1.0000243049209763
4.0812098383233479	0.9999822892154032
4.0851474094566207	1.0000129349893401
4.0893943693100478	0.9999484365568617
4.0962752715739539	1.0001380938316080
4.1007107344213720	1.0000070910556176
4.1044653312888952	1.0000709161941503
4.1079657546375641	0.9999681819694158
4.1113782596094595	1.0000554488101301
4.1147633433401980	0.9999578823680013
4.1181434200062821	1.0000488400199354
4.1215288140594790	0.9999556312902714
4.1249227065044165	1.0000453221509500
4.1283293216704751	0.9999562162224682
4.1317497205954163	1.0000425568435034
4.1351882277690883	0.9999582427851220
4.1386467734342700	1.0000394350496828
4.1421314102301148	0.9999615746212845
4.1456465991513261	1.0000351153511273
4.1492023352819771	0.9999668130839778
4.1528091701563605	1.0000283513270505
4.1564874073630529	0.9999755690964373
4.1602662234350039	1.0000170692691526
4.1642057212600081	0.9999862347178068
4.1684519398796658	1.0000506245415042
4.1753641914556816	0.9998664106131959
4.1799728849161779	0.9999846089935890
4.1839617501470343	0.9999442674745295
4.1877368726393760	1.0000140611473778
4.1914829951046997	0.9999682257617039
4.1952886925498651	1.0000129504510933
4.1992390147448271	0.9999839466146699
4.2034888404265001	1.0000495948802326
4.2104095861209254	0.9998670236240945
4.2150573885340323	0.9999828529375830
4.2191021979241778	0.9999478518888371
4.2229510639050556	1.0000097430619275
4.2268000986530199	0.9999745930808852
4.2307652646289808	1.0000089900540268
4.2350220634633597	0.9999460229174670
4.2419685023626927	1.0001263520160035
4.2467893701873303	1.0000225656151509
4.2511278399711276	1.0000372915404003
4.2555107501355645	0.9999557563293541
4.2625297598576699	1.0001377411550396
4.2672767552172512	1.0000203708561755
4.2714125964491778	1.0000476329625680
4.2753718881422369	0.9999950179997349
4.2793805614867209	1.0000202418338755
4.2836517443939908	0.9999512127708043
4.2905652687208171	1.0001368954830818
4.2951087688216711	1.0000117459821125
4.2989896110864683	1.0000628823194049
4.3026251074492086	0.9999762139238680
4.3061854855862363	1.0000445652009620
4.3097380436359582	0.9999693740782516
4.3133138091692151	1.0000342774357993
4.3169347899147557	0.9999725002846763
4.3206216168736793	1.0000239692180874
4.3244077842681747	0.9999824327008989
4.3283502278536350	1.0000129480292819
4.3325984986857788	0.9999482758112466
4.3395384027384756	1.0001267903036712
4.3443600248303280	1.0000228443647134
4.3487000701835354	1.0000374062975037
4.3530833284762700	0.9999557350762682
4.3600775516558556	1.0001421204538730
4.3646740838992013	1.0000141064055079
4.3685827487934565	1.0000631741207078
4.3722346392671811	0.9999771922916765
4.3758063587961198	1.0000443739853280
4.3793676199322817	0.9999698732023243
4.3829504535585793	1.0000340658885749
4.3865772131017851	0.9999727547491669
4.3902686419785919	1.0000238587492558
4.3940582063590501	0.9999825071656606
4.3980027169147453	1.0000129620884926
4.4022515486457650	0.9999482123213025
4.4091990750208767	1.0001252650612085
4.4140852413299720	1.0000235480374493
4.4186561958728294	1.0000803677085004
4.4258179110527189	0.9998714589761725
4.4308041517786210	0.9999771438108852
4.4354090649479998	0.9999184044373128
4.4425443095424333	1.0001374055508623
4.4472122328650290	1.0000102847485202
4.4511410118490540	1.0000617061497263
4.4547905762799846	0.9999751051930329
4.4583479464875166	1.0000451993915880
4.4618858040987348	0.9999676281752575
4.4654353673666165	1.0000365015154387
4.4690159059344143	0.9999692230926991
4.4726419878828247	1.0000285290838924
4.4763350514055338	0.9999764822960385
4.4801246916304285	1.0000171608492290
4.4840707160330577	0.9999863807399085
4.4883187179763979	1.0000509391828958
4.4952610577423950	0.9998724194180297
4.5000839373954573	0.9999761396943354
4.5044274201113854	0.9999616044136773
4.5088102629554703	1.0000433071170314
4.5158311611422537	0.9998615755828713
4.5205874499105603	0.9999784490343140
4.5247352832934924	0.9999517049536361
4.5287019277194585	1.0000038904198438
4.5327165474370643	0.9999787374510144
4.5369881106729730	1.0000478795041903
4.5438936829161340	0.9998603320732047
4.5483778741407397	0.9999897812959528
4.5521800321479589	0.9999302545011268
4.5557195757959033	1.0000287561096832
4.5591679727848833	0.9999456395876990
4.5625843057975937	1.0000391861846814
4.5659956114419362	0.9999521048165658
4.5694103573947986	1.0000413434508035
4.5728362075035509	0.9999557859211862
4.5762757078624459	1.0000403378486120
4.5797348772025916	0.9999591581743701
4.5832171635115460	1.0000373843415251
4.5867307237494463	0.9999635650600371
4.5902827457224724	1.0000322416484260
4.5938874218878869	0.9999704146110214
4.5975620712146315	1.0000234420783298
4.6013395631575795	0.9999818070990052
4.6052767576150995	1.0000126813924448
4.6095236191616902	0.9999483197388855
4.6164726922027670	1.0001252398237783
4.6213530157077658	1.0000236380761769
4.6259224488554889	1.0000801983972376
4.6330470940879067	0.9998646282269670
4.6377636516410705	0.9999860457748494
4.6417880256130406	0.9999447706611155
4.6455711845851493	1.0000148168071190
4.6493160285898272	0.9999682488937701
4.6531182455870423	1.0000132154474666
4.6570657899399803	0.9999840333863437
4.6613149641955021	1.0000495200827659
4.6682025131629734	0.9998605623551131
4.6726372663829912	0.9999914169675621
4.6763972097806743	0.9999284831194504
4.6799063485469015	1.0000296773444750
4.6833357290892668	0.9999450749424743
4.6867443242352982	1.0000387770822163
4.6901598207126547	0.9999532318395005
4.6935920326108205	1.0000391789004361
4.6970507855624151	0.9999590433528440
4.7005417998959720	1.0000357175377279
4.7040759390796882	0.9999654699529268
4.7076641636007119	1.0000288877584329
4.7113272115775118	0.9999749896037321
4.7150946711047093	1.0000172203753450
4.7190272376304971	0.9999862212584790
4.7232715892384567	1.0000503744225757
4.7301597608883599	0.9998615546758675
4.7346073760490999	0.9999908202418909
4.7383884722400857	0.9999303412825606
4.7419247707997423	1.0000278130814271
4.7453875226432345	0.9999478520714727
4.7488367819377677	1.0000357372714122
4.7523019848447206	0.9999571659942765
4.7557954342405537	1.0000345750905586
4.7593307653201906	0.9999648578478689
4.7629196810820194	1.0000284994808233
4.7665832714431788	0.9999747992600712
4.7703511237034135	1.0000170962205963
4.7742839404636097	0.9999861558872128
4.7785283538844743	1.0000503471133781
4.7854821097500988	0.9998738797151188
4.7903555749609241	0.9999753592050813
4.7949249334348236	0.9999192891553529
4.8020556354721053	1.0001344893389879
4.8067557759025901	1.0000127040830573
4.8107639106921711	1.0000547555691408
4.8145368042665417	0.9999839348127041
4.8182727785780584	1.0000309801095455
4.8220703824453715	0.9999856927424990
4.8260137982706279	1.0000149222223143
4.8302630805905435	0.9999494912880972
4.8372069139058107	1.0001274447308750
4.8420162875898978	1.0000230750295473
4.8463469090545717	1.0000376033627050
4.8507276541305684	0.9999561741139936
4.8577166223875725	1.0001436049735284
4.8622596443375601	1.0000127255102060
4.8661110578842921	1.0000663931501721
4.8697112934571232	0.9999752212251609
4.8732376572890006	1.0000469212379239
4.8767593139120136	0.9999682539594384
4.8803079775931479	1.0000357034043070
4.8839059186378311	0.9999717524076883
4.8875740965616439	1.0000246197262026
4.8913463812792806	0.9999822317816239
4.8952803670622327	1.0000129581007702
4.8995263503758846	0.9999485788199816
4.9064408197227349	1.0001319704871590
4.9110735874574800	1.0000155881558304
4.9151010115639533	1.0000516472522401
4.9189375318807480	0.9999888962163417
4.9227759974793672	1.0000245405381525
4.9267362900994023	0.9999899791171699
4.9309904820181272	1.0000527202601217
4.9379209285210726	0.9998689927518797
4.9426027617449435	0.9999816117792485
4.9467061487590982	0.9999522914864336
4.9506465705116298	1.0000047153942044
4.9546470419534510	0.9999790574976187
4.9589145283858223	1.0000476149113120
4.9658485386148428	0.9998653677045434
4.9704889610134897	0.9999826072944228
4.9745217762137113	0.9999469886585352
4.9783595444407558	1.0000098165756581
4.9822000699883162	0.9999742982162614
4.9861600107202575	1.0000088959755797
4.9904154041276856	0.9999461556346648
4.9973692804748895	1.0001251726484617
5.0023696168032847	0.9999729197074801
5.0098234322538184	1.0001680077173929
5.0147154439575763	1.0000251236874260
5.0188046583906711	1.0000603149826008
5.0226118175370340	0.9999874744447335
5.0263637283186346	1.0000325946317326
5.0301690356961952	0.9999867016885345
5.0341161899516411	1.0000154458290011
5.0383665920365139	0.9999496679044710
5.0452778955337036	1.0001336811401562
5.0498735283805560	1.0000141724567206
5.0538442528755168	1.0000556414253692
5.0576049000973056	0.9999845136918794
5.0613376276784727	1.0000311869591230
5.0651349047129770	0.9999858742969958
5.0690786610657055	1.0000149896180022
5.0733279579884893	0.9999494913228719
5.0802611329874781	1.0001293693276887
5.0850009706669406	1.0000202377748777
5.0891987432590389	1.0000411605077366
5.0932934000662300	0.9999974186215578
5.0975950296119832	1.0000581737525538
5.1045852601287853	0.9998743425812184
5.1094777625229622	0.9999760518646180
5.1140531517905563	0.9999193312959416
5.1211925383654640	1.0001337048702146
5.1259361095267639	1.0000143361795166
5.1300039042859842	1.0000509606997519
5.1338537582633847	0.9999883796876210
5.1376958176019363	1.0000243821945769
5.1416567519117820	0.9999898601928203
5.1459113236659393	1.0000526425930167
5.1528339563168668	0.9998673235949874
5.1574594515589096	0.9999838052191585
5.1614798695880300	0.9999470600699970
5.1653081306542230	1.0000102780180096
5.1691417982120678	0.9999742991146878
5.1730976548480809	1.0000089496693252
5.1773519328027344	0.9999463264253067
5.1842794400118404	1.0001303219309896
5.1889522850594938	1.0000171383459016
5.1930437566348315	1.0000470403302804
5.1969766595129734	0.9999941504137880
5.2009710433318874	1.0000198949824763
5.2052381275750195	0.9999514546842775
5.2122050477257904	1.0001271444018085
5.2170869683314649	1.0000244210961762
5.2216573534122261	1.0000804447540856
5.2287696886316084	0.9998618884215765
5.2333842242460342	0.9999894665950824
5.2372788478504555	0.9999367438152006
5.2409172679959761	1.0000224286103852
5.2444945692350924	0.9999570714440714
5.2480874486995894	1.0000252893648744
5.2517434415070978	0.9999720227906720
5.2555017740074543	1.0000161277136634
5.2594279521018166	0.9999855064297019
5.2636706795029813	1.0000497450615586
5.2706167953249654	0.9998718180218479
5.2754089529052974	0.9999759563849506
5.2797301291370795	0.9999613422567347
5.2841069650083634	1.0000423892762915
5.2910960951972932	0.9998546859498075
5.2956061660045775	0.9999865462011770
5.2994361136978121	0.9999320901513220
5.3030309197754955	1.0000223423548942
5.3065761945914414	0.9999547999604413
5.3101443356667684	1.0000256100645937
5.3137813674092609	0.9999710993336693
5.3175260070167898	1.0000161798039142
5.3214439972524472	0.9999854124138278
5.3256845120225842	1.0000494077294955
5.3325811489803554	0.9998621079219598
5.3370426426174626	0.9999888291580473
5.3408670596651815	0.9999349843911862
5.3444821452910531	1.0000206872148372
5.3480689959436178	0.9999591628242036
5.3517037170155213	1.0000206144209336
5.3554439369679043	0.9999782847309743
5.3593563212483319	1.0000112103471765
5.3635969179799892	0.9999485036330946
5.3704872567914750	1.0001375069894443
5.3749181062901297	1.0000090009678126
5.3787094601018772	1.0000655820398181
5.3822986704836335	0.9999773087892698
5.3858633875798132	1.0000407325568943
5.3894825491401646	0.9999778883276899
5.3932101740886891	1.0000209136560689
5.3971164876449969	0.9999877480263433
5.4013542091165681	1.0000501583720569
5.4082548014168284	0.9998625545954822
5.4127108083918820	0.9999883075761242
5.4165462638293134	0.9999368904402319
5.4201936646027393	1.0000174310643974
5.4238400621873728	0.9999644749719715
5.4275737663020776	1.0000137572942664
5.4314810780429035	0.9999837546278114
5.4357192867461830	1.0000479946205296
5.4426090071994437	0.9998591597020331
5.4469831865666727	0.9999910242857507
5.4507235653563351	0.9999303078959886
5.4542703684653135	1.0000227828100205
5.4578036859564056	0.9999565540376603
5.4613977084269276	1.0000215510837420
5.4651090330230421	0.9999775308923327
5.4690043136117561	1.0000110553115276
5.4732403254119797	0.9999490100972717
5.4801730847173289	1.0001302630382209
5.4848272046116193	1.0000192222169091
5.4889506368605936	1.0000428561787762
5.4929999882752538	0.9999979866503476
5.4972893539653809	1.0000569737081575
5.5042890216416485	0.9998743423384014
5.5091466729103917	0.9999754842855144
5.5137130128199940	0.9999203519207014
5.5208463045579927	1.0001368953851493
5.5254496310376764	1.0000118593047351
5.5293811372609918	1.0000567389059323
5.5331237367050541	0.9999864987148895
5.5368896492428465	1.0000263685169761
5.5408056405059476	0.9999903524351497
5.5450480575031378	1.0000513625246348
5.5520174063405170	0.9998742318068020
5.5568591445129911	0.9999750441838861
5.5614204643452796	0.9999203673502626
5.5685637809408961	1.0001345494168248
5.5732382084801406	1.0000147134874378
5.5772712101402560	1.0000499394386140
5.5811464656812451	0.9999933372792253
5.5851033976190525	1.0000200740620444
5.5893607333598672	0.9999529137315718
5.5961250059309942	1.0001668241453416
5.5998637325019169	0.9999797204120034
5.6029870183485331	1.0001176721690996
5.6059685476854124	0.9999416310323802
5.6089448432664710	1.0000897118893699
5.6119535960623903	0.9999359058511738
5.6150034642117630	1.0000732134955324
5.6180971152402739	0.9999380133370246
5.6212329585102152	1.0000627185865139
5.6244123619341790	0.9999428395177100
5.6276344229035189	1.0000545962384293
5.6309025164612292	0.9999490158471785
5.6342181802804001	1.0000468511414853
5.6375881017017955	0.9999565587314975
5.6410183751131369	1.0000379774748414
5.6445224724763188	0.9999664834240729
5.6481175392006238	1.0000259774411011
5.6518368835305237	0.9999807352405092
5.6557390768206757	1.0000126080315468
5.6599765186971949	0.9999494974919986
5.6669086275588771	1.0001300173458056
5.6715857344025382	1.0000195681596695
5.6757293190269644	1.0000423920751598
5.6797909431203628	0.9999978432258469
5.6840835992675753	1.0000573059847075
5.6909989537066910	0.9998591868753577
5.6953548877204376	0.9999939849555314
5.6990475354960441	0.9999261713154932
5.7025242904520637	1.0000286373494454
5.7059609574309125	0.9999482909010852
5.7094210519400406	1.0000319755877101
5.7129407375868313	0.9999637287003652
5.7165445834316859	1.0000240218996479
5.7202693497055286	0.9999798365457319
5.7241744397018701	1.0000120881107268
5.7284127351760459	0.9999491407626145
5.7353578333770647	1.0001273871617802
5.7401261500118821	1.0000229250622512
5.7444279959079712	1.0000377348402507
5.7488009610483868	0.9999572072621521
5.7557736078749135	1.0001477844543905
5.7601704545243502	1.0000089303073838
5.7638803604042756	1.0000742934674118
5.7673667291120259	0.9999715871192228
5.7708075153379799	1.0000510946889138
5.7742713696979191	0.9999674002165294
5.7777922118072800	1.0000353364456609
5.7813981874799625	0.9999750516026721
5.7851229592094793	1.0000191355274599
5.7890294427243258	0.9999868599280565
5.7932668748839395	1.0000497730936964
5.8002022919995069	0.9998692468408753
5.8048820243229553	0.9999793563861262
5.8090306510307768	0.9999566943145042
5.8130937985732452	1.0000011504924040
5.8173881859203549	0.9999415984653992
5.8241516384599921	1.0001672684935587
5.8278322598450742	0.9999737207738841
5.8308886351700062	1.0001239418241565
5.8337991332129393	0.9999346431265138
5.8366978267755307	1.0000978499692703
5.8396205961212972	0.9999275822206153
5.8425745073683792	1.0000828520060172
5.8455609683688445	0.9999279748901778
5.8485768316331885	1.0000740895831879
5.8516216921226194	0.9999306592108860
5.8546922325489819	1.0000682583646543
5.8577887951006851	0.9999340085121607
5.8609087065854544	1.0000637615717312
5.8640530503779225	0.9999375103977911
5.8672198012699424	1.0000598346794258
5.8704106942196983	0.9999410771209619
5.8736243699632791	1.0000560599020298
5.8768632548497379	0.9999448008943627
5.8801267978835536	1.0000521345468696
5.8834183373250140	0.9999488832971217
5.8867384954067408	1.0000477411796869
5.8900920656997435	0.9999536575862396
5.8934816880029688	1.0000424226588629
5.8969149160491776	0.9999597110843352
5.9003985250300390	1.0000353526093932
5.9039464250009805	0.9999682206858015
5.9075759681975040	1.0000248322856538
5.9113203774678951	0.9999811941365517
5.9152375917388005	1.0000126261540012
5.9194790591754245	0.9999489813687454
5.9263326265111642	1.0001440588972268
5.9305800964250279	1.0000004152979538
5.9341421127064251	1.0000838099494167
5.9374693536712453	0.9999593408336055
5.9407247878795868	1.0000668936945767
5.9439638330908942	0.9999490153573873
5.9472050340581735	1.0000588427686039
5.9504560914172435	0.9999468435061420
5.9537179343647617	1.0000546484982284
5.9569927852084659	0.9999472687536792
5.9602794309867111	1.0000519528939353
5.9635797105357362	0.9999486248668999
5.9668923619743168	1.0000497508417165
5.9702195063582320	0.9999504074116128
5.9735602397621363	1.0000475887751414
5.9769171711736711	0.9999525321510145
5.9802900153711480	1.0000451871068960
5.9836821565577445	0.9999551140635160
5.9870943482516523	1.0000422603761465
5.9905313299058101	0.9999584381676468
5.9939957603669098	1.0000383782112305
5.9974950615395448	0.9999630613206077
6.0010358736211424	1.0000327325404743
6.0046318840294859	0.9999701434367811
6.0083000454832520	1.0000236308880099
6.0120729693807426	0.9999817325470171
6.0160074550641669	1.0000126725571223
6.0202535697153863	0.9999484059197655
6.0271481995151976	1.0001355870505220
6.0316596298017249	1.0000103643850466
6.0355136827800120	1.0000637265770185
6.0391278160709474	0.9999752561862081
6.0426707871331109	1.0000453408878671
6.0462089392970881	0.9999687470830366
6.0497727551043470	1.0000347792176785
6.0533839602878130	0.9999721477779481
6.0570630715998712	1.0000241967047481
6.0608435876980717	0.9999823335679240
6.0647826104984830	1.0000129383761995
6.0690299502587282	0.9999483884497565
6.0759703679994050	1.0001268422887277
6.0807874627365166	1.0000228579682080
6.0851242394673140	1.0000374340615616
6.0895066096523482	0.9999558605373539
6.0965513865212149	1.0001330373002280
6.1014785980428510	1.0000259546669230
6.1060632205589922	1.0000818050251989
6.1132297740199535	0.9998702599482806
6.1181629663360910	0.9999779891208848
6.1225452771761883	0.9999620932513961
6.1269415073388265	1.0000439435989645
6.1339507587628708	0.9998570203283832
6.1385582098525449	0.9999843347329120
6.1424834652150100	0.9999368925675280
6.1461546187022273	1.0000203875351141
6.1497535865991884	0.9999566434252581
6.1533491411126668	1.0000265072740857
6.1569803971122692	0.9999684564053476
6.1606727650547493	1.0000215083463388
6.1644624589545289	0.9999811867991644
6.1684067552578714	1.0000122657231509
6.1726556035615161	0.9999478748251380
6.1795626467996962	1.0001328001458065
6.1841693449599768	1.0000136661941170
6.1881424524584023	1.0000561784212567
6.1918888165411863	0.9999823543165681
6.1955830224471642	1.0000348769984431
6.1993046658515114	0.9999803895605349
6.2031072280314374	1.0000191677015482
6.2070587652491289	0.9999874409382752
6.2113086428935853	1.0000515855675101
6.2182070986478308	0.9998642552523392
6.2227437600904194	0.9999884453262393
6.2266165429385518	0.9999354220964287
6.2302302880212164	1.0000251878797213
6.2337528260168797	0.9999506840790702
6.2372417718475575	1.0000352364460641
6.2407227199145909	0.9999563757056860
6.2442021649991437	1.0000379755352005
6.2476852333302002	0.9999587077881580
6.2511712735745073	1.0000385123887878
6.2546623257166898	0.9999598304089669
6.2581567695316593	1.0000383665705281
6.2616561652280698	0.9999605146262608
6.2651587820732164	1.0000380198099188
6.2686661130239472	0.9999610298193947
6.2721764314046062	1.0000376261098094
6.2756912379375898	0.9999614713905979
6.2792088289415133	1.0000372312323806
6.2827307364559459	0.9999618774869541
6.2862552938337908	1.0000368426284572
6.2897840860134400	0.9999622705028430
6.2933155079190035	1.0000364504021855
6.2968512316109928	0.9999626737976413
6.3003897580686932	1.0000360305839371
6.3039329069612728	0.9999631221926871
6.3074793658767705	1.0000355395738207
6.3110312121405272	0.9999636744745806
6.3145874683905214	1.0000348999415039
6.3181506756303190	0.9999644346510616
6.3217204749611566	1.0000339717008957
6.3253002749846523	0.9999655933042240
6.3288909101635529	1.0000324927351052
6.3324975122932878	0.9999675163522240
6.3361233986124894	1.0000299430481763
6.3397774838460856	0.9999709598905786
6.3434689785943954	1.0000251990191134
6.3472167142966400	0.9999775941995874
6.3510478246141542	1.0000161515701556
6.3550195123753914	0.9999861537464930
6.3592744666404082	1.0000517211798632
6.3662186745960092	0.9998739567985669
6.3711236046453941	0.9999759333607181
6.3757012115596066	0.9999183676375647
6.3828389137654584	1.0001312784622489
6.3876859763543958	1.0000158451033139
6.3918631601285538	1.0000466634785243
6.3958043875523156	0.9999898947602628
6.3997141645950002	1.0000227980928778
6.4037162190769985	0.9999894605048657
6.4079820218692980	1.0000538558510668
6.4149261904936674	0.9998731368041924
6.4197899474359339	0.9999765196084415
6.4241621375208942	0.9999619510320351
6.4285528782041972	1.0000444637240189
6.4355925558770171	0.9998662463500111
6.4405440442375905	0.9999736884554301
6.4451368063606713	0.9999167879203572
6.4522975013545940	1.0001289622467397
6.4573807233770779	0.9999707093067585
6.4649044357357903	1.0001674124709881
6.4699178396314236	1.0000262744128237
6.4741154361458433	1.0000566383237086
6.4779981642151814	0.9999877333161066
6.4817851879235704	1.0000334257638350
6.4855734447157714	0.9999825923523834
6.4894228607149333	1.0000187796463378
6.4934023600307862	0.9999875778590175
6.4976599786116953	1.0000526534095153
6.5045911766066444	0.9998716962620234
6.5094020051034454	0.9999786052858965
6.5136676832656084	0.9999595734450323
6.5178035164769943	1.0000022667064679
6.5221177266442609	0.9999398171677898
6.5290979140420866	1.0001248021343387
6.5340243715646604	1.0000224352319911
6.5386069456136617	1.0000807788104911
6.5457442918252315	0.9998675293791185
6.5506007956376129	0.9999830371112144
6.5547877772967693	0.9999525360633110
6.5587342175185173	1.0000090283237408
6.5626490967907509	0.9999762868773102
6.5666526310430173	1.0000095824629316
6.5709201610720838	0.9999451192130517
6.5778316867560225	1.0001317481880971
6.5824893720817670	1.0000134131566494
6.5864911776905544	1.0000565301627973
6.5902273782479401	0.9999785843067847
6.5938608433536068	1.0000418620900009
6.5974539319057834	0.9999686039882403
6.6010302093305953	1.0000371866764388
6.6046001915276733	0.9999654895055939
6.6081661881061997	1.0000357025103539
6.6117310477975977	0.9999644264762031
6.6152937734882498	1.0000352869528475
6.6188561792217939	0.9999640161492211
6.6224168366785481	1.0000352013343881
6.6259775677996560	0.9999638552442421
6.6295370587737947	1.0000351609156444
6.6330973852101076	0.9999638664630323
6.6366575626670290	1.0000350078472369
6.6402201125249309	0.9999641074968730
6.6437846191722905	1.0000345852791304
6.6473543528875005	0.9999647332446818
6.6509298761050593	1.0000336643333785
6.6545157859639827	0.9999660303907469
6.6581144554654967	1.0000318496326039
6.6617330831914394	0.9999685397939769
6.6653778562584067	1.0000283687559526
6.6690619636507096	0.9999733914315030
6.6728014556330475	1.0000215587479662
6.6766275704080220	0.9999826663184703
6.6805945974765679	1.0000127610473044
6.6848495659957559	0.9999473184345234
6.6917564894543089	1.0001318198777573
6.6964144400259951	1.0000143432606341
6.7004328597737874	1.0000546759688473
6.7042068370033077	0.9999820140501698
6.7079066764681174	1.0000360116631142
6.7116062983817226	0.9999772019348041
6.7153474303261964	1.0000240961188180
6.7191706994814728	0.9999837858302032
6.7231350524049187	1.0000134259545772
6.7273893813320482	0.9999477872881828
6.7343182850021650	1.0001281051336528
6.7391100723375024	1.0000204159076906
6.7433552772542402	1.0000399628746450
6.7474797151298098	0.9999969625264813
6.7517894604067523	1.0000589368237589
6.7587213272343387	0.9998647108439588
6.7632904650054080	0.9999891232690565
6.7671740736847656	0.9999354310562595
6.7707839639145622	1.0000263201977302
6.7742934154631653	0.9999496199925113
6.7777639863278498	1.0000365971081595
6.7812245963364042	0.9999552229370394
6.7846852188911049	1.0000388200677179
6.7881548541472743	0.9999585229014252
6.7916374475015937	1.0000377491656298
6.7951406373649492	0.9999619738394351
6.7986698827659620	1.0000343631572786
6.8022361256424348	0.9999670655360727
6.8058506328431392	1.0000280484516442
6.8095343353280935	0.9999756695429249
6.8133168391895298	1.0000169941113213
6.8172584833595886	0.9999862210647189
6.8215053029525476	1.0000506932914415
6.8283930659323868	0.9998619048409642
6.8328571334060264	0.9999905909508695
6.8366505381848759	0.9999308289229025
6.8401935071269007	1.0000278450484845
6.8436585028937156	0.9999478301406571
6.8471068386912108	1.0000359996192398
6.8505689598803228	0.9999569015647598
6.8540580113405678	1.0000348947226174
6.8575883249272787	0.9999645771285733
6.8611722075966215	1.0000287364993672
6.8648312592923064	0.9999746415220444
6.8685955169010997	1.0000171688027009
6.8725260840209259	0.9999861606899497
6.8767699056773068	1.0000502692038657
6.8836592727075363	0.9998616555833278
6.8881096098547072	0.9999904425392505
6.8918990966321401	0.9999312828137330
6.8954511504828320	1.0000263058899708
6.8989393015916605	0.9999503004683548
6.9024266906782321	1.0000323961966746
6.9059472347529134	0.9999619513547463
6.9095198404569382	1.0000281675945044
6.9131689759430204	0.9999736917566325
6.9169255947556358	1.0000169731158968
6.9208514888573829	0.9999859841039553
6.9250940494689326	1.0000500080949828
6.9319632598754941	0.9998576043573786
6.9362896640138318	0.9999953515046988
6.9399359169694241	0.9999210942402276
6.9433402426840205	1.0000350522448362
6.9466720494178515	0.9999381369244741
6.9499873170765678	1.0000444078448811
6.9533111859278902	0.9999467798642415
6.9566511364791319	1.0000451320575845
6.9600146543212240	0.9999524619611816
6.9634044101004369	1.0000424668938794
6.9668271071590366	0.9999578163886580
6.9702873602974460	1.0000375595479911
6.9737954254999117	0.9999645060291011
6.9773620885797438	1.0000298326557613
6.9810079991608349	0.9999745213349998
6.9847629032724221	1.0000174788817648
6.9886878774778065	0.9999862498832035
6.9929301830327821	1.0000501183748300
6.9998464087870635	0.9998664547297880
7.0044473976051922	0.9999838861378157
7.0084464037041725	0.9999460915565459
7.0122584711975833	1.0000104338609275
7.0160808355991069	0.9999739615599464
7.0200300500905390	1.0000088365946187
7.0242825051502198	0.9999464827220409
7.0312198161449331	1.0001287049255745
7.0359437895182282	1.0000196383527653
7.0401268825929435	1.0000412799047591
7.0442123976977413	0.9999974222481287
7.0485115426063434	1.0000578721017164
7.0554940655508380	0.9998725285080365
7.0603079917517713	0.9999767189467668
7.0646381648160537	0.9999616781886045
7.0690179169143121	1.0000427169943844
7.0760030263531837	0.9998537279013903
7.0804837906604270	0.9999881034599535
7.0842692075906681	0.9999283806531187
7.0878042561331460	1.0000267974818113
7.0912687281125599	0.9999477925148655
7.0947259467722859	1.0000343756214518
7.0982076727499637	0.9999586910284490
7.1017287043837483	1.0000319755439047
7.1053065554638097	0.9999683683222154
7.1089594306481008	1.0000235532026134
7.1127208757827054	0.9999812064726215
7.1166483153329434	1.0000124921923068
7.1208925503533234	0.9999485635222903
7.1277823706931720	1.0001367928950302
7.1322506623662694	1.0000090916396338
7.1360589789670819	1.0000663432605796
7.1396318897661946	0.9999735960250791
7.1431386112410191	1.0000474088072369
7.1466450565098159	0.9999674068940911
7.1501814796702439	1.0000361092767318
7.1537695669239678	0.9999713247586148
7.1574300265149002	1.0000248129012137
7.1611966911383211	0.9999821076722506
7.1651272879306633	1.0000129342228226
7.1693723526591127	0.9999486810112547
7.1762561553490203	1.0001378671777261
7.1806948782956024	1.0000076427284399
7.1844611514125551	1.0000696682130823
7.1879816529899321	0.9999699547272841
7.1914229945838013	1.0000528396589514
7.1948466056417324	0.9999610714115946
7.1982764102989467	1.0000446710639788
7.2017248032618646	0.9999606635739635
7.2051979253470417	1.0000389984472213
7.2087041823522737	0.9999639612123158
7.2122507913054825	1.0000328209515448
7.2158515424366172	0.9999705138245826
7.2195234797757504	1.0000236265281790
7.2232991706423793	0.9999818435241137
7.2272353367412050	1.0000127107051135
7.2314819044671967	0.9999483681407011
7.2384125484430291	1.0001287532184508
7.2431569412534715	1.0000200880502637
7.2473596894191052	1.0000409205350969
7.2514576429673436	0.9999973207084409
7.2557601391515885	1.0000582405222698
7.2627048962539389	0.9998660565011684
7.2673003329303745	0.9999865116829419
7.2712509336715287	0.9999416125272709
7.2749718067878968	1.0000175964116969
7.2786448691236441	0.9999631734064741
7.2823475172540837	1.0000190371583897
7.2861373598306676	0.9999794884050492
7.2900796497083977	1.0000114470278507
7.2943282924701167	0.9999475959953843
7.3012597653826257	1.0001284830288095
7.3060087938974290	1.0000200183768546
7.3102154974603692	1.0000407783995320
7.3143158803939459	0.9999972607674379
7.3186190392458901	1.0000582904315454
7.3255994986693311	0.9998727712529317
7.3304338965497635	0.9999767803601218
7.3347788348976719	0.9999618154942235
7.3391625709070398	1.0000433009002443
7.3461785454818536	0.9998600526596898
7.3508786774051673	0.9999803778018499
7.3549450000340935	0.9999467295972579
7.3588026341584474	1.0000090793102077
7.3626554630025467	0.9999742672414270
7.3666222061665474	1.0000088274055678
7.3708795414653361	0.9999459182547599
7.3777728044001805	1.0001363498062201
7.3822510964941674	1.0000082218454565
7.3860521236769872	1.0000677920945491
7.3895974420155373	0.9999704002310469
7.3930535171985570	1.0000523579527878
7.3964817598480721	0.9999604787248833
7.3999053877643517	1.0000458032155772
7.4033354521145096	0.9999585299759333
7.4067759540818274	1.0000421141543536
7.4102320983015906	0.9999595544651126
7.4137062856470353	1.0000388384172174
7.4172046968126679	0.9999623852281282
7.4207318921481633	1.0000346275579322
7.4242979026896538	0.9999672964783954
7.4279133024193635	1.0000280568085818
7.4315983797067346	0.9999757876095556
7.4353822364041537	1.0000169899049107
7.4393247961882523	0.9999862344367879
7.4435718452277895	1.0000507337138465
7.4504760096228111	0.9998650405890637
7.4550410648785714	0.9999866277896041
7.4589638030862595	0.9999395397153934
7.4626510982402960	1.0000196194761035
7.4662787034038027	0.9999595415903660
7.4699166590952704	1.0000235408591283
7.4736099390880906	0.9999732330286829
7.4773962139899321	1.0000156327688494
7.4813394573574428	0.9999854772956162
7.4855867695155602	1.0000503292486249
7.4925119496256603	0.9998687026519245
7.4972057073696137	0.9999810890789942
7.5013221328692961	0.9999525892099990
7.5052727019216556	1.0000045615909643
7.5092793629636363	0.9999790529048215
7.5135485354959117	1.0000478284396117
7.5204724052728293	0.9998637564056976
7.5250627052522487	0.9999850847128766
7.5290142623938339	0.9999410566108767
7.5327371368134788	1.0000171281518648
7.5364119732255190	0.9999630168522098
7.5401158651547799	1.0000188911357071
7.5439065138592403	0.9999794324295145
7.5478492519221518	1.0000114100399025
7.5520980272284381	0.9999475586061022
7.5590028295325249	1.0001334661204446
7.5635804164699962	1.0000128187213859
7.5675209713107856	1.0000577935715318
7.5712374286329656	0.9999813469673550
7.5749058029146203	1.0000359889802266
7.5786062546869983	0.9999798474151987
7.5823929090270665	1.0000195081093066
7.5863346943529626	0.9999874920061046
7.5905819465098956	1.0000512663387247
7.5974845350883147	0.9998645624218508
7.6020256867957778	0.9999873678166104
7.6059223559375857	0.9999382027264399
7.6095860789258838	1.0000204757873519
7.6131932802015827	0.9999585501790186
7.6168140649094376	1.0000241022738461
7.6204934894254128	0.9999727591560650
7.6242694720543147	1.0000157834883219
7.6282064456957084	0.9999854703532062
7.6324520647872385	1.0000501030475610
7.6393264919809027	0.9998588791860743
7.6436988220060922	0.9999940483587174
7.6473857456892471	0.9999233305539528
7.6508189668805171	1.0000342765578965
7.6541682488718390	0.9999388093805716
7.6574900901933551	1.0000448932384534
7.6608094968139602	0.9999457223576068
7.6641333084658143	1.0000471958959227
7.6674677977277161	0.9999494984672808
7.6708138442493912	1.0000465568204753
7.6741755412128594	0.9999524444393733
7.6775536889604057	1.0000444823946999
7.6809528798985944	0.9999556167369552
7.6843751328246066	1.0000412476701213
7.6878267505136595	0.9999597104647923
7.6913123758104680	1.0000365056832836
7.6948422168013941	0.9999656078301143
7.6984270627479416	1.0000291860077031
7.7020874908175774	0.9999750075137377
7.7058530720412524	1.0000173025131527
7.7097845074616007	0.9999862469393693
7.7140285536790589	1.0000503449442346
7.7209061013767579	0.9998595136963448
7.7252904949042431	0.9999934147686385
7.7289952856307833	0.9999248492228672
7.7324499281661492	1.0000328000054026
7.7358237585454939	0.9999408554175996
7.7391732630449548	1.0000428509788100
7.7425235631467721	0.9999481743182090
7.7458816938342183	1.0000446464267538
7.7492542132369842	0.9999524001478393
7.7526424975304558	1.0000434391815145
7.7560513588730293	0.9999559588604853
7.7594827307357290	1.0000405810281527
7.7629428360823765	0.9999600953596418
7.7664361889447626	1.0000360671633592
7.7699728970864186	0.9999658996735270
7.7735636312582717	1.0000289375663924
7.7772288632344839	0.9999751509436248
7.7809980278325765	1.0000172328727912
7.7849316492129264	0.9999862411332613
7.7891762823346049	1.0000504199123885
7.7960499534312673	0.9998588959162544
7.8004168635681399	0.9999943198905292
7.8040979157157739	0.9999229122705512
7.8075244519902736	1.0000348149438067
7.8108651862117942	0.9999379896711528
7.8141755550752494	1.0000459505534982
7.8174794905230600	0.9999442554667169
7.8207827256019691	1.0000490591126001
7.8240903421960732	0.9999470785996748
7.8274018737918434	1.0000495677516967
7.8307198658252890	0.9999486784045030
7.8340432323467777	1.0000490997878273
7.8373742677165321	0.9999499452912609
7.8407120091316216	1.0000481608396450
7.8440589018702376	0.9999512487643418
7.8474142734706938	1.0000468722023583
7.8507808954911305	0.9999527865703228
7.8541585508385943	1.0000451938455177
7.8575505614661463	0.9999547328417198
7.8609574592174649	1.0000429776816242
7.8643835255746213	0.9999573240002025
7.8678306263567261	1.0000399382950409
7.8713048677765407	0.9999609607830412
7.8748107478054576	1.0000355288775955
7.8783583252316323	0.9999664256793602
7.8819582226835134	1.0000286063412358
7.8856308334316880	0.9999753894482403
7.8894054616695177	1.0000171406816807
7.8933424051717385	0.9999862376626906
7.8975879347125160	1.0000505354918325
7.9044732054331082	0.9998612271840061
7.9089129114363059	0.9999915281692867
7.9126768686502649	0.9999286428125825
7.9161858510689402	1.0000301769555509
7.9196089000631433	0.9999441651250016
7.9230029836972102	1.0000404408479149
7.9263933283088690	0.9999506833652200
7.9297867122677612	1.0000427999822641
7.9331890407926711	0.9999539906955890
7.9366008274066591	1.0000424775737613
7.9400256672609819	0.9999563930496843
7.9434639497510604	1.0000409102303820
7.9469197804600507	0.9999589269356914
7.9503947682935259	1.0000383290563313
7.9538947823988320	0.9999622809018266
7.9574240373782450	1.0000343592372538
7.9609923389225949	0.9999673432717048
7.9646100117689098	1.0000279100454150
7.9682971430287877	0.9999758313796510
7.9720826310991182	1.0000169429238215
7.9760262176254031	0.9999862231992156
7.9802735377942984	1.0000507637409735
7.9871688646820491	0.9998634341032139
7.9916820880254820	0.9999889652281231
7.9955306960692072	0.9999340950022552
7.9991241829037580	1.0000257942324473
8.0026316810824660	0.9999500506615678
8.0061119202900795	1.0000351516356543
8.0095920949246064	0.9999569342561545
8.0130809384488249	1.0000365328855725
8.0165866580005467	0.9999611412704249
8.0201127434597144	1.0000347164846706
8.0236669807989998	0.9999653859688198
8.0272557852848614	1.0000304639898214
8.0308925943113110	0.9999716034833471
8.0345938343327603	1.0000225843224921
8.0383914236001104	0.9999821477790856
8.0423409669958623	1.0000126960197129
8.0465911591781651	0.9999478937255578
8.0534963642418962	1.0001329170966644
8.0581049019697524	1.0000133609581805
8.0620723966769674	1.0000570245842368
8.0658025447452673	0.9999807606874949
8.0694662129790711	1.0000375960711052
8.0731365607641443	0.9999763928988185
8.0768547748358568	1.0000248164037713
8.0806612971892982	0.9999835684997015
8.0846154955397438	1.0000134311397337
8.0888670294363134	0.9999481418426533
8.0957671826169229	1.0001339465166583
8.1003480673597288	1.0000120068033911
8.1042707732023587	1.0000604485699318
8.1079388749192809	0.9999765443534084
8.1115177389258193	1.0000443032252258
8.1150708647665812	0.9999677391402200
8.1186239288470450	1.0000373269489056
8.1221908204478144	0.9999669834622070
8.1257790118065998	1.0000325030805153
8.1293988968096329	0.9999700207281038
8.1330607369083587	1.0000265280057548
8.1367839843972494	0.9999770439838813
8.1405965996372611	1.0000165433490449
8.1445568474529644	0.9999862233072132
8.1488086855241644	1.0000513510583846
8.1557172016102530	0.9998667119455306
8.1603494426595340	0.9999851667865961
8.1643412556318875	0.9999427204934479
8.1680849459018532	1.0000183394769080
8.1717518235745334	0.9999605945930397
8.1754077745874323	1.0000245213377281
8.1790907620390954	0.9999706691966302
8.1828253863378091	1.0000204550927430
8.1866467719450817	0.9999818335326254
8.1906105310656461	1.0000123616480388
8.1948646669620615	0.9999472392643675
8.2018015723695079	1.0001263079993787
8.2066522719696575	1.0000226812340149
8.2110136383209813	1.0000371896913636
8.2154026837499305	0.9999548903179679
8.2224078848457776	1.0001391260952230
8.2271198763659878	1.0000171896721126
8.2311640679725926	1.0000555743777555
8.2349529713733585	0.9999831277647327
8.2386638873665134	1.0000359783143531
8.2423727783549161	0.9999777476438672
8.2461217944468768	1.0000239708947711
8.2499512279991070	0.9999839595364671
8.2539194587599098	1.0000134725692154
8.2581748272419659	0.9999476792099158
8.2651037462563863	1.0001279308736100
8.2699048365440557	1.0000204931879761
8.2741589687041497	1.0000397616227925
8.2782891785647781	0.9999968904710096
8.2826004841099241	1.0000590955226802
8.2895443285568646	0.9998671767608387
8.2942007375226776	0.9999861582419746
8.2981947726661858	0.9999421159886641
8.3019221608063649	1.0000205161487457
8.3055532592938164	0.9999573526121942
8.3091492940030314	1.0000295764785285
8.3127393463761532	0.9999632078183065
8.3163333710912131	1.0000311616460482
8.3199406722178164	0.9999666882259640
8.3235659673345932	1.0000295788542555
8.3272189717495149	0.9999706513147152
8.3309091906525765	1.0000251230035457
8.3346557085558786	0.9999774813628097
8.3384858068067160	1.0000161321897898
8.3424568468048079	0.9999861361381445
8.3467116271577613	1.0000516900004386
8.3536275537501794	0.9998686032939170
8.3583331249643251	0.9999827515722983
8.3624235875208299	0.9999486825928696
8.3662863038789261	1.0000119895217157
8.3701027352145392	0.9999706231786539
8.3739603795108923	1.0000124027616375
8.3779423185890050	0.9999840472226854
8.3822007953313253	1.0000507525426152
8.3891279646810926	0.9998697049099063
8.3938905895464604	0.9999801510889706
8.3980742622033588	0.9999547076436603
8.4020761830301964	1.0000042612141382
8.4061140677176844	0.9999792419661427
8.4103918462938658	1.0000489962076977
8.4173393721422265	0.9998695560645581
8.4221520128176550	0.9999778325401141
8.4264150006511649	0.9999589920659457
8.4305482128256006	1.0000019709109076
8.4348618055391391	0.9999397535914231
8.4418428679128201	1.0001247478363218
8.4467665610658571	1.0000224471253401
8.4513484159351631	1.0000806786352352
8.4584900594418535	0.9998680949594196
8.4633677216705507	0.9999818542145975
8.4675971529645171	0.9999555373232066
8.4716165008391577	1.0000048478303254
8.4756606822510658	0.9999794863717387
8.4799407469652994	1.0000491783194665
8.4868982593320546	0.9998709868918683
8.4917634110980043	0.9999756479727594
8.4961345538346187	0.9999614779312839
8.5005251104172839	1.0000441307816534
8.5075230838018534	0.9998583397356596
8.5121831923680258	0.9999840104659801
8.5161490314682577	0.9999378104979786
8.5198321049987236	1.0000223051750883
8.5234083485289656	0.9999529899538252
8.5269400673074287	1.0000333292204169
8.5304559041624888	0.9999580625888642
8.5339645220807565	1.0000365724723728
8.5374730820652527	0.9999601063598369
8.5409830726921587	1.0000371066417417
8.5444990515591517	0.9999615321299813
8.5480224190804162	1.0000362422323517
8.5515585273907835	0.9999634114001645
8.5551104475679356	1.0000340683001290
8.5586860365760433	0.9999665494269252
8.5622921649558723	1.0000299736975795
8.5659426917246968	0.9999721583051050
8.5696544380437683	1.0000223609998440
8.5734595489701757	0.9999823056218541
8.5774136081888308	1.0000127294692989
8.5816650471473874	0.9999477569438464
8.5885664437351856	1.0001334492585148
8.5931606093648778	1.0000125952507719
8.5971042236433615	1.0000587636318745
8.6008024628829371	0.9999787705595558
8.6044251928737463	1.0000405513394299
8.6080425985450173	0.9999728759823301
8.6116900887858794	1.0000296581299426
8.6153966073613351	0.9999776651815147
8.6191950268610480	1.0000175127582815
8.6231460371118303	0.9999866119153800
8.6273954604378975	1.0000512123550849
8.6343200767641477	0.9998692964838859
8.6390332018593146	0.9999809508695741
8.6431684023792865	0.9999532664482947
8.6471331386287318	1.0000045183773798
8.6511483355755256	0.9999791298289689
8.6554198600939500	1.0000481603560238
8.6623372447947329	0.9998629231202192
8.6669045493936494	0.9999866113185844
8.6708125912250882	0.9999374387048765
8.6744696753514425	1.0000219669069084
8.6780494673107835	0.9999553257962674
8.6816165186920173	1.0000289938227580
8.6852056356122649	0.9999652045288683
8.6888358836549688	1.0000260995959607
8.6925314312445643	0.9999751953187370
8.6963224348245625	1.0000164010291972
8.7002692451808752	0.9999859664206016
8.7045174505632339	1.0000507374145351
8.7114422546934858	0.9998690362542085
8.7161474224197040	0.9999809842175438
8.7202750564153444	0.9999529904809760
8.7242341461179596	1.0000045273736327
8.7282459577489657	0.9999790956251947
8.7325165447312010	1.0000480267355891
8.7394754736743678	0.9998705460766417
8.7443070819013506	0.9999754550515219
8.7486539031556365	0.9999612223537685
8.7530378357683958	1.0000431501390801
8.7600344662149308	0.9998569166339998
8.7646326872654026	0.9999847886441162
8.7685444070282230	0.9999357944945553
8.7721959468748416	1.0000218053661116
8.7757678123641867	0.9999544700693223
8.7793267799703276	1.0000291742396850
8.7829085109684382	0.9999647503051808
8.7865323685053536	1.0000262721248321
8.7902227013950149	0.9999750013928606
8.7940098048835651	1.0000164518471832
8.7979542302941010	0.9999859640168892
8.8022017894090823	1.0000506539326217
8.8091197814779001	0.9998676433387790
8.8137750478999930	0.9999829195742278
8.8178277286790543	0.9999482758832831
8.8216829368055460	1.0000097062968318
8.8255365136590438	0.9999747381333272
8.8295043864751470	1.0000090400414172
8.8337619297493397	0.9999459583322461
8.8406898857017282	1.0001297255505663
8.8453916409812230	1.0000175262654305
8.8495110697126798	1.0000460849377644
8.8534650593532636	0.9999942667691318
8.8574721169511346	1.0000198028028220
8.8617426792170093	0.9999509784747451
8.8686736342036863	1.0001333506795869
8.8733332450141962	1.0000165484337005
8.8773814002638609	1.0000513141267204
8.8812327246853737	0.9999892851013447
8.8850812652010749	1.0000244056850089
8.8890474101235455	0.9999899658789815
8.8933032299191783	1.0000529067080222
8.9001681572114233	0.9998569665896365
8.9044717807181257	0.9999975509736794
8.9080756169254460	0.9999172447488198
8.9114239869434080	1.0000396118850774
8.9146879248414592	0.9999321146459335
8.9179237500022079	1.0000508431933892
8.9211563692275941	0.9999390959974298
8.9243926790598422	1.0000533670772822
8.9276391445847310	0.9999430391436702
8.9308966534587313	1.0000527673572668
8.9341692386684652	0.9999461100705119
8.9374572957355873	1.0000507251528263
8.9407648124806816	0.9999492449818567
8.9440926884140008	1.0000477138416601
8.9474456467797765	0.9999529436161450
8.9508258100660232	1.0000436894306806
8.9542396098275887	0.9999576887538408
8.9576917770716697	1.0000382044571052
8.9611926324485829	0.9999642849262296
8.9647531124625974	1.0000301562704870
8.9683939743231740	0.9999743964116873
8.9721451202969238	1.0000175699105240
8.9760678065938038	0.9999862639481921
8.9803095014063032	1.0000500434892021
8.9872338736001556	0.9998678742240057
8.9918811813111734	0.9999817741822956
8.9959532922787666	0.9999511004305954
8.9998707694264102	1.0000047575902544
9.0038576268776609	0.9999789111252857
9.0081213716575661	1.0000470781492423
9.0150938435689429	0.9998719876162367
9.0199665833993112	0.9999745492105574
9.0245362863613572	0.9999191403042602
9.0316250071463990	1.0001425583665380
9.0360467627475654	1.0000023714580306
9.0397138233960082	1.0000779285999173
9.0431147030375971	0.9999622857921182
9.0464307098293517	1.0000621830035565
9.0497251061092765	0.9999524116687589
9.0530199835310761	1.0000546216552284
9.0563248663785600	0.9999506166106339
9.0596418977947994	1.0000504251455389
9.0629742983391850	0.9999514927686092
9.0663219221191724	1.0000473500091731
9.0696877785831997	0.9999535261684734
9.0730720929227946	1.0000443601921076
9.0764787952331911	0.9999563969797742
9.0799094214092477	1.0000408303368424
9.0833697689326218	0.9999603255047774
9.0868640622258017	1.0000360787716920
9.0904021082910749	0.9999660450815480
9.0939943374579446	1.0000288980377012
9.0976609948428671	0.9999752256519217
9.1014313263374103	1.0000172232118931
9.1053656873574162	0.9999862494771461
9.1096105136636734	1.0000504527464298
9.1165033990935243	0.9998625387597595
9.1209824410058786	0.9999897768768682
9.1247982396171867	0.9999324351516115
9.1283663245950528	1.0000264707523170
9.1318564753886768	0.9999493834873086
9.1353277148945313	1.0000349704250995
9.1388080721434655	0.9999575856225376
9.1423078082390070	1.0000350086020358
9.1458376136370596	0.9999635752365464
9.1494047962287013	1.0000310293016517
9.1530232834235949	0.9999707143562924
9.1567097122391043	1.0000229056405869
9.1604963044075465	0.9999818915745856
9.1644391329642669	1.0000126462048939
9.1686875026281651	0.9999481030968510
9.1755915996140338	1.0001334223406433
9.1801786802995480	1.0000128934426062
9.1841240663783612	1.0000580911844668
9.1878351087039114	0.9999801815979862
9.1914828965203128	1.0000383217156963
9.1951402918440657	0.9999760189496596
9.1988482986333633	1.0000251491595036
9.2026473327374827	0.9999834688279393
9.2065969882042289	1.0000134350980634
9.2108472786859092	0.9999483019064330
9.2177446111091168	1.0001346777688220
9.2222984328744353	1.0000111362089479
9.2261886174108110	1.0000624638514815
9.2298220549690626	0.9999747169665154
9.2333630728603016	1.0000469697778780
9.2368729905079636	0.9999649013631257
9.2403747256695183	1.0000410830367790
9.2438786123983601	0.9999624900298142
9.2473874082471657	1.0000383726071758
9.2509047543452692	0.9999625179762768
9.2544309744105320	1.0000365167523815
9.2579696752230127	0.9999636865432907
9.2615219642042348	1.0000344623244475
9.2650931507307686	0.9999659074958723
9.2686868382039016	1.0000314004404620
9.2723122215237854	0.9999698059316769
9.2759789022007304	1.0000260958942770
9.2797061614776677	0.9999770177479961
9.2835217783561692	1.0000164157661020
9.2874838796197547	0.9999861784309431
9.2917362206265750	1.0000513942225484
9.2986369427422240	0.9998653307782902
9.3032241017979995	0.9999871432310228
9.3071490048272949	0.9999380630154282
9.3108074610908780	1.0000236118885824
9.3143668235723833	0.9999526065974735
9.3178854819895705	1.0000340975716804
9.3213897905666112	0.9999574747643473
9.3248868503749840	1.0000373589644420
9.3283823362514831	0.9999591602032003
9.3318761675334159	1.0000383552163525
9.3353710317745815	0.9999598367363582
9.3388660727163462	1.0000385089671195
9.3423637632469632	0.9999603183039701
9.3458634770757687	1.0000382021140966
9.3493680465206115	0.9999609641809191
9.3528773923905479	1.0000374546700614
9.3563950591025620	0.9999620272341891
9.3599219167483874	1.0000360994432982
9.3634628057407774	0.9999638229769878
9.3670203783686787	1.0000337645627975
9.3706020634563352	0.9999669001170777
9.3742143299855467	1.0000296848689847
9.3778706455781311	0.9999723941802287
9.3815874545835598	1.0000221972750345
9.3853965336557419	0.9999823730412043
9.3893530787773987	1.0000127296021732
9.3936051843612347	0.9999476667554628
9.4005498499619353	1.0001251902275727
9.4054456988661475	1.0000233402871683
9.4100191898260963	1.0000806227303458
9.4164578397556475	0.9997502977791604
9.4217064907278250	1.0000394161497848
9.4270096042505624	0.9996843467957444
9.4327940783982296	1.0000774366887717
9.4447894075444641	0.9996941765827636
9.4527992618847332	1.0003232409122931
9.4621960075979530	1.0003104682007515
9.4655171353327408	1.0000778579850249
9.4686891274585392	1.0001621506575673
9.4719564362327286	1.0000250114364442
9.4753460129621629	1.0000853043200579
9.4788395422650122	0.9999962916906816
9.4824161736071044	1.0000483074427724
9.4860569422675596	0.9999816171366761
9.4897459487099187	1.0000307363257397
9.4934722033064496	0.9999746737081788
9.4972258776983001	1.0000223182038350
9.5010030820595528	0.9999719773734429
9.5048010883195833	1.0000175394994528
9.5086252807992455	0.9999727010860412
9.5124850751593435	1.0000124457532120
9.5164049921682921	0.9999780972999901
9.5204313133038525	1.0000068690722819
9.5247025577177205	0.9999393901108509
9.5318582324339420	1.0000764175313948
9.5365957627175391	0.9999873802651056
9.5408007394220729	0.9999828939518336
9.5447938914651580	0.9999666857991778
9.5486437687202486	1.0000412166643713
9.5523336026913768	0.9999870547653482
9.5559000792063991	1.0000657322042452
9.5594266481968173	0.9999934969037467
9.5629946962855357	1.0000541941194516
9.5666704132890477	1.0000000179165487
9.5705401064384112	1.0000280595615234
9.5747693903632651	0.9999604812571312
9.5815284471277753	1.0001670784407355
9.5853288545329161	0.9999878173093613
9.5885527666282027	1.0001057613063526
9.5916735368419541	0.9999558317875856
9.5948331661998960	1.0000684714847263
9.5980771113766448	0.9999572668493464
9.6014262909763364	1.0000426011494012
9.6049018668481558	0.9999697596685079
9.6085344272892872	1.0000198265098876
9.6123865745845123	0.9999856271575174
9.6166096529652165	1.0000466120810125
9.6235068378104529	0.9998584186429391
9.6278463532110674	0.9999888660774545
9.6316044406825867	0.9999345561979397
9.6352326730638875	1.0000134826602356
9.6389269314897437	0.9999702868979974
9.6428015149977977	1.0000081180964460
9.6470339094684316	0.9999489862247138
9.6539728193110683	1.0001322105140191
9.6585521891298303	1.0000192552816238
9.6626131705611105	1.0000455506407306
9.6666255328097019	0.9999997093948246
9.6709049494157266	1.0000573114116884
9.6779155313544027	0.9998763401427463
9.6829179844348481	1.0000259920963950
9.6902849882157405	0.9998122537076702
9.6944892041650448	0.9999913035609457
9.6979190641001587	0.9998979997176781
9.7011666839626827	1.0000332764277386
9.7044310348470244	0.9999363837161576
9.7077771404710038	1.0000326078702335
9.7112449659494064	0.9999641334008748
9.7148694671016163	1.0000182554987473
9.7187167247011157	0.9999857426513354
9.7229384473437896	1.0000475923675745
9.7298673697090958	0.9998658516867169
9.7344146939197458	0.9999805681588385
9.7384503792761841	0.9999533105420344
9.7424459086212334	0.9999998515588857
9.7467222807901823	0.9999430598371806
9.7536454224478160	1.0001407814688297
9.7579074968549548	1.0000048171096509
9.7615859546223938	1.0000666051255223
9.7651540053873287	0.9999823178151727
9.7688048804553773	1.0000286104314127
9.7726558167179789	0.9999900964523097
9.7768808077249325	1.0000486534316575
9.7838388717718274	0.9998690309088774
9.7884911386035665	0.9999752628785641
9.7927142511790333	0.9999595821700921
9.7970652177842013	1.0000377345435738
9.8040109511524332	0.9998410013514729
9.8080931094609838	0.9999967904184334
9.8115833518745497	0.9999152736709039
9.8149668084998343	1.0000241114213231
9.8184207587992365	0.9999558180016596
9.8220224423461087	1.0000154923821194
9.8258536569837176	0.9999838559838867
9.8300716298158726	1.0000460059412914
9.8369365075558939	0.9998520440241121
9.8410495803436913	0.9999994157696804
9.8445759380419542	0.9999197474120854
9.8479692317082304	1.0000283881235252
9.8513935914577591	0.9999524017880794
9.8549108921283892	1.0000244137582681
9.8585706763654386	0.9999773934960227
9.8624363206995849	1.0000120301585094
9.8666643474036793	0.9999511212160199
9.8734717556938350	1.0001560939874938
9.8774102807507127	0.9999901599624471
9.8807148633521749	1.0001024700384584
9.8838484570221077	0.9999515667557539
9.8869553351605877	1.0000788624667913
9.8900776933745735	0.9999439465714539
9.8932260610062652	1.0000661580274368
9.8964033523142039	0.9999437646764663
9.8996073827037900	1.0000589434068559
9.9028382950868039	0.9999458231685648
9.9060933998220513	1.0000541012351738
9.9093735650620065	0.9999486059266219
9.9126769049663057	1.0000501729044102
9.9160053078701136	0.9999517378293145
9.9193579843793902	1.0000464085508891
9.9227381089134195	0.9999553069770836
9.9261465019646824	1.0000422519877812
9.9295884005882602	0.9999597056505950
9.9330675133960149	1.0000370148130855
9.9365932272479522	0.9999657560447589
9.9401756372076235	1.0000294559763181
9.9438347381888317	0.9999751848399985
9.9475996494824894	1.0000174758447162
9.9515307650021576	0.9999863949786594
9.9557747063806303	1.0000504622690161
9.9627089789273491	0.9998702598680979
9.9674408687037204	0.9999789766535487
9.9716355669620533	0.9999578997445046
9.9757270255033212	1.0000016164259748
9.9800290749726841	0.9999409366782044
9.9870180663416352	1.0001247634731851
9.9919110809831260	1.0000230246355744
9.9964848541597391	1.0000798500130099
