0.0000000000000000	0.0000000000000000
3.3898994951009644	0.0010000000000000
3.4015697679616768	0.0006636022795552
3.4073112812587740	0.0008744444324748
3.4116513307188248	0.0009313522263356
3.4158506504753960	0.0010875455174450
3.4201566620532882	0.0012395631017944
3.4247993588325536	0.0014996028547297
3.4342352710777782	0.0020984825726702
3.4398829597150007	0.0029849789206256
3.4437957572634685	0.0028937718351709
3.4471033646959586	0.0034192411308216
3.4505475936186807	0.0037225861356490
3.4544728098135820	0.0042987866341640
3.4590059319906410	0.0049759188833937
3.4663469549510415	0.0065600916884024
3.4703742931475507	0.0073209561430928
3.4739880213431884	0.0083243718907636
3.4776881574360523	0.0093234030691532
3.4815564196114139	0.0106305819083258
3.4856191939951628	0.0121251882506720
3.4898288389243102	0.0139411524156834
3.4942191864857799	0.0160876021145699
3.4988689840159228	0.0187733435106009
3.5092815482787696	0.0263710217534178
3.5150595481261941	0.0321066335746755
3.5206279841620240	0.0378083300648619
3.5239453597376187	0.0423093247833156
3.5271769484511144	0.0467698052194449
3.5305701454137619	0.0522518358709404
3.5342647410875401	0.0587142792428644
3.5381432883327624	0.0664158319667497
3.5422888585673911	0.0756078520449266
3.5465304465103715	0.0862449129207774
3.5509938053794610	0.0988711418434050
3.5554905924000688	0.1132539771963580
3.5602922144057660	0.1305407595775831
3.5660719459801471	0.1548344605904784
3.5885636449353031	0.2824976612178109
3.5926621788328701	0.3119427611453942
3.5967979086222264	0.3435046960718938
3.6009227401546688	0.3764919492441178
3.6054091633126517	0.4138746863762549
3.6097937272102469	0.4515380581324544
3.6145791185563296	0.4934205484411219
3.6192482132047759	0.5344967729596188
3.6354159339876420	0.6720287563803760
3.6396595717013582	0.7048696519537997
3.6438634521334632	0.7355316803272481
3.6481674712328873	0.7648739488739532
3.6524813632692283	0.7920365243377215
3.6568718265469866	0.8173283328162041
3.6614012885129013	0.8407746521584349
3.6661978315705097	0.8634042141466614
3.6705230407574723	0.8809652398131307
3.6744414548252156	0.8953026747677897
3.6785585041129849	0.9087051758754375
3.6828126547758009	0.9210128233741880
3.6872352385888436	0.9322184080490293
3.6952349704832441	0.9489092680269455
3.6988470914501335	0.9549288038273607
3.7031640617604942	0.9613528616017081
3.7129900824932549	0.9727174243090014
3.7172217158263683	0.9766849193533439
3.7210471350531140	0.9796789635497160
3.7246775038875475	0.9822933649006985
3.7282522965195066	0.9844104935323474
3.7318146012547877	0.9863916183756257
3.7354939949431509	0.9880700447825240
3.7393550901557262	0.9896824734279085
3.7436045928946973	0.9911163187885951
3.7503985368409856	0.9932522001888288
3.7550802835914365	0.9942342492981989
3.7593092742075829	0.9950863530230892
3.7636728804257222	0.9957406451162644
3.7704865700101338	0.9968765025239493
3.7752220013718469	0.9972842228808853
3.7794548926005072	0.9976987904540566
3.7838182146360224	0.9979674165485071
3.7906433435362414	0.9986274252183258
3.7946012499653539	0.9986697317403888
3.7979448972506398	0.9989279491374251
3.8011686930600752	0.9989266055778451
3.8044144083283675	0.9991467590395017
3.8077217755677273	0.9991502250403599
3.8110984981820706	0.9993319138428407
3.8145503326899384	0.9993386765936455
3.8180805864856735	0.9994836132949768
3.8217046445537211	0.9994961962439357
3.8254464964326469	0.9996022450585533
3.8293650436065563	0.9996276472121095
3.8336054688045071	0.9997438738341849
3.8405354516590346	0.9996311452016643
3.8451364720642687	0.9997857362218976
3.8491303737449512	0.9997741772134365
3.8529181040758913	0.9998650914176102
3.8566794332868666	0.9998400999751972
3.8604985895738113	0.9999010425997498
3.8644578908782643	0.9998876187574617
3.8687100492897306	0.9999676410907432
3.8756143032738244	0.9998003615351336
3.8801675781819132	0.9999331153826347
3.8840742446697258	0.9998921016217925
3.8877502444801881	0.9999785853444556
3.8913800266787821	0.9999253002568305
3.8950442217204917	0.9999890015401064
3.8988037144345244	0.9999516335080934
3.9027271297001973	0.9999878490423210
3.9069708179278204	0.9999281030059913
3.9138376049212198	1.0001258636459351
3.9181576040823627	0.9999903277492890
3.9218020483351141	1.0000657878639969
3.9252146060479598	0.9999547387027176
3.9285599464382623	1.0000504598271596
3.9318949515032315	0.9999481467915184
3.9352390503453440	1.0000437876238517
3.9386000283367433	0.9999488624280125
3.9419789352253982	1.0000405868166329
3.9453780378660435	0.9999516432920316
3.9487967045314725	1.0000384062956564
3.9522377187453168	0.9999551971887071
3.9557017189824841	1.0000360083811171
3.9591936218058890	0.9999595291338121
3.9627169718667545	1.0000324587278293
3.9662809838617901	0.9999653779226234
3.9698955858590894	1.0000264521643909
3.9735805459823448	0.9999744701147778
3.9773645770523967	1.0000158727502988
3.9813073151198011	0.9999853255142833
3.9855543994209963	1.0000500097869711
3.9924794038067883	0.9998684627039408
3.9971775023731508	0.9999806959674561
4.0012985784838770	0.9999524877231180
4.0052528577623505	1.0000043139807901
4.0092618092660715	0.9999788903594238
4.0135316018941287	1.0000477777254615
4.0204607063096507	0.9998647537576135
4.0250887078612463	0.9999836319191597
4.0290912915211265	0.9999442986355624
4.0328759756320682	1.0000136439556195
4.0366288702805191	0.9999683039288787
4.0404391883931883	1.0000128299256914
4.0443922179281468	0.9999839105633032
4.0486427937345413	1.0000496654531759
4.0555702068296693	0.9998683752600979
4.0602668423985646	0.9999809235496251
4.0643852577035595	0.9999525578083206
4.0683370850327565	1.0000045144687448
4.0723444484312479	0.9999790324282137
4.0766138210887064	1.0000478384512426
4.0835275641437994	0.9998618805086370
4.0880568928909087	0.9999876230031398
4.0919240287149057	0.9999351769081938
4.0955439207090514	1.0000233932118607
4.0990908248399993	0.9999535101187950
4.1026290361793682	1.0000301726432270
4.1061931679825801	0.9999640239242035
4.1098022976662500	1.0000268330456659
4.1134807591240907	0.9999746423419876
4.1172590496104267	1.0000166030829463
4.1211981001873230	0.9999859684593859
4.1254442064337642	1.0000504626526463
4.1323279582525627	0.9998609577380462
4.1367621696459977	0.9999917945195923
4.1405181831919187	0.9999280245556708
4.1440180732071541	1.0000307269400746
4.1474313989075400	0.9999434485812680
4.1508154953107104	1.0000410566267799
4.1541959575831680	0.9999500321762717
4.1575799870588757	1.0000433259263559
4.1609739878583394	0.9999535386278724
4.1643790351622822	1.0000427508041656
4.1677993976652621	0.9999563034420903
4.1712362632508624	1.0000407269924683
4.1746947463518502	0.9999594330748316
4.1781777624102139	1.0000373906627458
4.1816929769595568	0.9999637653661262
4.1852471904147635	1.0000321410414996
4.1888542306705006	0.9999705455921597
4.1925311061490884	1.0000233689836284
4.1963104068827688	0.9999818450875267
4.2002487471917984	1.0000126826002571
4.2044959091490322	0.9999482779994786
4.2114051919354472	1.0001326672242670
4.2160152979461536	1.0000142809275594
4.2200024796168414	1.0000547062115328
4.2237777403134897	0.9999848290429662
4.2275223264739346	1.0000307159411161
4.2313284020622088	0.9999859559575168
4.2352774935533954	1.0000149624571817
4.2395282372639711	0.9999492943330115
4.2464458221103047	1.0001320576668618
4.2510951546359497	1.0000160365921658
4.2551383397229943	1.0000511158888672
4.2589874426150862	0.9999891547350985
4.2628350173996576	1.0000243412537204
4.2668007650774378	0.9999899323868625
4.2710564447852937	1.0000528800317403
4.2780054116083104	0.9998726964247191
4.2828236190069129	0.9999763504254514
4.2871626252920585	0.9999616526181191
4.2915443405566087	1.0000431426167591
4.2985656247043984	0.9998613202764236
4.3033095331211646	0.9999785683934906
4.3074453471184029	0.9999512877273689
4.3114029540555476	1.0000039174794262
4.3154121421669727	0.9999786833349333
4.3196822084305584	1.0000476611439664
4.3265986509491769	0.9998621113102324
4.3311373862505000	0.9999872373403936
4.3350163840186502	0.9999359143272609
4.3386486709467764	1.0000227919897264
4.3422078588330661	0.9999542480886696
4.3457578500589751	1.0000296182056825
4.3493329184570788	0.9999645726664869
4.3529517816323073	1.0000264661268812
4.3566384139093213	0.9999749188934177
4.3604229266414523	1.0000165010165796
4.3643658141029213	0.9999859699860026
4.3686129486207994	1.0000506021035771
4.3755559250778786	0.9998722761557940
4.3803744332923111	0.9999760714042213
4.3847147436071054	0.9999615399707251
4.3890967249187440	1.0000431555275433
4.3960928579783767	0.9998568914782086
4.4006850191866107	0.9999848763918717
4.4045920830468015	0.9999356367485388
4.4082408767608943	1.0000218174267836
4.4118114900570742	0.9999544527979253
4.4153702572211087	1.0000291220774526
4.4189524732066863	0.9999647964602738
4.4225771903396947	1.0000262149094681
4.4262684957114100	0.9999750385909628
4.4300564600170453	1.0000164316177644
4.4340014501414471	0.9999859619276105
4.4382491540724800	1.0000506731634968
4.4452000775093170	0.9998738739124994
4.4500832809176680	0.9999755199688498
4.4546551827951451	0.9999189998221349
4.4618236211854017	1.0001272913579748
4.4668065366005862	1.0000217033239887
4.4714087194090597	1.0000800765928370
4.4785475793753475	0.9998619174992003
4.4832090268379172	0.9999887514128127
4.4871364022988596	0.9999372706693759
4.4907837653587208	1.0000239347501292
4.4943410789854212	0.9999537699972468
4.4978774776620511	1.0000313938174847
4.5014273615089477	0.9999624737584955
4.5050067027961234	1.0000297803013398
4.5086333354906305	0.9999704485242296
4.5123253429928649	1.0000225052098000
4.5161157200307649	0.9999818152533116
4.5200607402847570	1.0000125907024979
4.5243097290997545	0.9999480108856291
4.5312491800335168	1.0001266963260256
4.5360743770327066	1.0000228185775677
4.5404170269838566	1.0000373836716376
4.5448009928773416	0.9999556410370921
4.5518197563060321	1.0001375361264100
4.5565782301819322	1.0000205123045178
4.5607252330248507	1.0000472725078704
4.5646929391217634	0.9999950699204830
4.5687066709147084	1.0000202165279448
4.5729792494858046	0.9999510343626001
4.5798824083528062	1.0001386281137428
4.5843729323134035	1.0000093020633165
4.5881791323542922	1.0000683873111691
4.5917243222785702	0.9999704243542280
4.5951765975201990	1.0000529803043396
4.5985982914789254	0.9999600169632378
4.6020132935674685	1.0000465399259826
4.6054331760616574	0.9999578496055973
4.6088624199471742	1.0000428966784318
4.6123066732742632	0.9999588240320576
4.6157687637973197	1.0000395720299451
4.6192552607916353	0.9999617309097941
4.6227711012216339	1.0000352200064679
4.6263266544775048	0.9999668159967403
4.6299328236967430	1.0000284311361987
4.6336102044405019	0.9999755505760399
4.6373882282925427	1.0000171009543897
4.6413271985302513	0.9999862454056901
4.6455732841094033	1.0000506132249580
4.6525255264808054	0.9998739096771054
4.6574038959914921	0.9999754568489825
4.6619745379974731	0.9999191514674578
4.6691053792558570	1.0001341605524381
4.6738217936051329	1.0000129756918916
4.6778459016983671	1.0000540717317357
4.6816316745732873	0.9999842195370520
4.6853774079094022	1.0000306415826277
4.6891819280365983	0.9999857606042520
4.6931294469861857	1.0000149065612747
4.6973798577393806	0.9999493435295733
4.7042645157741374	1.0001383808405599
4.7087066686907351	1.0000076625761321
4.7124709075757227	1.0000701768740043
4.7159851404162545	0.9999694272086662
4.7194172612858614	1.0000536456517908
4.7228296227392175	0.9999602984156883
4.7262468765500696	1.0000455562944517
4.7296820552747212	0.9999598610893400
4.7331418696789207	1.0000397968310821
4.7366352419063533	0.9999632885521424
4.7401698698856043	1.0000334093383714
4.7437599708319720	0.9999700864259060
4.7474230012656236	1.0000239204393682
4.7511919297973000	0.9999817232292901
4.7551239406686125	1.0000127069510363
4.7593693957427021	0.9999485135245090
4.7662546302133046	1.0001374805392633
4.7707052409961985	1.0000081071101086
4.7744861853751841	1.0000685672793024
4.7780236673941721	0.9999711013287219
4.7814857202791705	1.0000510715039881
4.7849357205319452	0.9999631711859686
4.7883999909136312	1.0000417683484386
4.7918940447108280	0.9999643341005205
4.7954283502483444	1.0000340781736741
4.7990178722605865	0.9999704145939012
4.8026804267041596	1.0000241316811469
4.8064489962897436	0.9999818238401792
4.8103808015414513	1.0000127620658106
4.8146261951336120	0.9999485475565396
4.8215765004335180	1.0001252639602902
4.8264525818645998	1.0000237210015497
4.8310209058217275	1.0000800814384667
4.8381454119022775	0.9998643431319292
4.8428481420844740	0.9999862654838707
4.8468589681629712	0.9999441869725566
4.8506312649606809	1.0000150480845027
4.8543679138141753	0.9999679599391591
4.8581643480673593	1.0000132663788954
4.8621084661056511	0.9999840151117951
4.8663566984166513	1.0000493910337438
4.8733042538347782	0.9998716713492656
4.8781104483244313	0.9999758598562400
4.8824413673641365	0.9999613623276633
4.8868208392319676	1.0000427285161511
4.8938117639383325	0.9998554401841909
4.8983510811516586	0.9999862583297009
4.9022016385321168	0.9999324686886568
4.9057994917267331	1.0000237790956306
4.9093253534692636	0.9999519485467533
4.9128450618133330	1.0000307346453827
4.9163935594786272	0.9999631906870513
4.9199898544920719	1.0000272164650468
4.9236582168707530	0.9999742976793535
4.9274291424058969	1.0000167128999080
4.9313637483721937	0.9999859728823671
4.9356086464411826	1.0000503137896377
4.9425261154274143	0.9998670810410175
4.9471556181141718	0.9999833485630701
4.9511828813896601	0.9999472596996086
4.9550177065610805	1.0000100394940743
4.9588565566290264	0.9999743785965355
4.9628156236724896	1.0000089464698707
4.9670707577094992	0.9999462085288979
4.9739987278202316	1.0001300698400588
4.9786821035257374	1.0000172970986705
4.9827841049151749	1.0000466631478215
4.9867251278090237	0.9999942008591718
4.9907244392418093	1.0000198586465652
4.9949928630248879	0.9999512685059533
5.0019235827906696	1.0001337135333768
5.0065661392524019	1.0000162992894623
5.0105979252955342	1.0000519612018626
5.0144364191668647	0.9999890952983309
5.0182758557126386	1.0000246313912471
5.0222366004350354	0.9999900271147920
5.0264909365118990	1.0000527541292099
5.0334470831150142	0.9998738261200391
5.0384456366592332	1.0000258759596043
5.0459039386769620	0.9998311936287403
5.0507921364209958	0.9999737718261287
5.0548816631963636	0.9999386222936465
5.0586877487806863	1.0000114290524469
5.0624405717644168	0.9999663261259812
5.0662450735317348	1.0000122066425206
5.0701932079695835	0.9999834605604279
5.0744426246844574	1.0000492092795104
5.0813571777337465	0.9998653952731887
5.0859511401246866	0.9999847094167476
5.0899234241867433	0.9999433267150625
5.0936839192641417	1.0000143664948085
5.0974182091554470	0.9999677513074349
5.1012151517567439	1.0000130248023447
5.1051601664150636	0.9999839131175045
5.1094085536517744	1.0000493908888091
5.1163449922825617	0.9998697152442863
5.1210830438539130	0.9999786655255024
5.1252821925183323	0.9999578042294378
5.1293761571729997	1.0000015295282751
5.1336789261438023	0.9999407894350560
5.1406674686811291	1.0001247225681167
5.1455620165599791	1.0000229591235223
5.1501362066344099	1.0000798616289353
5.1572717881437384	0.9998652828315746
5.1620186351516946	0.9999845979499464
5.1660910745388060	0.9999481053187772
5.1699423333551451	1.0000105663041556
5.1737867599508567	0.9999746224010423
5.1777475716006522	1.0000091288880300
5.1820034012391192	0.9999463216926555
5.1889243665873552	1.0001316757506111
5.1935543162269502	1.0000151938536224
5.1975765256067428	1.0000517836301461
5.2014080000918206	0.9999887116930350
5.2052424702290194	1.0000246083447892
5.2092002851339965	0.9999899879165983
5.2134538163941402	1.0000526433549359
5.2203838270223510	0.9998688016937152
5.2250573715811148	0.9999817491827355
5.2291524150497937	0.9999520015236625
5.2330863832138919	1.0000047648981050
5.2370829280426223	0.9999790359877001
5.2413493495434667	1.0000474709478437
5.2483198817707084	0.9998720327651380
5.2531998345665079	0.9999746968072405
5.2577714228339216	0.9999189493386111
5.2648910568160074	1.0001367658069289
5.2695095027998473	1.0000096620136547
5.2734087030299763	1.0000618083533850
5.2770541425737996	0.9999767868631555
5.2806363198394566	1.0000415858302165
5.2842349237224546	0.9999738353635155
5.2878940281800455	1.0000267923624522
5.2916561504204545	0.9999828675691417
5.2955831850994866	1.0000134329181449
5.2998273890520178	0.9999490963865513
5.3067698822706459	1.0001272508158281
5.3115672401743126	1.0000229705092982
5.3158896151341892	1.0000376018565893
5.3202681163579797	0.9999564444961175
5.3272561161105187	1.0001440927184269
5.3317792213601871	1.0000126764528678
5.3356194811797213	1.0000662433708334
5.3392247262355701	0.9999769320858548
5.3427771349575535	1.0000437248740857
5.3463525856104921	0.9999735384122876
5.3499938871850743	1.0000276512348001
5.3537431124370238	0.9999828074802458
5.3576624289209711	1.0000135076304464
5.3619045433902324	0.9999493984077445
5.3687990392224503	1.0001366323962921
5.3732742184326243	1.0000103862591809
5.3771091497466728	1.0000633551532059
5.3807344727241837	0.9999785245875022
5.3843279478442518	1.0000394119478071
5.3879692544320070	0.9999784425948911
5.3917127386319974	1.0000205335481214
5.3956284953297775	0.9999876837378421
5.3998687470843052	1.0000504561681851
5.4067634099477200	0.9998618782810552
5.4112039320310661	0.9999895824121984
5.4150076167575412	0.9999339698893515
5.4186054981680511	1.0000212924093548
5.4221786241130667	0.9999585441227350
5.4258027781768234	1.0000208836077926
5.4295354234994671	0.9999781034152267
5.4334433006839049	1.0000111770561515
5.4376826880208160	0.9999486404670154
5.4445809753569439	1.0001362102020115
5.4490493714464101	1.0000108389885294
5.4528936556214394	1.0000615543299585
5.4565495326133027	0.9999816667393854
5.4602007664723695	1.0000342095480945
5.4639393131116396	0.9999851859429360
5.4678480557924853	1.0000151229487335
5.4720878841255312	0.9999507607638620
5.4789750494028464	1.0001395671046645
5.4833622170448999	1.0000081562606633
5.4871116155316875	1.0000680810959570
5.4906668760795805	0.9999763480813904
5.4942051362435480	1.0000420734191213
5.4978042621064791	0.9999774516064679
5.5015177234717560	1.0000212961637769
5.5054156645117622	0.9999878266534670
5.5096511456984985	1.0000499057554373
5.5165872801520948	0.9998688576671385
5.5212420992634854	0.9999796547778866
5.5253689333538132	0.9999561535964752
5.5294188249512768	1.0000009665679821
5.5337096487402002	0.9999419329764990
5.5407067798182474	1.0001247381069454
5.5455676763541959	1.0000235261591812
5.5501331428431779	1.0000789172970341
5.5572622905193683	0.9998621368005788
5.5618719609279879	0.9999869940311892
5.5658102238332017	0.9999424082008730
5.5695556241649244	1.0000124098311423
5.5733247072768846	0.9999726455419780
5.5772410385714482	1.0000086206698602
5.5814848231339820	0.9999475508455675
5.5884510411482697	1.0001249045418270
5.5932960240750029	1.0000240213727125
5.5978564793278229	1.0000789836513568
5.6049946737047414	0.9998644064469937
5.6096739610411310	0.9999842184158979
5.6137120972417005	0.9999491110196221
5.6175886959758579	1.0000056176410907
5.6215476609527011	0.9999788550618455
5.6258043544682197	1.0000459499712588
5.6325683964545776	0.9998313394100492
5.6362866214536957	1.0000201484669593
5.6393962703425622	0.9998801003300409
5.6423660191460101	1.0000579649082006
5.6453343654958061	0.9999084208520062
5.6483346810908515	1.0000635243296983
5.6513789065026252	0.9999251610495056
5.6544658981405114	1.0000612979814858
5.6575975327336945	0.9999358141422617
5.6607715576268323	1.0000563707130621
5.6639905139725357	0.9999440478805492
5.6672542732485844	1.0000501075849193
5.6705677533768712	0.9999518792026328
5.6739342435435027	1.0000424917772033
5.6773631403012050	0.9999608265208914
5.6808646220490298	1.0000325069410394
5.6844590890035560	0.9999728911743844
5.6881765467539385	1.0000181989181787
5.6920790273347004	0.9999862985515425
5.6963153070934158	1.0000493489694549
5.7032509438082926	0.9998690262764709
5.7079240606881134	0.9999793560548724
5.7120670868960186	0.9999565235157658
5.7161268682276321	1.0000010827686052
5.7204203413907138	0.9999416712648745
5.7273335892356005	1.0001399282185259
5.7316875610462308	1.0000048119631788
5.7353759667327813	1.0000729459585598
5.7388508546012318	0.9999701733407165
5.7422845922047161	1.0000507510397469
5.7457437746822526	0.9999668781415010
5.7492613073805403	1.0000352540119570
5.7528649435985688	0.9999748704684243
5.7565881131018983	1.0000190995134906
5.7604936692319564	0.9999868254286095
5.7647308463753228	1.0000497214755930
5.7716794408881382	0.9998716810034518
5.7764444859497708	0.9999759830762517
5.7807465139680030	0.9999611941635018
5.7851181963024016	1.0000416452720766
5.7920933942476953	0.9998512439776035
5.7964866551400869	0.9999900189581850
5.8001961977921059	0.9999245869264686
5.8036809538870102	1.0000273544167546
5.8071220267149890	0.9999478088732544
5.8105847530132593	1.0000315350625093
5.8141061774103475	0.9999635839087010
5.8177111794225684	1.0000238795367014
5.8214367145356807	0.9999797893751970
5.8253422388655309	1.0000120582109291
5.8295806568734383	0.9999491121543763
5.8365127009675355	1.0001298281417328
5.8411950665305294	1.0000195660083953
5.8453431140672665	1.0000422577119601
5.8494074272954135	0.9999977937925708
5.8537008122950649	1.0000573707124016
5.8604624668960215	0.9998311296754939
5.8641295877605604	1.0000258116905354
5.8671774532314531	0.9998741801675326
5.8700799389028679	1.0000647295283860
5.8729736640935153	0.9999004912169539
5.8758903815923764	1.0000717033224924
5.8788406069647641	0.9999156263944566
5.8818219337303859	1.0000712563111274
5.8848347853262011	0.9999244699697108
5.8878750821420285	1.0000685269211429
5.8909430672747281	0.9999303532382813
5.8940354907772541	1.0000651372663287
5.8971532062104357	0.9999348880228683
5.9002937675105427	1.0000615985679648
5.9034586372789759	0.9999388467581020
5.9066460750983172	1.0000579978715831
5.9098581678942388	0.9999426513278730
5.9130939173963641	1.0000542424491390
5.9163561739726811	0.9999466065885175
5.9196449026217746	1.0000501304832323
5.9229640770767036	0.9999510312349179
5.9263151734830446	1.0000453288713576
5.9297041256211722	0.9999563833746441
5.9331352331793221	1.0000392508766116
5.9366185041075550	0.9999634898847292
5.9401646370436305	1.0000307178757566
5.9437942453952868	0.9999740441207631
5.9475372266506321	1.0000177177712619
5.9514550094250476	0.9999862702568780
5.9556953837587585	1.0000498719831987
5.9625502750284634	0.9998546161430264
5.9667858944007950	0.9999988668347836
5.9703388382417195	0.9999143939306168
5.9736564735001831	1.0000400485913723
5.9769046964048096	0.9999313814374008
5.9801354120954651	1.0000503711705910
5.9833703177674531	0.9999395109793605
5.9866136806719350	1.0000525210095115
5.9898697546547641	0.9999437657200582
5.9931373952557090	1.0000520638884953
5.9964187235463138	0.9999465114965388
5.9997122536437075	1.0000506705016845
6.0030200389838466	0.9999487603347864
6.0063409115394011	1.0000488473211675
6.0096772579740083	0.9999509700115353
6.0130284331949158	1.0000466791496390
6.0163974141935208	0.9999534226155790
6.0197843680479171	1.0000440510164150
6.0231932774528385	0.9999564051807249
6.0266257048841991	1.0000406778619051
6.0300875041565369	0.9999603487132593
6.0335829434417860	1.0000360011080933
6.0371218805721441	0.9999660584398576
6.0407147860556574	1.0000288593085325
6.0443819424011469	0.9999752263967824
6.0481526200122238	1.0000172068839930
6.0520871851512474	0.9999862398903401
6.0563320678169736	1.0000504516480391
6.0632290840466476	0.9998633151785132
6.0677332695376549	0.9999886817703921
6.0715827318345204	0.9999348941289158
6.0751911559332177	1.0000238389709750
6.0787307103799613	0.9999533330780337
6.0822643495325108	1.0000303170794822
6.0858257753220641	0.9999639788319158
6.0894334380482977	1.0000268604012741
6.0931111983511181	0.9999746447926107
6.0968892042489600	1.0000166061129450
6.1008281473388797	0.9999859719359073
6.1050742109671008	1.0000504624930329
6.1120178274891579	0.9998722085675463
6.1168310402129009	0.9999760491012628
6.1211675279463256	0.9999615006685648
6.1255484729597329	1.0000430007074579
6.1325960511997213	0.9998661000169063
6.1375200495367741	0.9999730811136586
6.1421055618037741	0.9999174980634681
6.1492771358253036	1.0001286537228344
6.1542069542468081	1.0000210599165005
6.1585851086086372	1.0000369333504597
6.1629814485650520	0.9999551628045735
6.1699866667453698	1.0001422163943472
6.1745913123529101	1.0000145063271400
6.1785104802228643	1.0000623697762061
6.1821777045767838	0.9999783881570734
6.1857715591619140	1.0000425385014793
6.1893642118701093	0.9999723038521898
6.1929914716286669	1.0000306252121600
6.1966821245598096	0.9999773696309219
6.2004690275755419	1.0000177975889688
6.2044130752294739	0.9999866810474954
6.2086605965564390	1.0000510073108499
6.2155700926078383	0.9998661552042246
6.2201699950966978	0.9999853636744723
6.2241390310702993	0.9999425313819398
6.2278801879694914	1.0000166974912561
6.2315716844248001	0.9999639022199136
6.2352896190610076	1.0000186026496769
6.2390909583411682	0.9999797141557109
6.2430402880786540	1.0000114769442690
6.2472908325245440	0.9999473665637922
6.2541858535913963	1.0001350083556486
6.2587166957836669	1.0000102236316746
6.2625797627841715	1.0000640311576212
6.2661857934399121	0.9999733319266398
6.2696993298317718	1.0000487482636808
6.2731812023063984	0.9999632576492162
6.2766537255691262	1.0000430116034780
6.2801265304045391	0.9999605222741236
6.2836015429738081	1.0000406449196115
6.2870812788337194	0.9999600003422702
6.2905645934846550	1.0000394949916120
6.2940530511008737	0.9999601658547298
6.2975450235757044	1.0000387867681542
6.3010419754602927	0.9999605341685891
6.3045422037900245	1.0000382487883421
6.3080471859978466	0.9999609500418922
6.3115552189904243	1.0000377847281041
6.3150678112443321	0.9999613672663769
6.3185832834170332	1.0000373560375300
6.3221031887158166	0.9999617783079520
6.3256258935055012	1.0000369401008682
6.3291530202177499	0.9999621931641614
6.3326830154252347	1.0000365133504969
6.3362176156290007	0.9999626360394873
6.3397554081402197	1.0000360406754225
6.3432983250590125	0.9999631509083839
6.3468452040405241	1.0000354628521233
6.3503983231888705	0.9999638157470594
6.3539569751047438	1.0000346752374081
6.3575240709477487	0.9999647712993304
6.3610997588378799	1.0000334863848923
6.3646881645911408	0.9999662807015863
6.3682911403273739	1.0000315293017021
6.3719153288842030	0.9999688653378470
6.3755663314901820	1.0000280467540579
6.3792567463283207	0.9999736508639341
6.3830020273069463	1.0000213680545718
6.3868328280818885	0.9999827478325272
6.3908028419406113	1.0000127648014818
6.3950586093342263	0.9999472136455300
6.4020001699757749	1.0001251598968155
6.4069068830432014	1.0000231298593003
6.4114832240394639	1.0000809216005819
6.4186152663980351	0.9998675420653683
6.4234632153912514	0.9999831760732035
6.4276419055315337	0.9999522513206692
6.4315815617734664	1.0000091209756570
6.4354914269389498	0.9999761620340969
6.4394919076536885	1.0000095371124755
6.4437585943282834	0.9999451965736774
6.4507018190252676	1.0001259384136085
6.4555660447629277	1.0000224642484210
6.4599362219702012	1.0000370582498590
6.4643277492558253	0.9999545598933542
6.4713652508208979	1.0001329176835505
6.4763183326098588	1.0000254160572148
6.4809097486849909	1.0000825181849551
6.4880686479305583	0.9998705683666504
6.4931502751656742	1.0000295609174026
6.5006476820106451	0.9998304537492599
6.5056765234283320	0.9999730094267500
6.5098821559883673	0.9999423756386840
6.5137653631898997	1.0000114795375286
6.5175526966874102	0.9999656278255780
6.5213390315941275	1.0000165547001116
6.5251884203836372	0.9999803060200405
6.5291663709907040	1.0000115239048684
6.5334248545543385	0.9999464745799080
6.5403543795009416	1.0001274872012222
6.5451659921944767	1.0000204417942273
6.5494297052762631	1.0000395187634081
6.5535659950297349	0.9999968157927609
6.5578789664260935	1.0000592851907324
6.5648597517532483	0.9998743216665813
6.5697846757497746	0.9999766305043991
6.5743685970570827	0.9999183890243618
6.5815087014144371	1.0001315617453015
6.5863637489197906	1.0000160056969032
6.5905472203414357	1.0000465625604467
6.5944930663346746	0.9999900037215658
6.5984060765221138	1.0000227699236248
6.6024100492430327	0.9999894690600120
6.6066763905989454	1.0000539265950212
6.6135892571880461	0.9998673356836697
6.6182443974270431	0.9999855938547644
6.6222462950713208	0.9999424280762189
6.6259808656184012	1.0000204136492705
6.6296146569802277	0.9999571016432044
6.6332066542036223	1.0000303622755673
6.6367837597253523	0.9999618001617336
6.6403532150723823	1.0000334391223582
6.6439206183649411	0.9999633114740010
6.6474855593311872	1.0000344615526398
6.6510503172047937	0.9999637565365198
6.6546134458513571	1.0000348304247904
6.6581767827804184	0.9999638724347407
6.6617388819187884	1.0000349516333749
6.6653016816816280	0.9999639410967337
6.6688639765193587	1.0000349059155784
6.6724280183137408	0.9999641164445350
6.6759930291207494	1.0000346397913840
6.6795618143918443	0.9999645506736073
6.6831343220659125	1.0000340029611454
6.6867143258976292	0.9999654678920262
6.6903030721334771	1.0000327130792783
6.6939061479382520	0.9999672594155632
6.6975273629565635	1.0000302326297910
6.7011761440160358	0.9999706952987223
6.7048622298635800	1.0000254333881646
6.7086049742354250	0.9999774395422654
6.7124320344189368	1.0000162313678718
6.7164011348129069	0.9999861650994436
6.7206553983016981	1.0000516365250933
6.7275651936863001	0.9998673584649473
6.7322259956029065	0.9999844524616001
6.7362509228124763	0.9999445370705407
6.7400293255020793	1.0000167238389579
6.7437348458805699	0.9999631303169662
6.7474378083003739	1.0000215846394334
6.7511832866284998	0.9999749344091897
6.7550083104822480	1.0000150947685613
6.7589752271552062	0.9999854917982923
6.7632289889717372	1.0000511712160756
6.7701605023034706	0.9998710157209444
6.7749530915346101	0.9999784872059220
6.7792019801908250	0.9999590618384586
6.7833271364479248	1.0000020217900283
6.7876384235027452	0.9999400161777781
6.7945710446587491	1.0001339396595312
6.7991548383942462	1.0000102121238588
6.8030528805575443	1.0000625846743234
6.8066788570949583	0.9999733109612895
6.8102020903702032	1.0000483942058853
6.8136873632484374	0.9999630639263178
6.8171603763612350	1.0000429098065042
6.8206342311586257	0.9999607781291260
6.8241146869854887	1.0000397511442658
6.8276087920443400	0.9999617344342518
6.8311209240674025	1.0000364548372653
6.8346596857875124	0.9999649740029795
6.8382327225075725	1.0000315293884643
6.8418545128266155	0.9999711222437748
6.8455425866775315	1.0000231009134153
6.8493298476926725	0.9999820014372107
6.8532729394672014	1.0000127071451177
6.8575214085786937	0.9999481261755043
6.8644077740969429	1.0001367671131700
6.8688872395666802	1.0000087051767346
6.8726935999623642	1.0000673002659526
6.8762495187813926	0.9999715662114327
6.8797241433450420	1.0000504608071752
6.8831822930608322	0.9999633336033481
6.8866514321622354	1.0000415879956543
6.8901479992334425	0.9999643245464478
6.8936831978236777	1.0000340809703991
6.8972726106555156	0.9999703576153266
6.9009345551195294	1.0000241626003412
6.9047024182846268	0.9999817991747413
6.9086337232418060	1.0000127574258131
6.9128789969626672	0.9999485623648845
6.9197660929844620	1.0001371796399443
6.9242261874099071	1.0000086698386204
6.9280223738938362	1.0000672253286891
6.9315815481985963	0.9999728347591368
6.9350740329678109	1.0000483252539041
6.9385664543570744	0.9999666856204215
6.9420896697020167	1.0000367966065236
6.9456659077249121	0.9999708451027506
6.9493164011416839	1.0000251527638055
6.9530754792738669	0.9999819682968302
6.9570014164971408	1.0000129264142188
6.9612452388774715	0.9999488389268966
6.9681117187639243	1.0001413302246416
6.9724437129345018	1.0000036429900059
6.9760921338540047	1.0000776648783125
6.9794993397500624	0.9999639179266264
6.9828317453202393	1.0000606995196839
6.9861487171034131	0.9999545259268046
6.9894723094528697	1.0000521062839665
6.9928133596093467	0.9999537777104950
6.9961761514329712	1.0000464509629383
6.9995666633852309	0.9999564320868837
7.0029884106506461	1.0000411094348103
7.0064492557145979	0.9999613403929113
7.0099562895645198	1.0000344238406242
7.0135235391376822	0.9999690741596902
7.0171684071118499	1.0000244041541515
7.0209240157500643	0.9999814351573967
7.0248479763438718	1.0000126616391145
7.0290912589803067	0.9999487676873002
7.0360043181358671	1.0001326139521189
7.0406072716064267	1.0000150117301769
7.0446051118633983	1.0000528586576920
7.0484177647810062	0.9999884692500884
7.0522389405459567	1.0000249657334568
7.0561888894430878	0.9999900813442490
7.0604402729247617	1.0000524165355944
7.0673802378739223	0.9998703376775528
7.0721015176634863	0.9999792807976438
7.0762850051489687	0.9999576572350314
7.0803691810395026	1.0000015198815966
7.0846692943888856	0.9999411122577538
7.0916505041915485	1.0001265085145814
7.0964655699332848	1.0000222154654788
7.1007942323665301	1.0000372795864338
7.1051748952888438	0.9999562251997242
7.1121571250729776	1.0001454179362950
7.1166372501687212	1.0000107376169789
7.1204189566926850	1.0000707418061676
7.1239521986607581	0.9999720109289144
7.1274134735421688	1.0000512898665412
7.1308693325490893	0.9999644518238487
7.1343483529441540	1.0000403452925040
7.1378685229224192	0.9999668840671582
7.1414441426053941	1.0000306230254312
7.1450967148488083	0.9999753437322898
7.1488564445718028	1.0000177400283186
7.1527842836782396	0.9999864333652335
7.1570273753536151	1.0000503153285032
7.1639197453361163	0.9998621523851181
7.1683821514875383	0.9999899304646819
7.1721873914783663	0.9999323660091538
7.1757560381706700	1.0000254543083513
7.1792606331926185	0.9999513417057407
7.1827637361911822	1.0000316189871454
7.1862987873379351	0.9999627031102918
7.1898842188453660	1.0000276608870919
7.1935440443212162	0.9999740580796435
7.1973087467976358	1.0000168294375811
7.2012395951435888	0.9999859800420051
7.2054834769051341	1.0000501818878647
7.2123695673607049	0.9998610125253128
7.2168006606539841	0.9999914368102691
7.2205619647589261	0.9999289040449152
7.2240764426138027	1.0000291871580427
7.2275139591242841	0.9999457778552964
7.2309326148701256	1.0000380574898167
7.2343594119129406	0.9999540158968708
7.2378035706833002	1.0000384319481221
7.2412743815924898	0.9999597528077887
7.2447770798242672	1.0000350896665460
7.2483220967926441	0.9999659906603884
7.2519199894560185	1.0000284849555905
7.2555911286524024	0.9999752441761330
7.2593647273917110	1.0000170992477424
7.2633010683758537	0.9999862077286488
7.2675464289508627	1.0000504989135213
7.2744801515562498	0.9998702913114246
7.2792206566780786	0.9999788410300373
7.2834228287587273	0.9999580031802575
7.2875188551545769	1.0000016190292798
7.2918221591813692	0.9999407655923158
7.2987654888685336	1.0001330340193557
7.3033594211943873	1.0000123384222672
7.3073058861965938	1.0000574674444771
7.3110249875162436	0.9999812483042135
7.3146950486367830	1.0000358422826843
7.3183968678256708	0.9999798466331661
7.3221846022790187	1.0000194630321857
7.3261270706967236	0.9999874801667111
7.3303744989142485	1.0000512862263762
7.3373088029444267	0.9998705575142862
7.3420541179476313	0.9999789126395676
7.3462603480729447	0.9999581475755877
7.3503588492640537	1.0000016823480056
7.3546628314679277	0.9999407194400063
7.3616421898538418	1.0001262754782712
7.3664770053137882	1.0000221654208621
7.3708199106472829	1.0000371567564803
7.3752044199361286	0.9999556773297014
7.3822179346805932	1.0001390759614432
7.3869181227587761	1.0000185285267582
7.3909815324325780	1.0000523105141048
7.3948384726609664	0.9999898345544894
7.3986892001975137	1.0000247085438128
7.4026561537611792	0.9999901252444585
7.4069122650488692	1.0000530015731963
7.4138074858316143	0.9998626148056573
7.4182809446191618	0.9999907748830006
7.4220799326374669	0.9999309822652075
7.4256219977748836	1.0000286099651907
7.4290769338789273	0.9999464568733744
7.4325028441755059	1.0000385096456477
7.4359260306422668	0.9999530587366315
7.4393543619395830	1.0000404353609622
7.4427949353893750	0.9999567816828953
7.4462497765491920	1.0000393924210564
7.4497244072162516	0.9999600788507654
7.4532218020899430	1.0000365493472751
7.4567496881695261	0.9999643008114141
7.4603148398699091	1.0000316319799969
7.4639310738408637	0.9999708747080930
7.4676153318110465	1.0000231396745622
7.4714000984421629	0.9999819393620965
7.4753417629328753	1.0000126902018811
7.4795898263230969	0.9999481672595714
7.4864912832289665	1.0001339879910160
7.4910594866753879	1.0000123132166803
7.4949825277111888	1.0000593329509018
7.4986717590013843	0.9999793332207226
7.5022994411262554	1.0000393319491689
7.5059390278099567	0.9999754023421737
7.5096321133209916	1.0000256616158978
7.5134197637984528	0.9999832910316929
7.5173623952736959	1.0000134348462977
7.5216107957655298	0.9999485466747736
7.5285329954180016	1.0001303385608136
7.5332300842113513	1.0000178333144432
7.5373467161211005	1.0000463124688990
7.5412990469152765	0.9999943562870950
7.5453052269567591	1.0000198573869494
7.5495755285480426	0.9999510338270191
7.5564965234734727	1.0001352480830554
7.5610913206857182	1.0000138735870239
7.5650444312424412	1.0000577578302827
7.5687702624403128	0.9999818429241670
7.5724459335882059	1.0000358256268134
7.5761520257790895	0.9999800533120280
7.5799427886220903	1.0000194599950085
7.5838870527959958	0.9999874987542096
7.5881349782102330	1.0000513564713611
7.5950427022254541	0.9998656425660423
7.5996207165834138	0.9999860202392278
7.6035648284962081	0.9999412669378471
7.6072828156963253	1.0000174821889627
7.6109541047845068	0.9999630131953159
7.6146553659965717	1.0000190219472693
7.6184441312141509	0.9999794312864431
7.6223857450506811	1.0000114229685007
7.6266342123274287	0.9999476030330501
7.6335344186230509	1.0001343779843981
7.6380813550058901	1.0000116260723910
7.6419810487935980	1.0000605170155834
7.6456490274617037	0.9999785415771070
7.6492582255838650	1.0000402204759617
7.6528821807958112	0.9999748784459850
7.6565626178808497	1.0000260855615852
7.6603408453031783	0.9999831439867907
7.6642777338219314	1.0000134323313601
7.6685245819888399	0.9999487434628682
7.6753967247920336	1.0001399864789910
7.6797766165883763	1.0000050187520459
7.6834680861840017	1.0000752573249898
7.6869065788896522	0.9999648192577559
7.6902587491082439	1.0000598566793877
7.6935844594049234	0.9999541681624290
7.6969056374512377	1.0000530196576125
7.7002324419981987	0.9999518250856005
7.7035679405643478	1.0000492994548305
7.7069163150998623	0.9999524286775660
7.7102784496665899	1.0000463940144297
7.7136584173813336	0.9999544761107590
7.7170576226452328	1.0000432513894320
7.7204813192569706	0.9999576932103267
7.7239326507916992	1.0000391797785309
7.7274194624015244	0.9999624252719395
7.7309487937788592	1.0000332970181525
7.7345346825626233	0.9999697384431899
7.7381944302228831	1.0000239057969189
7.7419609916017755	0.9999816163338547
7.7458915762431664	1.0000126656361021
7.7501366457541403	0.9999485388689405
7.7570110758406745	1.0001395549087493
7.7613967080939013	1.0000054480783593
7.7650996004462574	1.0000741571288392
7.7685538680918267	0.9999660353160043
7.7719256750654147	1.0000581502596315
7.7752747402803521	0.9999559830278151
7.7786230269086722	1.0000508211071053
7.7819807990004266	0.9999541928000495
7.7853513970124837	1.0000465837975685
7.7887394292015300	0.9999554109502561
7.7921465069330322	1.0000430138315815
7.7955777643843769	0.9999582844407245
7.7990362534422824	1.0000388666664888
7.8025296666201269	0.9999628156576512
7.8060649230319239	1.0000330496365579
7.8096559355562976	0.9999699620242479
7.8133198857011168	1.0000237837084174
7.8170895955086923	0.9999816815743569
7.8210221027010585	1.0000126743147304
7.8252676883910688	0.9999484768982494
7.8321382649354518	1.0001401882958734
7.8365057937401810	1.0000045322652569
7.8401844820914732	1.0000761207676012
7.8436103482494381	0.9999640154879622
7.8469489002949038	1.0000610287597009
7.8502587570855225	0.9999528810588257
7.8535606328463947	1.0000547457126141
7.8568635022849200	0.9999497741905242
7.8601691607500985	1.0000519112277868
7.8634804103160123	0.9999492677481463
7.8667965153562598	1.0000503041107063
7.8701196552335952	0.9999497384131684
7.8734488575147221	1.0000490321246849
7.8767864149573272	0.9999506808609625
7.8801315230271545	1.0000477245227755
7.8834867517161964	0.9999519743372697
7.8868516425103934	1.0000461827376661
7.8902292037455162	0.9999536595103045
7.8936195507369735	1.0000442321683882
7.8970264184633630	0.9999558850998220
7.9004509097347029	1.0000416362379625
7.9038980671436798	0.9999589368681749
7.9073708393547681	1.0000379932724439
7.9108769062117581	0.9999633596081667
7.9144231282965762	1.0000325189480528
7.9180233844314705	0.9999702958603841
7.9216947699096929	1.0000235431248869
7.9254699864092233	0.9999817744172825
7.9294058387699797	1.0000126782566365
7.9336523284088889	0.9999483622940759
7.9405342926731448	1.0001379037573073
7.9449733087352961	1.0000072714712696
7.9487332024673991	1.0000705025119894
7.9522397346650422	0.9999685544246094
7.9556587265357415	1.0000549815952786
7.9590503535046286	0.9999582769886135
7.9624366977139864	1.0000484512950207
7.9658276992609727	0.9999559183388843
7.9692261016015786	1.0000451294960335
7.9726356107251268	0.9999562527749755
7.9760566772809929	1.0000427096462905
7.9794928720106943	0.9999578421486970
7.9829451744469964	1.0000401529564686
7.9864183747445043	0.9999604530195138
7.9899151960804655	1.0000367684408233
7.9934430774256802	0.9999644590390767
7.9970086231617774	1.0000316678718362
8.0006254567787725	0.9999709504457192
8.0043103723113873	1.0000231351076130
8.0080957112092932	0.9999819630044983
8.0120377497118600	1.0000126964569258
8.0162859089511329	0.9999481566341449
8.0231778751730225	1.0001357476910606
8.0276886267142764	1.0000097960103758
8.0315312112911954	1.0000651485317869
8.0351205077744030	0.9999728817779037
8.0386223845027054	1.0000491688201121
8.0420988470377459	0.9999635232918686
8.0455738838829056	1.0000422411192875
8.0490594181300352	0.9999621674018205
8.0525604881702630	1.0000379871367993
8.0560838150149809	0.9999640250435807
8.0596339939849440	1.0000336896751365
8.0632207314183422	0.9999683312754833
8.0668542143671118	1.0000274112803789
8.0705542623576516	0.9999762751951368
8.0743494340115785	1.0000168000497667
8.0782989552182318	0.9999862247258583
8.0825478810241620	1.0000509736503964
8.0894555264891892	0.9998660320571175
8.0940578423501961	0.9999856435833613
8.0980217670452248	0.9999416850074253
8.1017470440448971	1.0000182793058920
8.1054081472140691	0.9999611597307374
8.1090747714917573	1.0000226082705210
8.1127915127678207	0.9999740207653167
8.1165954082167620	1.0000153698460688
8.1205494608905351	0.9999854801509379
8.1247996951619292	1.0000507117513782
8.1317020900522721	0.9998649489044432
8.1362751350143245	0.9999870517064857
8.1401923050124445	0.9999381247242799
8.1438535108596088	1.0000226055860373
8.1474276560497430	0.9999542905019190
8.1509748316628698	1.0000314076483943
8.1545239517498036	0.9999613285236724
8.1580856445938110	1.0000321283403115
8.1616706752342605	0.9999662196465344
8.1652861819623741	1.0000290353790535
8.1689457990944945	0.9999722693144888
8.1726656630115944	1.0000219407863224
8.1764772569155380	0.9999823370550780
8.1804354024876904	1.0000126873820507
8.1846879341891334	0.9999475880565792
8.1915935538257845	1.0001324417201500
8.1962234562940406	1.0000136305746987
8.2002094975754662	1.0000564506294338
8.2039495266396010	0.9999804096488626
8.2076114598978673	1.0000385165917871
8.2112646587312774	0.9999742605114638
8.2149437202666533	1.0000283618529959
8.2186766862942680	0.9999783908912451
8.2224952845711936	1.0000171158281912
8.2264588005212289	0.9999865577686997
8.2307116013629233	1.0000516252854714
8.2376513045831530	0.9998727349105998
8.2424981650160341	0.9999762302278563
8.2468592277881587	0.9999617542717204
8.2512468348750847	1.0000439911319987
8.2582537061907146	0.9998598532745162
8.2629598039844456	0.9999818166265990
8.2670006298516245	0.9999431691590971
8.2707846908098546	1.0000159228465786
8.2744930503384317	0.9999628025739526
8.2781981838881080	1.0000212670810193
8.2819457084992543	0.9999748849784273
8.2857724788950406	1.0000149942058962
8.2897405464134835	0.9999854558700073
8.2939946031844176	1.0000511946775335
8.3009263170485070	0.9998711128788685
8.3057231929449564	0.9999784453738331
8.3099763776887183	0.9999591652602374
8.3141043626541329	1.0000020612236200
8.3184164061669712	0.9999399441733049
8.3253592891412449	1.0001319253137817
8.3300133197496020	1.0000126919180490
8.3340022463317922	1.0000570168728971
8.3377269419494038	0.9999782959886820
8.3413541319374964	1.0000417334731873
8.3449483469328918	0.9999692474809081
8.3485352812543798	1.0000358306444039
8.3521281475370390	0.9999676847244274
8.3557329207790083	1.0000323121975025
8.3593576077822505	0.9999692913878534
8.3630085708846629	1.0000283185636683
8.3666986613429462	0.9999737701911361
8.3704435433260027	1.0000214635661653
8.3742739692055110	0.9999827844420993
8.3782437353763601	1.0000127890102497
8.3824994369936618	0.9999472359898751
8.3894129286171477	1.0001304574376830
8.3941202134162776	1.0000161615678425
8.3982094853019369	1.0000502640284141
8.4020729562383440	0.9999869295939978
8.4058883779648017	1.0000283037681230
8.4097468564549462	0.9999865184148135
8.4137278278603880	1.0000148735085315
8.4179873047820344	0.9999481507974167
8.4249118064769490	1.0001293536804703
8.4296769391411672	1.0000187700393175
8.4338600878211096	1.0000442248613644
8.4378633046760143	0.9999946659137773
8.4419004199622645	1.0000196852330987
8.4461792597541443	0.9999499021796678
8.4531240364511380	1.0001295158871097
8.4579394712394098	1.0000210994904413
8.4622020945479974	1.0000399657012660
8.4663367080554988	0.9999969929179896
8.4706493343927800	1.0000592651160216
8.4776312913780032	0.9998743124689838
8.4825538558547517	0.9999765719157619
8.4871371632633661	0.9999184529320279
8.4942822336225969	1.0001308653852548
8.4991600392524838	1.0000171676664760
8.5033879292260188	1.0000434300660133
8.5074084327681074	0.9999941544902835
8.5114519471122243	1.0000194817674120
8.5157330693140683	0.9999497232133596
8.5226865803426222	1.0001281701502842
8.5275554813572452	1.0000233123547648
8.5319267114783166	1.0000375222526736
8.5363186717271429	0.9999548049947327
8.5433158145234440	1.0001406120778840
8.5479836607297361	1.0000151343855053
8.5519558319230153	1.0000607413728566
8.5556474209291427	0.9999770167000871
8.5592305910313016	1.0000454918693129
8.5627709434013362	0.9999660502713443
8.5662938204583163	1.0000404210908551
8.5698110555211482	0.9999628150424518
8.5733265195309674	1.0000384017442621
8.5768448350630937	0.9999622552270362
8.5803672638564681	1.0000370189522618
8.5838983479022026	0.9999630674348317
8.5874401373741538	1.0000352011550488
8.5909988741971421	0.9999651675063294
8.5945790926308749	1.0000321420406553
8.5981908821160609	0.9999691702230754
8.6018447214460423	1.0000266282080219
8.6055607246383978	0.9999766763983549
8.6093675070043236	1.0000165874997122
8.6133240612725714	0.9999862015246896
8.6175749148951919	1.0000512126182652
8.6244793836488860	0.9998657605193652
8.6290773613742964	0.9999861807734766
8.6330281764404440	0.9999404991215155
8.6367312512725434	1.0000199516843051
8.6403598072587755	0.9999586208386692
8.6439806418251948	1.0000258943605340
8.6476325331959512	0.9999694061772635
8.6513410552355143	1.0000211823480274
8.6551424747835632	0.9999814508966713
8.6590938546764313	1.0000123144092432
8.6633446423466438	0.9999476486577830
8.6702664960719211	1.0001297093730648
8.6749847247160403	1.0000179964225511
8.6791218824531224	1.0000455813152853
8.6830897275882712	0.9999944108321582
8.6871052546565561	1.0000197800556019
8.6913781360562030	0.9999506786423664
8.6982928301988078	1.0001360312518111
8.7028666959904903	1.0000123953170250
8.7067783466320137	1.0000612671227742
8.7104400853527721	0.9999770693145646
8.7140221725236184	1.0000434295641909
8.7175926386173401	0.9999700148618291
8.7211830803968748	1.0000336143452129
8.7248159156523091	0.9999728717477324
8.7285119911913291	1.0000236776192208
8.7323048817256712	0.9999825299324007
8.7362513819076035	1.0000129470342214
8.7405007628979554	0.9999481330721181
8.7474226575971379	1.0001299994871342
8.7521314159163772	1.0000179386639285
8.7562594806970235	1.0000459046800187
8.7602204916488677	0.9999943908722572
8.7642319103215591	1.0000198149214719
8.7685036541984971	0.9999508348711218
8.7754593637690839	1.0001285302887668
8.7802941503218221	1.0000234584493817
8.7846407130161399	1.0000377254617681
8.7890259311888883	0.9999557436070791
8.7960207412403317	1.0001421015411367
8.8006230246234463	1.0000141889747152
8.8045360729776210	1.0000630284221934
8.8081905233493707	0.9999772017030416
8.8117633832528224	1.0000443605849565
8.8153247938975436	0.9999698226743554
8.8189071365987957	1.0000341110117326
8.8225330594651723	0.9999727003958513
8.8262235531159750	1.0000238944726156
8.8300122931676910	0.9999824880833302
8.8339562641999532	1.0000129600523655
8.8382049571474344	0.9999482302358785
8.8451201498522831	1.0001313798646079
8.8497794461772354	1.0000160285223987
8.8538331671230850	1.0000505879476327
8.8576908737010989	0.9999892414275119
8.8615446790805610	1.0000241627468083
8.8655141635982151	0.9999898800864384
8.8697708655388006	1.0000529832527101
8.8767012462730079	0.9998693624817023
8.8814027967201632	0.9999813609516087
8.8855249678559254	0.9999529144792054
8.8894794029360984	1.0000046420061655
8.8934882665427040	0.9999791178043055
8.8977580641750311	1.0000479321625653
8.9046924369899667	0.9998657997942302
8.9093527025523791	0.9999823023290986
8.9134048607931931	0.9999477613776145
8.9172579853581642	1.0000095789411385
8.9211095247767549	0.9999745710908882
8.9250760271668685	1.0000089697493892
8.9293332198794992	0.9999459721538301
8.9361988785915436	1.0001414370557544
8.9405229862718709	1.0000020299780459
8.9441447838070580	1.0000803969446921
8.9475102767629000	0.9999601223832779
8.9507874686195610	1.0000657751712743
8.9540362819896000	0.9999487699499456
8.9572786413417038	1.0000590679961674
8.9605249721099067	0.9999460908277926
8.9637785309792974	1.0000553398203900
8.9670436854539606	0.9999465429428347
8.9703212410876674	1.0000524302064571
8.9736150424285750	0.9999484616350228
8.9769258624833022	1.0000494143621461
8.9802580077270946	0.9999513780397460
8.9836130055732148	1.0000458026681991
8.9869963292227535	0.9999553344266250
8.9904112410274468	1.0000411212293054
8.9938657555602877	0.9999607738771378
8.9973670475902452	1.0000345724290978
9.0009293094093952	0.9999687904257722
9.0045700687316046	1.0000244939439769
9.0083225998576388	0.9999813506287926
9.0122446830109464	1.0000126424457232
9.0164874649525242	0.9999488221528033
9.0234086356418164	1.0001311718829387
9.0280590043770932	1.0000171366222028
9.0321309655814925	1.0000478090005984
9.0360498564170211	0.9999941492843530
9.0400360217870066	1.0000199898678188
9.0443008313201503	0.9999517743114454
9.0512693893022718	1.0001271670612042
9.0561452035873380	1.0000245326663513
9.0607139930732572	1.0000802696426885
9.0677954562229726	0.9998561504055213
9.0722153667017533	0.9999967147784032
9.0758795322232046	0.9999206164980413
9.0792745439992508	1.0000369910427152
9.0825859205689969	0.9999363332371821
9.0858740328537984	1.0000468962211699
9.0891642933807937	0.9999439162561816
9.0924629749549641	1.0000486827665755
9.0957755485717833	0.9999481423033821
9.0991019739836059	1.0000477806305406
9.1024454137041495	0.9999512530222530
9.1058056483577197	1.0000457093323718
9.1091861795620908	0.9999542868350693
9.1125877469224950	1.0000427913876309
9.1160151241497207	0.9999578706371886
9.1194709581126698	1.0000388079653286
9.1229626849830296	0.9999626850652167
9.1264969524699620	1.0000330240156303
9.1300874652684758	0.9999699345735605
9.1337512135309815	1.0000237712488806
9.1375208753000781	0.9999816795816427
9.1414533805504004	1.0000126745076299
9.1456989601930552	0.9999484790534757
9.1525879508961587	1.0001367402013652
9.1570615751623894	1.0000088908537463
9.1608682066143619	1.0000670095998285
9.1644292145380888	0.9999720796972585
9.1679111729695482	1.0000500016917326
9.1713763380544044	0.9999635992707945
9.1748495331013515	1.0000417041014216
9.1783442131230810	0.9999636226912233
9.1818679061925668	1.0000356146708855
9.1854311979307521	0.9999676892817412
9.1890448099167426	1.0000283680061481
9.1927287761390843	0.9999759183710829
9.1965120101442270	1.0000170769512498
9.2004542382440224	0.9999862774823370
9.2047011887324643	1.0000507434979053
9.2116075395768195	0.9998654502558919
9.2161854625345079	0.9999861887925960
9.2201241522662318	0.9999404557755482
9.2238275386514861	1.0000189562072976
9.2274703509959561	0.9999603172142577
9.2311220016410740	1.0000230482830059
9.2348268959384843	0.9999736329549391
9.2386220870357381	1.0000154879963092
9.2425708514111484	0.9999854756199612
9.2468196426336924	1.0000505234453256
9.2537188541646316	0.9998641034827871
9.2582607423464029	0.9999880416699740
9.2621409866417910	0.9999358523476389
9.2657635093257777	1.0000246093322041
9.2692961511139469	0.9999513943449727
9.2727967921287213	1.0000344223409892
9.2762914760709574	0.9999573770830912
9.2797872797665022	1.0000367931764005
9.2832901412969040	0.9999601734369462
9.2868004860048963	1.0000367091845563
9.2903218463837796	0.9999621056865580
9.2938546008387579	1.0000354785469296
9.2974030865190613	0.9999642304515302
9.3009693541886111	1.0000331941032619
9.3045602704091070	0.9999673588753325
9.3081817274024470	1.0000292322567794
9.3118466566657645	0.9999727288125985
9.3155709683822945	1.0000219567539039
9.3193859201752112	0.9999824755789849
9.3233461444233630	1.0000127364264297
9.3275992391028471	0.9999475408396459
9.3344974994170560	1.0001337359672511
9.3390853335491641	1.0000117513988240
9.3430083662231418	1.0000608889787630
9.3466672703148248	0.9999753174054761
9.3502259176901070	1.0000462712863218
9.3537459754312522	0.9999648789970973
9.3572504983878488	1.0000413527770324
9.3607497374636104	0.9999616560081601
9.3642461072306613	1.0000396360962003
9.3677426635012253	0.9999606855175823
9.3712388423733213	1.0000389433436261
9.3747369272905878	0.9999605446001210
9.3782361444911935	1.0000384581144870
9.3817390175769599	0.9999608525457768
9.3852451357380335	1.0000378189526413
9.3887575857905219	0.9999615912319083
9.3922766684844845	1.0000367707851978
9.3958064426102297	0.9999629298897881
9.3993484954847979	1.0000349960546657
9.4029087001010332	0.9999652421961588
9.4064912061351134	1.0000319445258059
9.4101057515998221	0.9999692947008489
9.4137624670237372	1.0000264800919709
9.4174811473188438	0.9999767517799925
9.4212901027485376	1.0000165342417557
9.4252480406978467	0.9999861886308082
9.4294992608633450	1.0000512521728806
9.4364468694935315	0.9998739362428094
9.4413406025944191	0.9999757280862707
9.4459152667299922	0.9999186964464489
9.4533998539578850	1.0000704314522633
9.4583033310155358	1.0000053386497920
9.4628310743394692	1.0000357983724999
9.4701939739788834	0.9999339935316366
9.4745919328685559	0.9999923949660651
9.4787368243184584	0.9999819995748143
9.4829616405760309	1.0000587386162152
9.4872424563673832	1.0001234720225518
9.4915497896408834	1.0001032937989427
9.5048931386847819	0.9996810703862289
9.5088704308864074	0.9999014054136611
9.5121665119758596	0.9998062857213189
9.5154390810678180	0.9999461691555376
9.5187964733509052	0.9998786071065306
9.5222401375643724	0.9999768801899096
9.5257592444422059	0.9999210614417186
9.5293378872037788	0.9999978509054578
9.5329681392064547	0.9999467656458237
9.5366416346427982	1.0000099216531677
9.5403579470229811	0.9999628116666852
9.5441172226936484	1.0000145815936485
9.5479303095998613	0.9999746205614023
9.5518159218285081	1.0000119243751870
9.5558231634942192	0.9999839873335704
9.5600875689199931	1.0000515817173696
9.5668296943794680	0.9998371811424857
9.5816726772556411	0.9995559210479055
9.5933437012251055	0.9997054178760740
9.5966402905930224	0.9999383847812719
9.5999679025376299	0.9998838803280877
9.6034958131949146	0.9999802741440972
9.6072884606876379	0.9999653809063933
9.6114960625478183	1.0000353061663885
9.6183322899084107	0.9998391029998615
9.6220899748592075	1.0000168479000984
9.6253067618393739	0.9998966195436131
9.6284267212957779	1.0000444836162379
9.6315880935901586	0.9999303774048452
9.6348313467917421	1.0000402672651525
9.6381809791639803	0.9999538254400164
9.6416550767212073	1.0000260241046619
9.6452878206310473	0.9999754513319021
9.6491387057144422	1.0000094607400998
9.6533626475130543	0.9999484792932970
9.6602553214963969	1.0001374878085867
9.6645935438067507	1.0000070949407640
9.6683473698321016	1.0000621566103187
9.6719736353831909	0.9999833871661604
9.6756649995314650	1.0000271691370575
9.6795392686605890	0.9999897416219559
9.6837703521004546	1.0000492764803761
9.6907115427490691	0.9998667090116697
9.6952816931214265	0.9999802181031708
9.6993372708512169	0.9999539572112575
9.7033448544091474	1.0000001570075046
9.7076243275438401	0.9999429252745010
9.7146339760752998	1.0001240567030625
9.7196377667357972	0.9999745376804063
9.7270086572434309	1.0001876997071231
9.7312263640847938	1.0000094929744932
9.7346670167256057	1.0001013794265250
9.7379253993374491	0.9999674804674775
9.7411972550163703	1.0000632760819899
9.7445510861283040	0.9999678977780720
9.7480234436085933	1.0000358371030271
9.7516526595064494	0.9999820359418237
9.7555013119720275	1.0000145006662429
9.7597246073639674	0.9999526061199707
9.7666570190457769	1.0001333583532248
9.7712106606761218	1.0000187742049518
9.7752505506689609	1.0000455984561996
9.7792504457028144	0.9999991052749079
9.7835265877365547	1.0000560634980582
9.7904470808016235	0.9998580810865290
9.7947399470542820	0.9999921073030413
9.7984447673731090	0.9999322733123570
9.8020296964922942	1.0000148739307952
9.8056930765909733	0.9999692685097938
9.8095496674987785	1.0000075188909925
9.8137773882131594	0.9999487826163029
9.8207358342939219	1.0001281951887568
9.8253989423769159	1.0000222384232191
9.8296275767396182	1.0000378944862041
9.8339811831772792	0.9999595202323169
9.8409189634406307	1.0001568843412361
9.8450281943908653	1.0000025407999631
9.8485335252313408	1.0000828929218057
9.8519268798708666	0.9999751876088755
9.8553852385085605	1.0000433175191803
9.8589907809983863	0.9999840892169667
9.8628227094488974	1.0000158966609893
9.8670420950907900	0.9999538421158898
9.8738886835968174	1.0001508887663972
9.8779430816208773	0.9999986339985250
9.8814138649815266	1.0000845014455129
9.8847639836944605	0.9999704811038036
9.8881527817012103	1.0000502638447366
9.8916442721663778	0.9999755596211611
9.8952842573624924	1.0000238877802334
9.8991396443127435	0.9999887796943331
9.9033637742999723	1.0000491819712576
9.9101537815154028	0.9998401977300886
9.9139858735890929	1.0000148119568915
9.9172098408716636	0.9998919968594399
9.9202829423071890	1.0000518417787227
9.9233448267040707	0.9999177742373675
9.9264294054743587	1.0000584580349932
9.9295480094378181	0.9999317023609526
9.9326983338745976	1.0000580086508848
9.9358806216891509	0.9999395234443998
9.9390907785060278	1.0000554767111016
9.9423290201499661	0.9999446571412804
9.9455924102772180	1.0000523097477285
9.9488821606136124	0.9999487269684039
9.9521966086654476	1.0000488494056408
9.9555381476856777	0.9999525689043905
9.9589065719218421	1.0000449863184453
9.9623059115536705	0.9999567839314677
9.9657381490959533	1.0000403145970025
9.9692101993304689	0.9999620830399338
9.9727282700680551	1.0000340016546052
9.9763057211759776	0.9999697135448882
9.9799593173357479	1.0000243150135182
9.9837216419727479	0.9999817714368336
9.9876497417546020	1.0000128663813077
9.9918941239356034	0.9999488087215215
9.9988254007031685	1.0001291421113538
