0.0000000000000000	0.0000000000000000
3.6245729264579976	0.0010000000000000
3.6346015889897214	0.0014649698312030
3.6394778843953777	0.0014852889690701
3.6443786963198468	0.0016662532225210
3.6520136406834496	0.0016572669011660
3.6557610693440941	0.0020627488007203
3.6590123119921061	0.0021390924061211
3.6622644004002280	0.0025270801489359
3.6656194590464453	0.0027094842972476
3.6690825743832733	0.0031484688921544
3.6726611712927282	0.0034747993366660
3.6763470233090261	0.0040157841992291
3.6801477233017414	0.0045223427345860
3.6840524933353067	0.0052187285866215
3.6880702247738708	0.0059539478159108
3.6921855326209951	0.0068739638564098
3.6964232799520373	0.0079128350501865
3.7007937250508820	0.0091705779379578
3.7054554832788855	0.0106431605458732
3.7122523162829166	0.0136210993092757
3.7441117408087319	0.0373805656994426
3.7479350239523157	0.0423866660888627
3.7516596872508226	0.0479255546684098
3.7555917759385098	0.0543297949581162
3.7597520036184369	0.0619985796409451
3.7644201668299111	0.0716683374144999
3.7694287587888740	0.0841236354382117
3.7737703493193018	0.0958018001447730
3.7784786523144978	0.1102772558233273
3.7832891103559554	0.1272080734113014
3.7879313432883781	0.1456708031604055
3.7924255965344571	0.1656287605227564
3.7966188789712803	0.1863093401173389
3.8006633250317594	0.2080516060422248
3.8046182370427242	0.2312425488527323
3.8085318997104398	0.2558740718260276
3.8124956182233403	0.2827070410210541
3.8164080565758316	0.3107891799879742
3.8204422514309635	0.3414882440220635
3.8243592172665233	0.3726477878420892
3.8284450147561682	0.4065417389614375
3.8323412557603795	0.4397606009806049
3.8364356212332069	0.4754982048342629
3.8403005565878159	0.5095192090107178
3.8443799932563394	0.5455735973750890
3.8482489982571231	0.5793886508962179
3.8523587970135162	0.6147297254879392
3.8563558289760129	0.6480499940501310
3.8606972143941372	0.6828436960413480
3.8652249118834865	0.7171278723948337
3.8716304681675258	0.7622984820266091
3.8894319448633130	0.8603117617148665
3.9126515549377912	0.9353326984927043
3.9169626889745071	0.9441581241146344
3.9205699049622220	0.9510360510086492
3.9239726888015878	0.9565374082093302
3.9273138136886403	0.9615453440399316
3.9308509321096894	0.9660974857138733
3.9345531078024871	0.9703980908906251
3.9384989949177158	0.9743443281750740
3.9427491304475870	0.9781092037871469
3.9502123735677128	0.9832012431185527
3.9606894623828772	0.9888132793973852
3.9662270821516321	0.9906035532722824
3.9714028589042640	0.9925475580789297
3.9764341192193018	0.9936852359241629
3.9813476389845217	0.9950811407508229
3.9862342334912229	0.9957681806794203
3.9925339446717607	0.9966025775587054
3.9970009918601024	0.9970673237830275
4.0013019050121557	0.9974874016364248
4.0074850970000524	0.9978140264827162
4.0113030262422207	0.9982045738813945
4.0148957461104295	0.9983698871773299
4.0185916061562121	0.9986443106670029
4.0224589673763615	0.9988408227567978
4.0264916467171901	0.9990536133754171
4.0307491078261837	0.9990926868482872
4.0353202712250766	0.9996393969833944
4.0386415298196852	0.9994097567468697
4.0421248826869700	0.9995297586960400
4.0456113084324992	0.9994752513086613
4.0490875898952261	0.9995968897520560
4.0525383498716261	0.9995522999393299
4.0559599163124238	0.9996844962366785
4.0593530782281864	0.9996315880725808
4.0627239211562038	0.9997648823514367
4.0660811525757170	0.9997022303623505
4.0694318354893610	0.9998302070912993
4.0727845058089294	0.9997611461417566
4.0761436700102651	0.9998804810871497
4.0795157893829384	0.9998086653408134
4.0829034034906053	0.9999179991229247
4.0863119454180001	0.9998465677222829
4.0897438063225886	0.9999451525135206
4.0932052205767535	0.9998772178419557
4.0967006319275123	0.9999636960637655
4.1002398279322767	0.9999032797157054
4.1038332440905618	0.9999743174519564
4.1075009634247932	0.9999280351555457
4.1112721822026890	0.9999764218817445
4.1152071101323910	0.9999512187062439
4.1194521213028388	1.0000206971719772
4.1263783046285880	0.9998457982594001
4.1310590107438321	0.9999621617892956
4.1351637046043583	0.9999358757399771
4.1391058666910352	0.9999904931150090
4.1431076070170318	0.9999668799584752
4.1473754182664777	1.0000372981724965
4.1543048918687484	0.9998565882341991
4.1589190164947327	0.9999771763214080
4.1629088967952415	0.9999380473304107
4.1666839569693455	1.0000088240456053
4.1704299492221635	0.9999637344115925
4.1742355971784866	1.0000090944922395
4.1781859035342404	0.9999806435911296
4.1824357266023746	1.0000467876436765
4.1893637153495087	0.9998662152675409
4.1940577339930787	0.9999791269812915
4.1981742287070505	0.9999509691677994
4.2021249303702133	1.0000031799326228
4.2061317091605170	0.9999778838373025
4.2104009064444963	1.0000468450361621
4.2173160635660594	0.9998613826899252
4.2218529326597345	0.9999867276303589
4.2257292773854349	0.9999351948228771
4.2293583372780743	1.0000225139532861
4.2329138929445618	0.9999535995439244
4.2364600431126043	1.0000294625443722
4.2400312672055485	0.9999640556494187
4.2436465155325376	1.0000263399729303
4.2473299910847695	0.9999745725732623
4.2511120403557836	1.0000163395616746
4.2550533912427291	0.9999857950361287
4.2593001176783698	1.0000503984310796
4.2661846089515221	0.9998610984414461
4.2706278891344098	0.9999914684153621
4.2743924886688225	0.9999284221581137
4.2778991633083310	1.0000304243438056
4.2813176275720624	0.9999436790755850
4.2847055057881294	1.0000408719616125
4.2880886276295165	0.9999501161081076
4.2914743868553096	1.0000432442668141
4.2948693410400338	0.9999535283536899
4.2982747090962627	1.0000427434829764
4.3016948861777689	0.9999562407816607
4.3051311803384182	1.0000407633528856
4.3085888146054145	0.9999593503462173
4.3120708055830663	1.0000374427648624
4.3155849095592949	0.9999636875656963
4.3191380103219021	1.0000321859323666
4.3227440095049525	0.9999704911525226
4.3264199834878285	1.0000233901544078
4.3301985844863520	0.9999818244521191
4.3341364902334547	1.0000126754488072
4.3383835364189434	0.9999482875901630
4.3452926160692993	1.0001327224761063
4.3499004896569415	1.0000142250068524
4.3538852568497841	1.0000548178747661
4.3576583829476840	0.9999847692707742
4.3614012264829531	1.0000307770279842
4.3652060019457464	0.9999859388126459
4.3691543020959269	1.0000149633774178
4.3734048316268792	0.9999493216351537
4.3803222642302604	1.0001321213633421
4.3849689226892803	1.0000159857545041
4.3890093477720660	1.0000512298311159
4.3928561543992686	0.9999891128156637
4.3967020291657732	1.0000243824070449
4.4006667473162073	0.9999899422320755
4.4049221479835143	1.0000528495438565
4.4118712564025619	0.9998726780619441
4.4166880057228575	0.9999763460563418
4.4210259524609041	0.9999616428029313
4.4254073821457505	1.0000431005570503
4.4324286255497238	0.9998612615246704
4.4371698024758333	0.9999786000938595
4.4413029258758998	0.9999511945112001
4.4452584839981686	1.0000039275437154
4.4492664337864829	0.9999786737271140
4.4535361609136279	1.0000476138134800
4.4604518234076451	0.9998619101940243
4.4649833870390960	0.9999874399698602
4.4688545690659982	0.9999354736906948
4.4724796623900342	1.0000230783614836
4.4760324131537939	0.9999538878318552
4.4795766993804023	1.0000298578766016
4.4831467806357432	0.9999643352189539
4.4867613979549166	1.0000266168342091
4.4904445763887919	0.9999748071603903
4.4942265102055154	1.0000165433156432
4.4981678211880940	0.9999859712221703
4.5024145299894727	1.0000505469804164
4.5093577528063049	0.9998722464049885
4.5141740222285893	0.9999760634152098
4.5185127053559695	0.9999615244432311
4.5228942472082680	1.0000430906828972
4.5298895961329704	0.9998566698444877
4.5344734583511022	0.9999850874011680
4.5383715754857139	0.9999351436761964
4.5420122555941340	1.0000221238366163
4.5455757128685343	0.9999540587248803
4.5491282170082998	1.0000293761167423
4.5527050144176942	0.9999645416474434
4.5563251551445205	1.0000263734672992
4.5600127591218937	0.9999749198365854
4.5637979691008690	1.0000164758955306
4.5677412774374924	0.9999859631121777
4.5719885261154953	1.0000506143364158
4.5789398586132926	0.9998738704539967
4.5838217037293800	0.9999754954308000
4.5883932503843923	0.9999190395302148
4.5955621734556678	1.0001272921362587
4.6005437382264915	1.0000217288719666
4.6051455681334357	1.0000800375246777
4.6122839758875314	0.9998617539861572
4.6169385338384448	0.9999889086110112
4.6208587166887130	0.9999368945235392
4.6244998169661757	1.0000241598144721
4.6280518227570449	0.9999534836649957
4.6315837321636320	1.0000315741506325
4.6351298287778038	0.9999622903787552
4.6387060073935045	1.0000298993387307
4.6423300520793580	0.9999703493778792
4.6460200203308712	1.0000225601886465
4.6498089064255481	0.9999817875211955
4.6537530239833877	1.0000125874364021
4.6580017664613731	0.9999480406828997
4.6649413583823760	1.0001267093050119
4.6697653957538146	1.0000228229589918
4.6741072088571372	1.0000373913661811
4.6784909466556099	0.9999556737889961
4.6855097663081038	1.0001375636537921
4.6902667172753585	1.0000205004082223
4.6944123043566002	1.0000473187542398
4.6983789759666470	0.9999950669892350
4.7023920951894906	1.0000202217037455
4.7066645027286249	0.9999510576484556
4.7135691829688087	1.0001383689706411
4.7180676159363824	1.0000096310949314
4.7218839731497653	1.0000676891261129
4.7254400871606785	0.9999710373407154
4.7289037173108932	1.0000521796960340
4.7323370725897433	0.9999607296369620
4.7357639136938090	1.0000457505555898
4.7391956555612342	0.9999585688171028
4.7426366027286271	1.0000421729926949
4.7460922199316542	0.9999594789899390
4.7495651516052737	1.0000389586176224
4.7530618034455152	0.9999622660201170
4.7565869477899554	1.0000347565236869
4.7601508090974445	0.9999671883891473
4.7637641405255753	1.0000281503051192
4.7674473913093420	0.9999757299202935
4.7712298141380325	1.0000170203079366
4.7751714774870759	0.9999862389832974
4.7794182885566752	1.0000507051414749
4.7863698726595398	0.9998739155038938
4.7912504477822786	0.9999754961902726
4.7958216644801457	0.9999190867606278
4.8029529913732203	1.0001339364151709
4.8076793708334451	1.0000131681429725
4.8117139107863034	1.0000536055256029
4.8155085876638921	0.9999844409064690
4.8192613863893818	1.0000303923635518
4.8230710783257740	0.9999858185229692
4.8270217161015454	1.0000148968268767
4.8312729762894202	0.9999492315132661
4.8381598852530470	1.0001378213665384
4.8426211714252982	1.0000082441102047
4.8464053142228183	1.0000689800761315
4.8499372239491567	0.9999701943838027
4.8533847850497214	1.0000526745181324
4.8568107016267268	0.9999609668737813
4.8602398891353635	1.0000448524764449
4.8636855499876752	0.9999603821389419
4.8671545093937683	1.0000393128148197
4.8706557741394647	0.9999636511354446
4.8741970948056110	1.0000331102375080
4.8777927322103070	0.9999702922430898
4.8814601520351992	1.0000237858643282
4.8852322980248024	0.9999817797878973
4.8891662538485416	1.0000127108014190
4.8934122359516268	0.9999484477610289
4.9002979362720707	1.0001373056687348
4.9047551444831727	1.0000082698753396
4.9085422886832468	1.0000682324222381
4.9120846915729732	0.9999712662224770
4.9155505447717704	1.0000508612632766
4.9190034719358167	0.9999632780336766
4.9224699858199887	1.0000416564899264
4.9259657480911789	0.9999643940061511
4.9295013376997003	1.0000340248695390
4.9330918101630310	0.9999704423406275
4.9367550492437706	1.0000241117979747
4.9405240865695941	0.9999818302999327
4.9444561648234657	1.0000127620643211
4.9487016344048058	0.9999485380617279
4.9556518791508335	1.0001252643198255
4.9605281520290250	1.0000237177409523
4.9650965273813172	1.0000800870248501
4.9722208892372874	0.9998643295201164
4.9769233229873011	0.9999862806353899
4.9809336690470074	0.9999441589638586
4.9847054355114997	1.0000150686622169
4.9884415896018242	0.9999679409467315
4.9922376263709003	1.0000132729119207
4.9961814947320642	0.9999840148934658
5.0004296614361037	1.0000493821112135
5.0073772443711562	0.9998716633550440
5.0121829859310081	0.9999758587256775
5.0165135707653157	0.9999613591814805
5.0208929539271594	1.0000427152749150
5.0278833210155618	0.9998553217458348
5.0324186288657344	0.9999863797346416
5.0362647208814844	0.9999322030834756
5.0398584017435866	1.0000239552102772
5.0433804849456028	0.9999517273942610
5.0468968150707116	1.0000308828421653
5.0504423426810670	0.9999630442830673
5.0540361015227910	1.0000273093309062
5.0577023992782335	0.9999742291257708
5.0614717848094646	1.0000167388093766
5.0654054515233700	0.9999859735591836
5.0696500970404239	1.0000502809340652
5.0765674434112489	0.9998670121631640
5.0811940188869071	0.9999834019887458
5.0852183422694432	0.9999471380837652
5.0890507757857550	1.0000100811146218
5.0928878811032083	0.9999743351388534
5.0968459010224114	1.0000089353144432
5.1011007503260011	0.9999462381863248
5.1080286816341074	1.0001301191523231
5.1127096041716928	1.0000172634965609
5.1168092492524044	1.0000467430158906
5.1207485035126563	0.9999941906560483
5.1247467546896388	1.0000198659552464
5.1290148873525272	0.9999513079425727
5.1359455123911841	1.0001337754968873
5.1405853390225822	1.0000162543830071
5.1446144426250937	1.0000520703704026
5.1484507913367299	0.9999890604502752
5.1522886835489112	1.0000246698392927
5.1562485062131476	0.9999900370592758
5.1605025907086572	1.0000527276668072
5.1674590064124564	0.9998738385049571
5.1724574713651492	1.0000258538753211
5.1799158598171307	0.9998311520101505
5.1848018694750113	0.9999737902339398
5.1888892613536219	0.9999385292941506
5.1926936715192218	1.0000114573957934
5.1964452581787572	0.9999662809137574
5.2002489017196911	1.0000122119299530
5.2041965320345058	0.9999834569069848
5.2084458092123693	1.0000491899677875
5.2153605060834574	0.9998654002545992
5.2199543109025610	0.9999846985707752
5.2239266873069496	0.9999433403356199
5.2276874457714424	1.0000143487792685
5.2314220600921635	0.9999677649155576
5.2352192968267195	1.0000130183018878
5.2391645050676328	0.9999839127533106
5.2434129415179767	1.0000493976185190
5.2503494204362164	0.9998697342187240
5.2550882511244295	0.9999786571128285
5.2592881517134291	0.9999578231814559
5.2633825990631573	1.0000015361275987
5.2676854963588493	0.9999407770286372
5.2746739433459027	1.0001247207100090
5.2795689020033612	1.0000229513671333
5.2841431967929564	1.0000798725213909
5.2912790589451557	0.9998653567832589
5.2960288835714815	0.9999845379152749
5.3001045816415955	0.9999482439839412
5.3039586420766032	1.0000105104536916
5.3078051843510643	0.9999746744106625
5.3117672851947395	1.0000091413591687
5.3160234616053694	0.9999462845981253
5.3229448693312031	1.0001315385919718
5.3275802844431368	1.0000153087067540
5.3316082325055358	1.0000515389982620
5.3354445409758009	0.9999888055660660
5.3392826166271599	1.0000245193631343
5.3432426194345446	0.9999899670786360
5.3474967401373190	1.0000527081094837
5.3544269828954993	0.9998689427516418
5.3591068959182531	0.9999816524466857
5.3632082357942910	0.9999522215294301
5.3671470189427133	1.0000047339318199
5.3711464777182227	0.9999790563268249
5.3754136921825122	1.0000475813075542
5.3823835833381652	0.9998720447710452
5.3872658589450264	0.9999747410861207
5.3918380495439173	0.9999188835737048
5.3989598731276933	1.0001362405384910
5.4035982728242971	1.0000101882430097
5.4075190723230175	1.0000606456392058
5.4111839242051936	0.9999774960457628
5.4147828184991944	1.0000407414625572
5.4183954564127994	0.9999743060613135
5.4220658455945383	1.0000263959417262
5.4258363277718695	0.9999829953100222
5.4297684321881023	1.0000134300287036
5.4340140009851527	0.9999489191669115
5.4409558329260728	1.0001271433049417
5.4457605820498740	1.0000229494982189
5.4500882900349445	1.0000375520219116
5.4544682263021302	0.9999562372456845
5.4614599111457611	1.0001431763250690
5.4660155498664054	1.0000135328507871
5.4698897781238438	1.0000643576662296
5.4735247644102927	0.9999779876841995
5.4771022574158579	1.0000424240894648
5.4806984121358386	0.9999742149417108
5.4843561372322398	1.0000270580469330
5.4881174087800701	0.9999829843739348
5.4920439862298469	1.0000134978303368
5.4962880551698312	0.9999491416191059
5.5031861956907795	1.0001356151566014
5.5076975593648339	1.0000113315422383
5.5115690641388779	1.0000614270075243
5.5152253996990872	0.9999795117373503
5.5188440092165489	1.0000382502105603
5.5225049398526238	0.9999789162114214
5.5262626218862243	1.0000201914220082
5.5301868883126923	0.9999876214640507
5.5344294240400558	1.0000507215601266
5.5413283407500638	0.9998630676334935
5.5458108963729238	0.9999884618610229
5.5496561589760489	0.9999361863662514
5.5532886724938768	1.0000201875388823
5.5568895084820147	0.9999598443316071
5.5605350639418276	1.0000203687670359
5.5642830832312349	0.9999784824778305
5.5682001239673564	1.0000112486823076
5.5724419707763895	0.9999483616919170
5.5793434909301425	1.0001352063611308
5.5838489703587113	1.0000117310791949
5.5877290914676232	1.0000597801435342
5.5914139039492543	0.9999824204208605
5.5950871702744891	1.0000333502522896
5.5988413446908751	0.9999853541948363
5.6027593095743979	1.0000150750174255
5.6070016282452011	0.9999504200491699
5.6138933472856074	1.0001383024055708
5.6183233018426186	1.0000093030469535
5.6221131957588009	1.0000658687554749
5.6257010432385464	0.9999773695512801
5.6292646577003280	1.0000408456721643
5.6328829680376638	0.9999779004831190
5.6366099913877488	1.0000209455210125
5.6405159471360209	0.9999877586197943
5.6447535733307266	1.0000501500049792
5.6516893794861618	0.9998691571893661
5.6563600035717467	0.9999795156299758
5.6605003007885033	0.9999565015271106
5.6645582868995579	1.0000010881986066
5.6688512986810400	0.9999417329084733
5.6758468808873035	1.0001247386738736
5.6807138848728727	1.0000234274681694
5.6852809309210341	1.0000790892244087
5.6924111302964633	0.9998626834668017
5.6970441364071318	0.9999865801013615
5.7010041181984175	0.9999433557924833
5.7047659919204436	1.0000121327726643
5.7085464700111554	0.9999729611546672
5.7124694161391876	1.0000087034871814
5.7167149903003756	0.9999473725580140
5.7236798976413388	1.0001249012002578
5.7285299295556964	1.0000239400049467
5.7330916891429018	1.0000791267551943
5.7402299646181785	0.9998647241693509
5.7449244536202499	0.9999840227801470
5.7489763491086814	0.9999496088093480
5.7528627145921014	1.0000055709634739
5.7568273298215500	0.9999789092123794
5.7610855670766323	1.0000461688901661
5.7678385656755031	0.9998295586762614
5.7715214351411159	1.0000220980929344
5.7746009273026457	0.9998773834169016
5.7775457182609715	1.0000596261409074
5.7804924075034574	0.9999063607989579
5.7834733561215526	1.0000649054684632
5.7865000325068348	0.9999236347015876
5.7895710538560046	1.0000624292964391
5.7926881837568445	0.9999346857858437
5.7958490795236610	1.0000572588165388
5.7990562348765646	0.9999432288463371
5.8023094659663030	1.0000507639559364
5.8056136617114076	0.9999513143408936
5.8089720742653510	1.0000429324205728
5.8123940861096015	0.9999604807434109
5.8158898611496834	1.0000327487336624
5.8194798108597618	0.9999727396483605
5.8231939797053469	1.0000182635170878
5.8270944897844981	0.9999863021213148
5.8313302456340592	1.0000492812634596
5.8382659374849846	0.9998689405186765
5.8429348315310436	0.9999793932088524
5.8470742009903418	0.9999564284597847
5.8511317642624814	1.0000010494987244
5.8554246395468388	0.9999417262202062
5.8623359928374503	1.0001403598693703
5.8666760016249375	1.0000043761538859
5.8703511473376189	1.0000737463425966
5.8738151437417825	0.9999697449069941
5.8772400453435871	1.0000512733447684
5.8806920590213441	0.9999665996681174
5.8842038466955477	1.0000355223910993
5.8878030273195563	0.9999747476575755
5.8915229936690539	1.0000191733462960
5.8954266394168613	0.9999868358296061
5.8996633061398995	1.0000496595695534
5.9066121759989008	0.9998716431781071
5.9113744910744659	0.9999759777416378
5.9156745958904917	0.9999611746088376
5.9200457628652350	1.0000415685352049
5.9270201010714967	0.9998509957428869
5.9314049902090380	0.9999902383029740
5.9351069181209235	0.9999241427833232
5.9385857235074386	1.0000275571365485
5.9420221987457325	0.9999475433421792
5.9454813593436118	1.0000316575154384
5.9490000347447118	0.9999634568265721
5.9526029696048592	1.0000239308638126
5.9563270483465809	0.9999797549918128
5.9602317126290698	1.0000120524032943
5.9644698986089209	0.9999491390007396
5.9714020086901067	1.0001298526497693
5.9760829199261645	1.0000195554260378
5.9802297455053672	1.0000422884372480
5.9842933269715397	0.9999978047888350
5.9885865124877400	1.0000573523351788
5.9953349322683840	0.9998286990527129
5.9989528540873938	1.0000283340957385
6.0019638341021393	0.9998710042696363
6.0048388377427404	1.0000664400389623
6.0077104993330543	0.9998983365320205
6.0106084846497456	1.0000730343820274
6.0135422401434679	0.9999140819484431
6.0165087498778034	1.0000723770537294
6.0195080834579979	0.9999232849693297
6.0225359107729410	1.0000694902984069
6.0255923185723574	0.9999293964149242
6.0286739311874902	1.0000659681883133
6.0317815254121987	0.9999340921556774
6.0349125886510624	1.0000623123783337
6.0380685472451479	0.9999381778067771
6.0412476264653119	1.0000586044234967
6.0444518995646614	0.9999420922471273
6.0476803523953242	1.0000547477557151
6.0509358345592918	0.9999461489979454
6.0542183059283383	1.0000505379636677
6.0575317468453385	0.9999506711058952
6.0608776348398861	1.0000456403856990
6.0642619147916808	0.9999561187496586
6.0676888927552675	1.0000394675230875
6.0711685918774085	0.9999633196549798
6.0747117258492613	1.0000308408019238
6.0783389311526461	0.9999739666435690
6.0820801446881250	1.0000177513615713
6.0859968597735881	0.9999862722595070
6.0902369485481538	1.0000498351949274
6.0970856293977187	0.9998534045477476
6.1012873416538751	1.0000002452986527
6.1048061373092164	0.9999118777915676
6.1080930835336940	1.0000417898927898
6.1113132724619401	0.9999291449724839
6.1145177545343925	1.0000520953341276
6.1177277387952413	0.9999375825065806
6.1209472186153349	1.0000541638444904
6.1241803394801879	0.9999420703771680
6.1274258826886658	1.0000535902640839
6.1306859617622997	0.9999450051001909
6.1339590735165519	1.0000520596163549
6.1372472953079473	0.9999474245414152
6.1405494659907358	1.0000500853959735
6.1438680121303442	0.9999498016521875
6.1472023107738520	1.0000477544071931
6.1505553896938823	0.9999524269476521
6.1539274493062708	1.0000449514310989
6.1573225308915838	0.9999555920221521
6.1607422392846027	1.0000413907103198
6.1641924920163493	0.9999597301995364
6.1676776129486939	1.0000365137237079
6.1712075229222103	0.9999656476173205
6.1747927725780070	1.0000291590868498
6.1784537339455019	0.9999750335199852
6.1822198124866841	1.0000172903218352
6.1861515783418906	0.9999862449066925
6.1903957076097829	1.0000503548046755
6.1972909083663374	0.9998628385510795
6.2017783286083628	0.9999891686523379
6.2056099347363407	0.9999338755722440
6.2092022157589835	1.0000244864079275
6.2127275246467448	0.9999525246911259
6.2162486776830681	1.0000308442876067
6.2197992864156975	0.9999634569036676
6.2233978071880429	1.0000271862908703
6.2270681751267327	0.9999744025579622
6.2308406869687651	1.0000166963606445
6.2347762823087205	0.9999859739087824
6.2390214429563118	1.0000503450792044
6.2459655775512415	0.9998721443691647
6.2507740287271885	0.9999760327477535
6.2551070687109238	0.9999614672750097
6.2594870835231067	1.0000428631305671
6.2665354903092343	0.9998660856247216
6.2714567084869701	0.9999730235186022
6.2760414946048400	0.9999175741545347
6.2832137325183002	1.0001287072011242
6.2881387149119243	1.0000210819622817
6.2925133310462575	1.0000369639748574
6.2969087127802794	0.9999552979873305
6.3039122117038078	1.0001426841553647
6.3084992453979662	1.0000140658801371
6.3123995137827125	1.0000633951955913
6.3160497006343865	0.9999777690041375
6.3196286923384140	1.0000433239298052
6.3232085409502519	0.9999718284901943
6.3268250149512717	1.0000310790256308
6.3305069456308356	0.9999771351000888
6.3342873621958233	1.0000179299255396
6.3382274497993860	0.9999866987898364
6.3424739018093179	1.0000508766066687
6.3493823184777618	0.9998657647016030
6.3539666524070793	0.9999857252057383
6.3579192478943076	0.9999417306909747
6.3616459533887832	1.0000171307158983
6.3653253755731765	0.9999633856653793
6.3690336480796050	1.0000188278950435
6.3728278422115494	0.9999795558279704
6.3767728241431945	1.0000114469477186
6.3810221894301140	0.9999475012696062
6.3879137804475326	1.0001358403836766
6.3924150779507949	1.0000092978941071
6.3962450208494062	1.0000660192491184
6.3998191896860392	0.9999718492166664
6.4033024292125891	1.0000506910481219
6.4067551713962247	0.9999616672367747
6.4101994187943117	1.0000447912967692
6.4136445968160878	0.9999589301347046
6.4170925541605692	1.0000422979672343
6.4205457473484193	0.9999584493988685
6.4240030304267552	1.0000410499482271
6.4274659488585542	0.9999586754919768
6.4309328903953640	1.0000402575555256
6.4344053115170841	0.9999591128792527
6.4378815291358871	1.0000396411267225
6.4413630165798414	0.9999596016775689
6.4448480922144720	1.0000391003517333
6.4483382630825856	0.9999600940708522
6.4518318727391248	1.0000385946255206
6.4553304757258205	0.9999605823607720
6.4588324632641791	1.0000380999523555
6.4623394626175834	0.9999610771678299
6.4658499481581320	1.0000375914161066
6.4693656659839238	0.9999616039225060
6.4728852356322335	1.0000370322199283
6.4764106053909316	0.9999622084623907
6.4799406515814661	1.0000363608620411
6.4834776774578931	0.9999629713816657
6.4870210232295893	1.0000354696389833
6.4905736370186560	0.9999640369117204
6.4941357264261592	1.0000341631508476
6.4977114694196105	0.9999656725921656
6.5013027931718552	1.0000320695475780
6.5049164128446755	0.9999684050857879
6.5085580274608583	1.0000284259068259
6.5122403406165530	0.9999733659149109
6.5159789517649207	1.0000215565415871
6.5198047064146030	0.9999826643529980
6.5237715997147916	1.0000127574590829
6.5280265137902358	0.9999473193616205
6.5349687936095933	1.0001251653493126
6.5398730344622873	1.0000231780420155
6.5444487233188804	1.0000808535887282
6.5515808577318806	0.9998674056640351
6.5564212877528689	0.9999832717266556
6.5605920611273181	0.9999519636122767
6.5645250900156125	1.0000092236848026
6.5684300154238180	0.9999760528783413
6.5724274806824594	1.0000095077282865
6.5766933357865733	0.9999452836653009
6.5836369884868571	1.0001259774831468
6.5884973368585884	1.0000224795784192
6.5928646489979155	1.0000370813925619
6.5972553936455558	0.9999546706151415
6.6042935619510272	1.0001329271610013
6.6092443793754327	1.0000254651235185
6.6138351971661766	1.0000824580045307
6.6209951045432884	0.9998706047299885
6.6260765118549703	1.0000294954862998
6.6335740622827952	0.9998303020907698
6.6385948672669421	0.9999730855741487
6.6427915053107203	0.9999419854765289
6.6466666921338282	1.0000116666719212
6.6504472991212280	0.9999653604810599
6.6542282268358592	1.0000166624447546
6.6580735870062568	0.9999802204936774
6.6620490628952007	1.0000115048324674
6.6663068664799843	0.9999465498435683
6.6732366157274186	1.0001275488694727
6.6780440280249396	1.0000204199469860
6.6823038784860689	1.0000396030931791
6.6864377155831853	0.9999968485256369
6.6907500127158999	1.0000592195868288
6.6977313489170758	0.9998743257474254
6.7026544011307791	0.9999765976422694
6.7072378252721894	0.9999184442009361
6.7143780624990228	1.0001316550768871
6.7192277014026009	1.0000159391703389
6.7234055175934415	1.0000467646453561
6.7273466398155470	0.9999899313847158
6.7312561357989393	1.0000228461318843
6.7352579615289185	0.9999894890137947
6.7395237104505261	1.0000538630132050
6.7464363463468526	0.9998672025565360
6.7510853408781974	0.9999857201293357
6.7550807409341775	0.9999421218536794
6.7588096214562459	1.0000205905290867
6.7624386776328658	0.9999568784615572
6.7660268723112464	1.0000304856481572
6.7696010846444725	0.9999616889512620
6.7731685561179980	1.0000334779678248
6.7767349001575106	0.9999633109474583
6.7802997272946373	1.0000344009172342
6.7838653373928599	0.9999638663431151
6.7874302978936578	1.0000346636633035
6.7909964521734114	0.9999640910678546
6.7945623442833485	1.0000346798844182
6.7981298902642759	0.9999642614337276
6.8016978386284404	1.0000345396376091
6.8052683792265984	0.9999645220244935
6.8088406420260252	1.0000342008830889
6.8124173224968363	0.9999650130448431
6.8159982248742050	1.0000335263075102
6.8195869623780396	0.9999659455139233
6.8231845875224515	1.0000322464935558
6.8267964812886985	0.9999676987631625
6.8304262186770153	1.0000298344161009
6.8340829852509728	0.9999710346555758
6.8377762546850596	1.0000251669780740
6.8415251061519990	0.9999776170296578
6.8453568815687174	1.0000161498865796
6.8493289290106487	0.9999861573243362
6.8535839920785042	1.0000517369966015
6.8604947751431702	0.9998676873421554
6.8651689401602898	0.9999841292894470
6.8692092753388163	0.9999452910936613
6.8730023885425382	1.0000162296885888
6.8767212434463438	0.9999637368811084
6.8804358765159819	1.0000212187149913
6.8841910881749016	0.9999752439789659
6.8880235388351814	1.0000149871947714
6.8919950662931528	0.9999854908304023
6.8962500822856736	1.0000513338130526
6.9031812130711385	0.9998711668934582
6.9079826533500972	0.9999784372519278
6.9122397662593613	0.9999592491835003
6.9163701564609665	1.0000020951507336
6.9206828754274143	0.9999398812599649
6.9276202217630392	1.0001328668370304
6.9322439006510237	1.0000114512892802
6.9361894863259117	1.0000598130066856
6.9398631842005809	0.9999755176701405
6.9434329655666813	1.0000455260996095
6.9469634631989905	0.9999654537607201
6.9504802242183281	1.0000403098279891
6.9539961086549997	0.9999630391070616
6.9575164901807121	1.0000375286970919
6.9610480474189558	0.9999636673103921
6.9645947431199930	1.0000346997005385
6.9681648250487669	0.9999664360765782
6.9717655607859736	1.0000303265103037
6.9754110860260603	0.9999720090914914
6.9791185220181751	1.0000225220578500
6.9829202812152786	0.9999822558585019
6.9868722519277506	1.0000127277153825
6.9911231290728120	0.9999478265703929
6.9980148335128263	1.0001353620373643
7.0025446137216933	1.0000101645824619
7.0064046448527133	1.0000642057526850
7.0100090658741712	0.9999735835993392
7.0135264907793022	1.0000479152786816
7.0170223836149761	0.9999650816610202
7.0205246925486726	1.0000397823832472
7.0240501720283630	0.9999656126082488
7.0276101404399656	1.0000329454751564
7.0312202381638524	0.9999711131414298
7.0348987076913030	1.0000236443967361
7.0386787512212958	0.9999820072546139
7.0426174402731583	1.0000127682044957
7.0468647134250313	0.9999483101734185
7.0537550827525717	1.0001362307138841
7.0582493912794995	1.0000096050098379
7.0620802006552710	1.0000652847285894
7.0656691346176945	0.9999739590121868
7.0691866142424828	1.0000469175331093
7.0726999925610832	0.9999675279336977
7.0762406433271821	1.0000359553942415
7.0798311328837720	0.9999713348664173
7.0834928324523041	1.0000247821059689
7.0872600805061543	0.9999820980283380
7.0911909375255702	1.0000129273133429
7.0954360922438298	0.9999486678800821
7.1023049790040096	1.0001406566780644
7.1066594031236416	1.0000043052551562
7.1103285328613204	1.0000764066696284
7.1137521580072924	0.9999645720824515
7.1170974219112333	1.0000598717946152
7.1204245356498488	0.9999549832299629
7.1237561637062976	1.0000516199961436
7.1271035709605890	0.9999540712920750
7.1304713664775390	1.0000461779360978
7.1338657831899317	0.9999566055522342
7.1372905487539109	1.0000409645287405
7.1407536991213760	0.9999614331724627
7.1442624710979823	1.0000343538586425
7.1478310102307328	0.9999691161868779
7.1514768094998287	1.0000243779335078
7.1552330551850076	0.9999814452170021
7.1591573874590670	1.0000126621284495
7.1634007729912357	0.9999487550032197
7.1703137329260374	1.0001326173257539
7.1749168407287724	1.0000150066208926
7.1789146855944050	1.0000528632140118
7.1827272483256159	0.9999884626194866
7.1865483122829987	1.0000249684513476
7.1904981813617406	0.9999900813276320
7.1947495458409048	1.0000524135979996
7.2016894773912723	0.9998703257421986
7.2064103080582402	0.9999792861060560
7.2105933599525445	0.9999576459322155
7.2146772564372057	1.0000015160366840
7.2189772960019134	0.9999411194020668
7.2259585238287789	1.0001265166937476
7.2307730947238262	1.0000222161480719
7.2351013935107193	1.0000372825937403
7.2394819600255218	0.9999562389864938
7.2464630676079302	1.0001456392196417
7.2509360403146825	1.0000105019492460
7.2547098920745352	1.0000712385846651
7.2582358119791639	0.9999716755992358
7.2616904163700147	1.0000517129733857
7.2651402278082182	0.9999641572374675
7.2686138237845546	1.0000406458704176
7.2721292179332870	0.9999666754240276
7.2757007641408089	1.0000307966770436
7.2793500261112731	0.9999752441593804
7.2831072941397661	1.0000177894834255
7.2870336355205261	0.9999864383528010
7.2912763259772770	1.0000502649914527
7.2981673190821628	0.9998618215863254
7.3026185768505156	0.9999902738655686
7.3064120294863315	0.9999316706603548
7.3099700692589860	1.0000258960688346
7.3134653314905469	0.9999507956439729
7.3169602750409020	1.0000319734585366
7.3204882766801020	0.9999623542804623
7.3240677686661222	1.0000278773740829
7.3277228077674055	0.9999738981740907
7.3314839656960364	1.0000168889567356
7.3354126613902855	0.9999859813396214
7.3396559643335477	1.0000501065659424
7.3465395962598929	0.9998604473203574
7.3509521902685391	0.9999920469865745
7.3546938662038581	0.9999276747111662
7.3581904300951999	1.0000300207227766
7.3616117638429373	0.9999447205696104
7.3650157054926826	1.0000388290673679
7.3684290789002569	0.9999531956104413
7.3718610203020338	1.0000390700505135
7.3753208145790552	0.9999591515626632
7.3788137150438269	1.0000355582808103
7.3823501895530397	0.9999655993763171
7.3859408538183144	1.0000287619649650
7.3896061527677785	0.9999750622953998
7.3933754184042746	1.0000171769929984
7.3973091218137226	0.9999862128256066
7.4015537715088602	1.0000504083664008
7.4084876773779982	0.9998701990826517
7.4132230530887133	0.9999788764383746
7.4174206436158618	0.9999578923196740
7.4215138293349554	1.0000015779267959
7.4258163601785645	0.9999408374860151
7.4327588568328276	1.0001332934748446
7.4373421909968025	1.0000120894251914
7.4412776652410288	1.0000580053320081
7.4449872557077441	0.9999809613412349
7.4486494821726303	1.0000361810562031
7.4523450966343745	0.9999797012678052
7.4561282840209069	1.0000195650638219
7.4600679985756253	0.9999874986350941
7.4643146818018149	1.0000511992834955
7.4712491755697563	0.9998704673073076
7.4759892642520969	0.9999789487298139
7.4801908238269990	0.9999580356767045
7.4842864268895566	1.0000016406084618
7.4885896194250510	0.9999407928097758
7.4955693273304460	1.0001263169491772
7.5004003055196637	1.0000221752649741
7.5047404376617237	1.0000371799858629
7.5091241962840360	0.9999557836860556
7.5161374231851728	1.0001392536142018
7.5208297548278216	1.0000184065734179
7.5248852585621364	1.0000526339458360
7.5287357720102825	0.9999897301599996
7.5325818199166807	1.0000248248916093
7.5365459624152260	0.9999901553835244
7.5408013078868841	1.0000529206444788
7.5476951325364103	0.9998622348699580
7.5521548735743425	0.9999911713301107
7.5559398195396783	0.9999301659393096
7.5594696453355272	1.0000291180954441
7.5629140959045973	0.9999458140797186
7.5663309915489920	1.0000389403122931
7.5697464063034188	0.9999526046450475
7.5731680434430357	1.0000407654562862
7.5766028864446415	0.9999564713012046
7.5800528552043280	1.0000396271669088
7.5835233802645403	0.9999598754597652
7.5870173524563231	1.0000367033895277
7.5905424182297789	0.9999641767783309
7.5941052813041470	1.0000317217711461
7.5977196955743738	0.9999708103498790
7.6014025561562351	1.0000231782837739
7.6051863204170189	0.9999819221005632
7.6091273840883993	1.0000126885934546
7.6133752825821395	0.9999481873320505
7.6202769183288339	1.0001339802823983
7.6248449599571497	1.0000123292440066
7.6287682023548244	1.0000593062850338
7.6324579187161348	0.9999793695857895
7.6360862452770544	1.0000392932030091
7.6397265275281541	0.9999754342941797
7.6434202673988771	1.0000256378569317
7.6472084502890345	0.9999833012604425
7.6511514191925984	1.0000134354519172
7.6553999084290627	0.9999485352057230
7.6623221965356096	1.0001303050027288
7.6670206514330790	1.0000178559543931
7.6711387034858847	1.0000462623022299
7.6750921588695444	0.9999943646571369
7.6790990311647436	1.0000198534396865
7.6833695203284798	0.9999510084466751
7.6902910033053713	1.0001351262648832
7.6948902258973524	1.0000139897403042
7.6988482670533314	1.0000575049586617
7.7025786275807118	0.9999819915903403
7.7062582108942577	1.0000356531382601
7.7099675120648543	0.9999801335082932
7.7137606825525316	1.0000194065058610
7.7177064217771472	0.9999874896692009
7.7219547439717102	1.0000514036434567
7.7288631272894852	0.9998658361305455
7.7334484842281732	0.9999858358464861
7.7374005202536793	0.9999416647276705
7.7411255958365377	1.0000172580065343
7.7448028872989259	0.9999632753136490
7.7485089957277129	1.0000189043273240
7.7523013636556932	0.9999795118782395
7.7562451724604093	1.0000114376850235
7.7604942325188677	0.9999475347722829
7.7673955160109420	1.0001340792007993
7.7719535954699195	1.0000119208642053
7.7758652129058827	1.0000598888868397
7.7795438773186163	0.9999789153305766
7.7831622581276880	1.0000397695375691
7.7867939089242277	0.9999751265381802
7.7904805299578532	1.0000258734520482
7.7942633429251904	0.9999832115070052
7.7982030190042950	1.0000134306869528
7.8024506213097560	0.9999486458134722
7.8093255505000263	1.0001393374888823
7.8137265586885354	1.0000057105708502
7.8174395980049489	1.0000738857157880
7.8208970154188862	0.9999657014149187
7.8242656049156745	1.0000587423976324
7.8276056752639276	0.9999549434328169
7.8309394888075685	1.0000521932435398
7.8342774144893816	0.9999524525367172
7.8376226813959571	1.0000486972875802
7.8409795937232216	0.9999529087338634
7.8443491543269728	1.0000459636231125
7.8477355378417046	0.9999548254748912
7.8511402531732184	1.0000429533421265
7.8545686437116178	0.9999579339817430
7.8580239424667315	1.0000389840662016
7.8615140702569803	0.9999625783471081
7.8650461329342107	1.0000331814354124
7.8686342241374483	0.9999698203159960
7.8722956823943990	1.0000238557151810
7.8760634794615481	0.9999816386031978
7.8799948057033529	1.0000126676889687
7.8842400769884398	0.9999485142424347
7.8911140906422510	1.0001396002840570
7.8954987883591663	1.0000053780935010
7.8992000246713401	1.0000743008272195
7.9026521819737860	0.9999658849626797
7.9060215613127447	1.0000583439404496
7.9093679727646116	0.9999557977187580
7.9127134527182257	1.0000510256215254
7.9160683371053668	0.9999540006177027
7.9194360296054125	1.0000467778448388
7.9228211992051971	0.9999552320366637
7.9262255082681703	1.0000431830306593
7.9296541390973569	0.9999581334199198
7.9331101829918396	1.0000390005676034
7.9366013692934638	0.9999627029504349
7.9401346503416761	1.0000331406821670
7.9437239686689916	0.9999698946901063
7.9473865382951514	1.0000238268224595
7.9511552176923228	0.9999816624427682
7.9550870968248431	1.0000126727758272
7.9593325135286230	0.9999484979817539
7.9662020942757685	1.0001404035133721
7.9705628596730014	1.0000042917163194
7.9742344699335508	1.0000765947087664
7.9776538906282752	0.9999636842296291
7.9809865706606704	1.0000614552830567
7.9842909846112757	0.9999525510348061
7.9875877424786097	1.0000551118990400
7.9908857609678687	0.9999494607661635
7.9941867955637083	1.0000522327356287
7.9974936257020302	0.9999489757843896
8.0008054952809680	1.0000505920000959
8.0041245723464058	0.9999494691657997
8.0074498719136979	1.0000492923384849
8.0107836820677214	0.9999504346529211
8.0141251919744363	1.0000479594195293
8.0174769728782742	0.9999517520004760
8.0208385658551880	1.0000463921536145
8.0242129858912996	0.9999534629321751
8.0276003531271023	1.0000444141405718
8.0310044136655705	0.9999557172167037
8.0344262794063930	1.0000417876064138
8.0378710071568040	0.9999588013805381
8.0413415587567041	1.0000381103142948
8.0448456286884831	0.9999632605882124
8.0483900951098413	1.0000325976981990
8.0519888543060141	0.9999702370871931
8.0556590242330319	1.0000235802510409
8.0594333348537415	0.9999817575901162
8.0633686350330969	1.0000126766978772
8.0676149757226483	0.9999483806527095
8.0744954653315979	1.0001382050195458
8.0789248505895603	1.0000069181350173
8.0826738008936214	1.0000712301126766
8.0861695896557979	0.9999679862673615
8.0895781180232333	1.0000557222805879
8.0929594622385448	0.9999576533018454
8.0963356425540418	1.0000491477117728
8.0997166022487441	0.9999552909413786
8.1031051141380956	1.0000457732976606
8.1065049459233816	0.9999556572231774
8.1099166106404201	1.0000432887597206
8.1133437585021930	0.9999573079857889
8.1167874438012699	1.0000406498772589
8.1202525369704883	0.9999600066833576
8.1237418464782465	1.0000371628443512
8.1272628904485309	0.9999641241475651
8.1308223618916511	1.0000319390749650
8.1344339701498196	0.9999707478882991
8.1381146111332860	1.0000232653371208
8.1418967457796239	0.9999819047278895
8.1458368234368468	1.0000126914494085
8.1500844531315604	0.9999482223854406
8.1569744509232720	1.0001362064431660
8.1614693690389490	1.0000092890234653
8.1652941947360826	1.0000662243146263
8.1688664693572459	0.9999720926776771
8.1723523045351403	1.0000501862367122
8.1758135858906567	0.9999627234656780
8.1792742368165765	1.0000431067180378
8.1827461782389204	0.9999614451603761
8.1862345191366224	1.0000386890805082
8.1897460653331340	0.9999634364926506
8.1932855305657704	1.0000342106939708
8.1968627375601013	0.9999679199571934
8.2004880147112527	1.0000277266954047
8.2041813321514105	0.9999760754737126
8.2079714491930833	1.0000168914806893
8.2119178671453668	0.9999862328120426
8.2161659539181322	1.0000508681609899
8.2230725885314673	0.9998656931635587
8.2276615847052579	0.9999859704412063
8.2316110772243949	0.9999409558866987
8.2353232814215325	1.0000187172613062
8.2389730310869282	0.9999606236077289
8.2426300551146578	1.0000229088054824
8.2463390066437068	0.9999737628294323
8.2501370801660183	1.0000154536122952
8.2540875664738245	0.9999854785038166
8.2583368329970099	1.0000505851072909
8.2652373216777129	0.9998644198435561
8.2697907579110144	0.9999876083991208
8.2736859428081662	0.9999368910462514
8.2773262454691547	1.0000234795039367
8.2808809519177586	0.9999531622842703
8.2844100667802181	1.0000322615029886
8.2879424242809527	0.9999604217729866
8.2914886769305198	1.0000328490962229
8.2950596721077616	0.9999655505936527
8.2986626855749979	1.0000295511716935
8.3023115135457690	0.9999718627754662
8.3060225026746757	1.0000221959603046
8.3098274010794739	0.9999822180567940
8.3137814227599200	1.0000126755197429
8.3180328337252742	0.9999477260849750
8.3249372561797248	1.0001328538702721
8.3295505065997375	1.0000132273686249
8.3335182001937582	1.0000573759589431
8.3372412736325767	0.9999798205369953
8.3408881246645912	1.0000392571513559
8.3445281226823447	0.9999737901683532
8.3481959089873534	1.0000288068225156
8.3519196405202507	0.9999781505360298
8.3557312899768714	1.0000172488671419
8.3596905221719702	0.9999865760943599
8.3639421580066973	1.0000514834350593
8.3708825642189471	0.9998726657704797
8.3757235412661419	0.9999762060865947
8.3800802731390629	0.9999617154198585
8.3844667036423832	1.0000438192117802
8.3914727653725301	0.9998594960318236
8.3961636452345232	0.9999821225061625
8.4001877997749634	0.9999423688617937
8.4039566936308425	1.0000163877026267
8.4076518545052625	0.9999622055715951
8.4113458028373671	1.0000215971005493
8.4150842215517017	0.9999745935872898
8.4189041549080077	1.0000150874560356
8.4228680124672568	0.9999854540192394
8.4271209199033965	1.0000510450080098
8.4340530406120706	0.9998709889144823
8.4388423537798332	0.9999784841397672
8.4430886041629662	0.9999590071947424
8.4472122054100343	1.0000019988083579
8.4515230460138469	0.9999400564753044
8.4584648466927597	1.0001322893301929
8.4631031222036235	1.0000123115887778
8.4670746391480876	1.0000579017669240
8.4707831261086142	0.9999776934366393
8.4743956455320202	1.0000425129419626
8.4779765908751408	0.9999686763112315
8.4815515280334814	1.0000364357967710
8.4851335760142259	0.9999672097892416
8.4887286760398624	1.0000327579146826
8.4923448106832318	0.9999689392972042
8.4959883489903198	1.0000286136420955
8.4996721554919397	0.9999735570806354
8.5034119440071425	1.0000216051433988
8.5072385573159401	0.9999827225375393
8.5112059777482951	1.0000127832091263
8.5154610354331304	0.9999473148998699
8.5223745370600348	1.0001305596360690
8.5270765454827853	1.0000160823402875
8.5311604540787300	1.0000504767784315
8.5350194355356077	0.9999868390353579
8.5388313484985865	1.0000284155039405
8.5426872769049638	0.9999864952131782
8.5466667058056558	1.0000148781366485
8.5509257539179728	0.9999482062627140
8.5578503972446693	1.0001293922321242
8.5626130394865019	1.0000187511308005
8.5667938459098032	1.0000442951440263
8.5707953267630934	0.9999946605679293
8.5748314011489857	1.0000196924438354
8.5791099479278330	0.9999499410691407
8.5860548665554361	1.0001295301277719
8.5908690356724939	1.0000210985093121
8.5951305741853368	1.0000399893241891
8.5992645236553109	0.9999970029441757
8.6035769633173107	1.0000592483100712
8.6105590614245600	0.9998743158720012
8.6154811798681337	0.9999765646724100
8.6200643655283109	0.9999184662429939
8.6272096199446509	1.0001308598682199
8.6320871495867593	1.0000171749781841
8.6363149417552521	1.0000434286221622
8.6403354719746996	0.9999941590032505
8.6443790335216377	1.0000194830475717
8.6486601630473796	0.9999497222382799
8.6556136946467142	1.0001281609118573
8.6604829402735106	1.0000233122148676
8.6648544499401972	1.0000375205378373
8.6692464821656365	0.9999547947200434
8.6762455247107475	1.0001402513964686
8.6809260610307941	1.0000155707201153
8.6849151283479085	1.0000597090971790
8.6886253985808555	0.9999779478304301
8.6922284380867065	1.0000442285769799
8.6957896753010253	0.9999672195719296
8.6993342926946102	1.0000390865848190
8.7028739226703085	0.9999640892423568
8.7064121569485007	1.0000370708985598
8.7099533282224790	0.9999635267189824
8.7134983641608788	1.0000357666381043
8.7170514913364006	0.9999642371635420
8.7206144210041963	1.0000341084426145
8.7241930854444760	0.9999661434405911
8.7277916937578919	1.0000312906769588
8.7314200358339438	0.9999698679520193
8.7350882677102533	1.0000260956671341
8.7388161747620501	0.9999770223251812
8.7426319619361337	1.0000164304550776
8.7465940766563914	0.9999861872766120
8.7508464398624337	1.0000514018681963
8.7577525239608978	0.9998663300842764
8.7623733572043836	0.9999856246467193
8.7663491418372903	0.9999417667636411
8.7700750304959563	1.0000191574882171
8.7737236569112511	0.9999596145329336
8.7773618436423178	1.0000252751378620
8.7810283980360726	0.9999699900810323
8.7847488010997949	1.0000208723974824
8.7885590922997281	0.9999816232447645
8.7925159076943018	1.0000123388527109
8.7967681746204516	0.9999474718448041
8.8036899823898018	1.0001294763520245
8.8084203177131535	1.0000181419224454
8.8125693254054021	1.0000451946208337
8.8165462009484621	0.9999944585115558
8.8205672007976030	1.0000197448248564
8.8248415932802438	0.9999504756225469
8.8317577608357780	1.0001355273495260
8.8363515642322987	1.0000128708106679
8.8402842407970290	1.0000601735696495
8.8439646430013674	0.9999777260644723
8.8475627918552870	1.0000425911582838
8.8511469932823665	0.9999705386750879
8.8547490575068011	1.0000330909621420
8.8583915373669235	0.9999731903647791
8.8620953017878854	1.0000234385355029
8.8658938676947532	0.9999826180869025
8.8698438200767793	1.0000129501220392
8.8740941425709590	0.9999480144090014
8.8810159523469583	1.0001298612118652
8.8857319603364022	1.0000180221041277
8.8898669836184521	1.0000456769253023
8.8938332209075455	0.9999944163125796
8.8978477815040318	1.0000197932383108
8.9021203947571088	0.9999507177384609
8.9090756811989280	1.0001284808028521
8.9139144073869705	1.0000234401650636
8.9182638215401102	1.0000376981529060
8.9226498166705230	0.9999556318452217
8.9296453661904902	1.0001418379414859
8.9342581757297150	1.0000144272984295
8.9381822136314106	1.0000624477110398
8.9418463361744323	0.9999775407860788
8.9454274891177796	1.0000439172312130
8.9489959943793362	0.9999700963197531
8.9525843577201005	1.0000338333494183
8.9562152961679384	0.9999728685319862
8.9599098025936019	1.0000237672090206
8.9637015112793925	0.9999825347088708
8.9676472886805136	1.0000129615250071
8.9718964729243300	0.9999481681341923
8.9788118464873179	1.0001312646803813
8.9834762893814499	1.0000161176811435
8.9875352461266171	1.0000503772175802
8.9913972637007795	0.9999893152741514
8.9952542405208415	1.0000240864169367
8.9992256418572438	0.9999898608814192
9.0034828660020700	1.0000530392483071
9.0104133225019591	0.9998694586036795
9.0151196282807273	0.9999812956679924
9.0192464901828249	0.9999530724384734
9.0232045141688815	1.0000046208198841
9.0272155554564204	0.9999791325065828
9.0314859494113389	1.0000480143994439
9.0384207363888631	0.9998659750705285
9.0430882890988826	0.9999821677639575
9.0471480600416196	0.9999480776081410
9.0510075765412488	1.0000094637785200
9.0548638853140844	0.9999746879448946
9.0588332853475162	1.0000089995494803
9.0630912641065926	0.9999458894841607
9.0699662612560825	1.0001395763748802
9.0743473347646599	1.0000041532326625
9.0780294520356541	1.0000762661707110
9.0814498939744155	0.9999630135493726
9.0847765912095113	1.0000621442721520
9.0880702385975081	0.9999514744513203
9.0913533175750239	1.0000561771475482
9.0946365252001424	0.9999483990716417
9.0979233306875926	1.0000531005754809
9.1012182592860871	0.9999483985265408
9.1045223204737784	1.0000507368802320
9.1078395502989533	0.9999498835442656
9.1111709582075573	1.0000481700598531
9.1145210650750439	0.9999524203861407
9.1178916376257888	1.0000449221034049
9.1212883550707478	0.9999560603046960
9.1247146926597544	1.0000405330330520
9.1281788387733354	0.9999612405058020
9.1316881291550285	1.0000342211305722
9.1352568827749412	0.9999690415627683
9.1389027073030764	1.0000243414466947
9.1426589050153222	0.9999814191728511
9.1465831873343610	1.0000126488930492
9.1508265643788018	0.9999487494828043
9.1577477187546368	1.0001310780803738
9.1624027996118631	1.0000171976057126
9.1664791112062325	1.0000476607331668
9.1704011719585274	0.9999941653853173
9.1743892064286463	1.0000199756070387
9.1786545313262238	0.9999517045123661
9.1856227170545015	1.0001271621147867
9.1904999154044518	1.0000245066921276
9.1950690671989612	1.0000803077558778
9.2021477089890471	0.9998557446856804
9.2065558243083228	0.9999972406115383
9.2102058008379437	0.9999195380457090
9.2135862180963830	1.0000379063833325
9.2168827756621745	0.9999351511522385
9.2201558335761895	1.0000479351046181
9.2234308443567166	0.9999427575747202
9.2267141729028168	1.0000497447318724
9.2300114309289043	0.9999470491415557
9.2333227120171042	1.0000487974870964
9.2366513315825483	0.9999502579837779
9.2399971997114232	1.0000466293011574
9.2433639609368150	0.9999534215052748
9.2467524733977200	1.0000435734804625
9.2501676421441079	0.9999571652396113
9.2536122245790509	1.0000394188051944
9.2570937752576548	0.9999621674447553
9.2606190577237175	1.0000334366051091
9.2642018881988601	0.9999696276267379
9.2678593891705638	1.0000239657697647
9.2716243943074375	0.9999815923188380
9.2755540635588147	1.0000126670836862
9.2797988803019660	0.9999485738413914
9.2866845304318986	1.0001374963423377
9.2911328916587355	1.0000080652716177
9.2949119366387425	1.0000687062698237
9.2984471282302756	0.9999708906642277
9.3019053074885676	1.0000515116894464
9.3053484987144603	0.9999624742829516
9.3088014123606921	1.0000428926625693
9.3122774996449138	0.9999626955680542
9.3157843991345768	1.0000364714960397
9.3193328321357338	0.9999670423417787
9.3229337118598199	1.0000288754246971
9.3266072810574538	0.9999756070469236
9.3303827405972903	1.0000172225821626
9.3343202134058849	0.9999862906186312
9.3385658824747981	1.0000505821994441
9.3454703200388458	0.9998648617463491
9.3500259064386668	0.9999867608111633
9.3539406067493545	0.9999392124911428
9.3576224007723230	1.0000196974037270
9.3612465426484910	0.9999594148124245
9.3648824604622742	1.0000235492681373
9.3685746289470249	0.9999732029981341
9.3723603378586304	1.0000156259573727
9.3763033099451452	0.9999854718259965
9.3805505334854136	1.0000503171807218
9.3874459382898294	0.9998631098542231
9.3919522900460688	0.9999891050018127
9.3957931392835992	0.9999335485579403
9.3993783971496150	1.0000262574862617
9.4028763249282576	0.9999492530851928
9.4063444434611103	1.0000360927125951
9.4098084702594651	0.9999555510839945
9.4132753410304275	1.0000383399189952
9.4167509394654250	0.9999586323547910
9.4202357125552876	1.0000380647218197
9.4237332210683391	0.9999608300974119
9.4272439035138458	1.0000366046161131
9.4307721424224535	0.9999632192997735
9.4343200580080495	1.0000340646683779
9.4378945739586761	0.9999666229287832
9.4415016692133875	1.0000298235051690
9.4451543679812406	0.9999722879899144
9.4488687292921263	1.0000222423111824
9.4526762274626570	0.9999823486881531
9.4566318744837741	1.0000127253534692
9.4608837206456400	0.9999476953500486
9.4677814016154951	1.0001340513243875
9.4723557669352765	1.0000114692910738
9.4762654094579659	1.0000615411928426
9.4799133370073232	0.9999749897921753
9.4834635000233387	1.0000466795206253
9.4869772907123764	0.9999646968656164
9.4904775204684473	1.0000415121989208
9.4939742281078274	0.9999616350725427
9.4974696511876147	1.0000396040989001
9.5009666703931650	0.9999608059572034
9.5044645512232151	1.0000387718880135
9.5079654041423147	0.9999607724366592
9.5114682808296376	1.0000381938084926
9.5149755336693538	0.9999611483649636
9.5184865801054848	1.0000375050764372
9.5220043445213776	0.9999619151331760
9.5255289668018790	1.0000364473842616
9.5290643581009391	0.9999632442402118
9.5326119609817326	1.0000346993891616
9.5361775181615425	0.9999655129956923
9.5397650515640517	1.0000317067077469
9.5433841837168032	0.9999694920347882
9.5470449281915037	1.0000263289891376
9.5507669654285703	0.9999768506253369
9.5545784723178713	1.0000164894306331
9.5585379891172355	0.9999861846484226
9.5627896370629220	1.0000513059972465
9.5697368559010592	0.9998739388451675
9.5746318772442560	0.9999757515086087
9.5792068791777147	0.9999186585844561
9.5858163546594337	1.0002214956905198
9.5910623778701520	0.9999147584980664
9.5961016022071544	1.0002835079045507
9.5996903152961472	0.9999380414760578
9.6029853144934023	1.0000253015019049
9.6065012101831417	0.9999217978503213
9.6102781876396381	0.9999518042174992
9.6143197148345525	0.9998998565539641
9.6185640957560796	0.9998557179598943
9.6228675786055451	0.9997890355282466
9.6288957894086415	1.0002275166039358
9.6394180496514004	0.9998515160366985
9.6429724606428060	1.0001128472933380
9.6467131437944555	0.9999557222831216
9.6502248192692921	1.0000155231132299
9.6540098797764085	0.9999791756481846
9.6582283047968325	1.0000347059348238
9.6649307629426140	0.9997590468238716
9.6684727702784095	0.9999406291544898
9.6718182629542273	0.9998612898585035
9.6754500541641537	0.9999318929367993
9.6796361092458518	0.9999033121701698
9.6870926361527019	1.0000524209759556
9.6918199290008875	1.0000192404090695
9.6978011237073503	1.0002354820545740
9.7173655390146756	0.9995007390820602
9.7217590776063929	0.9998377136001587
9.7250383764424253	0.9997620778554855
9.7282628687309494	0.9999323475727550
9.7315793900574388	0.9998698295086783
9.7349852117074960	0.9999778062124438
9.7384708386881869	0.9999192189519612
9.7420195568664241	0.9999975832874169
9.7456287638405357	0.9999430092351008
9.7492963953873044	1.0000027465593819
9.7530340591515632	0.9999581524248474
9.7568621252102297	0.9999988066371948
9.7608333634589464	0.9999706313922038
9.7650879154906836	1.0000377351057275
9.7720240700946963	0.9998608042245261
9.7768420033404713	0.9999685903032723
9.7811180521626948	0.9999513312963361
9.7852616621327666	0.9999948558236020
9.7895778024415474	0.9999329234138076
9.7964985612484465	1.0001293051413760
9.8011220560130337	1.0000089935185332
9.8050941141274102	1.0000520204776586
9.8088618132031442	0.9999837037829350
9.8126395510385329	1.0000237943500117
9.8165607464706941	0.9999882388069892
9.8208049799946675	1.0000497478664634
9.8277363776445270	0.9998654819732385
9.8323208963785369	0.9999798122002588
9.8363798028241636	0.9999532191227742
9.8403870301852940	0.9999994495208375
9.8446668578818741	0.9999421339992957
9.8516777531556983	1.0001231431036415
9.8566818463574091	0.9999734359349420
9.8640211207208406	1.0001913486701748
9.8681175374193497	1.0000051060333239
9.8714671759253108	1.0001068250638454
9.8746646112885212	0.9999648142034494
9.8778951324173399	1.0000652144362416
9.8812205106803574	0.9999663491371009
9.8846734012289907	1.0000359300379804
9.8882898220650208	0.9999810934829101
9.8921312604184255	1.0000137432423282
9.8963526211172805	0.9999520766264663
9.9032853518469217	1.0001328337729556
9.9078323560097754	1.0000181741271947
9.9118676029863106	1.0000452125347339
9.9158649922621009	0.9999986828802320
9.9201404322614319	1.0000555658584533
9.9270700784406074	0.9998592481852395
9.9313965531695665	0.9999909412203245
9.9351340126197396	0.9999340724195614
9.9387446596633140	1.0000143147178546
9.9424262313952116	0.9999699661814722
9.9462933900457333	1.0000078166174262
9.9505238472646873	0.9999487002459326
9.9574809968776847	1.0001282058284611
9.9621634936087062	1.0000226571605779
9.9664052360829256	1.0000381883788594
9.9707622786204215	0.9999594793688953
9.9777165601418680	1.0001538626063471
9.9819168862797980	1.0000056294953534
9.9854958455136593	1.0000787184282334
9.9889416278549401	0.9999768216252429
9.9924365612730472	1.0000416943732864
9.9960664471753393	0.9999844038689589
9.9999121399438717	1.0000157915953336
