0.0000000000000000	0.0000000000000000
4.0092341082701850	0.0010000000000000
4.0152342640437082	0.0009217112227918
4.0194926125612707	0.0010772299955356
4.0236475884894656	0.0011615324649135
4.0279110575377635	0.0012936676910290
4.0325382156187279	0.0014290003872740
4.0409155007436004	0.0021030065018041
4.0614746891696552	0.0033226368866347
4.0659364099606696	0.0041567017098429
4.0699726946853101	0.0047882366256315
4.0741264580215262	0.0056091551839880
4.0785826514872729	0.0065129834567302
4.0831694780758498	0.0076247580212798
4.0905767676074705	0.0097548060203278
4.0989820985025851	0.0131710845714569
4.1024720005927691	0.0145366612284950
4.1064647488636554	0.0166431185061343
4.1108253318755299	0.0191463132079202
4.1149203399143426	0.0219146283008007
4.1190574181118471	0.0250815080931750
4.1233087516372846	0.0288218620170117
4.1277577409820703	0.0333191412163233
4.1324217468106230	0.0388383108064397
4.1393758825875011	0.0481661933253487
4.1445100420796752	0.0568317309309610
4.1487292163406542	0.0648524013054648
4.1526861766364584	0.0734369938119386
4.1567577977161267	0.0832628411089281
4.1608591450102752	0.0944346944142166
4.1651406727990299	0.1074837550711060
4.1694375887803465	0.1222073160631695
4.1738969010195026	0.1393019037414486
4.1783572061515395	0.1584181233469439
4.1829461505381014	0.1802987190996132
4.1875461716631870	0.2045997278962808
4.1922156555103625	0.2317553782176910
4.1969682413821783	0.2619417044593447
4.2018009118826543	0.2951563964533192
4.2091815562736832	0.3511967172158027
4.2138184751746657	0.3886169333108475
4.2177218139709414	0.4215395710708817
4.2213505295879337	0.4527566033373424
4.2253214839450193	0.4876124428261912
4.2292526999937543	0.5223080537961027
4.2336681619769001	0.5612305478379184
4.2380703535194462	0.5994080633759857
4.2428976288350455	0.6400582281807812
4.2475424656390590	0.6776298939854831
4.2615627479748150	0.7773456650100516
4.2726413123599141	0.8403795393255201
4.2840534178065104	0.8890090526316904
4.2879623877096016	0.9023897647357791
4.2916000586010119	0.9136848081309090
4.2952820747491343	0.9237914911938435
4.2989332763316677	0.9328542783846078
4.3026709610015361	0.9409924833114708
4.3063818037455084	0.9482551414294995
4.3101747062618507	0.9547133961180500
4.3139622422328747	0.9604787230272332
4.3178683517547336	0.9656158707894680
4.3218612358178259	0.9702555059699338
4.3261790446562545	0.9744941739617997
4.3327745524223102	0.9800891636540749
4.3598623820800224	0.9927581036814512
4.3649971857105223	0.9939296126801664
4.3722903325810334	0.9955888383442697
4.3796640244690002	0.9962692369136836
4.3853033414603981	0.9972173997028183
4.3932862295169244	0.9977446969041219
4.3974192830060082	0.9982317798383683
4.4009840100533442	0.9983881937031251
4.4045625707716765	0.9986444107765271
4.4083213728190707	0.9987622506816846
4.4122578796989504	0.9989027119876769
4.4165052789601047	0.9989051490005175
4.4216653512273663	0.9994040308240932
4.4331068571171555	0.9991552724664744
4.4379652458252314	0.9995455289536890
4.4413090955016266	0.9995010021747267
4.4445592533241642	0.9996920397157626
4.4480001110052596	0.9996838689034049
4.4517298660657874	0.9997784019507439
4.4559285772430428	0.9997708290014090
4.4629944256790424	0.9999919254661315
4.4674478129976256	0.9999013805537278
4.4713468654691662	0.9999625933897111
4.4750252346066732	0.9998914221967933
4.4786056386930353	0.9999679331166218
4.4821556638475872	0.9998981909520187
4.4857389001590988	0.9999643390398890
4.4894257792067842	0.9999168244497569
4.4933032670167421	0.9999491858288120
4.4975350761153221	0.9998826355434374
4.5040827529715504	1.0001192503164751
4.5079747611706509	0.9999479992003362
4.5112383901240536	1.0000643187819334
4.5144053866993401	0.9999270508957154
4.5176453784066588	1.0000273736039469
4.5210222137150726	0.9999425726306486
4.5245813159922115	0.9999996553955461
4.5283894555899851	0.9999651672276454
4.5326016616988518	1.0000262872800221
4.5395757319619650	0.9998538166545715
4.5439905682681321	0.9999782645046139
4.5478669715073172	0.9999392571199458
4.5516099856457517	1.0000104818104680
4.5553738583351908	0.9999708546959907
4.5592149707959937	1.0000129956651316
4.5631950093293332	0.9999865807346816
4.5674503347220616	1.0000587692131571
4.5741674770151040	0.9998629650249206
4.5787648110519541	0.9999962081645771
4.5826340859135781	0.9999408564819330
4.5862149639445589	1.0000367811277950
4.5897057961294543	0.9999611892945128
4.5931952471205904	1.0000431749524457
4.5967477268415733	0.9999809487803518
4.6004201670767788	1.0000323904046799
4.6042922557865626	1.0000004191835925
4.6085212342685056	1.0000623645515614
4.6153800162825434	0.9998638818733767
4.6194456135359738	1.0000117526352887
4.6229685776104699	0.9999345888641673
4.6264254928719621	1.0000283954903186
4.6300045307075157	0.9999757332043994
4.6338137517657465	1.0000145819242456
4.6380292031674619	0.9999561118032360
4.6449948816798416	1.0001325154832348
4.6496030803422723	1.0000246179492636
4.6537965375212975	1.0000398785350044
4.6581407330858289	0.9999618533961698
4.6651679605297707	1.0001423647871737
4.6696720434248213	1.0000176100826070
4.6736036117722888	1.0000542814298892
4.6774237844855167	0.9999942086502274
4.6813533142666452	1.0000205525211194
4.6856023882003468	0.9999537787482276
4.6925182442063305	1.0001390552020619
4.6969372902070745	1.0000093758376187
4.7007156910905250	1.0000673912892923
4.7042788827996205	0.9999743780752571
4.7077887595472383	1.0000468775374047
4.7113053416928956	0.9999683125918227
4.7148550233125048	1.0000353309271137
4.7184568622759233	0.9999719531073650
4.7221297912020130	1.0000243632186432
4.7259063302550306	0.9999822911151131
4.7298431090832560	1.0000129431715274
4.7340898047406093	0.9999484722716380
4.7410305323217878	1.0001268707531705
4.7458453777471563	1.0000228842158914
4.7501805853458476	1.0000374675244861
4.7545625197678030	0.9999559398706764
4.7615546418127526	1.0001427300932719
4.7661286190062571	1.0000135468325437
4.7700131122454987	1.0000645234751699
4.7736431063926785	0.9999763714757433
4.7771955056003224	1.0000454556630949
4.7807398097158691	0.9999691884830536
4.7843079405276256	1.0000347701180869
4.7879222440401534	0.9999723267469656
4.7916035841040943	1.0000241900035185
4.7953856273049569	0.9999823901200787
4.7993255471883973	1.0000129619146922
4.8035731357459053	0.9999483734124608
4.8105217022228759	1.0001252799939402
4.8154041860074512	1.0000236197403454
4.8199741797165965	1.0000802678783580
4.8271371470461455	0.9998714528074150
4.8321197410607626	0.9999770706055134
4.8367237003099826	0.9999185041348088
4.8438571839028706	1.0001379356096982
4.8485033551845422	1.0000097578423766
4.8524089512290143	1.0000629509398267
4.8560378557604098	0.9999743218491774
4.8595772989091888	1.0000461930274991
4.8630996143089336	0.9999669726587945
4.8666357629653296	1.0000371683981271
4.8702048508257505	0.9999687745368452
4.8738213919385993	1.0000289031024061
4.8775068212640065	0.9999762704025511
4.8812908265765849	1.0000172672037655
4.8852334214424733	0.9999863926518751
4.8894804928001827	1.0000508243910975
4.8964233924277210	0.9998723645031417
4.9012416481194014	0.9999761228552982
4.9055817823123506	0.9999615729220613
4.9099637170098953	1.0000431738743638
4.9169847391218227	0.9998614383030019
4.9217339781623126	0.9999785157762240
4.9258750673596960	0.9999514790519353
4.9298366796959820	1.0000039095579065
4.9338482853953218	0.9999787129617365
4.9381190153946051	1.0000477641399608
4.9450270298475481	0.9998606569981259
4.9495198549791350	0.9999893068076655
4.9533351631159057	0.9999312548737522
4.9568905572351323	1.0000277481689730
4.9603568421336544	0.9999469668307842
4.9637926780399306	1.0000379114673270
4.9672247256792721	0.9999535330953840
4.9706610213970253	1.0000399839280947
4.9741087724423219	0.9999571723844115
4.9775700624562127	1.0000390484021533
4.9810504599454495	0.9999603793871878
4.9845529649941334	1.0000362988304028
4.9880853269806531	0.9999645122673556
4.9916543283279289	1.0000314700731894
4.9952737883906835	0.9999709978690925
4.9989606337517731	1.0000230654996309
5.0027473147961743	0.9999819755618441
5.0066901440287284	1.0000126951628934
5.0109385236534090	0.9999481300591994
5.0178863147023609	1.0001252222957691
5.0227712332188315	1.0000235505817527
5.0273418606542437	1.0000803239929554
5.0344677831540547	0.9998651334165242
5.0392064383941255	0.9999856142774111
5.0432542764681436	0.9999458250187693
5.0470576444121003	1.0000143087358151
5.0508186494562262	0.9999688206333992
5.0546327472971955	1.0000130820117623
5.0585874797657358	0.9999840577420893
5.0628386067438500	1.0000497835343538
5.0697324829038921	0.9998620862315898
5.0742187767055471	0.9999898029768226
5.0780337850997865	0.9999318292746547
5.0815931043216631	1.0000274295503302
5.0850674755501606	0.9999479276509965
5.0885165295385510	1.0000367257054317
5.0919684737420399	0.9999553999463812
5.0954334013551730	1.0000375176739003
5.0989212637037520	0.9999605961916436
5.1024378329686613	1.0000345230863541
5.1059939916916681	0.9999664603771604
5.1096006609396776	1.0000281929847636
5.1132784930132713	0.9999754441197781
5.1170568624882549	1.0000170268696413
5.1209960542228679	0.9999862084684206
5.1252421958722119	1.0000506016837960
5.1321330523842450	0.9998623743526296
5.1366102557350315	0.9999900082906183
5.1404209367142553	0.9999320170095271
5.1439823976884460	1.0000268408908533
5.1474661629799998	0.9999490803827705
5.1509330206402799	1.0000349766302750
5.1544129905971374	0.9999579536270287
5.1579187786477858	1.0000340557281955
5.1614643053214921	0.9999653151445775
5.1650614736297378	1.0000282104632492
5.1687315032737127	0.9999749976817738
5.1725040209986375	1.0000170186621278
5.1764396453350834	0.9999861522778001
5.1806848217855812	1.0000504440189646
5.1876379053178461	0.9998738830301889
5.1925135709859722	0.9999753976339694
5.1970835069303352	0.9999192243505537
5.2042141238693187	1.0001343668360438
5.2089205980112725	1.0000127983181111
5.2129347326772457	1.0000545042412277
5.2167123009323868	0.9999840279302614
5.2204517127772032	1.0000308611980540
5.2242516994435695	0.9999857123539687
5.2281965128762558	1.0000149150343773
5.2324461825197490	0.9999494398004422
5.2393898018100407	1.0001274276921654
5.2442007770765517	1.0000230680215225
5.2485325295168641	1.0000375919850184
5.2529135846342863	0.9999561294135128
5.2599018150214256	1.0001436896571405
5.2644427366948907	1.0000126110601055
5.2682909113380179	1.0000666229517334
5.2718874070456616	0.9999750150762200
5.2754098513868772	1.0000471694636719
5.2789276187085470	0.9999680564603233
5.2824725989445058	1.0000358927601027
5.2860672203955037	0.9999716198807869
5.2897325952589078	1.0000247145769061
5.2935027388994342	0.9999821932294514
5.2974354060430926	1.0000129561770739
5.3016810371395282	0.9999486238473525
5.3085951800311033	1.0001320944004246
5.3132229590366773	1.0000154896764182
5.3172452363650597	1.0000518644995258
5.3210774798377694	0.9999888170132835
5.3249127842275614	1.0000246189718405
5.3288711661668060	0.9999899981550312
5.3331248416413057	1.0000526643403311
5.3400551750409262	0.9998688879749495
5.3447320391162725	0.9999816830739549
5.3488305837892618	0.9999521249133365
5.3527673378139564	1.0000047374429326
5.3567655988333005	0.9999790418053468
5.3610324813994037	1.0000475311812977
5.3679662037243165	0.9998652146584515
5.3726001590968213	0.9999827206003117
5.3766264960164136	0.9999467200059173
5.3804590058658270	1.0000099060783649
5.3842957016924409	0.9999742020810736
5.3882533458043342	1.0000088708882895
5.3925081143742757	0.9999462202656780
5.3994626526192366	1.0001251394926043
5.4044627699836632	0.9999729682570934
5.4119164502997208	1.0001681518226075
5.4168016928880647	1.0000250460794315
5.4208839478030937	1.0000606299492742
5.4246853751395374	0.9999873581983655
5.4284328847477248	1.0000327567949443
5.4322350452491683	0.9999866749997718
5.4361803256696950	1.0000154559435910
5.4404302141591536	0.9999497371666028
5.4473415004652317	1.0001337654311182
5.4519331843171344	1.0000141114345762
5.4559002850833860	1.0000557933991341
5.4596581759858100	0.9999844630510070
5.4633889225454553	1.0000312551634187
5.4671848516818971	0.9999858648611898
5.4711278248888746	1.0000149942444156
5.4753769030995683	0.9999495204880123
5.4823102129914574	1.0001293753799749
5.4870492773704331	1.0000202382138166
5.4912464600204469	1.0000411737703496
5.4953407804078109	0.9999974243568265
5.4996423131873966	1.0000581657990157
5.5066326089894861	0.9998743457631224
5.5115249315094674	0.9999760494731169
5.5161002694120729	0.9999193367247129
5.5232400900485796	1.0001336388450839
5.5279858124543599	1.0000143959501899
5.5320562430803699	1.0000508398737280
5.5359085410388049	0.9999884379220054
5.5397525297377266	1.0000243351855562
5.5437146635912349	0.9999898506652126
5.5479695529167063	1.0000526793800717
5.5548928883353241	0.9998675134784797
5.5595254944269010	0.9999836450312966
5.5635535898972588	0.9999473955727434
5.5673884436530905	1.0000101440798443
5.5712270948012792	0.9999744235014600
5.5751859904374763	1.0000089794013332
5.5794410844983799	0.9999462388902278
5.5863690995563768	1.0001300977836247
5.5910516997820743	1.0000172947223540
5.5951529398145725	1.0000466966852746
5.5990933818879096	0.9999942035830403
5.6030923426544579	1.0000198665128059
5.6073606706045256	0.9999512862251703
5.6143266605779081	1.0001271222058541
5.6192122353413225	1.0000243483096194
5.6237835642566942	1.0000805418054273
5.6309003433715308	0.9998628831667962
5.6355521249343736	0.9999884651803082
5.6394877552776146	0.9999389725099711
5.6431634928886583	1.0000210417933686
5.6467732985769308	0.9999587234286258
5.6503936908295707	1.0000243554612471
5.6540719676266677	0.9999728085704520
5.6578468732334075	1.0000158737961116
5.6617831317079492	0.9999855151831858
5.6660285657300511	1.0000501054298536
5.6729732270883586	0.9998720372343349
5.6777803462390146	0.9999760025046246
5.6821123301320346	0.9999614488614755
5.6864920683236129	1.0000428206978067
5.6934892530227881	0.9998566793194180
5.6980698192082446	0.9999846714057444
5.7019743349239054	0.9999362346688500
5.7056351533341738	1.0000199753221848
5.7092366981561948	0.9999577126128624
5.7128516492304202	1.0000240681704944
5.7165260824556379	0.9999724447055786
5.7202982711114929	1.0000157733145911
5.7242329249765600	0.9999854367953961
5.7284779172559936	1.0000500077658150
5.7353830075845229	0.9998645076349666
5.7399301117381736	0.9999865923956373
5.7438421900367187	0.9999395854476044
5.7475323964340221	1.0000182849815102
5.7511807301170661	0.9999619837990729
5.7548637851793485	1.0000194411970680
5.7586391906493590	0.9999791234705984
5.7625727203876931	1.0000113660543049
5.7668190019102985	0.9999478546924166
5.7737202131479206	1.0001345438504190
5.7782569150248646	1.0000118064484356
5.7821546932597148	1.0000599558050507
5.7858338233172635	0.9999801844506713
5.7894712403233966	1.0000373602283121
5.7931470660555728	0.9999792587699241
5.7969156364087464	1.0000199228040831
5.8008464711460270	0.9999875675999437
5.8050907709640533	1.0000509224659053
5.8119996193649950	0.9998652320132445
5.8165557174501634	0.9999859275183445
5.8204894313828976	0.9999417030619221
5.8242171348891416	1.0000153373512537
5.8279253251943679	0.9999668507106096
5.8317031592558557	1.0000132769704166
5.8356366546963754	0.9999838867880635
5.8398819293269915	1.0000489748782404
5.8467843308626763	0.9998627766225906
5.8512827862135630	0.9999877274522196
5.8551435477545910	0.9999368023161366
5.8587890160580329	1.0000196721615444
5.8624003103240323	0.9999602648840830
5.8660540034919091	1.0000201368760058
5.8698079097034492	0.9999786034478838
5.8737284731849302	1.0000112626866831
5.8779712674670019	0.9999482463012451
5.8849033173001981	1.0001293103936042
5.8896076484872539	1.0000196550866365
5.8937743557352444	1.0000417516538900
5.8978499343091162	0.9999976035690842
5.9021463827358538	1.0000576409070767
5.9091405796431324	0.9998743322954522
5.9140183493213510	0.9999758009012293
5.9185899049215678	0.9999197567194555
5.9257265865869968	1.0001350737756229
5.9304089530696373	1.0000132707952911
5.9344153169248912	1.0000535138130524
5.9382156287043193	0.9999874965542357
5.9420219042372668	1.0000252832320840
5.9459615034364415	0.9999900801168835
5.9502102996820287	1.0000520254940830
5.9571745742178122	0.9998742426659086
5.9620346501097909	0.9999753358319429
5.9666007157823726	0.9999198259263787
5.9737443499384906	1.0001333679229667
5.9784759740969839	1.0000154680852607
5.9825615251339137	1.0000480651750829
5.9864745963329247	0.9999935423054032
5.9904535595019786	1.0000198886650451
5.9947169178288933	0.9999520866998336
6.0014791187947445	1.0001662955200707
6.0052343320161974	0.9999796834291746
6.0083581114825524	1.0001184134781145
6.0113300133384602	0.9999401772363475
6.0142908390033734	1.0000914365244387
6.0172807684197434	0.9999340902542865
6.0203099955260599	1.0000751020359686
6.0233822841993856	0.9999362481146582
6.0264968039713622	1.0000644319403533
6.0296555053201892	0.9999413105432233
6.0328578971459148	1.0000559984297643
6.0361076819196775	0.9999478113336500
6.0394066265136352	1.0000478911564086
6.0427616130851440	0.9999557153352221
6.0461788742029432	1.0000386420040830
6.0496720176447916	0.9999660086412703
6.0532583112503788	1.0000262753880533
6.0569712162167821	0.9999806070472741
6.0608695414661353	1.0000126003609378
6.0651059565776295	0.9999496283699116
6.0720380620959213	1.0001301987449425
6.0767065132028746	1.0000194893070657
6.0808425528594858	1.0000425888734887
6.0848995824178598	0.9999979106442486
6.0891910045026760	1.0000571891352030
6.0961012565779722	0.9998580616929270
6.1004216760799306	0.9999951289860081
6.1040801560457529	0.9999240741828441
6.1075284978758022	1.0000297895938464
6.1109418239979423	0.9999468939275828
6.1143827766325911	1.0000327366973585
6.1178869940346683	0.9999629999060481
6.1214787719729618	1.0000243608155994
6.1251948216393535	0.9999796347306610
6.1290947083080010	1.0000120591129451
6.1333316147635104	0.9999493063694799
6.1402773726163771	1.0001274955478159
6.1450381394276068	1.0000229377235079
6.1493346578383381	1.0000377865916819
6.1537061956284989	0.9999574145591003
6.1606751859819315	1.0001486914238598
6.1650424139967477	1.0000080954314490
6.1687246282167125	1.0000759585793988
6.1721886836371862	0.9999707666253392
6.1756117013437271	1.0000521459834992
6.1790613715636731	0.9999668767296239
6.1825710004621790	1.0000358627453079
6.1861683688973716	0.9999748242085378
6.1898869961098750	1.0000192797742535
6.1937898264542941	0.9999868819930512
6.1980262801256734	1.0000496560266010
6.2049619193221881	0.9998691192037531
6.2096347180570275	0.9999794124321202
6.2137774249553859	0.9999565432184506
6.2178370040931492	1.0000010967176507
6.2221304236068242	0.9999416867583180
6.2288467987180933	1.0001759357292268
6.2323565818938347	0.9999648687286626
6.2352885315652040	1.0001346263024715
6.2381084864357517	0.9999290824059973
6.2409359909231750	1.0001048049931833
6.2437996156720228	0.9999234766250240
6.2467025511873997	1.0000876358341930
6.2496440584011905	0.9999246488457453
6.2526196364234359	1.0000776178154820
6.2556279843063791	0.9999278872028894
6.2586651391608825	1.0000710104077462
6.2617309880194849	0.9999316782211725
6.2648225041320522	1.0000659867895192
6.2679405264184016	0.9999355505151031
6.2710828278018242	1.0000616636991593
6.2742510140941965	0.9999394400067209
6.2774436110886116	1.0000575621550472
6.2806629825458318	0.9999434553178265
6.2839085145645752	1.0000533476160338
6.2871835221511025	0.9999478093401953
6.2904885967675188	1.0000486859055890
6.2938285326753585	0.9999528426673000
6.2972059604157726	1.0000431111105326
6.3006284511920230	0.9999591470328761
6.3041027912658842	1.0000357925124326
6.3076429255676540	0.9999679016594184
6.3112662600992326	1.0000250314347527
6.3150061046850148	0.9999811063197591
6.3189205655874394	1.0000126194980823
6.3231612954964680	0.9999490736159991
6.3299965401883886	1.0001476047483131
6.3341458627637417	0.9999963791918698
6.3376101603415309	1.0000910861012231
6.3408502026002846	0.9999543582534203
6.3440263905186907	1.0000732842639222
6.3471916467759408	0.9999441271627784
6.3503629686226830	1.0000643032816718
6.3535473251947758	0.9999422162402646
6.3567452331175014	1.0000594099119131
6.3599587554386403	0.9999429941198302
6.3631865635336666	1.0000561522798121
6.3664304973134032	0.9999447554549399
6.3696892738026420	1.0000534490448076
6.3729650809156642	0.9999469761142448
6.3762570426112282	1.0000508024020269
6.3795678737379591	0.9999495660113030
6.3828973508528142	1.0000479085508120
6.3862489903497703	0.9999526405304673
6.3896236333032723	1.0000444691861641
6.3930261693728916	0.9999564865395013
6.3964593696752763	1.0000400480047433
6.3999308136396937	0.9999616627164439
6.4034473060646304	1.0000338357480560
6.4070227101629325	0.9999693263892577
6.4106742282558020	1.0000241439136826
6.4144348026721669	0.9999815009139851
6.4183617834235500	1.0000126516203847
6.4226058763561777	0.9999486554754132
6.4294953224339837	1.0001369001946570
6.4339607348407677	1.0000090103159063
6.4377659816748025	1.0000665256881514
6.4413361070132735	0.9999734779786418
6.4448403628819122	1.0000475497675225
6.4483446384222072	0.9999673084827443
6.4518791782871849	1.0000361982474841
6.4554656707888789	0.9999712623821390
6.4591248413838613	1.0000248518818924
6.4628905483046104	0.9999820877164616
6.4668205630198266	1.0000129301320113
6.4710654710141675	0.9999486976830766
6.4780071427695498	1.0001270167962233
6.4828114646288633	1.0000228977862391
6.4871389984373158	1.0000375191800133
6.4915188728255284	0.9999562201335510
6.4985657181847953	1.0001330810230347
6.5034855348262450	1.0000261118910028
6.5080682315558640	1.0000816114540105
6.5152364863125838	0.9998701076387005
6.5201567329034607	0.9999779241410302
6.5245295354504753	0.9999620029356101
6.5289231968892478	1.0000435674252866
6.5359277690874000	0.9998557130192544
6.5404865247173847	0.9999855608609318
6.5443598159697549	0.9999340487414348
6.5479843535807918	1.0000220873200281
6.5515427612095758	0.9999544808433988
6.5551034791296123	1.0000278034225176
6.5587054357763881	0.9999672131002347
6.5623741669394366	1.0000221435740280
6.5661463003008311	0.9999808232998780
6.5700798963662779	1.0000122131749345
6.5743258534947744	0.9999482195956015
6.5812296811580788	1.0001338831735946
6.5857935764846820	1.0000126572359693
6.5897216432524184	1.0000583864996722
6.5934285041976981	0.9999811605367920
6.5970898027380658	1.0000362927651285
6.6007851520991050	0.9999797723145490
6.6045683163257305	1.0000195982352340
6.6085080573285113	0.9999875186382734
6.6127547425951114	1.0000512119850238
6.6196426187768624	0.9998617293699767
6.6240915986554683	0.9999912656232924
6.6278665732430628	0.9999294336437518
6.6313865432745089	1.0000296494079521
6.6348199153087277	0.9999448429839106
6.6382231155890592	1.0000400224454340
6.6416206960152531	0.9999510149063209
6.6450185857895194	1.0000427806698686
6.6484216187198779	0.9999537126347365
6.6518290081803109	1.0000432126796412
6.6552427287386378	0.9999551131439380
6.6586611537289100	1.0000429060808214
6.6620858217452756	0.9999560321013705
6.6655150387467783	1.0000423741136886
6.6689502822333653	0.9999567639995240
6.6723898816870912	1.0000417835616373
6.6758353293970663	0.9999574167325620
6.6792849870693853	1.0000411841569672
6.6827403888594166	0.9999580356398895
6.6861999431252057	1.0000405829293137
6.6896652499248175	0.9999586484096125
6.6931347915582542	1.0000399669912396
6.6966102722172067	0.9999592837777772
6.7000902970287441	1.0000393073456728
6.7035767403606208	0.9999599831478929
6.7070684166740087	1.0000385532422342
6.7105674875941519	0.9999608138274492
6.7140731325897134	1.0000376176979120
6.7175880147067071	0.9999618907396113
6.7211119698097548	1.0000363485953938
6.7246485750477731	0.9999634178827107
6.7281989060989158	1.0000344692591501
6.7317683200246483	0.9999657767635067
6.7353604339673492	1.0000314432324036
6.7389844647944424	0.9999697405233543
6.7426500176392112	1.0000261299233775
6.7463763787203987	0.9999769922953036
6.7501913332531513	1.0000164279867736
6.7541530304832040	0.9999861817655462
6.7584052605021174	1.0000513832525382
6.7653519258032073	0.9998739484863932
6.7702488426170371	0.9999757886414955
6.7748243356930375	0.9999186048017686
6.7819623368522093	1.0001317353670962
6.7867845046469712	1.0000155166029765
6.7909356037619988	1.0000476205942082
6.7948550069934228	0.9999895506117961
6.7987485380123855	1.0000231588499864
6.8027406749107433	0.9999895547475687
6.8070037501638891	1.0000535636736068
6.8139494457496825	0.9998730061756897
6.8188002804482206	0.9999764664343163
6.8231629376249598	0.9999618696114023
6.8275510795557031	1.0000440874537935
6.8345930907664156	0.9998662171278609
6.8395369856961183	0.9999735269052681
6.8441277395588695	0.9999169957150869
6.8512917941621057	1.0001288411668741
6.8563742548590199	0.9999709333175650
6.8638981130680286	1.0001679657343956
6.8688837354192982	1.0000259651556496
6.8730503340276474	1.0000580037065496
6.8769053245438698	0.9999870609998783
6.8806690293720303	1.0000343563466190
6.8844384938925787	0.9999822058114805
6.8882739076067887	1.0000190724819182
6.8922448007100172	0.9999876365166930
6.8965000614940157	1.0000523810051005
6.9034321328205905	0.9998714716841949
6.9082280598346859	0.9999786794054496
6.9124800558411907	0.9999592679697950
6.9166072232144566	1.0000021440330920
6.9209190494047732	0.9999400390878093
6.9279010214471430	1.0001247899791512
6.9328209286558691	1.0000225510706431
6.9374017692654997	1.0000805934863286
6.9445393494576688	0.9998671709017067
6.9493762877201606	0.9999832805331156
6.9535426765482820	0.9999517863234277
6.9574718829059288	1.0000092915995460
6.9613739191179782	0.9999760013190783
6.9653696130515756	1.0000095041549479
6.9696349801819402	0.9999453442162178
6.9765450472372956	1.0001323320189894
6.9811770006890503	1.0000128204272483
6.9851506764721725	1.0000579273278241
6.9888610612058013	0.9999776651401282
6.9924716272770251	1.0000430476444628
6.9960445621925027	0.9999677748155096
6.9996032784840923	1.0000380447201824
7.0031581994181291	0.9999648650950771
7.0067116361725095	1.0000362502133517
7.0102664488960515	0.9999640562323137
7.0138216783621754	1.0000355369438727
7.0173791561285910	0.9999639209660354
7.0209374630188242	1.0000351627206037
7.0244983982705387	0.9999640350548135
7.0280605944486085	1.0000348513711841
7.0316260343157904	0.9999642997847524
7.0351935915064550	1.0000344632729721
7.0387656011989490	0.9999647480578125
7.0423413992869959	1.0000338663726076
7.0459239627513979	0.9999655070129865
7.0495134931242776	1.0000328594584051
7.0531141883287090	0.9999668357227977
7.0567279594999732	1.0000310726915131
7.0603615187209066	0.9999692528079983
7.0640205172551234	1.0000277508124422
7.0677175966433641	0.9999738782428133
7.0714682144006593	1.0000212301521751
7.0753029772149167	0.9999828160545186
7.0792754206003448	1.0000127753738655
7.0835318578260233	0.9999471359416522
7.0904409622678450	1.0001311579054724
7.0951253847081750	1.0000149997178798
7.0991746817011716	1.0000531534048651
7.1029784598981598	0.9999830305156444
7.1067055278456612	1.0000347683619293
7.1104291570724838	0.9999779621623903
7.1141904035468135	1.0000234560555170
7.1180290853826049	0.9999840117837100
7.1220030179313296	1.0000134312129192
7.1262599544447625	0.9999474560369097
7.1331882313573338	1.0001277831974249
7.1379985698142656	1.0000205245918623
7.1422610892832807	1.0000395706742291
7.1463965850330560	0.9999968127288642
7.1507093488583386	1.0000592310327152
7.1576516974700226	0.9998671037766700
7.1623097803596600	0.9999863474579355
7.1663010245852830	0.9999416999966654
7.1700205099933036	1.0000212312787249
7.1736385047383493	0.9999562844117961
7.1772160137798631	1.0000309356434678
7.1807816037784784	0.9999614302622623
7.1843444412350408	1.0000333235433880
7.1879125462720870	0.9999639709822534
7.1914886689667625	1.0000329307786342
7.1950792926500382	0.9999663831934456
7.1986886420810468	1.0000306322666748
7.2023265146522268	0.9999701516947016
7.2060029402987702	1.0000257390507015
7.2097375847617080	0.9999771769440366
7.2135584491889642	1.0000163210036250
7.2175236986827107	0.9999861646393905
7.2217769154108442	1.0000514986420679
7.2286787082528958	0.9998656678297178
7.2332795350270853	0.9999866423400474
7.2372227197449828	0.9999393543836590
7.2409042956920251	1.0000220648284497
7.2444943879198398	0.9999551523265805
7.2480551963518058	1.0000307800860249
7.2516180090503415	0.9999622948602844
7.2551962090995357	1.0000309211200582
7.2588040400664360	0.9999680755125003
7.2624534252830122	1.0000263426509004
7.2661653803102508	0.9999762713734125
7.2699689226749804	1.0000164938102787
7.2739234468667702	0.9999861194613801
7.2781737526271604	1.0000510933106574
7.2850736577897335	0.9998647760731940
7.2896384409671589	0.9999873307721224
7.2935470278326280	0.9999378704079557
7.2972039251889660	1.0000223162482409
7.3007820567928823	0.9999552861070768
7.3043462328738897	1.0000292844643774
7.3079316995681785	0.9999650307844388
7.3115580423048314	1.0000263060990568
7.3152499103713238	0.9999750775243194
7.3190379172512889	1.0000164664474986
7.3229828226217810	0.9999859732908626
7.3272305275007099	1.0000506724412950
7.3341114762054556	0.9998607083118377
7.3385415170881281	0.9999921766023138
7.3422888284338796	0.9999273037177735
7.3457777921866692	1.0000314167648015
7.3491798237924328	0.9999427240546008
7.3525539440270125	1.0000414975824585
7.3559274784149702	0.9999498704753217
7.3593095148953669	1.0000429759510481
7.3627086155679651	0.9999544992771178
7.3661283794114469	1.0000409718407934
7.3695762013999166	0.9999591112087977
7.3730573245373918	1.0000366091862514
7.3765824931148609	0.9999652549902297
7.3801628817994613	1.0000293272021565
7.3838194205477148	0.9999748434181761
7.3875819746823979	1.0000173451168972
7.3915115322608349	0.9999862422387542
7.3957550811840775	1.0000502761344072
7.4026713407207172	0.9998666745235245
7.4072827122156104	0.9999837240837082
7.4112914129537826	0.9999464799151463
7.4151109064171115	1.0000103241064719
7.4189384575148170	0.9999740940352985
7.4228907157271573	1.0000088732120289
7.4271440075568789	0.9999463993458598
7.4340810588838453	1.0001286405171554
7.4388096505384036	1.0000196672972299
7.4429966746110994	1.0000411871830719
7.4470845684811824	0.9999973880057990
7.4513843669533584	1.0000579329324668
7.4583665364462055	0.9998725497646811
7.4631831952887122	0.9999767271256496
7.4675152906683246	0.9999616962875920
7.4718955674368148	1.0000427931857478
7.4788790043040745	0.9998535114989002
7.4833540193898562	0.9999883815977109
7.4871315602740909	0.9999278168224863
7.4906580459313314	1.0000272750444126
7.4941137927402108	0.9999472064885260
7.4975624388794664	1.0000348425442098
7.5010359993316156	0.9999582244673600
7.5045495242431928	1.0000323263264514
7.5081207609678140	0.9999680818909978
7.5117681429098262	1.0000237261613534
7.5155254423064868	0.9999811235260321
7.5194503455302968	1.0000124843979628
7.5236939034543706	0.9999486480102527
7.5305804334647846	1.0001375286896008
7.5350244444691885	1.0000083160745539
7.5388066533357296	1.0000679090074014
7.5423557020671472	0.9999725745999130
7.5458411678110719	1.0000486674183131
7.5493288254884288	0.9999665753136390
7.5528488907822595	1.0000369261981150
7.5564231027089583	0.9999708132380472
7.5600723377355257	1.0000251907030071
7.5638306626345013	0.9999819667282688
7.5677561928819994	1.0000129306160674
7.5719998953031844	0.9999488557683899
7.5788767944144526	1.0001393949994875
7.5832661494718510	1.0000059799884893
7.5869798973594529	1.0000730006783440
7.5904522607553586	0.9999676789101928
7.5938499677095157	1.0000557249624371
7.5972337592767296	0.9999589565067343
7.6006271157878453	1.0000469189614332
7.6040422781900476	0.9999589083837559
7.6074853698032392	1.0000406506513899
7.6109648724459484	0.9999626715535390
7.6144881438079022	1.0000338977626562
7.6180691245784873	0.9999697521612313
7.6217250933266296	1.0000241270519774
7.6254889305667692	0.9999816299559723
7.6294178892919025	1.0000126958613293
7.6336625134472982	0.9999486117458121
7.6405935333160722	1.0001290111982077
7.6453238323360413	1.0000199882473666
7.6495139868463369	1.0000412260315510
7.6536041251305109	0.9999974315911232
7.6579044990269161	1.0000580379052435
7.6648469064936533	0.9998653110156854
7.6694122120750068	0.9999872258240785
7.6733315954850667	0.9999400732238146
7.6770254925429917	1.0000184150611546
7.6806763289097137	0.9999622051483285
7.6843613901971315	1.0000194501563504
7.6881383418248497	0.9999791958794363
7.6920728344533735	1.0000113918048050
7.6963193669354766	0.9999478364835152
7.7032512452799855	1.0001287435336566
7.7079853879879607	1.0000199112718029
7.7121787865367351	1.0000410968321154
7.7162709073917446	0.9999973762334271
7.7205718203925890	1.0000580750516832
7.7275533887875492	0.9998726506053565
7.7323767231757010	0.9999767484399734
7.7367136764403934	0.9999617434210583
7.7410952546296263	1.0000429860539024
7.7481104244043735	0.9998595267831156
7.7527875230109595	0.9999807370837723
7.7568307067690698	0.9999457750335788
7.7606695670673904	1.0000093831227184
7.7645087289982984	0.9999739221108106
7.7684672748161727	1.0000087345497739
7.7727223759198871	0.9999461465637405
7.7796102546515522	1.0001376810324136
7.7840418146798447	1.0000067947167737
7.7877942630223682	1.0000707022707735
7.7912963406616687	0.9999685015236699
7.7947144576926775	1.0000547661355395
7.7981091214146749	0.9999587758367205
7.8015028783520979	1.0000476173429595
7.8049063463752111	0.9999571311340838
7.8083232187982334	1.0000434526741715
7.8117584842001779	0.9999584787870687
7.8152143571678172	1.0000397943613344
7.8186968434634982	0.9999616180343763
7.8222103667142644	1.0000352626763260
7.8257648250927474	0.9999668130808366
7.8293707062737541	1.0000284101865347
7.8330482467717699	0.9999755678087976
7.8368265841385663	1.0000170873590335
7.8407658001954958	0.9999862420346102
7.8450119407506262	1.0000506195161201
7.8519159125854934	0.9998648475492597
7.8564724459995947	0.9999867909578474
7.8603871014346440	0.9999391631997838
7.8640679916905603	1.0000197852394521
7.8676907076955365	0.9999593242229847
7.8713249855637191	1.0000236308598305
7.8750155610420283	0.9999731450635900
7.8787999537661237	1.0000156531669873
7.8827420859397916	0.9999854742026439
7.8869890901263728	1.0000502887853240
7.8939144626655962	0.9998686902190242
7.8986069917078963	0.9999810919898051
7.9027224583769335	0.9999525624007877
7.9066724265761135	1.0000045592995521
7.9106787612978335	0.9999790486748317
7.9149478372877011	1.0000478153622387
7.9218724404268084	0.9998638837847167
7.9264667026120286	0.9999849501376261
7.9304232204536795	0.9999413321320949
7.9341510472970702	1.0000169413300397
7.9378304286217816	0.9999632243323979
7.9415382019196672	1.0000187849364233
7.9453318394566743	0.9999794988777844
7.9492764277572157	1.0000114208102644
7.9535256972211776	0.9999475000328836
7.9604318264171807	1.0001331314883055
7.9650216027053817	1.0000131448124843
7.9689756784396293	1.0000571004372258
7.9727045172749218	0.9999817557345956
7.9763835605253872	1.0000355184945402
7.9800927472734191	0.9999800664824205
7.9838859461366640	1.0000193626244569
7.9878317373803034	0.9999874674222895
7.9920800668975476	1.0000513944597991
7.9989850375238420	0.9998651988431925
8.0035494591511469	0.9999867340928419
8.0074714457507170	0.9999395511354160
8.0111581798522327	1.0000196526865921
8.0147854183166682	0.9999595400741983
8.0184231595356046	1.0000235465830094
8.0221163253020773	0.9999732313887219
8.0259025455257955	1.0000156310949724
8.0298457638136931	0.9999854748495449
8.0340930675323072	1.0000503257473425
8.0409755430654037	0.9998606895239317
8.0454062437778262	0.9999920720181779
8.0491546867039077	0.9999272926520758
8.0526436017576906	1.0000315766178685
8.0560428042824999	0.9999422388266921
8.0594097508915059	1.0000423668256551
8.0627701187638419	0.9999484451768319
8.0661311950636332	1.0000450213383367
8.0694994720201052	0.9999516268639791
8.0728760502485013	1.0000447853778367
8.0762651642009100	0.9999540775615249
8.0796678027483022	1.0000431088271264
8.0830887004797862	0.9999568294373604
8.0865300540165919	1.0000402411946467
8.0899983054373124	0.9999605602545352
8.0934982394517103	1.0000358292310436
8.0970401851980789	0.9999661376632459
8.1006350111760632	1.0000288094154310
8.1043033385918122	0.9999752468006999
8.1080746967197612	1.0000172001384120
8.1120096237624857	0.9999862407249741
8.1162546148683674	1.0000504654719062
8.1231324967763676	0.9998597426560788
8.1275257644381629	0.9999932318320653
8.1312377223364756	0.9999252001089299
8.1346968964531037	1.0000327324197646
8.1380730839802631	0.9999409342097687
8.1414232614998827	1.0000429329132801
8.1447729254203480	0.9999480715838021
8.1481294184226982	1.0000448238706681
8.1514995501976415	0.9999522065144866
8.1548849184678911	1.0000436591332635
8.1582905297758810	0.9999557390456719
8.1617184887188294	1.0000407977777641
8.1651751715881620	0.9999598956732770
8.1686652265640181	1.0000362445761966
8.1721988796655047	0.9999657531388275
8.1757869101555638	1.0000290493036927
8.1794498870834875	0.9999750788773146
8.1832173449552954	1.0000172653458466
8.1871499184944341	0.9999862436166218
8.1913942715130901	1.0000503841171346
8.1982651144111074	0.9998583150008195
8.2026142020364361	0.9999949836958271
8.2062761409870628	0.9999216031717028
8.2096848601402979	1.0000357678101981
8.2130089918237683	0.9999367622622750
8.2163036645186338	1.0000469289543861
8.2195926065239995	0.9999431671544542
8.2228814309543701	1.0000500061232607
8.2261751780420695	0.9999461037584850
8.2294733458560962	1.0000504580676906
8.2327784765285585	0.9999477979761942
8.2360894680922687	1.0000499213579841
8.2394086201939594	0.9999491500195931
8.2427349619382237	1.0000489074346306
8.2460709496016840	0.9999505360014331
8.2494159102710025	1.0000475390268899
8.2527726331488918	0.9999521580725591
8.2561409088120108	1.0000457754419152
8.2595240837313320	0.9999541934319706
8.2629227051722083	1.0000434673060519
8.2663410850751653	0.9999568805803789
8.2697811120877152	1.0000403281654175
8.2732489252066053	0.9999606216585808
8.2767490573017835	1.0000358108326464
8.2802916011757404	0.9999661991611546
8.2838872250816138	1.0000287720998533
8.2875563736799673	0.9999752825846002
8.2913284284899635	1.0000171870125603
8.2952638037738762	0.9999862405336967
8.2995089106749340	1.0000504812806725
8.3063903141220088	0.9998604269367128
8.3108045330174871	0.9999924589293777
8.3145397173620754	0.9999267293641401
8.3180206335148128	1.0000316568879262
8.3214164750733630	0.9999422366187192
8.3247839352688757	1.0000420528607707
8.3281480747114252	0.9999488822528935
8.3315156350677100	1.0000444114907912
8.3348926186691088	0.9999523343263538
8.3382796544197699	1.0000439991156855
8.3416805192170642	0.9999549091539692
8.3450957670294823	1.0000422685052288
8.3485297060108046	0.9999576584873687
8.3519841380391071	1.0000394604786855
8.3554651257296300	0.9999612779773118
8.3589770961805101	1.0000352056830659
8.3625300539090297	0.9999666556460121
8.3661345494903063	1.0000284204836833
8.3698109056321197	0.9999755014424735
8.3735883279559680	1.0000170885077941
8.3775269778845676	0.9999862336998250
8.3817729670565697	1.0000505942574385
8.3886630670182818	0.9998622149876097
8.3931346451643023	0.9999903118452553
8.3969366311795621	0.9999312489827109
8.4004855143977739	1.0000278785802814
8.4039509853734842	0.9999473651109736
8.4073914897942075	1.0000372610479815
8.4108340098659333	0.9999546539477399
8.4142873116943289	1.0000384351913911
8.4177597525570889	0.9999592968592751
8.4212550773974257	1.0000362642024756
8.4247813481694642	0.9999640213815032
8.4283453097244134	1.0000315438547296
8.4319607363845748	0.9999707807196371
8.4356444642829871	1.0000231083481557
8.4394289056737684	0.9999819108130866
8.4433703889201972	1.0000126754484584
8.4476184000625114	0.9999481647937192
8.4545207267326479	1.0001338261574881
8.4590939191617966	1.0000124839409636
8.4630231797969877	1.0000589703757021
8.4667187184186528	0.9999795939060266
8.4703523797829465	1.0000390226191489
8.4739973676312008	0.9999755960360130
8.4776950381267326	1.0000255009361432
8.4814862128387407	0.9999833469150069
8.4854310248176095	1.0000134343603961
8.4896800097346734	0.9999484700160954
8.4965745275521822	1.0001354314125355
8.5011010936020401	1.0000104341504610
8.5049630169389481	1.0000639007986611
8.5085733559581893	0.9999740966846493
8.5120985629808619	1.0000474552719139
8.5156018309864283	0.9999653567530254
8.5191086672053693	1.0000398561596402
8.5226329822041293	0.9999649793413316
8.5261825218366010	1.0000343647973677
8.5297680160605100	0.9999685924055334
8.5334002050535052	1.0000276560552290
8.5370990773436954	0.9999763409500141
8.5408933371160973	1.0000168731177095
8.5448422839612945	0.9999862551366504
8.5490910580466739	1.0000509678613128
8.5559961134590381	0.9998655215014685
8.5605808761925459	0.9999863377964426
8.5645205167556817	0.9999400603365763
8.5682161218780699	1.0000200301294415
8.5718402593028369	0.9999584741167278
8.5754588607970383	1.0000258648044464
8.5791099610131560	0.9999693999434680
8.5828185137891460	1.0000211386761515
8.5866202928201130	0.9999814545892544
8.5905719880442444	1.0000123076731993
8.5948228422159296	0.9999476319665396
8.6017615421904345	1.0001265087636757
8.6065956634948257	1.0000227443927456
8.6109448398606077	1.0000372949268528
8.6153305724579976	0.9999553638653178
8.6223330116931773	1.0001401926504485
8.6270003603664200	1.0000162629652176
8.6309956775682846	1.0000579483090162
8.6347401043885608	0.9999817404832128
8.6384123481503732	1.0000377446739035
8.6420884601723245	0.9999767676583798
8.6458108239901197	1.0000248293327594
8.6496202523960974	0.9999836814003863
8.6535761874699855	1.0000134739819848
8.6578281987323020	0.9999481074773635
8.6647580829198230	1.0001283034424289
8.6695368866186975	1.0000203700491181
8.6737705957171265	1.0000402273894937
8.6778878929751180	0.9999970683881615
8.6821956652451089	1.0000587547817374
8.6891356919894598	0.9998659514032964
8.6937408044501190	0.9999874512818062
8.6976776991057871	0.9999391281639852
8.7013513798762219	1.0000225926655826
8.7049332296581952	0.9999546549708965
8.7084841225887306	1.0000315945177176
8.7120327439960867	0.9999610520501544
8.7155888827470420	1.0000328840701433
8.7191618059481097	0.9999650560310581
8.7227563158329460	1.0000308858824980
8.7263822548744621	0.9999695468029746
8.7300493452218557	1.0000259269933918
8.7337769571238315	0.9999769445993891
8.7375928421712477	1.0000163663861241
8.7415551156808817	0.9999861555941429
8.7458075010021723	1.0000513898042256
8.7527231512179657	0.9998681372835773
8.7574061886845733	0.9999831278881749
8.7614731873170157	0.9999477171720504
8.7653158164289735	1.0000124270651118
8.7691162179765634	0.9999700993912396
8.7729620501325307	1.0000125184398152
8.7769367912054665	0.9999840252413851
8.7811932832490314	1.0000504896292428
8.7881208937574655	0.9998694586511687
8.7928696524729997	0.9999802851552754
8.7970397998917687	0.9999542835981390
8.8010314240834990	1.0000043043178335
8.8050630458046211	0.9999791997371492
8.8093390835628451	1.0000487595201148
8.8162872674823820	0.9998694084438564
8.8210902137852241	0.9999778650388452
8.8253444603522961	0.9999587937677539
8.8294721883777179	1.0000018899169845
8.8337842655601282	0.9999398922977263
8.8407664568049711	1.0001247350988076
8.8456861082933926	1.0000225166995120
8.8502668878510740	1.0000805626936482
8.8574091798857477	0.9998679624776743
8.8622779072346791	0.9999819151252022
8.8664986529074596	0.9999552778857116
8.8705114813953934	1.0000048701810398
8.8745517338390929	0.9999794593902505
8.8788306989865955	1.0000490301763214
8.8857888468493886	0.9998709418774100
8.8906495310178979	0.9999756203218525
8.8950174277559615	0.9999614455789966
8.8994070904775224	1.0000439999172122
8.9064083811866066	0.9998587915274006
8.9110820388643486	0.9999833655500572
8.9150692359997503	0.9999392706102757
8.9187788712683460	1.0000207799304175
8.9223859677100101	0.9999550785650867
8.9259523370801954	1.0000312330217642
8.9295062228592883	0.9999604973364120
8.9330557410045142	1.0000341316538794
8.9366074450333333	0.9999627043515420
8.9401620870598357	1.0000345409601981
8.9437234711021514	0.9999641024086657
8.9472921577645899	1.0000337806799877
8.9508726793675102	0.9999657422434162
8.9544672279019633	1.0000319441481695
8.9580828202534359	0.9999684192629180
8.9617254386334100	1.0000284151864618
8.9654080795959246	0.9999733512834021
8.9691466137805325	1.0000215740701981
8.9729721328202725	0.9999826596012601
8.9769388286848049	1.0000127613860641
8.9811936993198813	0.9999473310331353
8.9880995337666008	1.0001320360144188
8.9927497397409617	1.0000139922291071
8.9967558694432928	1.0000555729822520
9.0005123960622253	0.9999808393703199
9.0041872840279318	1.0000379652769718
9.0078505012311929	0.9999745329344503
9.0115371824048651	1.0000280987866230
9.0152758030123401	0.9999785096284977
9.0190983600721424	1.0000170472266829
9.0230642332126543	0.9999865485421318
9.0273176932383485	1.0000517043750965
9.0342420853810328	0.9998699555087711
9.0389893469232483	0.9999805386734379
9.0431582986922425	0.9999543653334773
9.0471489335511261	1.0000043812204613
9.0511799084575575	0.9999792326992428
9.0554557802918669	1.0000487545719916
9.0623779537024607	0.9998645182097309
9.0670079153139227	0.9999850802216896
9.0709838759388752	0.9999409855458865
9.0747028039772122	1.0000197343111072
9.0783371521273324	0.9999581762740543
9.0819518605304239	1.0000271373058398
9.0855821083092909	0.9999670550121721
9.0892470274044417	1.0000249364110709
9.0929705967201890	0.9999760632771569
9.0967824689877208	1.0000160734656212
9.1007420512242074	0.9999859549079476
9.1049937310052709	1.0000511827805008
9.1119181823611441	0.9998695768652707
9.1166513888592586	0.9999806570952119
9.1208062981977935	0.9999538831060563
9.1247860643412491	1.0000044249930318
9.1288103861372409	0.9999791826049111
9.1330844250537648	1.0000485000995738
9.1400415337115763	0.9998707523476551
9.1448892462748628	0.9999755343084238
9.1492477847966214	0.9999613387715830
9.1536349026370054	1.0000436198240392
9.1606346826228791	0.9998580513158132
9.1652782064894929	0.9999837626880247
9.1692379839069034	0.9999383209203563
9.1729323212760061	1.0000203030342778
9.1765412345812294	0.9999564330306669
9.1801320771559869	1.0000279483660763
9.1837409856648797	0.9999659914625292
9.1873875334598765	1.0000255153780864
9.1910960659491465	0.9999755738231136
9.1948966459306298	1.0000162420615475
9.1988492883226822	0.9999859590159323
9.2030990813729900	1.0000509416191250
9.2100175126069246	0.9998681159726859
9.2146945931308633	0.9999825629095583
9.2187692436285609	0.9999491466976720
9.2226423744312278	1.0000094127039356
9.2265090675451482	0.9999750537975477
9.2304848434763116	1.0000091236139232
9.2347445496986698	0.9999457342086613
9.2416726495569339	1.0001293855883024
9.2463921530240061	1.0000177567185311
9.2505288705486954	1.0000455142805003
9.2544959855165203	0.9999943414448597
9.2585109721917824	1.0000197520785803
9.2627837176624421	0.9999506853070980
9.2697156520899657	1.0001328368580247
9.2743977486055496	1.0000169334636628
9.2784689063437717	1.0000503812793544
9.2823392442537980	0.9999896115887633
9.2862018061435219	1.0000240667429670
9.2901764343674351	0.9999898808031035
9.2944345629971270	1.0000531547335330
9.3013222867098690	0.9998615840392766
9.3057696055296013	0.9999922464189204
9.3095282909786405	0.9999277471009892
9.3130202515381821	1.0000320424366484
9.3164161040501643	0.9999417179398307
9.3197739497782717	1.0000434417030728
9.3231198038657865	0.9999471144014536
9.3264611695619983	1.0000467422689021
9.3298046380504260	0.9999495910503271
9.3331513075032770	1.0000471634837576
9.3365052935936017	0.9999513537536076
9.3398672670326590	1.0000461978327764
9.3432414232795278	0.9999533264700419
9.3466290216990568	1.0000442161550065
9.3500350701294899	0.9999559982675449
9.3534620705109219	1.0000411314167745
9.3569167447999959	0.9999598372240033
9.3604041473579365	1.0000364899866419
9.3639348438692060	0.9999656242083853
9.3675199418998112	1.0000292061518146
9.3711802858365996	0.9999749992725977
9.3749456640216078	1.0000173137602804
9.3788769367252840	0.9999862501156574
9.3831209474750583	1.0000503411673660
9.3900453392455212	0.9998682889856708
9.3947124928885160	0.9999815152010219
9.3988032470728076	0.9999517465143007
9.4027344727732078	1.0000046899852695
9.4067294976940268	0.9999789789722395
9.4109954843757819	1.0000473926991285
9.4179662028423312	0.9998720148855460
9.4228451528980468	0.9999746672327859
9.4274164782465615	0.9999189655247618
9.4345016227701457	1.0001427989735394
9.4389203660158607	1.0000018835477775
9.4425774765564015	1.0000789829474330
9.4459630710246785	0.9999609770829485
9.4492596543288734	1.0000639060357814
9.4525313269631273	0.9999506191494301
9.4558008395368027	1.0000566575822718
9.4590783646280325	0.9999485859445647
9.4623666278183123	1.0000525545632362
9.4656694303240503	0.9999494177142444
9.4689871382492701	1.0000494116445602
9.4723232691627715	0.9999515656456053
9.4756784877275884	1.0000462231368774
9.4790571660154548	0.9999546807781438
9.4824612179799779	1.0000423854838909
9.4858968257181697	0.9999589588555868
9.4893685522322411	1.0000372371547153
9.4928865312034159	0.9999651116715514
9.4964615272303021	1.0000295899587865
9.5001141144908718	0.9999747822578824
9.5038739430595776	1.0000174185730231
9.5078018983023025	0.9999862627072065
9.5120450059688402	1.0000502325702105
9.5189292668930872	0.9998606092222327
9.5233448970771679	0.9999918854513902
9.5270914757549736	0.9999281282291694
9.5305948142601231	1.0000294907508056
9.5340252757162567	0.9999455539310478
9.5374413712126245	1.0000378227955078
9.5408708153399981	0.9999545763201488
9.5443239161439521	1.0000373542605265
9.5478116086024496	0.9999614129802645
9.5513415836157449	1.0000326619933446
9.5549282041903627	0.9999694394004769
9.5585886546688972	1.0000236896507493
9.5623558311380901	0.9999815273641831
9.5662868039698470	1.0000126129029665
9.5705319769409822	0.9999484997360935
9.5774308051249850	1.0001349546207350
9.5819604590565284	1.0000114013972394
9.5858443846577366	1.0000613064511499
9.5895002279436490	0.9999782716570415
9.5931004230583863	1.0000406424218224
9.5967177743644552	0.9999747375477946
9.6003934704062992	1.0000262497366239
9.6041684554553743	0.9999831173387812
9.6081034511231316	1.0000134430736936
9.6123497717708997	0.9999488156473497
9.6192351436111760	1.0001375908917949
9.6236873541830015	1.0000079704519549
9.6274650413335099	1.0000692183392699
9.6309918060673034	0.9999698395739257
9.6344330794293356	1.0000533021893105
9.6378489800161180	0.9999599191025089
9.6412615689806760	1.0000465531916782
9.6446807212915502	0.9999578235021674
9.6481091509339834	1.0000430542266061
9.6515505481018309	0.9999583782042193
9.6550054616770424	1.0000404455709477
9.6584776846546951	0.9999602076839682
9.6619686185838614	1.0000376152075992
9.6654838171267627	0.9999631929493491
9.6690272199930085	1.0000337172033220
9.6726083378970600	0.9999679530226842
9.6762372060945268	1.0000274918410224
9.6799336111452501	0.9999761246764568
9.6837261079025687	1.0000168208378377
9.6876740068182539	0.9999862154605030
9.6919224891849929	1.0000509120840835
9.6988193389770334	0.9998639299173393
9.7033511310305514	0.9999885362849591
9.7072177377385263	0.9999349521716646
9.7108245100934063	1.0000255593543059
9.7143393043040724	0.9999501149748222
9.7178197036374314	1.0000357688030472
9.7212913039486857	0.9999557333246419
9.7247606751998958	1.0000386076921610
9.7282330809862625	0.9999580263226227
9.7317080950257839	1.0000391727521893
9.7351880642913997	0.9999591834288631
9.7386717978307047	1.0000389433167360
9.7421614155529390	0.9999600379915605
9.7456559350554581	1.0000383288920167
9.7491578197544637	0.9999609571545838
9.7526666204805874	1.0000373615229736
9.7561855100586108	0.9999621973809785
9.7597149900201163	1.0000358770733437
9.7632595414255707	0.9999640782986878
9.7668214647179159	1.0000335007463497
9.7704078546623077	0.9999671555157545
9.7740248574176363	1.0000294594208028
9.7776856395224172	0.9999725757982705
9.7814063536527343	1.0000220754893874
9.7852184950047949	0.9999824296528962
9.7891769598218463	1.0000127351845243
9.7934295808699883	0.9999476025632330
9.8003738007442234	1.0001251832590716
9.8052712647654250	1.0000233087252994
9.8098451748907962	1.0000806667335687
9.8162839895464877	0.9997504251409938
9.8215328656635013	1.0000398329786842
9.8270916041421383	0.9997263055613971
9.8327788697286262	1.0001849314211995
9.8387192449656364	0.9997991039374561
9.8561328693583441	0.9998671922069448
9.8603038538990244	1.0000084121272639
9.8638970243905941	0.9999307471417820
9.8674017092991431	1.0000223475046492
9.8709259961781068	0.9999543887703251
9.8744851376755953	1.0000268371281429
9.8780850559684392	0.9999654572644920
9.8817307740162654	1.0000249917658974
9.8854404222543835	0.9999754531172039
9.8892420776607661	1.0000161805900121
9.8931954670153974	0.9999859812051715
9.8974454417603681	1.0000510173463431
9.9043501552329456	0.9998656282725549
9.9089464393621025	0.9999860395261599
9.9128950043031256	0.9999399744693096
9.9165920621494283	1.0000204738502003
9.9202052861475423	0.9999564673672581
9.9237933045794939	1.0000289768367061
9.9273826639266467	0.9999630465695263
9.9309802067646675	1.0000304961084703
9.9345911064400099	0.9999662119342151
9.9382143279659498	1.0000300892048539
9.9418514358137866	0.9999680735683585
9.9455000730332337	1.0000292496646010
9.9491611732102356	0.9999693717847798
9.9528322930605100	1.0000283875989435
9.9565145778690507	0.9999704310580809
9.9602061430464879	1.0000274969949445
9.9639091085907694	0.9999715435837440
9.9676231082351983	1.0000262934948323
9.9713526119473794	0.9999732077603051
9.9751008329455306	1.0000240804087743
9.9788779461088790	0.9999765015925309
9.9826965952593021	1.0000192423705581
9.9865841433717044	0.9999835555208234
9.9905897795822476	1.0000127638632605
9.9948553188822515	0.9999459227826578
