0.0000000000000000	0.0000000000000000
3.9372799822578322	0.0010000000000000
3.9527879828583030	0.0012480380810454
3.9573408364704239	0.0014058455947570
3.9619067095098011	0.0016034921434714
3.9665861069031436	0.0018138760971792
3.9765993835811546	0.0022927864109885
3.9819257565036459	0.0026005711579031
3.9923437439012206	0.0036643256776728
3.9981811084057766	0.0040830587474505
4.0037199500344665	0.0053144399564913
4.0091241621648841	0.0063074149929849
4.0144760861418973	0.0080835469546741
4.0185278463481851	0.0089630317391077
4.0233263261095988	0.0104460543260399
4.0303185340682157	0.0130071703554636
4.0403585459104443	0.0185298985410911
4.0453451617394363	0.0215100676300564
4.0503230310269123	0.0252360666024108
4.0581076973162586	0.0324073552956726
4.0751444152639982	0.0563000238266525
4.0800360749976843	0.0654619909933736
4.0842236911563914	0.0745496601003573
4.0880774508548585	0.0838473379071265
4.0917645477082818	0.0939130210450127
4.0955595891869354	0.1052726507893137
4.0994195933670587	0.1182042244368351
4.1034873925413553	0.1332461955067508
4.1076322056969605	0.1503054134971840
4.1119616013879776	0.1700153375800837
4.1163546318792816	0.1921430516277425
4.1208684198019272	0.2171607531610975
4.1254676537719801	0.2450823279536199
4.1300902440781533	0.2755971916077491
4.1348384462377066	0.3094214753056994
4.1395929475123054	0.3456038209891179
4.1445249631036543	0.3853252475193370
4.1496546459983419	0.4280910220996842
4.1551462829759753	0.4762247031189720
4.1584945031898091	0.5056817146176701
4.1622885531715248	0.5393506860607390
4.1663196055814158	0.5747132364076694
4.1710770832968542	0.6157050041267713
4.1760266450346828	0.6564193693703698
4.1813029441237397	0.6982646234779434
4.1856387649783633	0.7302986165760763
4.1897698336412708	0.7588870487831100
4.1943084863889606	0.7878457947169688
4.2023054241514606	0.8329586450775723
4.2063704129266686	0.8526097949686833
4.2100576521708630	0.8689282754813130
4.2138624240376314	0.8840522147835872
4.2177163105950273	0.8978993783005106
4.2217416024766896	0.9107360936085482
4.2257724967260897	0.9221781587198297
4.2299289499106125	0.9325294981625898
4.2340264522792639	0.9415324280512942
4.2381654724402980	0.9494263718916536
4.2421958743270629	0.9561970592887151
4.2462350057550724	0.9620464592125522
4.2501792595902064	0.9670994180443097
4.2541182598789815	0.9714216701971771
4.2579599919661701	0.9751884742742402
4.2617678084767769	0.9783539196332460
4.2654916944449113	0.9811668697942292
4.2692117625252690	0.9835187317295088
4.2729262401263517	0.9856752571489528
4.2767329205924920	0.9875149338622032
4.2806729803353365	0.9892356319033544
4.2849430436785445	0.9907436608081157
4.2915344655742542	0.9929454140433195
4.2960642598798788	0.9939243081768704
4.2998424825974260	0.9947857206338523
4.3033697309313546	0.9953369955077472
4.3068335273434935	0.9959759457154044
4.3103171598229286	0.9963895465868952
4.3138373785605877	0.9968995897447510
4.3174119983548440	0.9972236999810216
4.3210344425323441	0.9976305961705139
4.3247124812346023	0.9978824121777411
4.3284380323606904	0.9982043572421890
4.3322191129146717	0.9983980998137355
4.3360544412604538	0.9986497575668588
4.3399655460680764	0.9988022194471591
4.3439875804918913	0.9989966280692857
4.3482592606571346	0.9990802387171894
4.3545229867930937	0.9995611122608142
4.3596881193128096	0.9993961025692949
4.3646907753858546	0.9998774636711879
4.3681909158232592	0.9995873656571983
4.3727638550241625	0.9997282438892635
4.3774994433759700	0.9994892416675949
4.3823231861160670	0.9998011879975157
4.3871411916942158	0.9996892246804715
4.3921737143170505	1.0000887782646128
4.3976201195882787	0.9995125159956501
4.4016480275665160	0.9997819857142117
4.4061119382479141	0.9997887312931401
4.4104714857295289	0.9997500911955296
4.4189262200016683	0.9997293027001007
4.4579788173075814	0.9992564785894981
4.4631252333801053	0.9999202256726425
4.4664657583466010	0.9998470924649446
4.4692900827333633	1.0001310096878018
4.4721752537182100	0.9999916335549969
4.4752526302134239	1.0001302412441835
4.4785546909610652	1.0000385005724541
4.4820786984072125	1.0000858768080765
4.4858727291204232	1.0000320388595239
4.4900794366483154	1.0000678420040185
4.4969380575180757	0.9998308262336822
4.5021424312663489	1.0002941865134471
4.5059992282862211	0.9999801101040586
4.5104374013161213	0.9999689765877015
4.5147429600098103	0.9999377292930475
4.5193788648394548	1.0002817546107836
4.5241401265253325	1.0000281218972400
4.5289373498024430	1.0000851984871377
4.5362744935503514	0.9998079913472969
4.5417793972298766	1.0002909418638306
4.5465545240848968	1.0000658834600515
4.5505159995562723	1.0000193882792345
4.5540134425010068	0.9998794467308656
4.5574870666250895	0.9999452584828978
4.5612131096618489	0.9999144732987759
4.5654145359887162	0.9999950565137991
4.5721221712525759	0.9998109504923963
4.5764401363505334	0.9999594235821483
4.5801783434294574	0.9999135761536613
4.5838104380834110	0.9999978141188198
4.5875202779298538	0.9999613905878698
4.5914068473458993	1.0000022688600325
4.5956418551136755	0.9999454534049791
4.6026103866305972	1.0001254957699270
4.6073635497391825	1.0000231141071356
4.6116579288870900	1.0000383557789270
4.6160282932856331	0.9999584001063871
4.6230563676881431	1.0001386100685528
4.6277623975603346	1.0000210019095224
4.6318676840577888	1.0000490824883950
4.6358081399740856	0.9999956100355467
4.6398067040343660	1.0000208034269353
4.6440748755004906	0.9999519434842000
4.6509869781227309	1.0001376004044591
4.6555098055867834	1.0000114500466655
4.6593702108484711	1.0000641263407410
4.6629880480177768	0.9999756917445816
4.6665332281859602	1.0000455085117350
4.6700725934300795	0.9999689179910480
4.6736369573829775	1.0000348878526211
4.6772482739048256	0.9999722127886376
4.6809272600862446	1.0000242656213036
4.6847075739679847	0.9999823693078485
4.6886464438281292	1.0000129695654334
4.6928937481996424	0.9999484171815860
4.6998341512108697	1.0001268710397888
4.7046506924608336	1.0000228695813449
4.7089870412103574	1.0000374460609309
4.7133693004399140	0.9999558833795384
4.7203614705386929	1.0001426676803000
4.7249378191286748	1.0000135825382588
4.7288245942403746	1.0000643921971539
4.7324565050080070	0.9999764264435050
4.7360105178392375	1.0000453566813505
4.7395562021053586	0.9999692344404262
4.7431255147443174	1.0000347057856336
4.7467408145305763	0.9999723546981105
4.7504229603248724	1.0000241579585067
4.7542056039161835	0.9999823950074480
4.7581458900046387	1.0000129581753119
4.7623935776177468	0.9999483575289432
4.7693420616230924	1.0001252765563240
4.7742248405074941	1.0000236123066628
4.7787949110691459	1.0000802745300201
4.7859577786588146	0.9998714524843275
4.7909406664493828	0.9999770758216927
4.7955447023943094	0.9999184955999616
4.8026784149473860	1.0001378775345531
4.8073268541959759	1.0000098174009981
4.8112349363114912	1.0000628122833513
4.8148661240630766	0.9999744143160675
4.8184076097433621	1.0000460758879106
4.8219317479266541	0.9999670538634517
4.8254695119176683	1.0000370857065199
4.8290400106199538	0.9999688321785096
4.8326577498925714	1.0000288550475345
4.8363441520100130	0.9999762982357158
4.8401288823280106	1.0000172533467435
4.8440719202818361	0.9999863911520669
4.8483191113563446	1.0000508392577190
4.8552619410193580	0.9998723723883229
4.8600808189275408	0.9999761249868936
4.8644214051357935	0.9999615771494932
4.8688034620285787	1.0000431918334522
4.8758244848513534	0.9998614602020413
4.8805747887484072	0.9999785043808005
4.8847169164370410	0.9999515144153203
4.8886793143915792	1.0000039060100645
4.8926913937307877	0.9999787166420565
4.8969622539609476	1.0000477822111435
4.9038703775755437	0.9998606982833960
4.9083647707177827	0.9999892705395212
4.9121815706540639	0.9999313332610748
4.9157381351049079	1.0000277122031753
4.9192052843122056	0.9999470110585428
4.9226417230018429	1.0000378952077347
4.9260741508304520	0.9999535468885308
4.9295106376824203	1.0000399856163349
4.9329584211780357	0.9999571662781336
4.9364196149439170	1.0000390622357722
4.9398998168525452	0.9999603629916092
4.9434020564066792	1.0000363176319511
4.9469341113398455	0.9999644939585193
4.9505027916329309	1.0000314868277886
4.9541219422695333	0.9999709844936572
4.9578085140764756	1.0000230746140317
4.9615949798884129	0.9999819714389991
4.9655376745096103	1.0000126948361951
4.9697860183351334	0.9999481346017793
4.9767338402691346	1.0001252229830222
4.9816186429136566	1.0000235528821533
4.9861892405550474	1.0000803209097475
4.9933150885060646	0.9998651132597822
4.9980529212088314	0.9999856323809009
5.0020998393298779	0.9999457825298554
5.0059023805547564	1.0000143311894103
5.0096627028471739	0.9999687963661673
5.0134762878184942	1.0000130882864373
5.0174307066219095	0.9999840568982432
5.0216817488608250	1.0000497721213972
5.0285750936424050	0.9998619715771917
5.0330575929092740	0.9999899307598024
5.0368682949067347	0.9999315610935711
5.0404234638268681	1.0000276276590967
5.0438939191631542	0.9999476751164228
5.0473392871974436	1.0000369219168181
5.0507877721565375	0.9999551913480589
5.0542494817779495	1.0000376869869152
5.0577343883923094	0.9999604365964452
5.0612482908835847	1.0000346509154747
5.0648020976977062	0.9999663535958332
5.0684067589697737	1.0000282699529919
5.0720829575405864	0.9999753937015327
5.0758601090483682	1.0000170487576063
5.0797985571424036	0.9999862100423613
5.0840444982660582	1.0000505762399785
5.0909348718591723	0.9998622479925704
5.0954076552618437	0.9999901391956728
5.0992136894391642	0.9999317454867346
5.1027709955185410	1.0000270149378576
5.1062511166213280	0.9999488613720156
5.1097147764897848	1.0000351253899844
5.1131919432901389	0.9999578001328909
5.1166952943065303	1.0000341647256696
5.1202387349814860	0.9999652193513506
5.1238341637944282	1.0000282743142883
5.1275028037332806	0.9999749542144326
5.1312742980609451	1.0000170363433796
5.1352093016589686	0.9999861532543876
5.1394543103099846	1.0000504226470373
5.1464075439987029	0.9998738819306660
5.1512827111655914	0.9999753888677857
5.1558525169058944	0.9999192390274019
5.1629830774485157	1.0001344080231120
5.1676876482215786	1.0000127641015109
5.1716998663344311	1.0000545888161052
5.1754758523201589	0.9999839908591505
5.1792140412734682	1.0000309044687574
5.1830131491287590	0.9999857032779305
5.1869574377215688	1.0000149170668646
5.1912069638399050	0.9999494588407607
5.1981506549804459	1.0001274368568620
5.2029609373105075	1.0000230705417457
5.2072921919700432	1.0000375967567281
5.2116731121646183	0.9999561488822865
5.2186612283476732	1.0001437330187282
5.2232004663821643	1.0000125739480943
5.2270470108801295	1.0000667096933828
5.2306421764221804	0.9999749720934001
5.2341635626380096	1.0000472262629634
5.2376804882611401	0.9999680268908192
5.2412248016512422	1.0000359235660103
5.2448189006604027	0.9999716037854453
5.2484838785037429	1.0000247273250626
5.2522537393064210	0.9999821891631718
5.2561862378634157	1.0000129562356308
5.2604318227897817	0.9999486297365586
5.2673459771033491	1.0001320995867813
5.2719734671992846	1.0000154862845094
5.2759954899052435	1.0000518739284578
5.2798275488419684	0.9999888149767383
5.2836627300992065	1.0000246220490105
5.2876210413204072	0.9999899990794606
5.2918746969632871	1.0000526624321848
5.2988050459256639	0.9998688884169589
5.3034818670376733	0.9999816826875999
5.3075803899536949	0.9999521246971351
5.3115171378459758	1.0000047370549503
5.3155153981134804	0.9999790416634126
5.3197822799028325	1.0000475311058361
5.3267160300499707	0.9998652202362140
5.3313501683551268	0.9999827157984619
5.3353767165843200	0.9999467296625978
5.3392094158676731	1.0000099018647886
5.3430462586202863	0.9999742057548165
5.3470039933497153	1.0000088717222313
5.3512587860584082	0.9999462176155748
5.3582132963388016	1.0001251407613314
5.3632134220331693	0.9999729663673899
5.3706671497823972	1.0001681394631394
5.3755529106316491	1.0000250546353395
5.3796357415960152	1.0000606023989633
5.3834376765765679	0.9999873707311068
5.3871855973268756	1.0000327413779670
5.3909880625130491	0.9999866782965194
5.3949335274560708	1.0000154552078282
5.3991834658537146	0.9999497304666313
5.4060948123798518	1.0001337457847415
5.4106872538641140	1.0000141284294530
5.4146551445150948	1.0000557562613612
5.4184137132781718	0.9999844806224645
5.4221450007951804	1.0000312354973602
5.4259413272439643	0.9999858693985921
5.4298845402340046	1.0000149934419804
5.4341336834930454	0.9999495118387142
5.4410669835848777	1.0001293665111648
5.4458065174347272	1.0000202414847006
5.4500041207627410	1.0000411635162514
5.4540987025805192	0.9999974206435172
5.4584003062907271	1.0000581725869981
5.4653905455467520	0.9998743456263361
5.4702830710955244	0.9999760528581811
5.4748584620205465	0.9999193307460206
5.4819982976110193	1.0001336236784664
5.4867447495720389	1.0000144074360016
5.4908159130704721	1.0000508106330406
5.4946688025873591	0.9999884479107153
5.4985132192569628	1.0000243247665053
5.5024756090743541	0.9999898480603180
5.5067305681240821	1.0000526868010875
5.5136539209777418	0.9998675274802751
5.5182871808948857	0.9999836339359937
5.5223159152233379	0.9999474212517336
5.5261512772400865	1.0000101358061395
5.5299902934164669	0.9999744325659173
5.5339494065075083	1.0000089818122673
5.5382045600351528	0.9999462328056260
5.5451325714002087	1.0001300900167243
5.5498156009268076	1.0000172999556574
5.5539172404727912	1.0000466835222963
5.5578579756314257	0.9999942050033792
5.5618571101484218	1.0000198652340746
5.5661254861947427	0.9999512797258358
5.5730914410600700	1.0001271218108678
5.5779771435352625	1.0000243458720675
5.5825485060612063	1.0000805453196080
5.5896651977313017	0.9998628756391968
5.5943168292311647	0.9999884757530909
5.5982521713280882	0.9999389519965777
5.6019275476804982	1.0000210613406078
5.6055369662391055	0.9999587017667770
5.6091569822494582	1.0000243711382486
5.6128349249403078	0.9999727965204579
5.6166095676880108	1.0000158785579218
5.6205456620715353	0.9999855153114805
5.6247910527430394	1.0000500996731403
5.6317357344013752	0.9998720325300577
5.6365425702930754	0.9999760017726210
5.6408743458641935	0.9999614469117242
5.6452540285669492	1.0000428124475915
5.6522508833843128	0.9998566087961448
5.6568290152565321	0.9999847416541792
5.6607307780215477	0.9999360796700646
5.6643890188454566	1.0000200734712157
5.6679882639451806	0.9999575939271848
5.6716012320337148	1.0000241363255684
5.6752740370202686	0.9999723870151419
5.6790450034857525	1.0000157921822981
5.6829789103203208	0.9999854362328525
5.6872237022842791	1.0000499810864008
5.6941283338349100	0.9998643845572260
5.6986710188331715	0.9999867094913996
5.7025783681360505	0.9999393394486706
5.7062643715039698	1.0000184223779225
5.7099091636020969	0.9999618242247384
5.7135893714344297	1.0000195118627921
5.7173626702219442	0.9999790749159272
5.7212949218417766	1.0000113573111382
5.7255408596393913	0.9999478943230944
5.7324413759852959	1.0001347307787618
5.7369712624734452	1.0000116275038911
5.7408618938508695	1.0000603266802555
5.7445347754990648	0.9999799826739708
5.7481670028570457	1.0000375948569304
5.7518386987299932	0.9999791573416371
5.7556042387560620	1.0000199932528515
5.7595332417142409	0.9999875799924416
5.7637770493886231	1.0000508646866337
5.7706852817829466	0.9998650311806622
5.7752336913861253	0.9999861066759080
5.7791595830483891	0.9999413277723062
5.7828807105828233	1.0000155097675130
5.7865837309634944	0.9999666575347497
5.7903578151082593	1.0000133191379681
5.7942890640251514	0.9999838771949854
5.7985337315882779	1.0000488915295225
5.8054350280736546	0.9998624625611648
5.8099223518255645	0.9999880172356461
5.8137718507214196	0.9999362080151379
5.8174077668464985	1.0000199759990251
5.8210113097049696	0.9999599064054651
5.8246589506682280	1.0000202828580509
5.8284084737270225	0.9999784975977131
5.8323264113528177	1.0000112428320538
5.8365684999816763	0.9999483265703892
5.8435006257726441	1.0001294099604907
5.8481996644319789	1.0000196112910664
5.8523617322094834	1.0000418677999898
5.8564344699325597	0.9999976442820958
5.8607301504320759	1.0000575678946801
5.8677249484933567	0.9998743331651816
5.8726005197619155	0.9999757654901212
5.8771715044064576	0.9999198216447182
5.8843077902970116	1.0001352779577162
5.8889811724423353	1.0000131119704134
5.8929787716312774	1.0000538853287217
5.8967721718157717	0.9999873746296903
5.9005735360336198	1.0000254111905746
5.9045102360184440	0.9999901116974936
5.9087582484506225	1.0000519428528825
5.9157231539822632	0.9998742407707023
5.9205809562068286	0.9999752987977332
5.9251464327557155	0.9999198928783058
5.9322900017198581	1.0001335196226653
5.9370142522590994	1.0000153713448230
5.9410928727906791	1.0000483090809869
5.9450008743848644	0.9999935132322888
5.9489768562739815	1.0000199118658732
5.9532393999376962	0.9999521977620046
5.9599961966146973	1.0001674123145863
5.9637270546219439	0.9999786232846180
5.9668336405516369	1.0001197364075318
5.9697940887124163	0.9999396484778655
5.9727469695289370	1.0000921178631006
5.9757312167406758	0.9999338202222741
5.9787563139902851	1.0000754346998695
5.9818255883689764	0.9999361065300839
5.9849379188767715	1.0000645875687848
5.9880950466463894	0.9999412408543170
5.9912963266229147	1.0000560659179198
5.9945453433269504	0.9999477814565828
5.9978437730988547	1.0000479165822789
6.0011984277174459	0.9999557053526634
6.0046154850532583	1.0000386493658187
6.0081085108197323	0.9999660066198873
6.0116947410106185	1.0000262767072177
6.0154076137908383	0.9999806069452924
6.0193059235479192	1.0000126004061871
6.0235423337066658	0.9999496289057292
6.0304744551676430	1.0001301959487185
6.0351429818800684	1.0000194906250615
6.0392790996871062	1.0000425866301728
6.0433361802623304	0.9999979099635667
6.0476276153880200	1.0000571904825304
6.0545382333812867	0.9998581317736509
6.0588607027523986	0.9999950556255441
6.0625212566189468	0.9999242082249251
6.0659714040758885	1.0000297094400332
6.0693862738299176	0.9999469893829798
6.0728285342195623	1.0000326810115261
6.0763338352727416	0.9999630519243823
6.0799264742166299	1.0000243353486451
6.0836431529280919	0.9999796492869554
6.0875434168076978	1.0000120610455425
6.0917804234007695	0.9999492942641666
6.0987261366632639	1.0001274867260226
6.1034874783826956	1.0000229368757643
6.1077844035576554	1.0000377826435312
6.1121560499241987	0.9999573987650050
6.1191255372338178	1.0001485824491139
6.1234961858459940	1.0000082001116515
6.1271816988201691	1.0000757532744937
6.1306484993493298	0.9999708755733039
6.1340737721472998	1.0000520091917489
6.1375252926750932	0.9999669495374098
6.1410364185128365	1.0000357914688260
6.1446349560561133	0.9999748567403388
6.1483544275328885	1.0000192600203128
6.1522577622778121	0.9999868791837969
6.1564943503600054	1.0000496723395305
6.1634299710451153	0.9998691396275711
6.1681038136212702	0.9999794033504392
6.1722474215984544	0.9999565664526565
6.1763075466149857	1.0000011048818209
6.1806011135187839	0.9999416732243948
6.1873237996209216	1.0001747734643303
6.1908555453521750	0.9999660315762230
6.1938028736817383	1.0001333066647304
6.1966336803362108	0.9999297408091374
6.1994694736225622	1.0001039921297339
6.2023397864049565	0.9999239269682780
6.2052483176911055	1.0000871090769528
6.2081946147504095	0.9999249917642153
6.2111743596322651	1.0000772531813320
6.2141863759006064	0.9999281577796953
6.2172267914167803	1.0000707429843141
6.2202955598170258	0.9999318946091077
6.2233897064532595	1.0000657822311412
6.2265101088544217	0.9999357245097088
6.2296545717359626	1.0000615033649254
6.2328247240101264	0.9999395797426912
6.2360191114310934	1.0000574355533571
6.2392401116946479	0.9999435664040142
6.2424871235777273	1.0000532485949907
6.2457634703747837	0.9999478956065552
6.2490697515456297	1.0000486107082871
6.2524107660016144	0.9999529067171531
6.2557891490627275	1.0000430573543067
6.2592124739893862	0.9999591906382123
6.2626875290930943	1.0000357586284414
6.2662282590257359	0.9999679260333125
6.2698520676436695	1.0000250162108695
6.2735922596862306	0.9999811129669959
6.2775069298129518	1.0000126199691319
6.2817477157863504	0.9999490665768577
6.2885847856389967	1.0001472548218378
6.2927435374477980	0.9999967756152724
6.2962170133564701	1.0000903891066255
6.2994651184467907	0.9999548252329982
6.3026485501566505	1.0000726866586938
6.3058204883720048	0.9999445757126331
6.3089980858250598	1.0000638021675923
6.3121883870254232	0.9999426344886593
6.3153919522161095	1.0000589802090316
6.3186108643111307	0.9999433753427952
6.3218438096091436	1.0000557789943321
6.3250926323704322	0.9999450961563853
6.3283560553530158	1.0000531248331226
6.3316362644991315	0.9999472745309700
6.3349323848671206	1.0000505242674516
6.3382471257491311	0.9999498209218540
6.3415802617634913	1.0000476758216097
6.3449353014548384	0.9999528507085383
6.3483130817598497	1.0000442823937834
6.3517184829191216	0.9999566506204858
6.3551542699888399	1.0000399082553337
6.3586280116410014	0.9999617792259041
6.3621465031084838	1.0000337442843286
6.3657235953760845	0.9999693938717623
6.3693764728713607	1.0000241017206757
6.3731380533527311	0.9999815199407805
6.3770656443062270	1.0000126533228255
6.3813099014334140	0.9999486351970018
6.3881998111798008	1.0001367855251395
6.3926691698004579	1.0000091287140196
6.3964785615469104	1.0000662845124850
6.4000523958531161	0.9999736295386784
6.4035598952091641	1.0000473619917467
6.4070669947583223	0.9999674294596979
6.4106039644724335	1.0000360789314295
6.4141925000825326	0.9999713360906192
6.4178533134999141	1.0000247972813538
6.4216202367936495	0.9999821080057080
6.4255509896854628	1.0000129307195305
6.4297960966860330	0.9999486723040383
6.4367376669449623	1.0001270022283895
6.4415430398825686	1.0000228946613710
6.4458713319293208	1.0000375121231322
6.4502514108383728	0.9999561906227986
6.4572980873126360	1.0001330773479979
6.4622185105414651	1.0000260990314926
6.4668013650222411	1.0000816273115964
6.4739694818924036	0.9998701203556517
6.4788907941300593	0.9999779293275221
6.4832643768055336	0.9999620104207683
6.4876582487780841	1.0000435982977431
6.4946632494385446	0.9998558283138450
6.4992262162705217	0.9999854521640208
6.5031039564869921	0.9999342961951796
6.5067324531885866	1.0000219410851490
6.5102942839025788	0.9999546663276871
6.5138579264296688	1.0000276935727292
6.5174623315218989	0.9999673185091552
6.5211330299167578	1.0000220903369390
6.5249066196097942	0.9999808539029097
6.5288411006683473	1.0000122175808801
6.5330872965248945	0.9999481911200003
6.5399914202097520	1.0001337879341656
6.5445590024024201	1.0000127462259734
6.5484909149024970	1.0000581950341110
6.5522011245367713	0.9999812629397629
6.5558651966703740	1.0000361716049404
6.5595627516855215	0.9999798244457433
6.5633475365862415	1.0000195616384528
6.5672882601856255	0.9999875120325272
6.5715352109040994	1.0000512430124511
6.5784242487795268	0.9998619922230884
6.5828820183147574	0.9999909687914328
6.5866667018592748	0.9999300498055741
6.5901959331564335	1.0000291905808354
6.5936380998407005	0.9999454421053997
6.5970497646874939	1.0000395311043195
6.6004555882196021	0.9999515666341224
6.6038615650448493	1.0000422857116975
6.6072725538222929	0.9999542295196741
6.6106877893392850	1.0000427258714095
6.6141092479231576	0.9999556046186464
6.6175353117079441	1.0000424327492607
6.6209675160155594	0.9999565028326586
6.6244041697419780	1.0000419163573055
6.6278467500486986	0.9999572157281142
6.6312935818335870	1.0000413424398056
6.6347461585815077	0.9999578500757689
6.6382028354656155	1.0000407605664985
6.6416651461190774	0.9999584502885474
6.6451314906386294	1.0000401779779720
6.6486034665219194	0.9999590433145337
6.6520795456869921	1.0000395822925536
6.6555614271879735	0.9999596571130052
6.6590477030711908	1.0000389452618843
6.6625402392942910	0.9999603321585246
6.6660378338259889	1.0000382171300772
6.6695426358022551	0.9999611346119512
6.6730538040101068	1.0000373121654125
6.6765739840947171	0.9999621780096262
6.6801029863147781	1.0000360797427943
6.6836443647506725	0.9999636647549199
6.6871991639236859	1.0000342448512511
6.6907727114230733	0.9999659746469621
6.6943685868356324	1.0000312727475089
6.6979959695047739	0.9999698791568837
6.7016644173275060	1.0000260243688117
6.7053931633569261	0.9999770605098067
6.7092099189279653	1.0000163967880347
6.7131727283153904	0.9999861787236863
6.7174252609339158	1.0000514209217304
6.7243716528653783	0.9998739496643489
6.7292694655636751	0.9999758047732262
6.7338451944407272	0.9999185783058996
6.7409831818045394	1.0001316808676366
6.7458082412904359	1.0000155563403237
6.7499623671986821	1.0000475079104374
6.7538843003137901	0.9999895913073296
6.7577797124535151	1.0000231165600428
6.7617729960782729	0.9999895438151771
6.7660363860750161	1.0000535974327833
6.7729819079626674	0.9998730219835957
6.7778342549761756	0.9999764723692101
6.7821980254394534	0.9999618792013014
6.7865864703435141	1.0000441313972308
6.7936282100358065	0.9998662207588179
6.7985729947062836	0.9999735457734712
6.8031639833746036	0.9999169713836684
6.8103276447674457	1.0001288553130758
6.8154101944434160	0.9999709071412608
6.8229340706526012	1.0001678956378477
6.8279231380845991	1.0000260060694242
6.8320935835266168	1.0000578313884645
6.8359520206717539	0.9999871466965563
6.8397186273285264	1.0000342388535133
6.8434904326748160	0.9999822548109187
6.8473275908310551	1.0000190355567204
6.8512995553437994	0.9999876292060856
6.8555551090289892	1.0000524149167052
6.8624870778067262	0.9998715010346479
6.8672849006564078	0.9999786693950639
6.8715386359366590	0.9999593071717157
6.8756669035529230	1.0000021596222475
6.8799790319029537	0.9999400109450720
6.8869607781659372	1.0001247912928701
6.8918815203548256	1.0000225363137274
6.8964625814675733	1.0000806170572645
6.9036001490070289	0.9998672195603761
6.9084396782088060	0.9999832469306110
6.9126087967066034	0.9999518869869554
6.9165402891789300	1.0000092559291918
6.9204440294016125	0.9999760395707228
6.9244407629960296	1.0000095145396253
6.9287064163895637	0.9999453143886444
6.9356167653380973	1.0001322378772948
6.9402526779216229	1.0000129199087260
6.9442308006077331	1.0000576960149927
6.9479454118209976	0.9999778299398885
6.9515598981279672	1.0000428313484948
6.9551364807255300	0.9999679432161391
6.9586986044518424	1.0000378608083171
6.9622567159917432	0.9999650211347110
6.9658131344262078	1.0000360947393176
6.9693707261037501	0.9999641937275942
6.9729285312836664	1.0000354067151964
6.9764883833750124	0.9999640373503975
6.9800488620096832	1.0000350561057709
6.9836117684720271	0.9999641295746153
6.9871757359623450	1.0000347672523455
6.9907427512640083	0.9999643728361886
6.9943116917050601	1.0000344002932635
6.9978848995590770	0.9999648010203310
7.0014617183269223	1.0000338224990812
7.0050451358702741	0.9999655422552707
7.0086353656256746	1.0000328317826865
7.0122366202499604	0.9999668565616189
7.0158508266169886	1.0000310574882898
7.0194847144100336	0.9999692632468413
7.0231439527266453	1.0000277439402350
7.0268412011104830	0.9999738823469877
7.0305919335320279	1.0000212278848328
7.0344267704702466	0.9999828169196996
7.0383992560369855	1.0000127754446928
7.0426557055640506	0.9999471345110932
7.0495647399076704	1.0001311696260675
7.0542487933909115	1.0000149862787138
7.0582975726899244	1.0000531821202294
7.0621007783874701	0.9999830069483205
7.0658272677069993	1.0000347962529439
7.0695503478784119	0.9999779427856154
7.0733111097807972	1.0000234717481065
7.0771494076844599	0.9999840056606905
7.0811230976684056	1.0000134308909017
7.0853799687096357	0.9999474643433079
7.0923082546287963	1.0001277930231434
7.0971180636879758	1.0000205210670279
7.1013800770139301	1.0000395820981827
7.1055152454127102	0.9999968170431562
7.1098279202837462	1.0000592222080493
7.1167697846706846	0.9998670002877297
7.1214240629681074	0.9999864720895988
7.1254103967277223	0.9999414129645352
7.1291245732959609	1.0000214846544990
7.1327370151166889	0.9999559457011393
7.1363087743785520	1.0000312437484533
7.1398684555125227	0.9999610844224489
7.1434252917670307	1.0000336467444897
7.1469873853512604	0.9999636420927226
7.1505575897711644	1.0000332342473126
7.1541424967911382	0.9999660981924183
7.1577464523320593	1.0000308814720067
7.1613793743061898	0.9999699408560048
7.1650514233805174	1.0000259006501702
7.1687823993494257	0.9999770697381273
7.1726004611993677	1.0000163694186712
7.1765639702121673	0.9999861689458773
7.1808167146624404	1.0000514392055664
7.1877174412086831	0.9998653836717596
7.1923076330517786	0.9999869470867305
7.1962385045824444	0.9999386699964532
7.1999081111307097	1.0000225661435140
7.2034869302944191	0.9999545102206944
7.2070372199633281	1.0000312686368826
7.2105903033969403	0.9999617865040357
7.2141596408134694	1.0000313147109645
7.2177595726117980	0.9999677264298437
7.2214021418767746	1.0000265901721204
7.2251084962770911	0.9999761021482682
7.2289078243679716	1.0000165655722639
7.2328597566332400	0.9999861244362380
7.2371093598075165	1.0000510042360835
7.2440080966597513	0.9998644324068623
7.2485599597785439	0.9999876783842170
7.2524545107602432	0.9999371086256542
7.2560985943691279	1.0000228070995940
7.2596653903431685	0.9999546714862948
7.2632196446758179	1.0000296888612030
7.2667965420938367	0.9999646324228990
7.2704156663979322	1.0000265568770104
7.2741017122612135	0.9999748923578720
7.2778853968408761	1.0000165364747478
7.2818276666233643	0.9999859755915862
7.2860746576615272	1.0000505806100133
7.2929536176767922	0.9998602097365029
7.2973668412681434	0.9999927019082672
7.3010969044336536	0.9999262417493566
7.3045707476374560	1.0000320943873249
7.3079596930781623	0.9999418677492937
7.3113224043787008	1.0000420871401436
7.3146859419766326	0.9999492442571092
7.3180592000213807	1.0000434441519774
7.3214506214347903	0.9999540539086472
7.3248636975984507	1.0000413172133271
7.3283057478967066	0.9999588086915099
7.3317819428913689	1.0000368408002387
7.3353029700854764	0.9999650705290480
7.3388799637142741	1.0000294553766851
7.3425338284251378	0.9999747613994197
7.3462944347371906	1.0000173797877958
7.3502228183510043	0.9999862443182435
7.3544660498929000	1.0000502357220473
7.3613822373844577	0.9998666054307980
7.3659905298813673	0.9999837765583347
7.3699962629234239	0.9999463583458362
7.3738134212155702	1.0000103618536786
7.3776393089899290	0.9999740517227577
7.3815905815623557	1.0000088619290890
7.3858436041705087	0.9999464267088475
7.3927807135576522	1.0001286676461674
7.3975076078861681	1.0000196551222964
7.4016931521832170	1.0000412225799418
7.4057801398405143	0.9999974007854717
7.4100796912162910	1.0000579094981588
7.4170619850023343	0.9998725381775770
7.4218774927260576	0.9999767239795538
7.4262087682653766	0.9999616886559832
7.4305888230364312	1.0000427607675981
7.4375720782766148	0.9998534400581951
7.4420444100341641	0.9999884424535360
7.4458194830329951	0.9999276810157923
7.4493440482107065	1.0000273366022596
7.4527983302623868	0.9999471236987814
7.4562458563848182	1.0000348819661236
7.4597185592330497	0.9999581814059867
7.4632314299863891	1.0000323480259494
7.4668021738138526	0.9999680623979109
7.4704491935614303	1.0000237348264058
7.4742062418569866	0.9999811184439747
7.4781309974586572	1.0000124836156414
7.4823745147724550	0.9999486527220456
7.4892611903114359	1.0001375074916621
7.4937057583038529	1.0000083415816270
7.4974886995017833	1.0000678585395297
7.5010385232225012	0.9999726154064389
7.5045247586105628	1.0000486184299289
7.5080131531503858	0.9999666122626047
7.5115338988327514	1.0000368907733119
7.5151087126961968	0.9999708372309336
7.5187584490451655	1.0000251734724008
7.5225171530892307	0.9999819735490516
7.5264429153976922	1.0000129308860064
7.5306866797338428	0.9999488478119281
7.5375641574637857	1.0001392756566085
7.5419572311279319	1.0000061126759026
7.5456749856584144	1.0000727381972552
7.5491510710293506	0.9999678628387370
7.5525521969079543	1.0000554925705973
7.5559391447187387	0.9999591299807200
7.5593354191915996	1.0000467347920581
7.5627532632326107	0.9999590537434184
7.5661987938949204	1.0000405139059876
7.5696804799015069	0.9999627789262777
7.5732056626716711	1.0000338082314311
7.5767882666300430	0.9999698156653209
7.5804455481920634	1.0000240854538636
7.5842103602321735	0.9999816477636609
7.5881399113090229	1.0000126971079537
7.5923846948699358	0.9999485917576949
7.5993156881088888	1.0001289891165488
7.6040471710198219	1.0000199969834129
7.6082383821848243	1.0000412002148718
7.6123291753323654	0.9999974223114702
7.6166297267863499	1.0000580548899074
7.6235723632898296	0.9998653795173811
7.6281403698241110	0.9999871599756340
7.6320625499329333	0.9999402132450547
7.6357588637051208	1.0000183404217668
7.6394116917583705	0.9999622930367861
7.6430983290256469	1.0000194126940574
7.6468764352504399	0.9999792223783326
7.6508116255699194	1.0000113967785345
7.6550583465187154	0.9999478149914942
7.6619901930753596	1.0001287192925412
7.6667256937809549	1.0000199214078405
7.6709203040832969	1.0000410675901228
7.6750131761997640	0.9999973657193536
7.6793142931132108	1.0000580946171600
7.6862957626609623	0.9998726619912002
7.6911201131031994	0.9999767512169376
7.6954577983186958	0.9999617500800864
7.6998395740213050	1.0000430149213078
7.7068548331489142	0.9998595778639932
7.7115341274654687	0.9999807017231663
7.7155795145986152	0.9999458669762475
7.7194201609724198	1.0000093537373163
7.7232606218989410	0.9999739552365206
7.7272199459474562	1.0000087434010672
7.7314752587819884	0.9999461249169072
7.7383638707387830	1.0001375130828558
7.7428011003085082	1.0000069792808999
7.7465595414566053	1.0000703294687039
7.7500670727066705	0.9999687561078986
7.7534901049717959	1.0000544418151605
7.7568892432531857	0.9999590164932519
7.7602871021268749	1.0000473580228624
7.7636943357930823	0.9999573402550261
7.7671146586167961	1.0000432490482278
7.7705530670079934	0.9999586490111423
7.7740117808206755	1.0000396400045699
7.7774968087832503	0.9999617460076873
7.7810125728768327	1.0000351547079824
7.7845689702627485	0.9999668972437842
7.7881764818724228	1.0000283478431251
7.7918553340636274	0.9999756071034699
7.7956346423908576	1.0000170698750730
7.7995744494740400	0.9999862406996750
7.8038207498581968	1.0000506397318765
7.8107248701626579	0.9998649036401095
7.8152836146401050	0.9999867385805116
7.8192005462123904	0.9999392783049244
7.8228834044037860	1.0000197219928160
7.8265077613371359	0.9999594024596642
7.8301433799983959	1.0000235903536379
7.8338350137876978	0.9999731807904635
7.8376201817205766	1.0000156424820574
7.8415627832605752	0.9999854747742172
7.8458099150082115	1.0000503056104406
7.8527352782766426	0.9998687107013464
7.8574288362309490	0.9999810796087515
7.8615452856993695	0.9999525952967739
7.8654959885320563	1.0000045557278501
7.8695027637962678	0.9999790519858724
7.8737719611726629	1.0000478321324093
7.8806966142419297	0.9998639123607626
7.8852920858955073	0.9999849265999375
7.8892498043304844	0.9999413882491512
7.8929786265373947	1.0000169151991094
7.8966587974179827	0.9999632573873333
7.9003671766609429	1.0000187723374718
7.9041612492422821	0.9999795086873294
7.9081060984675879	1.0000114228596373
7.9123554393257294	0.9999474921045106
7.9192615630612941	1.0001331216796914
7.9238518489653442	1.0000131525763083
7.9278063818757252	1.0000570814329151
7.9315355596295651	0.9999817621231637
7.9352148416104349	1.0000355094625559
7.9389241923705987	0.9999800687526563
7.9427174989288210	1.0000193602094665
7.9466633519328767	0.9999874668001749
7.9509116989159212	1.0000513962602833
7.9578165751344301	0.9998651833631058
7.9623805414451603	0.9999867513295356
7.9663019362955936	0.9999395158959832
7.9699880559361596	1.0000196792314147
7.9736147031532614	0.9999595093433906
7.9772519061459342	1.0000235664300243
7.9809446126715544	0.9999732153786434
7.9847304793553500	1.0000156369150242
7.9886734786194626	0.9999854748898099
7.9929207238144224	1.0000503180074778
7.9998024837285726	0.9998605445117277
8.0042286022606355	0.9999922394650806
8.0079718748781445	0.9999269498168233
8.0114557971977192	1.0000318369119974
8.0148502458322515	0.9999419046375648
8.0182126501158439	1.0000426368998678
8.0215686726974038	0.9999481497117853
8.0249256003551341	1.0000452753103661
8.0282899414941831	0.9999513727568257
8.0316628093838425	1.0000450094151530
8.0350484561860664	0.9999538656200244
8.0384478804322921	1.0000432954001712
8.0418658288199687	0.9999566604186909
8.0453045032309181	1.0000403866414733
8.0487703523409007	0.9999604347262167
8.0522681660458382	1.0000359320199443
8.0558082772733997	0.9999660558766352
8.0594015620731039	1.0000288687281509
8.0630686515854855	0.9999752088816790
8.0668390951929396	1.0000172165975578
8.0707734667119393	0.9999862417990601
8.0750183079046760	1.0000504463426361
8.0818958603926276	0.9998596542464852
8.0862861468644240	0.9999933217899390
8.0899951843324676	0.9999250225292272
8.0934519105927265	1.0000328360336093
8.0968260734913446	0.9999408035915383
8.1001745659489366	1.0000430148003672
8.1035228229612244	0.9999479849893403
8.1068781407971873	1.0000448830759123
8.1102472967815817	0.9999521509015865
8.1136318594757224	1.0000436989697612
8.1170368121450238	0.9999557046077029
8.1204642370254039	1.0000408226855571
8.1239204917445011	0.9999598754975022
8.1274102071445391	1.0000362588180287
8.1309435944924857	0.9999657424264027
8.1345314208381989	1.0000290561997498
8.1381942454850549	0.9999750745295802
8.1419615966437782	1.0000172670470195
8.1458941070076918	0.9999862436702659
8.1501384426579815	1.0000503819006521
8.1570095180259425	0.9998583556151356
8.1613597719507975	0.9999949337068003
8.1650230674329904	0.9999217023993802
8.1684331465810995	1.0000356870907272
8.1717586277302647	0.9999368666246921
8.1750546443436924	1.0000468391993471
8.1783449258492986	0.9999432675603204
8.1816350822869648	1.0000499146771307
8.1849301466268702	0.9999461985184716
8.1882296106423809	1.0000503693490144
8.1915360087888143	0.9999478860900765
8.1948482337817179	1.0000498381917073
8.1981685791144852	0.9999492305563432
8.2014960700695259	1.0000488316159275
8.2048331582309775	0.9999506081318529
8.2081791680301546	1.0000474717233674
8.2115368850432677	0.9999522210992601
8.2149060979585773	1.0000457174559152
8.2182901503222094	0.9999542467756612
8.2216895879376182	1.0000434192336112
8.2251087202404083	0.9999569237461150
8.2285494344891923	1.0000402904857639
8.2320178675665971	0.9999606541787049
8.2355185502002399	1.0000357839592235
8.2390615732111545	0.9999662206171864
8.2426576017610795	1.0000287564623067
8.2463270767968933	0.9999752926252525
8.2500993735306061	1.0000171826620032
8.2540348960164280	0.9999862402621000
8.2582800426142065	1.0000504863654847
8.2651617513466196	0.9998604912120680
8.2695780177098062	0.9999923849670925
8.2733154743697046	0.9999268802886488
8.2767985731526839	1.0000315427935627
8.2801965018544834	0.9999423848483124
8.2835659801741848	1.0000419311858786
8.2869320847821157	0.9999490177826028
8.2903015633100612	1.0000442918398835
8.2936804133834841	0.9999524568037247
8.2970692577099197	1.0000438877226314
8.3004718619786644	0.9999550172956643
8.3038887702930264	1.0000421702837454
8.3073242779578091	0.9999577498208726
8.3107801751773316	1.0000393795400957
8.3142625124617098	0.9999613494509986
8.3177757035890263	1.0000351456904706
8.3213297407158322	0.9999667042366922
8.3249351601299519	1.0000283845846913
8.3286122695061380	0.9999755246135056
8.3323902543505373	1.0000170783313995
8.3363292480176199	0.9999862329933907
8.3405753298195719	1.0000506060759544
8.3474658524217151	0.9998623108648661
8.3519406461819266	0.9999902053612174
8.3557462143988008	0.9999314714542830
8.3592985137118987	1.0000277159884279
8.3627671971733371	0.9999475740626347
8.3662107343182033	1.0000370974129387
8.3696561241323568	0.9999548306298138
8.3731121302981002	1.0000382883413732
8.3765870986946744	0.9999594390125632
8.3800847551537441	1.0000361453935431
8.3836131411977171	0.9999641258939929
8.3871789775460925	1.0000314614854473
8.3907960141210385	0.9999708433082685
8.3944810574997817	1.0000230686362970
8.3982664843433970	0.9999819287423934
8.4022085705793472	1.0000126769732665
8.4064567446611171	0.9999481445139460
8.4133593136377751	1.0001337530588790
8.4179352938549545	1.0000125548189722
8.4218675549946536	1.0000588153803025
8.4255657986540520	0.9999796864338245
8.4292017978756153	1.0000389099002556
8.4328487560626098	0.9999756585923557
8.4365480185438422	1.0000254472174133
8.4403403796571119	0.9999833641631575
8.4442859156789183	1.0000134340216789
8.4485350969042834	0.9999484446635422
8.4554301440426993	1.0001352990818713
8.4599614194018606	1.0000105757138298
8.4638285867574101	1.0000635955348278
8.4674438938982188	0.9999743129862629
8.4709737084461345	1.0000471778960329
8.4744812528423843	0.9999655658091002
8.4779920494809193	1.0000396346096900
8.4815200067988528	0.9999651541250492
8.4850728471227992	1.0000342027500406
8.4886612720251602	0.9999687160727340
8.4922959818267927	1.0000275586300567
8.4959969210570794	0.9999764013221536
8.4997927331586833	1.0000168448127178
8.5037426334216732	0.9999862524572144
8.5079916654757444	1.0000510001784515
8.5148970732289886	0.9998656333534596
8.5194861718917725	0.9999862267600967
8.5234305551016813	0.9999403075378298
8.5271305162941768	1.0000198732639549
8.5307585162703372	0.9999586697405767
8.5343804861801829	1.0000257414169420
8.5380344561064465	0.9999695161997638
8.5417453497460052	1.0000210764458819
8.5455488846956502	0.9999814890850742
8.5495016577262746	1.0000123125085560
8.5537528044295215	0.9999475969001137
8.5606913471816135	1.0001264901395484
8.5655269650438655	1.0000227390134442
8.5698772379651782	1.0000372853332304
8.5742632680385302	0.9999553212583752
8.5812660123784266	1.0001400864183554
8.5859376869019304	1.0000163568536355
8.5899377246247646	1.0000577138904645
8.5936864373545934	0.9999818776124494
8.5973624023263167	1.0000375712054144
8.6010416643163943	0.9999768635617210
8.6047665852907738	1.0000247455088540
8.6085779292615321	0.9999837083870339
8.6125350391255928	1.0000134736884805
8.6167873703778763	0.9999480664892232
8.6237171710613687	1.0001282660191126
8.6284981524025852	1.0000203828494529
8.6327338503087816	1.0000401814065378
8.6368524012958048	0.9999970510326475
8.6411605159499238	1.0000587877726395
8.6481010590724807	0.9998660973498853
8.6527119986077654	0.9999872937958936
8.6566554482673865	0.9999394843626535
8.6603353691795331	1.0000223376644584
8.6639230285872895	0.9999549856945855
8.6674793336502471	1.0000313404226961
8.6710330041185522	0.9999613246405565
8.6745938333440229	1.0000326616031174
8.6781710762704201	0.9999652681328941
8.6817695068341045	1.0000307134228563
8.6853989334485338	0.9999696932123715
8.6890690327875468	1.0000258194361176
8.6927991217766003	0.9999770164252045
8.6966168768835761	1.0000163348810094
8.7005803051246495	0.9999861530114118
8.7048330047821878	1.0000514293495726
8.7117487501144346	0.9998682102552923
8.7164351328300516	0.9999830670030990
8.7205056757589272	0.9999478672086395
8.7243513878384178	1.0000123559185390
8.7281542823079157	0.9999701823015976
8.7320019679589578	1.0000124991486912
8.7359778427520478	0.9999840284840059
8.7402346458961500	1.0000505309812682
8.7471622201778008	0.9998695045846592
8.7519134008015165	0.9999802587599733
8.7560859508055575	0.9999543605165510
8.7600794262229353	1.0000042953508250
8.7641121801429804	0.9999792070837916
8.7683885308959937	1.0000488022130796
8.7753366172798994	0.9998694402183429
8.7801414868739514	0.9999778566955814
8.7843974932724933	0.9999588341641281
8.7885263329111325	1.0000019061013095
8.7928387155023309	0.9999398640551208
8.7998206782134645	1.0001247365938213
8.8047411709743137	1.0000225018866846
8.8093221728206910	1.0000805865107685
8.8164643862195859	0.9998680000491849
8.8213353268067873	0.9999818953206322
8.8255583031031186	0.9999553468478629
8.8295728523217161	1.0000048621359177
8.8336141559158765	0.9999794659799915
8.8378934122772677	1.0000490696403164
8.8448514017875084	0.9998709582327604
8.8497134259564998	0.9999756276902265
8.8540823090966079	0.9999614550958216
8.8584722408971590	1.0000440394855614
8.8654736044836504	0.9998588523347836
8.8701499872265366	0.9999833187681638
8.8741399445020601	0.9999393995098455
8.8778518590779694	1.0000207188251240
8.8814607148838736	0.9999551576797404
8.8850283627265885	1.0000312019459332
8.8885830868415372	0.9999605227260243
8.8921330393081739	1.0000341363127478
8.8956848081180926	0.9999626874706602
8.8992391836082998	1.0000345767795704
8.9028000123479032	0.9999640561201893
8.9063679040707395	1.0000338372744486
8.9099474448639988	0.9999656809696311
8.9135408863770653	1.0000320073848714
8.9171553077347259	0.9999683589452356
8.9207967571458084	1.0000284691423014
8.9244782972444892	0.9999733080503220
8.9282158668770091	1.0000216036409375
8.9320406267119274	0.9999826460971893
8.9360068447916099	1.0000127601449624
8.9402615866383019	0.9999473471603740
8.9471671163236568	1.0001321159189673
8.9518142833582566	1.0000139092455071
8.9558167983621146	1.0000557616066414
8.9595697581611766	0.9999807046362031
8.9632412957593210	1.0000381328525070
8.9669014492936938	0.9999744174228935
8.9705854225408697	1.0000282065247719
8.9743217685211540	0.9999784481276998
8.9781425844352611	1.0000170802438786
8.9821073749227001	0.9999865528380621
8.9863605415193017	1.0000516682597236
8.9932849300046005	0.9998699027179457
8.9980295249356317	0.9999805718411963
9.0021957779120161	0.9999542777233392
9.0061843056987385	1.0000043931040723
9.0102139843378044	0.9999792248446238
9.0144894996876896	1.0000487059398804
9.0214111462076580	0.9998643612898275
9.0260350156523952	0.9999852362991090
9.0300040580037457	0.9999406218267790
9.0337164155149097	1.0000199812107426
9.0373447482190947	0.9999578617171022
9.0409540309809131	1.0000273549532859
9.0445794669455140	0.9999668389551133
9.0482402382723937	1.0000250782880908
9.0519603955592274	0.9999759582351081
9.0557696943928789	1.0000161144918138
9.0597276903332773	0.9999859567783578
9.0639789391335661	1.0000511275959876
9.0709034151632437	0.9998695052753523
9.0756329645067773	0.9999807007292055
9.0797842535832149	0.9999537649803166
9.0837612395627918	1.0000044395435763
9.0877838669285165	0.9999791714572307
9.0920574389860960	1.0000484362010793
9.0990147929073011	0.9998707231939689
9.1038602714290331	0.9999755232196320
9.1082171734530384	0.9999613228174177
9.1126038467615782	1.0000435543266368
9.1196031290910309	0.9998578817090108
9.1242398869758894	0.9999839180016989
9.1281923186544507	0.9999379363103463
9.1318799863727094	1.0000205399679669
9.1354830352943655	0.9999561247950253
9.1390687695477517	1.0000281460884775
9.1426732796933301	0.9999657923882663
9.1463161271721347	1.0000256391170212
9.1500216739735389	0.9999754807852421
9.1538200333597128	1.0000162767406657
9.1577713179804405	0.9999859600581802
9.1620207417504727	1.0000508941649764
9.1689391231960009	0.9998680420285816
9.1736127198818309	0.9999826179675552
9.1776838644087704	0.9999490094867689
9.1815541379323893	1.0000094585239270
9.1854187412744643	0.9999750039770955
9.1893932576001394	1.0000091103006725
9.1936526183755802	0.9999457699499551
9.2005807251018261	1.0001294339625206
9.2052975835255832	1.0000177244197601
9.2094317437512938	1.0000455972977524
9.2133969270707929	0.9999943311766201
9.2174107489503374	1.0000197596095468
9.2216831725699890	0.9999507284426762
9.2286150451286257	1.0001328965443910
9.2332943514754007	1.0000168909007372
9.2373627222516195	1.0000504907705130
9.2412308007461377	0.9999895758451380
9.2450917185208823	1.0000241060879453
9.2490653575611645	0.9999898910673476
9.2533232151802753	1.0000531260693639
9.2602093903903686	0.9998612535275876
9.2646458087467369	0.9999926317060525
9.2683923402579005	0.9999269500835531
9.2718726538026015	1.0000326485405773
9.2752574476540541	0.9999409335812511
9.2786047099685831	1.0000440832345270
9.2819403884568690	0.9999464050849629
9.2852719648083895	1.0000473626079596
9.2886060566226245	0.9999489616608428
9.2919437873955015	1.0000477297702599
9.2952893143240622	0.9999508082585515
9.2986433337584771	1.0000466898704283
9.3020100739873559	0.9999528695943297
9.3053908104365100	1.0000446225010005
9.3087905726047193	0.9999556335621722
9.3122118702986398	1.0000414463804292
9.3156614390333683	0.9999595665781800
9.3191443396457458	1.0000367114009645
9.3226711459859271	0.9999654484602098
9.3262529805806160	1.0000293331522554
9.3299107074578309	0.9999749181207047
9.3336741556298062	1.0000173487257891
9.3376042579421661	0.9999862522034904
9.3418479533940708	1.0000503007200219
9.3487723213075622	0.9998682280878503
9.3534366096809585	0.9999815537596594
9.3575246296410963	0.9999516517769349
9.3614538159042713	1.0000047008172674
9.3654476218802607	0.9999789693752762
9.3697132746491594	1.0000473460185197
9.3766842570320801	0.9998720106404793
9.3815622678834227	0.9999746493790502
9.3861333482670215	0.9999189920410463
9.3932179479509212	1.0001429511023381
9.3976312533800943	1.0000017362244638
9.4012835123496679	1.0000792719482043
9.4046654728300627	0.9999608444013443
9.4079594281639949	1.0000640688470521
9.4112292524396484	0.9999505525432409
9.4144975357940517	1.0000567213742517
9.4177743345842249	0.9999485729990575
9.4210622826105546	1.0000525561321261
9.4243651034687996	0.9999494421323361
9.4276830951476871	1.0000493776372319
9.4310197140705263	0.9999516114379098
9.4343755701451020	1.0000461728553010
9.4377549856395841	0.9999547338880680
9.4411598303037643	1.0000423332440804
9.4445962458814066	0.9999590078555750
9.4480687600482298	1.0000371935157628
9.4515874744298820	0.9999651479028134
9.4551631248410040	1.0000295622738613
9.4588162596227772	0.9999748000709308
9.4625765030365319	1.0000174105109199
9.4665047127953645	0.9999862620813142
9.4707478882687877	1.0000502412393646
9.4776327721473486	0.9998607385748853
9.4820524871580645	0.9999917414025308
9.4858035505127702	0.9999284169269239
9.4893111111681971	1.0000292852599011
9.4927454895039656	0.9999458129208968
9.4961652217690222	1.0000376285224897
9.4995980339215897	0.9999547806819121
9.5030542266159870	1.0000371949656897
9.5065447118353443	0.9999615595147265
9.5100771529371944	1.0000325517280040
9.5136658828224778	0.9999695252951802
9.5173280495840338	1.0000236371139730
9.5210965058109576	0.9999815517678462
9.5250282582850367	1.0000126151018149
9.5292736409582428	0.9999484736796056
9.5361728862411272	1.0001348405230801
9.5407066901929962	1.0000115132479228
9.5445950194281508	1.0000610707443582
9.5482547905853519	0.9999784105454190
9.5518583540070239	1.0000404745810378
9.5554785260194279	0.9999748291987888
9.5591564880976332	1.0000261710319438
9.5629331529218202	0.9999831421317315
9.5668691690486796	1.0000134423085634
9.5711157653477485	0.9999487797967807
9.5780023981094580	1.0001373077823275
9.5824640180984666	1.0000082854423384
9.5862520805134359	1.0000685643673055
9.5897887020519139	0.9999703180581284
9.5932392536716176	1.0000526819616957
9.5966639782151102	0.9999604136406852
9.6000850216165965	1.0000460077864461
9.6035122904516523	0.9999582947692041
9.6069485034319673	1.0000425787473373
9.6103973313958146	0.9999588035122462
9.6138592930431948	1.0000400395434579
9.6173381508058426	0.9999605706012098
9.6208352638693526	1.0000372847154742
9.6243561472233701	0.9999634794619251
9.6279046921045843	1.0000334720689159
9.6314903626789388	0.9999681498303827
9.6351231363774801	1.0000273437047349
9.6388227361664427	0.9999762195301629
9.6426176283039560	1.0000167780000713
9.6465669969869161	0.9999862117588764
9.6508158771279664	1.0000509620731852
9.6577135110995727	0.9998641474021531
9.6622532990254726	0.9999883049937160
9.6661287016180673	0.9999354569123570
9.6697437103235835	1.0000252036995643
9.6732660878233663	0.9999505763871678
9.6767535049253706	1.0000354137328533
9.6802316390232601	0.9999561201546067
9.6837071021635257	1.0000382831526780
9.6871851815915555	0.9999583487518834
9.6906654597537223	1.0000388901301367
9.6941502921984970	0.9999594499026917
9.6976384920657424	1.0000387063472138
9.7011321885863602	0.9999602540713285
9.7046304068911873	1.0000381371602636
9.7081356239179737	0.9999611274548621
9.7116474029637399	1.0000372122268832
9.7151689346124588	0.9999623266055397
9.7187007371309733	1.0000357660422530
9.7222473121879389	0.9999641714228168
9.7258109792126284	1.0000334232519867
9.7293988537344109	0.9999672173771001
9.7330170995627121	1.0000294110933783
9.7366788994369617	0.9999726102453410
9.7404004156054942	1.0000220533465582
9.7442131444878388	0.9999824391108102
9.7481719663101654	1.0000127358832211
9.7524246855601415	0.9999475903892157
9.7593688241929222	1.0001251829328881
9.7642665608605057	1.0000233035319381
9.7688405432920415	1.0000806742926682
9.7762083509002373	0.9999085916802822
9.7810188320562421	1.0000007206031754
9.7851851452317895	0.9999905702265665
9.7889682538448497	1.0000439869514359
9.7925791949349907	0.9999566111153250
9.7961653319052182	1.0000030857632760
9.7998206590170955	0.9999444012058631
9.8035644572107525	0.9999901952218461
9.8073767342764562	0.9999517851886224
9.8112191319450019	1.0000028272159316
9.8150466687950146	0.9999589211420359
9.8188232876541548	1.0000184745366258
9.8225367345761985	0.9999605683824012
9.8261920810732875	1.0000277768401880
9.8298106194058459	0.9999619893507086
9.8334140298391279	1.0000295981678837
9.8370273437733040	0.9999660760688076
9.8406716859256100	1.0000253524988680
9.8443744204576760	0.9999742655085956
9.8481687998896561	1.0000151685727114
9.8521170442655528	0.9999846450570943
9.8563657956472248	1.0000494604686527
9.8632748295867554	0.9998648764756005
9.8678788573997380	0.9999845379357734
9.8718437441729794	0.9999405554815881
9.8755640428208569	1.0000185142539928
9.8792062447201481	0.9999580794529475
9.8828279550517877	1.0000268560945116
9.8864547042300455	0.9999651949167666
9.8900921655028373	1.0000284739260317
9.8937443045592790	0.9999685001187871
9.8974088194806527	1.0000283497037619
9.9010861077437511	0.9999701782769370
9.9047727085671582	1.0000278935172231
9.9084686675563614	0.9999710610082865
9.9121708039629155	1.0000274361612824
9.9158798048820120	0.9999715846693012
9.9195935224239946	1.0000269075973285
9.9233140973952221	0.9999721601436955
9.9270413759932143	1.0000259782584480
9.9307802734170796	0.9999733936029893
9.9345345897772059	1.0000239264866979
9.9383152207135623	0.9999764394054440
9.9421355757674483	1.0000191416602553
9.9460237677621475	0.9999834430666056
9.9500296054743913	1.0000126768012190
9.9542952398075375	0.9999458692978576
9.9612191816595956	1.0001268501811063
9.9660846973864015	1.0000207785289181
9.9703986988041677	1.0000386532055370
9.9745672230335956	0.9999966687989005
9.9788891108395461	1.0000605384369876
9.9858455318682076	0.9998716401529432
9.9906691392257123	0.9999821807071705
9.9948835945236372	0.9999552158273890
9.9988706026308733	1.0000088557640285
