0.0000000000000000	0.0000000000000000
3.9542274289297028	0.0010000000000000
3.9601501973617164	0.0009819330840604
3.9651509039709407	0.0009664229831382
3.9696456590223415	0.0010704631163765
3.9741242835868613	0.0012466981439459
3.9787894796929151	0.0013844626607627
3.9865873480172507	0.0019227066863044
3.9922477510325836	0.0018847687050261
3.9977323736865484	0.0025442536520060
4.0031499501059260	0.0028731197566056
4.0097469239546681	0.0038330571658356
4.0156659042200298	0.0041951034880883
4.0212633966127429	0.0055041449329509
4.0259079337926007	0.0063200616319428
4.0304648971992565	0.0074068317404206
4.0346792371869267	0.0085403871129809
4.0390260917204186	0.0098821955270328
4.0436890571621955	0.0114907688772750
4.0514754260786008	0.0150706705086861
4.0568365213091671	0.0178301445249543
4.0617893189911394	0.0210005226211408
4.0702699252777865	0.0275091617976721
4.0754747433096066	0.0325665167391121
4.0804244074032736	0.0381090802592765
4.0855705363303159	0.0454043749832687
4.0904478461817533	0.0528732137279668
4.0950251107592690	0.0609689861410856
4.0992651342241180	0.0695275962012543
4.1031571014300070	0.0785053914072531
4.1070134559152729	0.0883256005379062
4.1108499776034844	0.0993294531458639
4.1148551047849482	0.1120238269010546
4.1189147102405563	0.1264160882226050
4.1231631935600008	0.1431249125701075
4.1274598161038023	0.1619303068246656
4.1319110916034765	0.1834982361507475
4.1364105701191303	0.2075771322249201
4.1409952639392209	0.2345133050949498
4.1456738324490026	0.2645064407545228
4.1503323659257054	0.2968216304808739
4.1551617061065551	0.3327138955734314
4.1599638591490136	0.3705441694298111
4.1770201964749711	0.5174499793363948
4.1816482417401977	0.5581492030045742
4.1862263330106977	0.5978868967934734
4.1911603616545268	0.6395579148960711
4.1957178822866066	0.6764356765816547
4.2003762755747118	0.7121735520135896
4.2049977108503507	0.7452580812514560
4.2131852440563211	0.7979518206336101
4.2174789826882924	0.8220097636505864
4.2211695184268079	0.8410514662257119
4.2248484116189386	0.8582581910942300
4.2285469910258984	0.8740994645216711
4.2323913363126788	0.8888732170291976
4.2362533241992644	0.9022532613282429
4.2402464949407621	0.9145161435944124
4.2442105823252056	0.9253644290862689
4.2482631567177842	0.9350848414815717
4.2522472225728736	0.9435498683578813
4.2562764066560970	0.9509888559650685
4.2602164492398309	0.9574292996715716
4.2641653975030946	0.9629973707019162
4.2680182358268217	0.9678334714291000
4.2718599338710073	0.9719597794473124
4.2756252878973173	0.9755960459460363
4.2794026988215217	0.9786894155906581
4.2831680755948947	0.9814787836811018
4.2870225907249280	0.9838872293434475
4.2909900799934046	0.9861035044946703
4.2952734040206533	0.9880665313015645
4.3018141461630588	0.9908261334345884
4.3064124501312468	0.9921499615063105
4.3102267583703169	0.9932508100467961
4.3137657884950773	0.9939924667651108
4.3172241738916970	0.9947942721918354
4.3206941989011280	0.9953469645030925
4.3241931293936329	0.9959847410902064
4.3277427481322794	0.9964167617798430
4.3313356449833762	0.9969254207742131
4.3349824997439299	0.9972615106566235
4.3386748128056380	0.9976640563882516
4.3424236160815015	0.9979239019599256
4.3462283745947294	0.9982386586047434
4.3501146071850467	0.9984441433714057
4.3541200087652898	0.9986875579622944
4.3583878026475622	0.9988164463225186
4.3650145010381243	0.9992973695296216
4.3822002633593087	0.9998903474582906
4.3882279282098571	0.9996595516089504
4.3973568898432296	1.0000662504305384
4.4009279091459419	0.9998370254887080
4.4043776677357718	0.9998885590234243
4.4080123132000528	0.9998186400625838
4.4118474819683184	0.9998374346964294
4.4158462199112574	0.9997877770285752
4.4200837018933070	0.9998235932538072
4.4243813235837219	0.9998372956525923
4.4318585718348986	1.0000161031810162
4.4363163158474261	0.9999338961990638
4.4406073805039199	0.9999374003560613
4.4449291608308750	0.9999469850419896
4.4533890291020066	1.0001931869699132
4.4570821527457039	1.0000283970206849
4.4612027676365287	1.0000281859767395
4.4655339008504082	0.9999217196169053
4.4717459066267846	1.0000879612898359
4.4760708003279257	0.9999245155657965
4.4795018810359348	1.0000445019746182
4.4826771205095346	0.9999174572528796
4.4858794422069206	1.0000386364482150
4.4892145528011937	0.9999592590235064
4.4927410318534493	1.0000263918349150
4.4965299320760606	0.9999933414838609
4.5007370462806913	1.0000507163300623
4.5078682002758228	0.9998909392875397
4.5123337757186368	0.9999994216723100
4.5163963827330855	0.9999731465603769
4.5204198788452139	1.0000147891968676
4.5245122341569806	1.0000221013534663
4.5287986905849422	1.0001570217151188
4.5338542365785921	0.9997796897951048
4.5422940854000675	1.0002881717822694
4.5483643288684075	1.0000804733330169
4.5618285326856540	1.0004212991264283
4.5654464033151116	1.0001156902851198
4.5687446683966488	1.0001648752065324
4.5723385260834544	1.0000543824372321
4.5765250516494431	1.0000625525664992
4.5835231008773372	0.9998429457563142
4.5874387846267473	0.9999857424793945
4.5909492722786993	0.9999118973882313
4.5944517353464791	0.9999997557166656
4.5980837505461238	0.9999555797322819
4.6019288772570182	0.9999963724417413
4.6061521316888889	0.9999408420127520
4.6131236177209773	1.0001210716323974
4.6178307024673835	1.0000191990984686
4.6220937931730663	1.0000356235360859
4.6264556787801636	0.9999573046257394
4.6334861723590235	1.0001378885814765
4.6381542283970978	1.0000199334242663
4.6422287480633484	1.0000494524725569
4.6461490905474685	0.9999952371029350
4.6501364376085803	1.0000206835991672
4.6544013806472684	0.9999522383210009
4.6613146610513816	1.0001377039929753
4.6658265996444497	1.0000113562223665
4.6696791904941160	1.0000644615907672
4.6732923489518043	0.9999756797529872
4.6768348167545053	1.0000456651655296
4.6803726013704070	0.9999689429134377
4.6839360323517338	1.0000349631676746
4.6875467860587650	0.9999722415160848
4.6912254284510837	1.0000243063475618
4.6950055339577341	0.9999823946017191
4.6989442903345937	1.0000129921115206
4.7031915612972917	0.9999484390930203
4.7101319765081344	1.0001268843825515
4.7149484131027082	1.0000228799911890
4.7192846893762521	1.0000374547118176
4.7236669283674191	0.9999558924391753
4.7306590535418067	1.0001426829593023
4.7352349935048119	1.0000135745446657
4.7391213200474098	1.0000644203173397
4.7427528147575071	0.9999764118080519
4.7463064524776621	1.0000453796335216
4.7498518014760096	0.9999692215136732
4.7534208191282818	1.0000347210591329
4.7570358662149888	0.9999723464828788
4.7607178057155295	1.0000241653494857
4.7645002947818522	0.9999823929646070
4.7684404863886876	1.0000129584757862
4.7726881484870765	0.9999483610694464
4.7796366539361372	1.0001252770307298
4.7845193563302884	1.0000236138924585
4.7890894069868777	1.0000802725264384
4.7962523004567119	0.9998714523636031
4.8012351120077659	0.9999770743097671
4.8058391280569595	0.9999184976910286
4.8129727829881581	1.0001378922156479
4.8176206441719778	1.0000098022380972
4.8215280936310911	1.0000628474350006
4.8251587013048436	0.9999743908759011
4.8286996688929866	1.0000461055066643
4.8322233453990764	0.9999670333322103
4.8357607007754675	1.0000371065673785
4.8393308429664694	0.9999688176283423
4.8429482797232808	1.0000288671512458
4.8466344363749023	0.9999762912128758
4.8504189838198402	1.0000172568306869
4.8543619100255979	0.9999863915242149
4.8586090709003171	1.0000508355037228
4.8655519182397162	0.9998723704063220
4.8703706395176756	0.9999761244460004
4.8747111119467279	0.9999615760837224
4.8790931380760094	1.0000431873113940
4.8861141609217862	0.9998614547276627
4.8908641980381029	0.9999785072211403
4.8950060656940533	0.9999515055677307
4.8989682670063379	1.0000039068926692
4.9029802278094650	0.9999787157199271
4.9072510554400548	1.0000477776881187
4.9141591566708973	0.9998606888751777
4.9186531865604426	0.9999892785041004
4.9224696486575530	0.9999313160034117
4.9260259569324250	1.0000277192442402
4.9294929269824470	0.9999470025521168
4.9329292522387291	1.0000378970568562
4.9363616224499598	0.9999535458956919
4.9397980987528838	1.0000399829770112
4.9432459107473061	0.9999571700375720
4.9467071640579450	1.0000390567581376
4.9501874487277417	0.9999603689826504
4.9536897863927090	1.0000363112745687
4.9572219472294918	0.9999644999706914
4.9607907338465287	1.0000314814782447
4.9644099843678369	0.9999709887110535
4.9680966430578453	1.0000230717717935
4.9718831765751359	0.9999819727207342
4.9758259133655258	1.0000126949380539
4.9800742684407897	0.9999481331787554
4.9870220807147003	1.0001252227865705
4.9919069192238439	1.0000235521753453
4.9964775261103176	1.0000803218690566
5.0036033942006695	0.9998651189843594
5.0083414632838110	0.9999856272761295
5.0123886438895315	0.9999457945916649
5.0161914196629889	1.0000143248902631
5.0199519348535286	0.9999688032108272
5.0237656643364623	1.0000130865380832
5.0277201714095252	0.9999840571423386
5.0319712375156485	1.0000497753353490
5.0388647209174033	0.9998620017839754
5.0433482224939565	0.9999898972479945
5.0471600561580345	0.9999316313838297
5.0507163105275712	1.0000275761363031
5.0541877855738679	0.9999477407603364
5.0576341097450364	1.0000368712246572
5.0610834889685767	0.9999552452006297
5.0645460279942256	1.0000376434692582
5.0680316944188153	0.9999604775774986
5.0715462808878238	1.0000346181912354
5.0751006897638558	0.9999663809085344
5.0787058642456318	1.0000282503046778
5.0823824798035675	0.9999754065667275
5.0861599419560894	1.0000170431786306
5.0900985796299691	0.9999862096424542
5.0943445718819786	1.0000505827264412
5.1012350647716360	0.9998622794828661
5.1057089513903868	0.9999901066691983
5.1095161409120076	0.9999318128903835
5.1130744762054592	1.0000269720250956
5.1165554968780373	0.9999489153720509
5.1200199436103295	1.0000350889289753
5.1234977981823491	0.9999578377560533
5.1270017456210013	1.0000341381297910
5.1305456956847451	0.9999652427238362
5.1341415484966095	1.0000282587837064
5.1378105266871099	0.9999749647897368
5.1415822698584046	1.0000170320506740
5.1455174243136321	0.9999861530191105
5.1497624737539702	1.0000504278412528
5.1567156709724591	0.9998738821933342
5.1615909591395646	0.9999753909938767
5.1661607964898684	0.9999192354644070
5.1732913698449048	1.0001343981816004
5.1779963970211833	1.0000127722562375
5.1820090734579356	1.0000545686192717
5.1857854369235943	0.9999839996580931
5.1895239170556335	1.0000308941680021
5.1933232338766979	0.9999857054212830
5.1972676471800039	1.0000149165774475
5.2015172074153719	0.9999494543135191
5.2084608814258884	1.0001274346986404
5.2132713277271776	1.0000230699428541
5.2176027001055250	1.0000375956261434
5.2219836522162941	0.9999561442766655
5.2289717922793688	1.0001437233386161
5.2335114097447786	1.0000125820976267
5.2373583176201661	1.0000666905369422
5.2409537760629501	0.9999749812827531
5.2444753921846203	1.0000472140417200
5.2479924981684745	0.9999680330287641
5.2515369524863873	1.0000359171174031
5.2551311604911497	0.9999716070444054
5.2587962202502609	1.0000247247104574
5.2625661389410325	0.9999821899699388
5.2664986718648858	1.0000129562158839
5.2707442662322519	0.9999486285325956
5.2776584167914473	1.0001320988143791
5.2822859564722542	1.0000154867294857
5.2863080203413269	1.0000518724965042
5.2901401072617151	0.9999888151761736
5.2939753061524115	1.0000246216070889
5.2979336271809458	0.9999899989312260
5.3021872856404739	1.0000526626821049
5.3091176305799559	0.9998688879494511
5.3137944444129444	0.9999816830264472
5.3178929555824501	0.9999521241680398
5.3218296921846298	1.0000047372217773
5.3258279449687764	0.9999790416417346
5.3300948248471407	1.0000475308331804
5.3370285673930447	0.9998652183839032
5.3416626399683169	0.9999827173302798
5.3456891157375503	0.9999467264434307
5.3495217519765168	1.0000099031730274
5.3533585466977938	0.9999742045515351
5.3573162520327973	1.0000088714378426
5.3615710368671339	0.9999462184662492
5.3685255560566878	1.0001251403462301
5.3735256790222357	0.9999729669823648
5.3809793947169453	1.0001681429436371
5.3858650073347603	1.0000250522922103
5.3899476752923201	1.0000606101423477
5.3937494678485969	0.9999873672911299
5.3974972739758993	1.0000327456685121
5.4012996545618055	0.9999866774033959
5.4052450683652005	1.0000154554198679
5.4094949929109388	0.9999497323271884
5.4164063241556910	1.0001337509541681
5.4209985645963892	1.0000141239832656
5.4249662467435789	1.0000557660218705
5.4287246373442626	0.9999844760508113
5.4324557831505480	1.0000312406400225
5.4362520057451000	0.9999858682257118
5.4401951561209323	1.0000149936557337
5.4444442823799415	0.9999495140991442
5.4513775852341491	1.0001293687807928
5.4561169980133624	1.0000202406529359
5.4603144930444918	1.0000411661532742
5.4644090076156351	0.9999974216003776
5.4687105930695576	1.0000581708423413
5.4757008468571300	0.9998743456674200
5.4805933203368200	0.9999760519911489
5.4851686976547898	0.9999193322796430
5.4923085301419832	1.0001336274377863
5.4970547995569126	1.0000144046041572
5.5011257804097724	1.0000508178942675
5.5049785229848540	0.9999884454565250
5.5088228335942606	1.0000243273479650
5.5127851600474953	0.9999898487092365
5.5170401018220874	1.0000526849670892
5.5239634512276119	0.9998675241891755
5.5285965549817311	0.9999836365309727
5.5326251377430147	0.9999474151967584
5.5364603798575054	1.0000101377209776
5.5402993102725073	0.9999744304369554
5.5442583723738155	1.0000089812413639
5.5485135119366804	0.9999462342287964
5.5554415248994635	1.0001300916855989
5.5601244587287351	1.0000172988377825
5.5642260101659273	1.0000466863977560
5.5681666812050628	0.9999942047147458
5.5721657778621294	1.0000198655201220
5.5764341433978473	0.9999512811458142
5.5834001059021734	1.0001271218815306
5.5882857809377269	1.0000243463916190
5.5928571362191297	1.0000805445600338
5.5999738549894653	0.9998628787055442
5.6046255688337556	0.9999884719166443
5.6085610329616165	0.9999389598106514
5.6122365455680701	1.0000210547558785
5.6158461012504217	0.9999587092076412
5.6194662456940589	1.0000243660572798
5.6231442999039150	0.9999728005080819
5.6269190292757996	1.0000158770476431
5.6308551774391855	0.9999855152882480
5.6351005823778486	1.0000501015674694
5.6420452570950985	0.9998720339788828
5.6468521826736788	0.9999760020170085
5.6511840240099307	0.9999614475326278
5.6555637242640300	1.0000428150561693
5.6625606701181708	0.9998566286548292
5.6671394913923017	0.9999847220177827
5.6710420286278822	0.9999361231130737
5.6747009906185131	1.0000200462355493
5.6783008763146707	0.9999576269317150
5.6819143949072881	1.0000241175083391
5.6855876507953091	0.9999724029886569
5.6893589551667425	1.0000157869921669
5.6932930683711689	0.9999854363990857
5.6975379156959409	1.0000499884609950
5.7044426700732611	0.9998644178062686
5.7089865508439397	0.9999866779310838
5.7128951755778106	0.9999394057467432
5.7165823093780697	1.0000183855415532
5.7202280518663065	0.9999618670561526
5.7239090224424363	1.0000194929813075
5.7276828849045929	0.9999790879279269
5.7316154782810589	1.0000113596607609
5.7358615080001423	0.9999478837335183
5.7427622075400588	1.0001346813056768
5.7472938979302510	1.0000116748079890
5.7511864153559094	1.0000602287671634
5.7548609418264434	0.9999800357005861
5.7584945325236196	1.0000375331514428
5.7621673116074401	0.9999791839010952
5.7659336455325372	1.0000199747543159
5.7698631280661683	0.9999875767298309
5.7741070645878949	1.0000508798014831
5.7810154573909527	0.9998650835735595
5.7855658710415687	0.9999860599607469
5.7894937963112927	0.9999414254439704
5.7932166297892378	1.0000154650800532
5.7969209891233584	0.9999667076544058
5.8006960432772265	1.0000133082585649
5.8046278728822811	0.9999838797062035
5.8088726973553007	1.0000489130868229
5.8157742790204630	0.9998625436386870
5.8202644703452178	0.9999879424967112
5.8241168609351286	0.9999363608650447
5.8277552229290430	1.0000198982447539
5.8313607462821002	0.9999599982052565
5.8350099309973622	1.0000202456641210
5.8387605706781818	0.9999785246542929
5.8426791767327844	1.0000112479177037
5.8469214449630664	0.9999483061557272
5.8538535515507633	1.0001293846131927
5.8585539362264178	1.0000196224719760
5.8627171822101403	1.0000418382511793
5.8667906407203558	0.9999976339352828
5.8710865160394077	1.0000575864030277
5.8780811617723883	0.9998743329420021
5.8829572904382115	0.9999757744504000
5.8875284198190680	0.9999198051810243
5.8946648062876665	1.0001352261638587
5.8993404630604696	1.0000131522542615
5.9033402755517761	1.0000537913343117
5.9071354175905046	0.9999874053266897
5.9109380177668127	1.0000253788875653
5.9148754467165867	0.9999901037165687
5.9191236562022729	1.0000519636048046
5.9260884032639973	0.9998742412410816
5.9309467767944737	0.9999753080824466
5.9355124013436678	0.9999198760513320
5.9426559868494673	1.0001334814919458
5.9473820877655159	1.0000153956765134
5.9514624438127086	1.0000482478887680
5.9553717129501456	0.9999935204774802
5.9593484395469218	1.0000199060242523
5.9636111866930683	0.9999521699995029
5.9703692295354207	1.0001671524650670
5.9741057339912818	0.9999788681607751
5.9772162603828312	1.0001194349266647
5.9801793012947604	0.9999397655627672
5.9831339547982259	1.0000919666374999
5.9861194480495188	0.9999338768808074
5.9891454318066701	1.0000753637930668
5.9922153361555486	0.9999361339981306
5.9953281085793710	1.0000645566617226
5.9984855395952490	0.9999412525917539
6.0016870203778252	1.0000560542930457
6.0049361632193632	0.9999477850146405
6.0082346657014467	1.0000479135746292
6.0115893561548361	0.9999557053603667
6.0150064252737021	1.0000386494657849
6.0184994487095294	0.9999660058085942
6.0220856700288632	1.0000262772014314
6.0257985330411223	0.9999806066257519
6.0296968360640877	1.0000126003752323
6.0339332446291909	0.9999496291306881
6.0408653624024140	1.0001301970762930
6.0455338486825996	1.0000194901100925
6.0496699284854580	1.0000425876705668
6.0537269851513349	0.9999979102993606
6.0580184140084512	1.0000571898635768
6.0649289332281935	0.9998581124730593
6.0692508318815346	0.9999950757387948
6.0729108135712941	0.9999241715033780
6.0763604666641404	1.0000297311111399
6.0797749164111918	0.9999469635081932
6.0832168226913765	1.0000326959544275
6.0867218313860620	0.9999630379142286
6.0903142386322395	1.0000243421560162
6.0940307483399945	0.9999796453724827
6.0979309109438828	1.0000120605196527
6.1021678906339138	0.9999492975102688
6.1091136159758861	1.0001274890622831
6.1138748042586935	1.0000229371045752
6.1181716209208412	1.0000377836968686
6.1225432383102829	0.9999574029792150
6.1295125998298774	1.0001486102821799
6.1338823719651048	1.0000081734584461
6.1375670415714394	1.0000758056207597
6.1410331418533772	0.9999708479331063
6.1444578406042965	1.0000520439457137
6.1479088909579067	0.9999669311169874
6.1514196369962031	1.0000358095360513
6.1550178782014626	0.9999748485231748
6.1587371358209753	1.0000192650248110
6.1626403428307706	0.9999868798992799
6.1668768968628260	1.0000496682104500
6.1738125224552896	0.9998691345036571
6.1784861021300772	0.9999794056267789
6.1826294832833408	0.9999565606087909
6.1866894709178499	1.0000011028264315
6.1909830007171038	0.9999416766302617
6.1977041461039244	1.0001750574299004
6.2012304990231968	0.9999657470247751
6.2041740393141964	1.0001336314691165
6.2070021681144691	0.9999295785091716
6.2098359131121370	1.0001041927884677
6.2127045709166859	0.9999238154576410
6.2156117155538704	1.0000872394993741
6.2185568239191893	0.9999249065524917
6.2215355331140252	1.0000773437743151
6.2245466361378305	0.9999280903235221
6.2275862385850900	1.0000708096704427
6.2306542777777763	0.9999318404880433
6.2337477663129084	1.0000658334269255
6.2368675722965703	0.9999356808544425
6.2400114926890078	1.0000615436287661
6.2431811507971258	0.9999395445790396
6.2463750875307964	1.0000574674421792
6.2495956772340797	0.9999435383753886
6.2528423156284916	1.0000532736012333
6.2561183240417728	0.9999478737903902
6.2594243000247110	1.0000486297386206
6.2627650414109111	0.9999528904888709
6.2661431823973643	1.0000430709810775
6.2695662957983576	0.9999591795737995
6.2730411694706172	1.0000357672278406
6.2765817481911830	0.9999679198421314
6.2802054364061259	1.0000250200767891
6.2839455401815769	0.9999811112768818
6.2878601571499804	1.0000126198482597
6.2921009288796492	0.9999490683642697
6.2989375414519548	1.0001473425330984
6.3030939248943483	0.9999966761930296
6.3065650909720103	1.0000905642764901
6.3098111641528609	0.9999547076349788
6.3129927684536780	1.0000728371777592
6.3161630195358169	0.9999444625393019
6.3193390312439242	1.0000639286011137
6.3225278292873135	0.9999425288175011
6.3257299630592376	1.0000590887876477
6.3289475105981765	0.9999432789135395
6.3321791545496815	1.0000558734407143
6.3354267381862401	0.9999450098845055
6.3386889829120863	1.0000532069576444
6.3419680752629013	0.9999471988909743
6.3452631401023520	1.0000505947926961
6.3485768882135822	0.9999497562495399
6.3519090947818952	1.0000477348880730
6.3552632704179821	0.9999527973395834
6.3586402531777564	1.0000443298408805
6.3620449257615741	0.9999566089242541
6.3654800548282999	1.0000399437793395
6.3689532118450991	0.9999617495980260
6.3724711945337349	1.0000337675492543
6.3760478570424466	0.9999693767010066
6.3797003884016670	1.0000241124586187
6.3834617126699351	0.9999815150973954
6.3873891482038179	1.0000126528888722
6.3916333635072942	0.9999486403619563
6.3985231559064264	1.0001368145912974
6.4029915130060893	1.0000090987047063
6.4067998520727070	1.0000663457040813
6.4103727439056435	0.9999735910546937
6.4138794187242310	1.0000474096801080
6.4173858001233004	0.9999673987127556
6.4209221517361073	1.0000361092567207
6.4245101674843168	0.9999713173445002
6.4281705627917454	1.0000248111672747
6.4319371764468798	0.9999821028428456
6.4358677414000987	1.0000129305688321
6.4401127977294905	0.9999486787652363
6.4470543938505518	1.0001270059332019
6.4518594992584255	1.0000228954596668
6.4561875982715522	1.0000375139187523
6.4605676251096193	0.9999561981357908
6.4676143445924703	1.0001330782823499
6.4725346133940773	1.0000261023061492
6.4771174277103327	1.0000816232743384
6.4842855797122896	0.9998701171220127
6.4892066207156596	0.9999779280047743
6.4935800047850423	0.9999620085165377
6.4979738231558866	1.0000435904384029
6.5049787155428653	0.9998557991072314
6.5095406141383041	0.9999854796905268
6.5134172249877746	0.9999342334486828
6.5170447160997025	1.0000219781967279
6.5206056769778984	0.9999546192464490
6.5241685760624577	1.0000277214797351
6.5277723585544090	0.9999672917316788
6.5314425565739205	1.0000221038720851
6.5352157757518103	0.9999808461249844
6.5391500316121185	1.0000122164608554
6.5433961667144098	0.9999481983667118
6.5503002156060655	1.0001338120686412
6.5548668621922461	1.0000127236791416
6.5587977981515175	1.0000582436016971
6.5625071570202413	0.9999812369433749
6.5661705242098911	1.0000362023673817
6.5698675184425808	0.9999798111971203
6.5736518911761541	1.0000195709346706
6.5775923648317063	0.9999875137103679
6.5818392480190449	1.0000512351183206
6.5887279967557868	0.9998619265502461
6.5931835637527589	0.9999910428969184
6.5969658120904953	0.9999298956921270
6.6004927192114362	1.0000293053748595
6.6039326783167560	0.9999452921771880
6.6073422183096469	1.0000396540770971
6.6107459726262316	0.9999514285622763
6.6141499195371081	1.0000424095806508
6.6175589115181790	0.9999541001847418
6.6209721780270376	1.0000428476737371
6.6243916949615320	0.9999554816706063
6.6278158423227094	1.0000425511473552
6.6312461562146527	0.9999563851204845
6.6346809450075126	1.0000420308402966
6.6381216856473353	0.9999571028169530
6.6415667043654336	1.0000414527115065
6.6450174943736826	0.9999577418094213
6.6484724124877470	1.0000408664060432
6.6519329924656505	0.9999583467405224
6.6553976364670691	1.0000402791121694
6.6588679426166326	0.9999589447421277
6.6623423854155215	1.0000396783243399
6.6658226651786476	0.9999595639647554
6.6693073771972857	1.0000390356104578
6.6727983894957257	0.9999602451117404
6.6762945041271378	1.0000383009694946
6.6797978733021894	0.9999610546273723
6.6833076609281070	1.0000373883597604
6.6868265169439782	0.9999621063924785
6.6903542579528610	1.0000361467844916
6.6938944437432326	0.9999636032089045
6.6974481265691290	1.0000343008154884
6.7010206413347282	0.9999659253054028
6.7046155769697879	1.0000313152765612
6.7082421221619315	0.9999698445772500
6.7119098465930964	1.0000260507138572
6.7156379965996127	0.9999770434880136
6.7194543019999928	1.0000164045812938
6.7234168333556186	0.9999861794889435
6.7276692903126323	1.0000514115085002
6.7346157505925852	0.9998739493772749
6.7395133393909212	0.9999758007423416
6.7440890093254282	0.9999185849299959
6.7512270005490542	1.0001316944184322
6.7560513395369037	1.0000155464732290
6.7602047110937553	1.0000475359590113
6.7641260135573136	0.9999895811792453
6.7680209566750351	1.0000231270925068
6.7720139543328868	0.9999895465407317
6.7762772658268258	1.0000535890136000
6.7832228310947436	0.9998730180560387
6.7880748013130940	0.9999764708842117
6.7924382943316317	0.9999618768138780
6.7968266637198820	1.0000441204464114
6.8038684711029482	0.9998662198586498
6.8088130340868895	0.9999735410708288
6.8134039642404076	0.9999169774464788
6.8205677236169668	1.0001288517876665
6.8256502511186543	0.9999709136647787
6.8331741236337260	1.0001679129838303
6.8381623369291162	1.0000259959804831
6.8423318284788888	1.0000578740498536
6.8461894108941266	0.9999871254892758
6.8499552978967975	1.0000342679504288
6.8537265226875608	0.9999822426754840
6.8575632481591953	1.0000190447035868
6.8615349468892486	0.9999876310186171
6.8657904279009481	1.0000524065036993
6.8727224222611714	0.9998714937845100
6.8775197756834396	0.9999786718600731
6.8817730802228452	0.9999592974726259
6.8859010753083449	1.0000021557614851
6.8902131288014692	0.9999400179171526
6.8971949310129785	1.0001247909625917
6.9021154664381958	1.0000225399686598
6.9066964729377061	1.0000806112194065
6.9138340440218355	0.9998672075817477
6.9186729338973532	0.9999832551898866
6.9228413787917233	0.9999518621786972
6.9267723070797498	1.0000092647153787
6.9306756267383189	0.9999760301401628
6.9346721037053456	1.0000095119769639
6.9389376864253789	0.9999453217519378
6.9458479677286800	1.0001322607498220
6.9504829146728460	1.0000128957964649
6.9544599541729486	1.0000577521656420
6.9581735376220939	0.9999777900871971
6.9617870726199049	1.0000428836285797
6.9653627722030516	0.9999679026862481
6.9689240733820776	1.0000379049919443
6.9724814171747074	0.9999649838270556
6.9760371207661063	1.0000361317876174
6.9795940490247812	0.9999641611530115
6.9831512423436619	1.0000354374036389
6.9867105336882620	0.9999640101319565
6.9902705029509500	1.0000350808364822
6.9938329508800274	0.9999641078827344
6.9973965104283673	1.0000347863170098
7.0009631672897950	0.9999643565434311
7.0045317977084292	1.0000344140640696
7.0081047420174363	0.9999647897343704
7.0116813415619852	1.0000338315423791
7.0152645812151162	0.9999655353107526
7.0188546710749407	1.0000328369127078
7.0224558197338958	0.9999668530267659
7.0260699496567973	1.0000310597536055
7.0297037856334734	0.9999692619895185
7.0333629917199740	1.0000277445199111
7.0370602223474359	0.9999738821978901
7.0408109466469693	1.0000212278665850
7.0446457808040090	0.9999828169675850
7.0486182656341860	1.0000127754524304
7.0528747147620505	0.9999471345380467
7.0597837689079990	1.0001311658196450
7.0644679518380640	1.0000149904767217
7.0685169028710861	1.0000531729328908
7.0723202916588503	0.9999830141242479
7.0760469615099284	1.0000347876873452
7.0797702101541837	0.9999779485782654
7.0835311191070698	1.0000234670158390
7.0873695327430237	0.9999840074712779
7.0913432956256814	1.0000134309770308
7.0956001863850160	0.9999474618422750
7.1025284690928885	1.0001277901901775
7.1073384331336991	1.0000205220690224
7.1116005940756457	1.0000395787707361
7.1157358577765537	0.9999968157817840
7.1200485585724982	1.0000592247722881
7.1269905529992590	0.9998670283706046
7.1316458681461645	0.9999864383970113
7.1356335329410800	0.9999414905568343
7.1393491416227732	1.0000214166103385
7.1429630750532009	0.9999560365552719
7.1465363730373355	1.0000311615025193
7.1500976301984780	0.9999611765982254
7.1536560623120442	1.0000335609085240
7.1572197501265569	0.9999637292867177
7.1607915201790426	1.0000331540111751
7.1643779360959661	0.9999661734168011
7.1679833124637380	1.0000308158336764
7.1716175361648542	0.9999699963068449
7.1752907342591827	1.0000258582144401
7.1790226721236765	0.9999770978608109
7.1828414681058677	1.0000163567274118
7.1868054327605755	0.9999861678209306
7.1910583008453077	1.0000514547643915
7.1979593051431916	0.9998654577844087
7.2025522666256929	0.9999868677415462
7.2064863324704831	0.9999388477844990
7.2101590329041674	1.0000224366253279
7.2137407563891411	0.9999546759403559
7.2172937479897712	1.0000311431520534
7.2208493238169451	0.9999619169589712
7.2244209261209695	1.0000312140910739
7.2280228722433666	0.9999678155885596
7.2316671763714329	1.0000265271316082
7.2353749540756933	0.9999761452210040
7.2391753518527802	1.0000165473401266
7.2431279414966090	0.9999861231848108
7.2473777228416756	1.0000510268287568
7.2542767557328434	0.9998645194981574
7.2588318852368632	0.9999875904125148
7.2627299700402963	0.9999373008042772
7.2663772680137795	1.0000226840074986
7.2699468986661602	0.9999548255436999
7.2735036274565248	1.0000295880258256
7.2770826571072149	0.9999647317667534
7.2807035740427768	1.0000264945945370
7.2843910634900810	0.9999749383699248
7.2881758184509104	1.0000165191324537
7.2921187404000696	0.9999859750428104
7.2963659080513752	1.0000506033398768
7.3032453553313221	0.9998603321841808
7.3076626977165260	0.9999925732263015
7.3113969608816660	0.9999265007361937
7.3148744675353843	1.0000319305673213
7.3182665695862195	0.9999420746721813
7.3216320221158941	1.0000419457915402
7.3249979530684817	0.9999493943829150
7.3283733059534946	1.0000433326122669
7.3317665544477917	0.9999541599496835
7.3351812174747675	1.0000412353677954
7.3386246339393191	0.9999588803163424
7.3421019929011306	1.0000367861475752
7.3456239963861139	0.9999651140164022
7.3492017890905261	1.0000294252280397
7.3528562823696282	0.9999747806824755
7.3566173461182558	1.0000173716479681
7.3605460052869267	0.9999862438333916
7.3647893113306351	1.0000502452088493
7.3717055151363322	0.9998666215270693
7.3763145259013436	0.9999837643462134
7.3803209499044478	0.9999463866463359
7.3841386510354470	1.0000103531083542
7.3879649250327857	0.9999740615599201
7.3919164263312940	1.0000088645567813
7.3961695114259198	0.9999464203654325
7.4031066071471177	1.0001286614022769
7.4078338936127164	1.0000196579294334
7.4120197793839564	1.0000412144113819
7.4161069760267901	0.9999973978358241
7.4204065843975879	1.0000579148998696
7.4273888494646245	0.9998725408257614
7.4322046218204560	0.9999767247020817
7.4365360857198395	0.9999616904112034
7.4409161915040656	1.0000427682165323
7.4478994824457105	0.9998534553682680
7.4523723957423034	0.9999884296828171
7.4561479958135344	0.9999277096543533
7.4596729640046036	1.0000273242717987
7.4631275470813829	0.9999471404506716
7.4665752979245115	1.0000348745337122
7.4700481682746913	0.9999581896550220
7.4735611631659946	1.0000323442011354
7.4771319978203143	0.9999680659184785
7.4807790825274845	1.0000237333916511
7.4845361749115176	0.9999811193387294
7.4884609561571294	1.0000124837677014
7.4927044805845808	0.9999486519135844
7.4995911140869671	1.0001375143560027
7.5040354878133391	1.0000083336449659
7.5078181909536035	1.0000678743011930
7.5113677739602718	0.9999726033946568
7.5148537775437045	1.0000486329393912
7.5183419547945265	0.9999666016742412
7.5218625027904071	1.0000369009814762
7.5254371435496781	0.9999708304450513
7.5290867367333805	1.0000251783763729
7.5328453329648273	0.9999819716345537
7.5367710294095742	1.0000129308168071
7.5410147761456052	0.9999488500735307
7.5478921046226519	1.0001393067111850
7.5522842069057052	1.0000060782547116
7.5560009177614953	1.0000728063349142
7.5594760361672044	0.9999678153093611
7.5628762759133572	1.0000555526420958
7.5662624073125144	0.9999590852828892
7.5696579282593657	1.0000467822498349
7.5730750807342275	0.9999590163605170
7.5765199830738661	1.0000405490715425
7.5800011071081821	0.9999627513451955
7.5835257982318680	1.0000338312288235
7.5871079848830041	0.9999697993624729
7.5907649290430479	1.0000240961342199
7.5945294905966962	0.9999816431927454
7.5984588894663441	1.0000126967877068
7.6027036320594092	0.9999485968937570
7.6096346322491151	1.0001289947668945
7.6143658116489874	1.0000199947509911
7.6185567519320436	1.0000412068290183
7.6226473771941192	0.9999974246903932
7.6269478831217024	1.0000580505354324
7.6338904616999219	0.9998653621047678
7.6384577802511195	0.9999871767075970
7.6423792480780914	0.9999401776274078
7.6460749464313036	1.0000183593988790
7.6497272673652876	0.9999622706807498
7.6534135033923283	1.0000194222209855
7.6571913156645302	0.9999792156369697
7.6611263283481650	1.0000113955121530
7.6653730013047490	0.9999478204634608
7.6723048560511016	1.0001287254437530
7.6770400115824025	1.0000199188385754
7.6812343138535777	1.0000410750185542
7.6853269949771796	0.9999973683918921
7.6896280600438134	1.0000580896425371
7.6966095547619933	0.9998726591052236
7.7014336471123350	0.9999767505083925
7.7057711463774101	0.9999617483892287
7.7101528718964740	1.0000430075876132
7.7171681086468116	0.9998595649466248
7.7218468469007320	0.9999807106561869
7.7258916759798986	0.9999458437102873
7.7297318699547120	1.0000093611709351
7.7335720018295948	0.9999739468516970
7.7375311287242479	1.0000087411594003
7.7417863879123505	0.9999461304013542
7.7486748187993770	1.0001375547545093
7.7531106374915391	1.0000069335470307
7.7568675879989026	1.0000704219494112
7.7603737638360437	0.9999686930701071
7.7637955758096426	1.0000545221132886
7.7671936045265628	0.9999589570199593
7.7705904474885337	1.0000474220779518
7.7739967496760274	0.9999572886827398
7.7774162200242474	1.0000432992307537
7.7808538527894742	0.9999586071149645
7.7843118663070916	1.0000396779672056
7.7877962683602480	0.9999617145647295
7.7913114811298456	1.0000351812187245
7.7948674018307615	0.9999668765911097
7.7984745128751243	1.0000283631351639
7.8021530429618773	0.9999755974669277
7.8059321129250687	1.0000170741618490
7.8098717749278137	0.9999862410271481
7.8141180360692095	1.0000506347693821
7.8210221212227413	0.9998648901187459
7.8255803306812961	0.9999867511734776
7.8294967125323840	0.9999392505787975
7.8331790963556962	1.0000197371591275
7.8368030584760984	0.9999593836745642
7.8404383550567340	1.0000236000426510
7.8441297349457013	0.9999731722296035
7.8479147170546995	1.0000156450327817
7.8518572061248531	0.9999854746347030
7.8561043072936680	1.0000503015778714
7.8630296731296312	0.9998687058659201
7.8677229869087792	0.9999810825218819
7.8718392035049511	0.9999525875148899
7.8757897324599933	1.0000045565630691
7.8797964035072354	0.9999790511998815
7.8840655721541761	1.0000478281641827
7.8909902149667230	0.9998639058999262
7.8955854102200780	0.9999849318616472
7.8995428562807311	0.9999413756088057
7.9032714543283777	1.0000169209691996
7.9069514486261863	0.9999632500310848
7.9106596931394630	1.0000187750874681
7.9144536693972833	0.9999795065140608
7.9183984609671150	1.0000114223994367
7.9226477860248448	0.9999474938518137
7.9295539137353099	1.0001331233097717
7.9341441044811285	1.0000131514117183
7.9380985574200311	1.0000570844931951
7.9418276808248063	0.9999817614590181
7.9455069286091131	1.0000355106221066
7.9492162588318624	0.9999800686716955
7.9530095536124179	1.0000193604779599
7.9569554004000782	0.9999874668960732
7.9612037455104927	1.0000513961030200
7.9681086488352859	0.9998651883175976
7.9726727705590328	0.9999867459649103
7.9765943576056149	0.9999395269929066
7.9802806702970575	1.0000196712539995
7.9839074990786489	0.9999595186581295
7.9875448648003902	1.0000235605784977
7.9912377087371098	0.9999732201479525
7.9950236805397124	1.0000156352189684
7.9989667447430337	0.9999854748885769
8.0032140073261822	1.0000503203061029
8.0100959526095181	0.9998605824647341
8.0145232737432561	0.9999921958782463
8.0182678947520962	0.9999270389348228
8.0217531114244061	1.0000317698876442
8.0251487857316519	0.9999419905962336
8.0285123552981723	1.0000425679667631
8.0318694875336174	0.9999482250128999
8.0352274702244202	1.0000452109654245
8.0385928084393754	0.9999514370085211
8.0419666129746687	1.0000449530214859
8.0453531321846441	0.9999539188534220
8.0487533628039660	1.0000432487015256
8.0521720490724267	0.9999567026363402
8.0556113921021915	1.0000403504095263
8.0590778394170339	0.9999604659417886
8.0625761800742417	1.0000359065108804
8.0661167464622991	0.9999660761478723
8.0697104131102559	1.0000288540478699
8.0733778089965966	0.9999752182611491
8.0771484787700008	1.0000172125298994
8.0810829876184460	0.9999862415347560
8.0853278658763728	1.0000504510720931
8.0922054951077484	0.9998596752192626
8.0965964914889810	0.9999933005945306
8.1003062196475231	0.9999250643066145
8.1037635203447138	1.0000328120699913
8.1071381541894940	0.9999408337785423
8.1104870347660576	1.0000429962699093
8.1138356122706448	0.9999480045379973
8.1171911945262103	1.0000448700315447
8.1205605670227179	0.9999521630751698
8.1239453056613691	1.0000436904924883
8.1273503996176935	0.9999557118485689
8.1307779367585038	1.0000408176208937
8.1342342794422287	0.9999598795288263
8.1377240628812721	1.0000362560811016
8.1412575020732429	0.9999657444466870
8.1448453671879815	1.0000290549511905
8.1485082200500720	0.9999750753123756
8.1522755906075961	1.0000172667536842
8.1562081123456363	0.9999862436655177
8.1604524511467034	1.0000503823027687
8.1673234652525846	0.9998583446600616
8.1716734014446715	0.9999949470310608
8.1753363324142381	0.9999216759977033
8.1787460503667262	1.0000357082080846
8.1820711765938032	0.9999368393517222
8.1853668425474311	1.0000468623909766
8.1886567768307881	0.9999432416557918
8.1919465898544566	1.0000499381012473
8.1952413161319502	0.9999461742913335
8.1985404487693803	1.0000503919273880
8.2018465239513105	0.9999478637073550
8.2051584355407456	1.0000498592533655
8.2084784784186535	0.9999492101929667
8.2118056786796405	1.0000488507466478
8.2151424889614812	0.9999505899540992
8.2184882342486869	1.0000474886604203
8.2218457009328869	0.9999522052523423
8.2252146780924722	1.0000457320210461
8.2285985099385552	0.9999542333842251
8.2319977425824096	1.0000434312935866
8.2354166860405726	0.9999569129205882
8.2388572278808532	1.0000402999310622
8.2423255054853630	0.9999606460278478
8.2458260500946672	1.0000357906925923
8.2493689530079504	0.9999662152410673
8.2529648801478963	1.0000287603794693
8.2566342733819162	0.9999752901095665
8.2604065094955317	1.0000171837515197
8.2643419950967161	0.9999862403298626
8.2685871317470934	1.0000504850911205
8.2754687629292061	0.9998604749090139
8.2798845100224927	0.9999924037469190
8.2836213895877933	0.9999268419443591
8.2871039333134959	1.0000315718415502
8.2905013305752693	0.9999423470968368
8.2938702944338640	1.0000419622289110
8.2972358975460203	0.9999489831910875
8.3006048860922377	1.0000443224197364
8.3039832589618019	0.9999524254861581
8.3073716405072560	1.0000439162347250
8.3107737993432096	0.9999549896014777
8.3141902821567957	1.0000421954567831
8.3176253876006481	0.9999577264018300
8.3210809089269233	1.0000394003060367
8.3245628998032224	0.9999613311058398
8.3280757774762755	1.0000351610957425
8.3316295373230478	0.9999666917552842
8.3352347193442302	1.0000283938090406
8.3389116351156929	0.9999755186584641
8.3426894753469263	1.0000170809472710
8.3466283806351242	0.9999862331751955
8.3508744386207496	1.0000506030373346
8.3577648532895559	0.9998622863502533
8.3622388240593022	0.9999902325828487
8.3660434750257640	0.9999314145408972
8.3695948993081561	1.0000277575995939
8.3730627596747134	0.9999475205778340
8.3765055196116744	1.0000371393142082
8.3799501738372122	0.9999547853832701
8.3834054866763204	1.0000383259617702
8.3868798069485369	0.9999594025906212
8.3903768654061555	1.0000361758442891
8.3939047088333361	0.9999640991028326
8.3974700641647377	1.0000314826065397
8.4010866876095012	0.9999708272562585
8.4047713933583328	1.0000230788236211
8.4085565672381293	0.9999819241423878
8.4124984986691498	1.0000126765814998
8.4167466309163821	0.9999481497202556
8.4236491381117986	1.0001337717451260
8.4282244048523136	1.0000125367051842
8.4321558977987046	1.0000588550264553
8.4358534487090591	0.9999796627576845
8.4394888490780335	1.0000389387487549
8.4431353024547491	0.9999756425745893
8.4468341569884018	1.0000254609721060
8.4506262140353154	0.9999833597441974
8.4545715644645210	1.0000134341069220
8.4588206953657128	0.9999484511614165
8.4657156086317062	1.0001353326624693
8.4702456867095925	1.0000105398130972
8.4741115203134978	1.0000636730453247
8.4777255635401652	0.9999742580566685
8.4812542057243938	1.0000472483558780
8.4847606618767113	0.9999655126892152
8.4882704505536086	1.0000396909114377
8.4917974807389527	0.9999651096914216
8.4953494807563921	1.0000342439517953
8.4989371594209047	0.9999686846164491
8.5025712272286871	1.0000275834157579
8.5062716399518070	0.9999763859565064
8.5100670565542877	1.0000168520169450
8.5140167138658143	0.9999862531400399
8.5182656801748955	1.0000509919430969
8.5251709992859475	0.9998656050667580
8.5297589992207534	0.9999862548244222
8.5337021801272925	0.9999402449674737
8.5374010366499462	1.0000199129799601
8.5410280568652315	0.9999586201918389
8.5446491721713667	1.0000257726835864
8.5483024138692905	0.9999694867351266
8.5520127133570547	1.0000210922264505
8.5558158025287394	0.9999814803379699
8.5597683018830999	1.0000123112811781
8.5640193742951354	0.9999476058046031
8.5709579570243477	1.0001264948566995
8.5757931951378712	1.0000227403843278
8.5801431897351925	1.0000372877658257
8.5845291442948017	0.9999553320725084
8.5915318122657087	1.0001401131874625
8.5962023945550712	1.0000163332204892
8.6002012399028391	1.0000577730072999
8.6039488696845119	0.9999818430220825
8.6076238941635719	1.0000376149812429
8.6113023598637621	0.9999768393470964
8.6150266342692756	1.0000247666751576
8.6188374937905383	0.9999837015676549
8.6227943064887729	1.0000134737590884
8.6270465567850092	0.9999480768556754
8.6339763787472865	1.0001282754532284
8.6387568100582079	1.0000203796303053
8.6429920054623572	1.0000401930124228
8.6471102395916226	0.9999970554170023
8.6514182677021836	1.0000587794326357
8.6583586832004720	0.9998660609964443
8.6629681662861753	0.9999873329754217
8.6669099776783867	0.9999393955886013
8.6705883394287451	1.0000224011542413
8.6741745478623784	0.9999549033252554
8.6777295018839755	1.0000314036585518
8.6812819125562513	0.9999612568031011
8.6848415719778629	1.0000327169400092
8.6884177379825047	0.9999652153770798
8.6920151914185748	1.0000307563087547
8.6956437490531613	0.9999696568023758
8.6993130987717677	1.0000258461839293
8.7030425706876535	0.9999769985591433
8.7068598599219147	1.0000163427176574
8.7108230004607190	0.9999861536553639
8.7150756217829315	1.0000514194968380
8.7219913442789192	0.9998681922420825
8.7266768986628396	0.9999830820100959
8.7307465641732520	0.9999478301345436
8.7345915132030072	1.0000123734797881
8.7383937907647375	0.9999701618137957
8.7422410177711516	1.0000125039106134
8.7462166120102367	0.9999840276827248
8.7504733381487654	1.0000505207487975
8.7574009218132911	0.9998694933042974
8.7621515057588777	0.9999802652266871
8.7663234639549579	0.9999543415964334
8.7703164834108662	1.0000042975478789
8.7743489584545991	0.9999792052751718
8.7786252320933791	1.0000487916975194
8.7855733427458969	0.9998694324451961
8.7903777402292693	0.9999778587221495
8.7946333146856883	0.9999588242598058
8.7987618814727266	1.0000019021283584
8.8030741890808901	0.9999398709878967
8.8100562079103515	1.0001247362174284
8.8149764943319227	1.0000225055189977
8.8195574416408480	1.0000805806666868
8.8266996748480615	0.9998679909244681
8.8315700756160194	0.9999819001118079
8.8357925081153308	0.9999553300628589
8.8398066379736573	1.0000048640826944
8.8438476854115642	0.9999794643737682
8.8481268707844833	1.0000490600233205
8.8550848989893272	0.9998709542776103
8.8599465975160214	0.9999756258908037
8.8643152409474091	0.9999614527834547
8.8687051073396486	1.0000440298692370
8.8757064594588861	0.9998588387001490
8.8803822191262896	0.9999833287349329
8.8843715584518979	0.9999393714741436
8.8880829785493667	1.0000207306469664
8.8916914714210638	0.9999551426043011
8.8952588780371773	1.0000312055599261
8.8988134724966290	0.9999605211179726
8.9023633975156571	1.0000341307121103
8.9059152319382378	0.9999626963214520
8.9094697557467875	1.0000345634229708
8.9130308040157793	0.9999640720327670
8.9165989731720217	1.0000338190593314
8.9201788348545108	0.9999657000967288
8.9237726246739850	1.0000319881482722
8.9273874051198909	0.9999683770231653
8.9310292067249364	1.0000284531700088
8.9347110744447900	0.9999733207565271
8.9384489287379907	1.0000215949987867
8.9422739114651169	0.9999826500365960
8.9462402694847540	1.0000127605083142
8.9504950491134014	0.9999473424386497
8.9574006600872753	1.0001320940525189
8.9620486649908209	1.0000139318132673
8.9660521696204825	1.0000557101927017
8.9698061000250178	0.9999807409936533
8.9734785446823420	1.0000380875970549
8.9771395242156657	0.9999744483989782
8.9808242251461454	1.0000281776079938
8.9845611808602488	0.9999784645564412
8.9883824627108861	1.0000170714031786
8.9923475426677548	0.9999865516821409
8.9966007877454981	1.0000516779093707
9.0035251764825031	0.9998699166663607
9.0082704784570033	0.9999805630879021
9.0124374455002503	0.9999543008970048
9.0164265299303068	1.0000043899863751
9.0204565507275589	0.9999792269310014
9.0247321601980932	1.0000487187806384
9.0316539416017463	0.9998644019013879
9.0362793902395175	0.9999851960486686
9.0402502182035782	0.9999407156150441
9.0439642648465881	1.0000199179818716
9.0475941385072911	0.9999579422753361
9.0512048068504658	1.0000272995191839
9.0548314683900912	0.9999668939913214
9.0584932938435898	1.0000250422913919
9.0622143167591762	0.9999759848992659
9.0660242676435949	1.0000161041093969
9.0699826652236535	0.9999859563148563
9.0742340231571283	1.0000511415710569
9.0811584925071003	0.9998695232991088
9.0858889636617164	0.9999806897503143
9.0900411636181779	0.9999537947162731
9.0940188481606441	1.0000044359053357
9.0980419009494096	0.9999791742728266
9.1023155902355040	1.0000484522497919
9.1092728825667084	0.9998707304874198
9.1141189207535138	0.9999755259929746
9.1184762324416369	0.9999613268198368
9.1228630170342377	1.0000435707252293
9.1298624212824588	0.9998579236670821
9.1345008538215247	0.9999838796962722
9.1384550968088956	0.9999380311322340
9.1421444034625399	1.0000204819369056
9.1457488890288232	0.9999562003270617
9.1493358713735766	1.0000280979007599
9.1529414536912039	0.9999658409382739
9.1565852014714171	1.0000256090625634
9.1602914736031238	0.9999755034051687
9.1640903718605635	1.0000162683381324
9.1680419857643223	0.9999859598149791
9.1722914990999023	1.0000509056768028
9.1792098921477159	0.9998680598584088
9.1838843296501320	0.9999826047024346
9.1879563187860480	0.9999490425476578
9.1918272796214087	1.0000094475275449
9.1956923851093322	0.9999750159641871
9.1996672039178566	1.0000091135068525
9.2039266476577932	0.9999457613733631
9.2108547525190456	1.0001294224031021
9.2155722439454593	1.0000177321424970
9.2197070153666658	1.0000455774511510
9.2236726598985292	0.9999943336196243
9.2276867597368160	1.0000197578042964
9.2319592601680665	0.9999507181459250
9.2388911473386379	1.0001328823400009
9.2435711178001512	1.0000169010274076
9.2476401511539432	1.0000504647283557
9.2515087663109909	0.9999895843259540
9.2553700743404672	1.0000240967383160
9.2593439480864372	0.9999898886268987
9.2636018700099427	1.0000531328668547
9.2704884400221310	0.9998613370499303
9.2749275975567134	0.9999925341316238
9.2786771856562655	0.9999271514801977
9.2821604309351553	1.0000324951221682
9.2855480106529882	0.9999411319802224
9.2888979404220908	1.0000439208941598
9.2922361839197958	0.9999465844652290
9.2955702273806260	1.0000472058220329
9.2989066811114576	0.9999491205959581
9.3022466618089457	1.0000475869333225
9.3055943160168901	0.9999509456955770
9.3089503336101203	1.0000465660714797
9.3123189347530548	0.9999529843980192
9.3157013910774147	1.0000445205368449
9.3191027269739912	0.9999557249570623
9.3225254506567730	1.0000413675528785
9.3259762946575329	0.9999596342316724
9.3294603186124263	1.0000366561148128
9.3329880947396866	0.9999654922991669
9.3365707422191111	1.0000293014992754
9.3402291205314274	0.9999749383319119
9.3439930488655509	1.0000173400205048
9.3479234422574660	0.9999862516850269
9.3521672161192182	1.0000503107792658
9.3590915899006148	0.9998682432180921
9.3637565899514072	0.9999815441784965
9.3678452883715746	0.9999516752991767
9.3717749803193264	1.0000046981366697
9.3757690884039242	0.9999789717616729
9.3800348239315134	1.0000473575912414
9.3870057409416887	0.9998720116929392
9.3918839844524964	0.9999746537999868
9.3964551255162512	0.9999189854730084
9.4035398439998552	1.0001429162232969
9.4079544071739232	1.0000017693987469
9.4116077701342817	1.0000792072055378
9.4149905388524306	0.9999608721653356
9.4182850592443454	1.0000640350181980
9.4215552602689030	0.9999505638706715
9.4248237710510860	1.0000567112161465
9.4281006765467694	0.9999485713977241
9.4313886332616352	1.0000525605553581
9.4346913841512610	0.9999494318425582
9.4380092441565004	1.0000493900854044
9.4413456849876560	0.9999515965191118
9.4447013301728369	1.0000461885725973
9.4480805144313926	0.9999547178663705
9.4514851185053157	1.0000423486959302
9.4549212942415348	0.9999589935817135
9.4583935781265307	1.0000372060893903
9.4619120798456962	0.9999651375349423
9.4654875424950795	1.0000295701454152
9.4691405210153494	0.9999747950140221
9.4729006464248666	1.0000174127879953
9.4768287838897454	0.9999862622537357
9.4810719400798220	1.0000502387728825
9.4879566617055584	0.9998607045959929
9.4923752997246780	0.9999917791364495
9.4961251834085481	0.9999283412301768
9.4996316358136479	1.0000293389386428
9.5030649879486351	0.9999457452377450
9.5064837688658326	1.0000376791661600
9.5099157010540623	0.9999547273949098
9.5133710866950469	1.0000372364414789
9.5168608434664907	0.9999615213543738
9.5203926416656177	1.0000325804218397
9.5239808218573216	0.9999695029378560
9.5276425414454131	1.0000236507842868
9.5314106642626282	0.9999815454157959
9.5353422136141486	1.0000126145284705
9.5395875416420992	0.9999484804684282
9.5464866798995374	1.0001348699379888
9.5510194117157763	1.0000114844310570
9.5549066030802035	1.0000611315571828
9.5585653591713147	0.9999783747145625
9.5621680520583681	1.0000405179016274
9.5657874949953445	0.9999748055386291
9.5694648712966242	1.0000261913551731
9.5732411018317887	0.9999831357281734
9.5771768540893163	1.0000134425049572
9.5814233790987284	0.9999487890668629
9.5883096954188503	1.0001373791885670
9.5927689341548970	1.0000082061027442
9.5965543692427264	1.0000687294277379
9.6000884941657816	0.9999701973240658
9.6035366958984163	1.0000528385041954
9.6069591859490870	0.9999602888474562
9.6103780889569475	1.0000461454197058
9.6138033033188286	0.9999581758752029
9.6172375464945521	1.0000426987242548
9.6206844940614218	0.9999586962327969
9.6241446724368327	1.0000401420030325
9.6276218516096197	0.9999604790487171
9.6311174013975762	1.0000373681373591
9.6346368465089807	0.9999634071627049
9.6381840903969582	1.0000335339761186
9.6417686089729990	0.9999681001442908
9.6454003942897479	1.0000273811447256
9.6490991854221786	0.9999761955725007
9.6528934711031749	1.0000167888423244
9.6568424675895699	0.9999862127094385
9.6610912469760226	1.0000509494248953
9.6679886903286754	0.9998640938336963
9.6725264987521360	0.9999883617750435
9.6763997267407831	0.9999353327537138
9.6800127032554464	1.0000252907853673
9.6835332145683477	0.9999504634755071
9.6870189099145971	1.0000355001783248
9.6904954464899138	0.9999560261662018
9.6939694257752915	1.0000383615806172
9.6974461289631222	0.9999582710975945
9.7009251360398139	1.0000389577998647
9.7044088000948676	0.9999593864063182
9.7078959328231402	1.0000387624430072
9.7113886606912292	0.9999602032437479
9.7148860064144280	1.0000381819198787
9.7183904430222707	0.9999610880133575
9.7219015300768223	1.0000372465021219
9.7254224531227536	0.9999622972212516
9.7289537255641747	1.0000357910423523
9.7324998432696930	0.9999641506822541
9.7360631202065466	1.0000334403363593
9.7396506660324835	0.9999672038918574
9.7432686393990906	1.0000294215363057
9.7469302182616371	0.9999726028737987
9.7506515616304057	1.0000220580656565
9.7544641646470343	0.9999824371101940
9.7584229101987781	1.0000127357396460
9.7626756084235282	0.9999475929939180
9.7696197643831546	1.0001251829829747
9.7745174433406667	1.0000233046277167
9.7790914104342050	1.0000806726892335
9.7855301936742407	0.9997504332394479
9.7907791015093188	1.0000398735840841
9.7963467487901585	0.9997278418730772
9.8020317963738890	1.0001885720264976
9.8078689095101179	0.9997982292467702
9.8263834707287767	0.9998585552292572
9.8299261316340409	1.0000315308072631
9.8332576355278558	0.9999294656907118
9.8366530287294722	1.0000261804052601
9.8401330162985499	0.9999550043659067
9.8436765290713453	1.0000268323577863
9.8472725733680395	0.9999650524865926
9.8509184158144780	1.0000240100326014
9.8546289015558202	0.9999743320755823
9.8584312233960887	1.0000149122028215
9.8623850165541551	0.9999847034647866
9.8666351122133111	1.0000498291981768
9.8735407508779698	0.9998648652539591
9.8781460827280068	0.9999847995969170
9.8821079688219555	0.9999402109966005
9.8858218289107445	1.0000189427525863
9.8894552320207332	0.9999574069807708
9.8930665741881985	1.0000273226407455
9.8966819624474720	0.9999644093151796
9.9003075698371337	1.0000288976889138
9.9039477926652051	0.9999677435713253
9.9076007340666692	1.0000286919442831
9.9112671311713569	0.9999695498369778
9.9149438229857250	1.0000281433941809
9.9186310689834265	0.9999706199677593
9.9223258442944839	1.0000276025118999
9.9260288975035440	0.9999713476096445
9.9297380798469188	1.0000270103401627
9.9334554487587035	0.9999721027509766
9.9371807159858072	1.0000260410770203
9.9409186069913424	0.9999734587329883
9.9446727015242899	1.0000239722094018
9.9484536517300057	0.9999765500706731
9.9522746151394319	1.0000191884585015
9.9561634590401269	0.9999835215337021
9.9601697617478724	1.0000127230165234
9.9644355148614761	0.9999458694297830
9.9713595325091138	1.0001267624662808
9.9762266059036211	1.0000206925415773
9.9805422495426921	1.0000384746108617
9.9847118942555699	0.9999964729439291
9.9890340834042792	1.0000603515140829
9.9959903403663244	0.9998714006365887
