            0		            0
0.009369624448102		            0
0.01656962343966		            0
0.02998249633529		            0
0.0450487104331		            0
0.0653588631088		            0
0.08778243423026		            0
0.1021629676694		            0
0.1165247600788		            0
0.1324008778024		            0
0.1498896894989		            0
0.1677168921323		            0
0.1845010146091		            0
0.2000622885617		            0
0.2152237103083		            0
0.2309155191173		            0
0.2474862722874		            0
0.2645224082779		            0
0.2812840988701		            0
0.2974088969595		            0
0.313128621682		            0
0.3289372152063		            0
0.3451561669891		            0
0.3617210626359		            0
0.3782962870103		            0
0.3946018389946		            0
0.4106344455462		            0
0.4266078875751		            0
0.442736759421		            0
0.4590691998593		            0
0.4754801418595		            0
0.4918048678676		            0
0.5079814306957		            0
0.5240790168304		            0
0.5402146407672		            0
0.5564507977987		            0
0.5727568677073		            0
0.5890518057992		            0
0.605279597867		            0
0.6214492710565		            0
0.637614054232		            0
0.6538198562708		            0
0.6700702740318		            0
0.6863322294954		            0
0.7025698634474		            0
0.7187738971239		            0
0.7349635993715		            0
0.7511655058065		            0
0.7673907849447		            0
0.783629472126		            0
0.7998627230545		            0
0.816079709915		            0
0.8322846681294		            0
0.8484903997058		            0
0.8647063125746		            0
0.880931608974		            0
0.8971580158604		            0
0.9133779165496		-8.050908237679e-80
0.9295903299396		-3.786696824783e-73
0.9458003172605		-1.107193028269e-67
0.9620137205339		-5.896020863183e-63
0.9782323282729		-9.244775872641e-59
0.9944532964028		-5.600366797938e-55
1.010672354988		-1.560502511444e-51
1.026887531612		-2.260528887962e-48
1.043100243759		-1.866065757874e-45
1.059313489332		-9.431541571582e-43
1.07552911632		-3.09055343555e-40
1.091746600571		-6.877017921955e-38
1.107963939956		-1.079763330036e-35
1.124179569386		-1.236189315768e-33
1.14039351504		-1.062237456675e-31
1.156607056518		-7.028017016407e-30
1.17282144273		-3.660503158555e-28
1.189036909662		-1.529260365426e-26
1.205252695868		-5.205359730546e-25
1.221467860972		-1.462855170125e-23
1.237682072037		-3.433584702785e-22
1.253895747949		-6.800850984527e-21
1.270109570598		-1.147231990073e-19
1.286323888424		-1.661763289836e-18
1.302538507662		-2.082021665007e-17
1.318752958481		-2.271365012054e-16
1.334966929343		-2.171178410316e-15
1.351180481335		-1.829483201346e-14
1.367393926507		-1.366770832983e-13
1.38360752401		-9.102510694825e-13
1.399821288428		-5.431521278835e-12
1.416035023825		-2.917579691964e-11
1.43224852869		-1.417118432789e-10
1.448461751811		-6.250922093683e-10
1.46467480832		-2.51449549282e-09
1.480887846164		-9.261187971432e-09
1.497100927768		-3.135039728309e-08
 1.5133139894		-9.789040358645e-08
1.529526924055		-2.829075928067e-07
1.545739667257		-7.592541828585e-07
1.561952244959		-1.898248958434e-06
1.578164725603		-4.434825451487e-06
1.59437716096		-9.710293131982e-06
1.610589539349		-1.99816574644e-05
1.626801811183		-3.874612109043e-05
1.643013927066		-7.097899724561e-05
1.659225879218		-0.0001231423607562
1.675437689385		-0.0002028136106678
1.691649385972		-0.0003178322418935
1.707860969934		-0.0004749703801586
1.724072418236		-0.0006782866494
1.740283696863		-0.00092746261661
1.756494786522		-0.001216505813339
1.772705684145		-0.001533176768317
1.788916395908		-0.001859405501365
1.805126918595		-0.002172804872579
1.821337235398		-0.002449218551012
1.837547319004		-0.002665993649241
1.853757143944		-0.00280540932219
1.869966691675		-0.002857483773169
1.886175949091		-0.002821429849797
1.902384900739		-0.002705366650196
1.918593523133		-0.002524429300041
1.934801785166		-0.002297879663021
1.951009651915		-0.002046008250813
1.967217089798		-0.001787506953163
1.983424065874		-0.001537695676235
1.999630546217		-0.001307684653913
2.015836490796		-0.001104328457098
2.032041853817		-0.0009307311381076
2.048246583213		-0.0007870455514088
2.064450624719		-0.0006713592274553
2.080653920857		-0.0005805182707573
2.09685641192		-0.0005108075270018
2.113058032139		-0.0004584530057811
2.129258710258		-0.0004199515331716
2.145458367878		-0.000392252390321
2.161656921969		-0.0003728270604305
2.17785428419		-0.0003596627103757
2.194050362114		-0.0003512111504344
2.210245057668		-0.000346316975298
2.226438267155		-0.000344141486353
2.242629880995		-0.0003440920854734
2.258819784289		-0.0003457620113504
2.275007858306		-0.000348881870349
2.291193980297		-0.0003532822896321
2.307378025527		-0.0003588663090613
2.323559866132		-0.0003655893786491
2.339739373276		-0.0003734454446875
2.355916416934		-0.0003824572889727
2.372090869336		-0.0003926701876777
2.388262605228		-0.0004041475742171
2.404431504887		-0.0004169683235157
2.420597454156		-0.0004312247653781
2.436760347271		-0.0004470213464766
2.452920087608		-0.0004644731735955
2.469076589973		-0.0004837041487354
2.485229783313		-0.0005048438362808
2.501379610077		-0.0005280213288743
2.517526028625		-0.0005533544034019
2.533669013541		-0.0005809295128838
2.549808557302		-0.0006107661344371
2.56594466976		-0.0006427532338538
2.582077378137		-0.0006765378529143
2.598206726477		-0.0007113308733637
2.614332774389		-0.0007455702996852
2.630455596579		-0.0007763404206076
2.64657528122		-0.0007983724377163
2.662691929321		-0.0008023299298569
2.678805650688		-0.0007718716672585
2.694916562908		-0.0006786312703457
2.711024790281		-0.0004736499559868
2.727130462242		-7.278964132686e-05
2.743233711768		0.0006680182541331
2.759334672994		0.00199453769668
2.775433479722		0.004324033728179
2.791530263962		0.00836002370594
2.807625155368		0.01527538781996
2.823718280593		0.02698884923921
2.839809762677		0.04653848981327
2.855899721131		0.07846592115116
2.871988270047		0.1288819501525
2.888075517335		0.2044397217041
2.904161565623		0.309144904719
2.920246513335		0.4391420314666
2.936330454928		0.5795193523304
2.952413480649		0.7092792841132
2.968495676056		0.8126406840403
2.984577122163		0.8855198842533
3.000657896103		0.9326052784897
3.016738072112		0.9613268346136
3.03281772224		0.9782090857037
3.048896916709		0.9878879817575
3.06497572404		0.993338381282
3.081054212041		0.9963662358689
3.09713244736		0.9980308719437
3.113210495389		0.9989388362293
3.129288422045		0.9994311373516
3.145366295176		0.9996968365337
3.161444185178		0.9998396694816
3.177522164946		0.9999161357189
3.19360030986		0.9999568546879
3.209678698337		0.9999783677607
3.225757412976		0.9999895937046
3.241836541855		0.9999953353472
3.25791617957		0.9999981761203
3.273996427918		0.9999995031999
3.290077396506		1.000000058805
3.306159203814		1.000000237217
3.322241979343		1.000000244949
3.338325862373		1.000000187311
3.354411004587		1.000000115353
3.370497572748		1.000000051438
3.386585750832		 1.0000000032
3.402675741477		0.9999999711628
3.418767767309		0.9999999528334
3.434862072864		0.9999999448308
 3.4509589274		0.9999999439138
3.467058628273		0.999999947401
3.483161504343		0.9999999532717
3.499267919125		0.999999960113
3.515378273649		0.9999999670088
3.531493011437		0.9999999734176
3.547612616438		0.9999999790646
3.563737615927		0.9999999838527
3.579868582036		0.9999999877958
3.596006128714		0.9999999909699
3.612150900548		0.9999999934793
3.628303549502		0.9999999954348
3.644464692963		0.9999999969402
3.660634841315		0.9999999980866
3.67681427413		0.9999999989499
3.693002834967		0.9999999995924
3.709199576938		1.000000000066
3.72540219871		1.000000000412
3.741606185354		1.000000000667
3.757803589321		1.000000000858
3.773981573804		1.000000001004
3.790121349545		1.000000001112
3.806199059562		1.000000001178
3.822190867645		1.000000001193
3.838082988881		1.000000001152
3.853882237911		1.000000001064
3.869618025943		1.000000000952
3.885330620228		1.000000000838
3.901052120495		1.000000000737
3.916793858692		1.00000000065
3.932548867578		1.000000000575
3.948305593415		1.000000000509
3.964060700665		1.000000000451
3.97982150801		 1.0000000004
3.995598567705		1.000000000357
4.011396585674		1.000000000322
4.027211509317		1.000000000292
4.043035105398		1.000000000266
4.058862012488		1.000000000243
4.074693137281		1.000000000223
4.090533360651		1.000000000205
4.106386500059		1.000000000189
4.12225211596		1.000000000176
4.138126393662		1.000000000163
4.154005629236		1.000000000152
4.169889016143		1.00000000014
4.185778611692		1.000000000129
4.201677042054		1.000000000119
4.217585222427		1.000000000109
4.233501926028		 1.0000000001
4.249425202433		1.000000000092
4.265354154929		1.000000000084
4.281289576232		1.000000000077
4.297233146178		1.00000000007
4.313186111085		1.000000000065
4.329148608695		1.00000000006
4.345120063971		1.000000000056
4.361100138542		1.000000000052
4.377089366958		1.000000000049
4.393089026756		1.000000000047
4.409100489161		1.000000000045
4.425124663007		1.000000000043
4.441161942901		1.000000000041
4.457212568922		1.000000000038
4.473276953992		1.000000000035
4.489355579645		1.000000000032
4.50544836989		1.000000000028
4.52155369913		1.000000000023
4.537667152032		1.000000000019
4.553779910078		1.000000000015
4.569876567314		1.000000000011
4.58593286415		1.000000000008
4.601915765618		1.000000000005
4.617790601887		1.000000000004
4.63353794528		1.000000000002
4.649171909706		1.000000000001
4.66474152658		1.000000000001
4.680307149472		1.000000000001
4.695907981246		            1
4.711546373801		            1
4.727199647008		            1
4.742846728467		            1
4.758486527833		            1
4.774135473777		            1
4.789810787327		            1
4.805516013251		            1
4.821240153966		            1
4.836968665975		            1
4.852695262371		            1
4.868424816884		            1
4.884166735295		            1
4.899925982423		            1
4.915699433039		            1
4.931479482849		            1
4.94726064563		            1
4.963043236596		            1
4.97883171304		            1
4.994630027967		            1
5.010438305833		            1
5.026253265357		            1
5.042071342154		            1
5.057891481021		            1
5.073715403804		            1
5.089545614276		            1
5.105383176672		            1
5.121227099835		            1
5.137075520522		            1
5.152927393237		            1
5.168783228367		            1
5.184644463919		            1
5.200512236858		            1
5.216386658928		            1
5.232267087117		            1
5.248152985512		            1
5.264044574334		            1
5.279942784586		            1
5.295848686558		            1
5.311762951002		            1
5.327685767183		            1
5.343617188842		            1
5.359557530344		            1
5.375507449562		            1
5.391467647437		            1
5.407438390543		            1
5.423419091704		            1
5.439407972472		            1
5.455401577926		            1
5.471393829679		            1
5.487374488904		            1
5.503327402003		            1
5.519229800772		            1
5.535055069138		            1
5.550781332949		            1
5.566404211574		            1
5.581944956651		            1
5.597444114608		            1
5.612941946344		            1
5.628459542691		            1
5.643994611817		            1
5.659533314899		            1
5.675066711656		            1
5.690598522124		            1
5.706140249731		            1
5.721700493953		            1
5.737278403466		            1
5.752865846126		            1
5.768454950825		            1
5.784043946503		            1
5.799636942297		            1
5.815239031224		            1
5.83085158058		            1
5.846471455854		            1
5.862094046183		            1
5.877716919406		            1
5.893341038024		            1
5.908969030754		            1
5.92460248436		            1
5.940240622827		            1
5.955881166069		            1
5.971522252001		            1
5.987163669071		            1
6.002806538031		            1
6.018451999643		            1
6.034100156186		            1
6.049750067784		            1
6.065400601046		            1
6.081051280727		            1
6.096702457377		            1
6.11235478742		            1
6.128008576824		            1
6.143663542507		            1
6.159319101455		            1
6.174974851984		            1
6.190630821866		            1
6.206287328232		            1
6.221944636766		            1
6.23760273287		            1
6.253261366767		            1
6.268920283108		            1
6.284579413025		            1
6.300238882139		            1
6.315898862967		            1
6.331559420389		            1
6.347220475613		            1
6.36288189441		            1
6.378543604314		            1
6.394205640627		            1
6.409868097794		            1
6.425531043447		            1
6.441194471668		            1
6.456858324463		            1
6.472522551663		            1
6.48818715325		            1
6.503852173311		            1
6.519517659765		            1
6.535183628841		            1
 6.5508500619		            1
6.566516930856		            1
6.582184226164		            1
6.59785196431		            1
6.613520172983		            1
6.62918886954		            1
6.644858051895		            1
6.660527706824		            1
6.676197825618		            1
6.691868413251		            1
6.707539485235		            1
 6.7232110576		            1
6.738883140314		            1
6.754555740399		            1
6.770228873245		            1
6.785902576737		            1
6.801576924987		            1
 6.8172520472		            1
6.832928165008		            1
6.848605667669		            1
6.864285256117		            1
6.879968217798		            1
6.895656973034		            1
6.911356177774		            1
6.927074711087		            1
6.94282825481		            1
6.958640414582		            1
6.974537936347		            1
6.990537116266		            1
7.006629342348		            1
7.022780992327		            1
 7.0389518448		            1
7.055118017619		            1
7.071281014172		            1
7.087457601602		            1
7.103661445515		            1
7.119892040725		            1
7.136137923722		            1
7.152388595087		            1
7.168643580913		            1
7.18491174818		            1
7.201203139384		            1
7.217521308249		            1
7.233862259833		            1
7.250219600695		            1
7.266590575012		            1
7.282977869932		            1
7.29938645972		            1
7.315818931793		            1
7.332273354006		            1
7.34874491165		            1
7.365229251061		            1
7.381724436795		            1
7.398230117745		            1
7.414745049484		            1
7.43126528918		            1
7.447784455854		            1
7.464295552257		            1
7.480792775101		            1
7.497272083316		            1
7.513730581804		            1
7.530165834904		            1
7.546575935263		            1
7.562960259899		            1
7.579320109975		            1
7.595658506871		            1
7.611979130004		            1
7.628285044499		            1
7.644577941558		            1
7.660858129903		            1
7.677124948742		            1
7.693377083708		            1
7.709612537194		            1
7.725828429213		            1
7.742021017654		            1
  7.758186179		            1
7.774320256754		            1
7.790420936535		            1
7.80648779983		            1
7.822522396417		            1
7.838527902002		            1
7.854508556208		            1
7.870469086803		            1
7.88641425707		            1
7.902348584096		            1
7.918276207697		            1
7.934200860026		            1
7.950125886312		            1
7.966054294497		            1
7.981988814857		            1
7.997931959241		            1
8.013886115031		            1
8.029853631095		            1
8.045836883255		            1
8.061838316242		            1
8.077860473131		            1
8.093906021089		            1
8.109977779582		            1
8.126078741862		            1
8.142212076483		            1
8.158381090298		            1
8.174589135015		            1
8.190839407537		            1
8.207134544266		            1
8.223475786773		            1
8.239861264533		            1
8.256282536236		            1
8.272718003859		            1
8.289122289319		            1
8.305416232557		            1
8.32149770642		            1
8.337299522826		            1
8.352862264684		            1
8.368332194069		            1
8.383867941178		            1
8.399541172596		            1
8.41531428964		            1
8.431103331026		            1
8.446864609178		            1
8.462630253823		            1
8.47847413477		            1
8.494450117299		            1
8.510556557636		            1
8.526749219259		            1
8.542981278426		            1
8.559226061916		            1
8.575452210044		            1
8.591565674407		            1
8.60740368188		            1
8.622870849083		            1
8.638082109622		            1
8.653295270752		            1
8.668707105623		            1
8.684320345146		            1
8.699981934953		            1
8.715542942269		            1
8.730987421356		            1
8.746425127072		            1
 8.7619845576		            1
8.777712753772		            1
8.793556664266		            1
8.809426125455		            1
8.825274177882		            1
8.841125056714		            1
8.857036308535		            1
8.873036891052		            1
8.889091304591		            1
8.905108797874		            1
8.920981877646		            1
8.936633342072		            1
8.952063878291		            1
8.967370194997		            1
8.982694131607		            1
8.998133042671		            1
9.013688275205		            1
9.029290817408		            1
9.044874940285		            1
9.060433252705		            1
9.07601248343		            1
9.091666333615		            1
9.10741197665		            1
9.123223688482		            1
9.139061824459		            1
9.154907537032		            1
9.170774020776		            1
9.186689750916		            1
9.20267275171		            1
9.218718335265		            1
9.234807737677		            1
9.250926979391		            1
9.267078829942		            1
9.283279339584		            1
9.299544661735		            1
9.315880717822		            1
9.332283835116		            1
9.348750183393		            1
9.365285176775		            1
9.381905753689		            1
9.398636013149		            1
9.415502961265		            1
9.432539529331		            1
9.449797349458		            1
9.467359880057		            1
9.485251758915		            1
9.502589082993		            1
9.517845816695		            1
9.531760713166		            1
9.546138275339		            1
9.562204910852		            1
9.579877960062		            1
9.597838430896		            1
9.614796967734		            1
9.630659664127		            1
9.646314839062		            1
9.662698546017		            1
9.680078323303		            1
9.697941639787		            1
9.715513977611		            1
9.732482937948		            1
9.749183151934		            1
9.766198199128		            1
9.78384869256		            1
9.801991454463		            1
9.820209702273		            1
9.838194924348		            1
9.855927278962		            1
9.87342948816		            1
9.890389453456		            1
9.906473894565		            1
9.921945588688		            1
9.937506586135		            1
9.953718374445		            1
9.97061348533		            1
9.987735835718		            1
           10		            1
