            0		            0
0.009369624448102		            0
0.01656962343966		            0
0.02998249633529		            0
0.0450487104331		            0
0.0653588631088		            0
0.08778243423026		            0
0.1021629676694		            0
0.1165247600788		            0
0.1324008778024		            0
0.1498896894989		            0
0.1677168921323		            0
0.1845010146091		            0
0.2000622885617		            0
0.2152237103083		            0
0.2309155191173		            0
0.2474862722874		            0
0.2645224082779		            0
0.2812840988701		            0
0.2974088969595		            0
0.313128621682		            0
0.3289372152063		            0
0.3451561669891		            0
0.3617210626359		            0
0.3782962870103		            0
0.3946018389946		            0
0.4106344455462		            0
0.4266078875751		            0
0.442736759421		            0
0.4590691998593		            0
0.4754801418595		            0
0.4918048678676		            0
0.5079814306957		            0
0.5240790168304		            0
0.5402146407672		            0
0.5564507977987		            0
0.5727568677073		            0
0.5890518057992		            0
0.605279597867		            0
0.6214492710565		            0
0.637614054232		            0
0.6538198562708		            0
0.6700702740318		            0
0.6863322294954		            0
0.7025698634474		            0
0.7187738971239		            0
0.7349635993715		            0
0.7511655058065		            0
0.7673907849447		            0
0.783629472126		            0
0.7998627230545		            0
0.816079709915		            0
0.8322846681294		            0
0.8484903997058		            0
0.8647063125746		            0
0.880931608974		6.32699685755e-86
0.8971580158604		6.744111059505e-77
0.9133779165496		1.567402376725e-70
0.9295903299396		2.957499270872e-65
0.9458003172605		1.128935272705e-60
0.9620137205339		1.343642962857e-56
0.9782323282729		6.414716923336e-53
0.9944532964028		1.446932649992e-49
1.010672354988		1.729928747398e-46
1.026887531612		1.19517788322e-43
1.043100243759		5.109652585767e-41
1.059313489332		1.429457546445e-38
1.07552911632		2.73996820317e-36
1.091746600571		3.73793136613e-34
1.107963939956		3.747274994204e-32
1.124179569386		2.837997406424e-30
1.14039351504		1.663924406466e-28
1.156607056518		7.71655766337e-27
1.17282144273		2.883319381675e-25
1.189036909662		8.814804650065e-24
1.205252695868		2.233049823531e-22
1.221467860972		4.738469879134e-21
1.237682072037		8.503708738577e-20
1.253895747949		1.302121943822e-18
1.270109570598		1.71517556528e-17
1.286323888424		1.957922469917e-16
1.302538507662		1.949933530784e-15
1.318752958481		1.704737277331e-14
1.334966929343		1.315976022345e-13
1.351180481335		9.020827581163e-13
1.367393926507		5.520967142322e-12
1.38360752401		3.032383547077e-11
1.399821288428		1.501858201845e-10
1.416035023825		6.737322624092e-10
1.43224852869		2.749182701062e-09
1.448461751811		1.024619730804e-08
1.46467480832		3.5018644792e-08
1.480887846164		1.101741603907e-07
1.497100927768		3.202473073086e-07
 1.5133139894		8.629973928455e-07
1.529526924055		2.16308085712e-06
1.545739667257		5.058725454349e-06
1.561952244959		1.107223061243e-05
1.578164725603		2.274697443411e-05
1.59437716096		4.398608988633e-05
1.610589539349		8.026984976604e-05
1.626801811183		0.0001385850098297
1.643013927066		0.0002269000792548
1.659225879218		0.000353092952955
1.675437689385		0.0005233725058176
1.691649385972		0.0007404129278121
1.707860969934		0.001001572190823
1.724072418236		0.001297663804391
1.740283696863		0.001612716076369
1.756494786522		0.001925014187823
1.772705684145		0.002209449304605
1.788916395908		0.002440907388755
1.805126918595		0.002598102467967
1.821337235398		0.002667044475117
1.837547319004		0.002643270662449
1.853757143944		0.002532245712964
1.869966691675		0.002347854659456
1.886175949091		0.002109512298962
1.902384900739		0.001838757271069
1.918593523133		0.00155618002471
1.934801785166		0.001279223474733
1.951009651915		0.001021015295982
1.967217089798		0.0007901113373216
1.983424065874		0.0005908920689812
1.999630546217		0.0004243391821971
2.015836490796		0.0002889569547267
2.032041853817		0.0001816710186286
2.048246583213		9.859800244157e-05
2.064450624719		3.563838925632e-05
2.080653920857		-1.111604592764e-05
2.09685641192		-4.51393030402e-05
2.113058032139		-6.935975107011e-05
2.129258710258		-8.614185429447e-05
2.145458367878		-9.732686514295e-05
2.161656921969		-0.000104303924454
2.17785428419		-0.0001080916618768
2.194050362114		-0.0001094170601978
2.210245057668		-0.0001087848065402
2.226438267155		-0.0001065341842213
2.242629880995		-0.0001028835236085
2.258819784289		-9.79635353931e-05
2.275007858306		-9.184147412137e-05
2.291193980297		-8.453826945513e-05
2.307378025527		-7.604022750272e-05
2.323559866132		-6.630703859898e-05
2.339739373276		-5.527685249588e-05
2.355916416934		-4.28695026734e-05
2.372090869336		-2.898798206036e-05
2.388262605228		-1.351879263563e-05
2.404431504887		3.669325266764e-06
2.420597454156		2.272833845918e-05
2.436760347271		4.383702480349e-05
2.452920087608		6.721177165605e-05
2.469076589973		9.31258244028e-05
2.485229783313		0.0001219429221895
2.501379610077		0.0001541751579074
2.517526028625		0.0001905835608162
2.533669013541		0.0002323512269922
2.549808557302		0.0002813815887705
2.56594466976		0.0003408104060652
2.582077378137		0.0004158842098621
2.598206726477		0.0005154652076708
2.614332774389		0.0006546065545049
2.630455596579		0.0008589549648257
2.64657528122		0.001172266716547
2.662691929321		0.001669216520586
2.678805650688		0.002477162433685
2.694916562908		0.003812957218704
2.711024790281		0.006044699432498
2.727130462242		0.009793853107481
2.743233711768		0.0160998923061
2.759334672994		0.02667365557892
2.775433479722		0.04425319272784
2.791530263962		0.07300983441133
2.807625155368		0.1187563350778
2.823718280593		0.1883044221136
2.839809762677		0.2868917883979
2.855899721131		0.413222643963
2.871988270047		0.5549674098934
2.888075517335		0.691135761944
2.904161565623		0.8027663331124
2.920246513335		0.882223237161
2.936330454928		0.9328520487267
2.952413480649		0.9627268975908
2.968495676056		0.9795501037787
2.984577122163		0.9888018647597
3.000657896103		0.9938488087033
3.016738072112		0.9966045135111
3.03281772224		0.998116570387
3.048896916709		0.9989509733934
3.06497572404		0.9994136840617
3.081054212041		0.999671217538
3.09713244736		0.99981493593
3.113210495389		0.9998953157394
3.129288422045		0.9999403802348
3.145366295176		0.9999657313198
3.161444185178		0.9999800665479
3.177522164946		0.9999882360938
3.19360030986		0.9999929443495
3.209678698337		0.9999956991814
3.225757412976		0.9999973418275
3.241836541855		0.9999983426032
3.25791617957		0.9999989657466
3.273996427918		0.999999361148
3.290077396506		0.9999996152465
3.306159203814		0.9999997791518
3.322241979343		0.999999884103
3.338325862373		0.9999999499278
3.354411004587		0.9999999896717
3.370497572748		1.000000012157
3.386585750832		1.000000023442
3.402675741477		1.000000027693
3.418767767309		1.000000027748
3.434862072864		1.000000025498
 3.4509589274		1.000000022172
3.467058628273		1.000000018528
3.483161504343		1.00000001501
3.499267919125		1.000000011849
3.515378273649		1.000000009143
3.531493011437		1.000000006906
3.547612616438		1.000000005104
3.563737615927		1.000000003682
3.579868582036		1.00000000258
3.596006128714		1.000000001736
3.612150900548		1.000000001098
3.628303549502		1.000000000622
3.644464692963		1.000000000271
3.660634841315		1.000000000018
3.67681427413		0.9999999998357
3.693002834967		0.9999999997053
3.709199576938		0.9999999996091
3.72540219871		0.9999999995331
3.741606185354		0.9999999994678
3.757803589321		0.9999999994083
3.773981573804		0.9999999993551
3.790121349545		0.9999999993135
3.806199059562		0.9999999992923
3.822190867645		 0.9999999993
3.838082988881		0.9999999993386
3.853882237911		0.9999999994005
3.869618025943		0.999999999472
3.885330620228		0.9999999995401
3.901052120495		0.9999999995985
3.916793858692		0.9999999996467
3.932548867578		0.9999999996873
3.948305593415		0.999999999723
3.964060700665		0.9999999997545
3.97982150801		0.9999999997819
3.995598567705		0.9999999998048
4.011396585674		0.9999999998238
4.027211509317		0.9999999998396
4.043035105398		0.9999999998534
4.058862012488		0.9999999998657
4.074693137281		0.9999999998768
4.090533360651		0.9999999998868
4.106386500059		0.9999999998958
4.12225211596		0.9999999999041
4.138126393662		0.9999999999118
4.154005629236		0.9999999999192
4.169889016143		0.9999999999263
4.185778611692		0.999999999933
4.201677042054		0.9999999999391
4.217585222427		0.9999999999447
4.233501926028		0.9999999999498
4.249425202433		0.9999999999544
4.265354154929		0.9999999999586
4.281289576232		0.9999999999622
4.297233146178		0.9999999999653
4.313186111085		0.9999999999678
4.329148608695		0.9999999999699
4.345120063971		0.9999999999716
4.361100138542		0.9999999999731
4.377089366958		0.9999999999745
4.393089026756		0.9999999999759
4.409100489161		0.9999999999775
4.425124663007		0.9999999999794
4.441161942901		0.9999999999815
4.457212568922		0.9999999999839
4.473276953992		0.9999999999864
4.489355579645		0.9999999999889
4.50544836989		0.9999999999913
4.52155369913		0.9999999999934
4.537667152032		0.9999999999952
4.553779910078		0.9999999999966
4.569876567314		0.9999999999977
4.58593286415		0.9999999999984
4.601915765618		0.9999999999989
4.617790601887		0.9999999999992
4.63353794528		0.9999999999994
4.649171909706		0.9999999999995
4.66474152658		0.9999999999996
4.680307149472		0.9999999999997
4.695907981246		0.9999999999998
4.711546373801		0.9999999999998
4.727199647008		0.9999999999998
4.742846728467		0.9999999999998
4.758486527833		0.9999999999999
4.774135473777		0.9999999999999
4.789810787327		0.9999999999999
4.805516013251		0.9999999999999
4.821240153966		0.9999999999999
4.836968665975		0.9999999999999
4.852695262371		            1
4.868424816884		            1
4.884166735295		            1
4.899925982423		            1
4.915699433039		            1
4.931479482849		            1
4.94726064563		            1
4.963043236596		            1
4.97883171304		            1
4.994630027967		            1
5.010438305833		            1
5.026253265357		            1
5.042071342154		            1
5.057891481021		            1
5.073715403804		            1
5.089545614276		            1
5.105383176672		            1
5.121227099835		            1
5.137075520522		            1
5.152927393237		            1
5.168783228367		            1
5.184644463919		            1
5.200512236858		            1
5.216386658928		            1
5.232267087117		            1
5.248152985512		            1
5.264044574334		            1
5.279942784586		            1
5.295848686558		            1
5.311762951002		            1
5.327685767183		            1
5.343617188842		            1
5.359557530344		            1
5.375507449562		            1
5.391467647437		            1
5.407438390543		            1
5.423419091704		            1
5.439407972472		            1
5.455401577926		            1
5.471393829679		            1
5.487374488904		            1
5.503327402003		            1
5.519229800772		            1
5.535055069138		            1
5.550781332949		            1
5.566404211574		            1
5.581944956651		            1
5.597444114608		            1
5.612941946344		            1
5.628459542691		            1
5.643994611817		            1
5.659533314899		            1
5.675066711656		            1
5.690598522124		            1
5.706140249731		            1
5.721700493953		            1
5.737278403466		            1
5.752865846126		            1
5.768454950825		            1
5.784043946503		            1
5.799636942297		            1
5.815239031224		            1
5.83085158058		            1
5.846471455854		            1
5.862094046183		            1
5.877716919406		            1
5.893341038024		            1
5.908969030754		            1
5.92460248436		            1
5.940240622827		            1
5.955881166069		            1
5.971522252001		            1
5.987163669071		            1
6.002806538031		            1
6.018451999643		            1
6.034100156186		            1
6.049750067784		            1
6.065400601046		            1
6.081051280727		            1
6.096702457377		            1
6.11235478742		            1
6.128008576824		            1
6.143663542507		            1
6.159319101455		            1
6.174974851984		            1
6.190630821866		            1
6.206287328232		            1
6.221944636766		            1
6.23760273287		            1
6.253261366767		            1
6.268920283108		            1
6.284579413025		            1
6.300238882139		            1
6.315898862967		            1
6.331559420389		            1
6.347220475613		            1
6.36288189441		            1
6.378543604314		            1
6.394205640627		            1
6.409868097794		            1
6.425531043447		            1
6.441194471668		            1
6.456858324463		            1
6.472522551663		            1
6.48818715325		            1
6.503852173311		            1
6.519517659765		            1
6.535183628841		            1
 6.5508500619		            1
6.566516930856		            1
6.582184226164		            1
6.59785196431		            1
6.613520172983		            1
6.62918886954		            1
6.644858051895		            1
6.660527706824		            1
6.676197825618		            1
6.691868413251		            1
6.707539485235		            1
 6.7232110576		            1
6.738883140314		            1
6.754555740399		            1
6.770228873245		            1
6.785902576737		            1
6.801576924987		            1
 6.8172520472		            1
6.832928165008		            1
6.848605667669		            1
6.864285256117		            1
6.879968217798		            1
6.895656973034		            1
6.911356177774		            1
6.927074711087		            1
6.94282825481		            1
6.958640414582		            1
6.974537936347		            1
6.990537116266		            1
7.006629342348		            1
7.022780992327		            1
 7.0389518448		            1
7.055118017619		            1
7.071281014172		            1
7.087457601602		            1
7.103661445515		            1
7.119892040725		            1
7.136137923722		            1
7.152388595087		            1
7.168643580913		            1
7.18491174818		            1
7.201203139384		            1
7.217521308249		            1
7.233862259833		            1
7.250219600695		            1
7.266590575012		            1
7.282977869932		            1
7.29938645972		            1
7.315818931793		            1
7.332273354006		            1
7.34874491165		            1
7.365229251061		            1
7.381724436795		            1
7.398230117745		            1
7.414745049484		            1
7.43126528918		            1
7.447784455854		            1
7.464295552257		            1
7.480792775101		            1
7.497272083316		            1
7.513730581804		            1
7.530165834904		            1
7.546575935263		            1
7.562960259899		            1
7.579320109975		            1
7.595658506871		            1
7.611979130004		            1
7.628285044499		            1
7.644577941558		            1
7.660858129903		            1
7.677124948742		            1
7.693377083708		            1
7.709612537194		            1
7.725828429213		            1
7.742021017654		            1
  7.758186179		            1
7.774320256754		            1
7.790420936535		            1
7.80648779983		            1
7.822522396417		            1
7.838527902002		            1
7.854508556208		            1
7.870469086803		            1
7.88641425707		            1
7.902348584096		            1
7.918276207697		            1
7.934200860026		            1
7.950125886312		            1
7.966054294497		            1
7.981988814857		            1
7.997931959241		            1
8.013886115031		            1
8.029853631095		            1
8.045836883255		            1
8.061838316242		            1
8.077860473131		            1
8.093906021089		            1
8.109977779582		            1
8.126078741862		            1
8.142212076483		            1
8.158381090298		            1
8.174589135015		            1
8.190839407537		            1
8.207134544266		            1
8.223475786773		            1
8.239861264533		            1
8.256282536236		            1
8.272718003859		            1
8.289122289319		            1
8.305416232557		            1
8.32149770642		            1
8.337299522826		            1
8.352862264684		            1
8.368332194069		            1
8.383867941178		            1
8.399541172596		            1
8.41531428964		            1
8.431103331026		            1
8.446864609178		            1
8.462630253823		            1
8.47847413477		            1
8.494450117299		            1
8.510556557636		            1
8.526749219259		            1
8.542981278426		            1
8.559226061916		            1
8.575452210044		            1
8.591565674407		            1
8.60740368188		            1
8.622870849083		            1
8.638082109622		            1
8.653295270752		            1
8.668707105623		            1
8.684320345146		            1
8.699981934953		            1
8.715542942269		            1
8.730987421356		            1
8.746425127072		            1
 8.7619845576		            1
8.777712753772		            1
8.793556664266		            1
8.809426125455		            1
8.825274177882		            1
8.841125056714		            1
8.857036308535		            1
8.873036891052		            1
8.889091304591		            1
8.905108797874		            1
8.920981877646		            1
8.936633342072		            1
8.952063878291		            1
8.967370194997		            1
8.982694131607		            1
8.998133042671		            1
9.013688275205		            1
9.029290817408		            1
9.044874940285		            1
9.060433252705		            1
9.07601248343		            1
9.091666333615		            1
9.10741197665		            1
9.123223688482		            1
9.139061824459		            1
9.154907537032		            1
9.170774020776		            1
9.186689750916		            1
9.20267275171		            1
9.218718335265		            1
9.234807737677		            1
9.250926979391		            1
9.267078829942		            1
9.283279339584		            1
9.299544661735		            1
9.315880717822		            1
9.332283835116		            1
9.348750183393		            1
9.365285176775		            1
9.381905753689		            1
9.398636013149		            1
9.415502961265		            1
9.432539529331		            1
9.449797349458		            1
9.467359880057		            1
9.485251758915		            1
9.502589082993		            1
9.517845816695		            1
9.531760713166		            1
9.546138275339		            1
9.562204910852		            1
9.579877960062		            1
9.597838430896		            1
9.614796967734		            1
9.630659664127		            1
9.646314839062		            1
9.662698546017		            1
9.680078323303		            1
9.697941639787		            1
9.715513977611		            1
9.732482937948		            1
9.749183151934		            1
9.766198199128		            1
9.78384869256		            1
9.801991454463		            1
9.820209702273		            1
9.838194924348		            1
9.855927278962		            1
9.87342948816		            1
9.890389453456		            1
9.906473894565		            1
9.921945588688		            1
9.937506586135		            1
9.953718374445		            1
9.97061348533		            1
9.987735835718		            1
           10		            1
