0.0000000000000000	0.0000000000000000
4.4468095055070984	0.0010000000000000
4.4635225221422923	0.0013907661217708
4.4669780044683272	0.0013098154982913
4.4708780812547477	0.0015053375234548
4.4751774912250362	0.0017003193536002
4.4795292166954033	0.0019363182668234
4.4837528757581664	0.0021547205017127
4.4878157451213072	0.0024885438662976
4.4918719176991928	0.0027972496624962
4.4961039867401000	0.0032259193583845
4.5007238371816802	0.0036910431713925
4.5082922207385998	0.0049227539514158
4.5291764790307321	0.0100228334254364
4.5346686701787675	0.0117252276127421
4.5389157977067596	0.0134810017192203
4.5431023852054295	0.0154279835984497
4.5473952265134718	0.0177505041526552
4.5518033797490416	0.0204496232736266
4.5561364404804232	0.0235316259765980
4.5603364181886707	0.0268856687612799
4.5642778679615059	0.0305795444421579
4.5680892582563963	0.0344881048296529
4.5717965762946804	0.0389194086595840
4.5755575367022026	0.0438272716258719
4.5793377629014937	0.0495005479634169
4.5832550208441241	0.0560014220187255
4.5872141994597611	0.0634856524228523
4.5913328486572818	0.0721870797638529
4.5954765276278646	0.0821083269200872
4.5997829273101036	0.0936899924406492
4.6040894579717113	0.1067661015496175
4.6085528110074128	0.1219885307498513
4.6129998416148776	0.1390255508733933
4.6175834880545752	0.1586608318766134
4.6221552487139741	0.1804879251099038
4.6268171276998080	0.2051521067593089
4.6315068413198723	0.2324852423009230
4.6362026387420290	0.2624025409474723
4.6410087075893083	0.2955884692772791
4.6457157326362948	0.3304663013218669
4.6506497909753008	0.3694172853541237
4.6557903629893698	0.4116835758749093
4.6619815532001168	0.4655319277147635
4.6679302489518930	0.5174991772450106
4.6739539688803200	0.5707320369201935
4.6785773609145691	0.6106453806907522
4.6825273247864665	0.6438710963125058
4.6862280168549244	0.6737483403131949
4.6900463410207571	0.7033764120890935
4.6937913152650470	0.7308337656631989
4.6976042620538596	0.7572694582460467
4.7014204904649581	0.7818751200868241
4.7053355304559004	0.8053349969923239
4.7094316238064060	0.8277692216488254
4.7136877343520478	0.8490085889251565
4.7178638173912830	0.8677259679463973
4.7220067395998324	0.8843412358635404
4.7263012000517142	0.8996421109899029
4.7307030574908753	0.9135317404552299
4.7384847101702423	0.9334397035283325
4.7473017720578712	0.9515715952260715
4.7506080491080951	0.9566975649138458
4.7537875932532003	0.9614351260924449
4.7573890153644003	0.9660308169555675
4.7615839075799400	0.9708012571550272
4.7709896415933608	0.9791919351683585
4.7795314016566142	0.9850233883343805
4.7827920844714455	0.9865163705855304
4.7863075008156484	0.9882258701097364
4.7901752473605157	0.9897127844119895
4.7942795651820189	0.9911309880647453
4.7985700956724466	0.9924056184399800
4.8070142419031994	0.9946111738470303
4.8106887974009132	0.9951206190059215
4.8145570813002525	0.9957960529752503
4.8188186951730740	0.9964095689830190
4.8267003514410716	0.9975414254950778
4.8310466785818198	0.9978280710643033
4.8354606282120205	0.9981396820588645
4.8397736284436519	0.9984025932186684
4.8472885160680352	0.9989052440618811
4.8513842524785513	0.9989897809336805
4.8551481645058860	0.9991972347191552
4.8587892440153375	0.9992452736396145
4.8624055319223283	0.9994079560039553
4.8660985300225477	0.9994434877549591
4.8699737581307714	0.9995520380000226
4.8742076177119351	0.9995584675230949
4.8811278129183009	0.9998302837695869
4.8854734997965510	0.9997454668889760
4.8892489475234822	0.9998303848228985
4.8928996645746743	0.9997818385928267
4.8966118278528388	0.9998487451566596
4.9004992421657265	0.9998345790399276
4.9047336865711797	0.9999161014724407
4.9116962382280471	0.9997666800835292
4.9164174033339156	0.9998875252979693
4.9206887993146982	0.9998850152808361
4.9250522551384162	0.9999755523838150
4.9320747649652725	0.9998079008978240
4.9366639328668214	0.9999380713059970
4.9406576998001945	0.9999096100982385
4.9445123545821499	0.9999726442045352
4.9484611150779516	0.9999507257557599
4.9527146384553165	1.0000219270776793
4.9595664106521804	0.9998292593852793
4.9636557329787907	0.9999863723772052
4.9671011864438315	0.9998949284193948
4.9703687445494316	1.0000260264388288
4.9736229257094307	0.9999243984871208
4.9769166726491498	1.0000313183884035
4.9802775351358521	0.9999449435747645
4.9837206547545705	1.0000255429570262
4.9872687299057352	0.9999635925043423
4.9909523658632908	1.0000125737590801
4.9948346745483372	0.9999811096005605
4.9990656046723236	1.0000443232881044
5.0060175677806313	0.9998678295472336
5.0107484116174765	0.9999731958056616
5.0150264837461895	0.9999586457946972
5.0193917726589641	1.0000387511516533
5.0263547771220374	0.9998463935254411
5.0306381396539432	0.9999919606679641
5.0342466977452913	0.9999171069333623
5.0376474815010353	1.0000300755303599
5.0410143653367410	0.9999416895506018
5.0444050056320702	1.0000350560107290
5.0478488205896763	0.9999572884838643
5.0513613113665530	1.0000294796618237
5.0549647930618349	0.9999715928115886
5.0586889903480241	1.0000170178082874
5.0625956339541025	0.9999856011364194
5.0668329780444976	1.0000490218752369
5.0737931190164502	0.9998735729797603
5.0786457619807317	0.9999748048978475
5.0832096936441156	0.9999197512863762
5.0903889426524245	1.0001272064385089
5.0953418718218915	1.0000221767327178
5.0999362401900044	1.0000791440576307
5.1070670571527002	0.9998586007750909
5.1115926011004857	0.9999918035175150
5.1153866447793312	0.9999301496496485
5.1189236294664937	1.0000277641831370
5.1223910859793493	0.9999487928870550
5.1258538712062505	1.0000342740756114
5.1293432065033615	0.9999594659946324
5.1328729719243382	1.0000316180071120
5.1364596555795972	0.9999688834318193
5.1401205476367791	1.0000233365673066
5.1438883686721688	0.9999813853648009
5.1478198031837863	1.0000125403578615
5.1520650872811142	0.9999484604631449
5.1590066258593072	1.0001268982492901
5.1638143659359477	1.0000228852761148
5.1681444773948977	1.0000375054866812
5.1725250297748708	0.9999561369565564
5.1795442990779295	1.0001380128547128
5.1842780775066126	1.0000202926105444
5.1884018502787876	1.0000480541031642
5.1923524217064685	0.9999950137688004
5.1963559655554814	1.0000203044067051
5.2006257166473491	0.9999514237235051
5.2075289118092591	1.0001390373191734
5.2120010656426867	1.0000090541767541
5.2157931773621122	1.0000689575756057
5.2193306540644695	0.9999704782511507
5.2227806310748992	1.0000528999678573
5.2262043319393854	0.9999604487283180
5.2296247546973964	1.0000460263912370
5.2330527035519188	0.9999585229102484
5.2364919861863468	1.0000421755600577
5.2399476241372538	0.9999595881533933
5.2434218608972065	1.0000388214498255
5.2469207274338103	0.9999624427319981
5.2504486492810942	1.0000345832873776
5.2540155322513753	0.9999673526324973
5.2576318366094252	1.0000280196191678
5.2613177483912814	0.9999758205659269
5.2651022767514677	1.0000169799888527
5.2690452609322369	0.9999862364559661
5.2732924217783932	1.0000507510036731
5.2802436727174591	0.9998739213907568
5.2851254094393481	0.9999755176526195
5.2896969247748089	0.9999190529763669
5.2968290068028541	1.0001337299458675
5.3015637719261726	1.0000133557906523
5.3056076446948683	1.0000531728467512
5.3094106978376070	0.9999846700501070
5.3131704018390105	1.0000301465947836
5.3169852791032985	0.9999858829350875
5.3209390836115702	1.0000148895120422
5.3251912001597912	0.9999491188798701
5.3320836070143871	1.0001366478216640
5.3365836955650261	1.0000095554865140
5.3404117146062013	1.0000662388371746
5.3439858374437934	0.9999722136889158
5.3474731535551028	1.0000501009204488
5.3509364821074419	0.9999629614800849
5.3544007543342982	1.0000427286805600
5.3578790706943531	0.9999621016609712
5.3613780178219983	1.0000376873172812
5.3649063635004346	0.9999649488100169
5.3684715664247538	1.0000320212338591
5.3720876141195886	0.9999710729146030
5.3757716350140008	1.0000232703526493
5.3795561699357455	0.9999820007671967
5.3834976853022551	1.0000127263014922
5.3877457083325444	0.9999481917533594
5.3946365985050182	1.0001359858844572
5.3991398916353166	1.0000096420274285
5.4029757901536506	1.0000653767111420
5.4065621000304338	0.9999731157688388
5.4100666939433690	1.0000485284343608
5.4135538446689591	0.9999648764602869
5.4170505195727507	1.0000400010883517
5.4205726581950877	0.9999655756409824
5.4241309222387946	1.0000329801938004
5.4277403915390039	0.9999711386359179
5.4314188502974687	1.0000236331897496
5.4351991302452651	0.9999820226968992
5.4391380323904359	1.0000127720742644
5.4433853487439920	0.9999483049601472
5.4503340505395741	1.0001252464414569
5.4552157628949995	1.0000236153846715
5.4597855571040652	1.0000802365500803
5.4669106823428413	0.9998647952865755
5.4716344810549540	0.9999858968062282
5.4756665837443714	0.9999451200608391
5.4794564296971240	1.0000146426059540
5.4832066397330310	0.9999684381384656
5.4870128093862789	1.0000131679939439
5.4909627461571509	0.9999840394331256
5.4952125690206808	1.0000496059000987
5.5021592443814589	0.9998717711412712
5.5069731038479368	0.9999758900154763
5.5113095287102718	0.9999614177184510
5.5156904918533183	1.0000429492424165
5.5226824482060373	0.9998558910566799
5.5272395757595589	0.9999858783405640
5.5311073458109110	0.9999333732126822
5.5347191956996209	1.0000233369541389
5.5382561576339668	0.9999525375062688
5.5417846571068274	1.0000304318123612
5.5453400965596966	0.9999635081148263
5.5489418082004223	1.0000270523815094
5.5526142775462066	0.9999744286268496
5.5563881218222386	1.0000166717867007
5.5603244678758434	0.9999859739640383
5.5645698427015189	1.0000503755339811
5.5714871565598472	0.9998671310658821
5.5761195422498826	0.9999833167948635
5.5801493267886206	0.9999473518405052
5.5839859632479776	1.0000100208703480
5.5878260145713323	0.9999744086494797
5.5917857686811772	1.0000089558178977
5.5960410963619651	0.9999461904142896
5.6029689130853964	1.0001300762636556
5.6076526414690786	1.0000172922015409
5.6117547849516543	1.0000466637140160
5.6156958116438886	0.9999941966621164
5.6196950957157439	1.0000198574117460
5.6239635177671499	0.9999512688506074
5.6308939791122601	1.0001337664886649
5.6355347734255172	1.0000162541894564
5.6395645357665405	1.0000520527046826
5.6434012212398432	0.9999890555621941
5.6472392591774092	1.0000246659721195
5.6511991411865479	0.9999900346767152
5.6554532473743944	1.0000527280903080
5.6624096664464085	0.9998738368429907
5.6674081401923084	1.0000258545431722
5.6748661638534452	0.9998310954875691
5.6797500535806469	0.9999738377536732
5.6838348736580429	0.9999384004536996
5.6876368671105384	1.0000115260854361
5.6913864051411096	0.9999662033738389
5.6951884885801389	1.0000122312814625
5.6991351611364065	0.9999834537033196
5.7033841819711091	1.0000491547500552
5.7102984653703794	0.9998652749492851
5.7148875783432969	0.9999848082045101
5.7188549706739007	0.9999431029649423
5.7226113924562210	1.0000144642251256
5.7263425068820473	0.9999676369507630
5.7301371567831199	1.0000130483606253
5.7340807975091312	0.9999839071556683
5.7383288102985910	1.0000493398445114
5.7452653683724666	0.9998696738581099
5.7500010409469846	0.9999786790535818
5.7541981044694470	0.9999577534876255
5.7582907883394601	1.0000015102839632
5.7625932068933743	0.9999408214104331
5.7695820057805003	1.0001247205940558
5.7744756040825882	1.0000229748075753
5.7790495446045158	1.0000798344270407
5.7861852812996108	0.9998652526210753
5.7909301921082319	0.9999846138882084
5.7950009374152431	0.9999480455737680
5.7988510029639091	1.0000105768004688
5.8026946552081240	0.9999746031836193
5.8066550295886499	1.0000091227107535
5.8109107349892568	0.9999463330899321
5.8178320447030361	1.0001316248479093
5.8224633174781246	1.0000152401930382
5.8264872713208806	1.0000516973822062
5.8303204364346719	0.9999887555827843
5.8341562755418170	1.0000245743234875
5.8381149507892234	0.9999899813225527
5.8423687079071671	1.0000526700002672
5.8492990414314177	0.9998689055056434
5.8539766725007709	0.9999816762088350
5.8580759626020633	0.9999521554820131
5.8620132838934955	1.0000047388876419
5.8660118875720348	0.9999790489759137
5.8702788634551668	1.0000475484298259
5.8772489333599758	0.9998720436365145
5.8821306069205512	0.9999747297391991
5.8867026373442055	0.9999189005214607
5.8938256995792893	1.0001360609194068
5.8984697194622404	1.0000103935508844
5.9023977342888356	1.0000602140738599
5.9060699870616142	0.9999778214421216
5.9096759316529690	1.0000403673695222
5.9132949467105442	0.9999745463533698
5.9169707434307810	1.0000262033919658
5.9207453698620363	0.9999830651402202
5.9246800284769963	1.0000134309339495
5.9289262783445356	0.9999488309102075
5.9358678145763504	1.0001270779211477
5.9406766613383208	1.0000229388787998
5.9450073636180978	1.0000375249387052
5.9493881012345602	0.9999561215163632
5.9563836296745682	1.0001423358690866
5.9609684741139244	1.0000143610124248
5.9648751195294718	1.0000625358278215
5.9685400228453913	0.9999791131289891
5.9721438768612778	1.0000410602740470
5.9757625643336425	0.9999749832702902
5.9794386513290112	1.0000264043239087
5.9832136463055878	0.9999831953734806
5.9871485821029458	1.0000134925827684
5.9913948960601910	0.9999488487974796
5.9982982220907770	1.0001342534115480
6.0028582788309013	1.0000126262116864
6.0067814058312354	1.0000587288238358
6.0104833099409918	0.9999810010947449
6.0141400719707159	1.0000365207713091
6.0178315542061638	0.9999796739695052
6.0216117522012169	1.0000196693218228
6.0255496601146765	0.9999875305015220
6.0297958578116040	1.0000511528405631
6.0367021994095040	0.9998650988019995
6.0412581286271454	0.9999865227014427
6.0451797563710841	0.9999401749550767
6.0488786132963392	1.0000180416759619
6.0525343542241465	0.9999623441508029
6.0562234457684490	1.0000193001704460
6.0600033576786521	0.9999792320899320
6.0639396347948828	1.0000113857448638
6.0681866533736235	0.9999477686350228
6.0750950992601460	1.0001330618666135
6.0796820798447948	1.0000136499473848
6.0836448094057562	1.0000557964863015
6.0873989380162552	0.9999842461482993
6.0911265722632262	1.0000313104476908
6.0949201546260818	0.9999858012318223
6.0988616900051591	1.0000149801318599
6.1031103840105496	0.9999495623624651
6.1100142864254838	1.0001349616247055
6.1145621112244637	1.0000123942954127
6.1184709901132850	1.0000595684014699
6.1221597186514742	0.9999805874122960
6.1258051301661034	1.0000370526025539
6.1294873439951338	0.9999794444205909
6.1332606250949535	1.0000198281825003
6.1371943135548737	0.9999875550649749
6.1414393804142593	1.0000510147836243
6.1483740241147293	0.9998702123061660
6.1531008719114793	0.9999790535206841
6.1572904159768651	0.9999577384290018
6.1613785177648639	1.0000015303074783
6.1656796819114961	0.9999409795711010
6.1726693937235648	1.0001247350853704
6.1775594536145464	1.0000230405390582
6.1821324770594135	1.0000797341938727
6.1892672787585301	0.9998648676036266
6.1939952489415750	0.9999849182792111
6.1980483650610285	0.9999473122382059
6.2018838227344606	1.0000108465102200
6.2057167088832523	0.9999743355530162
6.2096706010558727	1.0000090558867358
6.2139245531302523	0.9999465165369420
6.2208832051519591	1.0001248716876203
6.2257572889345694	1.0000235341643009
6.2303252721119593	1.0000798024637982
6.2374645601733851	0.9998663586341189
6.2422374654643606	0.9999830196462246
6.2463635833779811	0.9999522288208301
6.2503043859379774	1.0000052761456344
6.2543010941623569	0.9999791772846895
6.2585680902965048	1.0000473965848984
6.2653840341958897	0.9998425708315862
6.2693642329697381	1.0000094972896292
6.2726658587627631	0.9998943666716873
6.2757656353045812	1.0000522385186024
6.2788244174696857	0.9999158356802070
6.2818892077311377	1.0000605941318816
6.2849797555190934	0.9999287161934355
6.2880999768798294	1.0000598357545614
6.2912550745730851	0.9999373918777162
6.2944453148130730	1.0000557354576951
6.2976750582525094	0.9999446505444989
6.3009456352322646	1.0000499125902202
6.3042630608601034	0.9999520379159338
6.3076315116539288	1.0000424911111467
6.3110610613926337	0.9999608228772998
6.3145624280154733	1.0000325525751874
6.3181564191762458	0.9999728669253041
6.3218733487432299	1.0000182185525441
6.3257754637001939	0.9999863023686677
6.3300116570174580	1.0000493383108184
6.3369471131622985	0.9998689684531847
6.3416180596461915	0.9999793850834822
6.3457590416456133	0.9999564693440894
6.3498175358988123	1.0000010656521501
6.3541106708299697	0.9999417046624081
6.3610191886140841	1.0001408555556308
6.3653454173218549	1.0000038463837837
6.3690058263749600	1.0000747283311386
6.3724564191014226	0.9999691169516074
6.3758694804418026	1.0000520146217029
6.3793112154666307	0.9999661455539646
6.3828143246626743	1.0000359399044025
6.3864065221743092	0.9999745358967802
6.3901213483708519	1.0000192912697234
6.3940218980931594	0.9999868502165919
6.3982577457576566	1.0000495578443771
6.4052070173226721	0.9998715677797115
6.4099644843007058	0.9999759700556442
6.4142611514421786	0.9999611399338495
6.4186314032325251	1.0000414317818276
6.4256010177948362	0.9998499696528118
6.4299539011833167	0.9999912295710538
6.4336247073997264	0.9999221987000575
6.4370774481806752	1.0000286039798307
6.4404923804216638	0.9999462345114445
6.4439337796513394	1.0000323618496338
6.4474380399899847	0.9999627699580199
6.4510296917055197	1.0000242470149745
6.4547456035753390	0.9999795639597062
6.4586453882565360	1.0000120244936037
6.4628822729394351	0.9999492939682706
6.4698144801735022	1.0001300536152786
6.4744852291290833	1.0000194658190158
6.4786232620822295	1.0000425148665826
6.4826815061001444	0.9999978828503362
6.4869732532889435	1.0000572164703025
6.4936423728038060	0.9998141585888222
6.4969918924972898	1.0000428016287484
6.4998166957163752	0.9998549567869066
6.5025605948307321	1.0000744913446340
6.5053321832431239	0.9998884691105193
6.5081492940746628	1.0000785289301122
6.5110153248892138	0.9999076807507085
6.5139237484435322	1.0000765653848724
6.5168725024689573	0.9999188473367693
6.5198557161409161	1.0000728006540476
6.5228724405919287	0.9999261376522526
6.5259184642376669	1.0000686190982377
6.5289939820344420	0.9999315973428158
6.5320959862708836	1.0000644453730287
6.5352255569378741	0.9999362216384383
6.5383806133813707	1.0000603174777338
6.5415630180998736	0.9999405476527672
6.5447715635142778	1.0000561089085178
6.5480089710052454	0.9999449411672748
6.5512750771894481	1.0000515940952694
6.5545737866059657	0.9999497540914208
6.5579064997368244	1.0000464236797497
6.5612791212101280	0.9999554632375317
6.5646959143272730	1.0000400001243730
6.5681668905907564	0.9999629064098110
6.5717027591911767	1.0000311385802678
6.5753241789889589	0.9999737812337995
6.5790611553005780	1.0000178325805344
6.5829753172544487	0.9999862776840867
6.5872147228378122	1.0000497478609791
6.5940414801101994	0.9998491940494408
6.5981304358591837	1.0000049980864751
6.6015398779548491	0.9999035649393223
6.6047310554609924	1.0000473362745954
6.6078654162957786	0.9999220506945156
6.6109908213125479	1.0000573974666316
6.6141267025148105	0.9999316551854130
6.6172760487863593	1.0000590921671837
6.6204425487579224	0.9999370016057049
6.6236246557793201	1.0000580708470834
6.6268243659273391	0.9999406104903409
6.6300400417960139	1.0000560551404352
6.6332737508064774	0.9999436126992292
6.6365242797882100	1.0000535782217508
6.6397940980310093	0.9999465340177401
6.6430825794061965	1.0000507326887926
6.6463928274583104	0.9999496933456367
6.6497250727482031	1.0000474027575155
6.6530834546433608	0.9999533971350381
6.6564696334884150	1.0000433006436387
6.6598896411494479	0.9999580861622186
6.6633478878785937	1.0000378669158549
6.6668544184581853	0.9999645703672854
6.6704199380014257	1.0000299406044622
6.6740650038746230	0.9999745334622393
6.6778193259693861	1.0000175059880851
6.6817439562717897	0.9999862574278868
6.6859861681809214	1.0000501078966411
6.6928760275330825	0.9998614896856161
6.6973172752969639	0.9999905496261263
6.7011004128092404	0.9999310512541694
6.7046493702989434	1.0000262531223987
6.7081367852840943	0.9999503279701608
6.7116249682053102	1.0000322544440379
6.7151471975109143	0.9999620615858267
6.7187218705632787	1.0000280451850014
6.7223730533683757	0.9999737635245665
6.7261313692994777	1.0000169313398177
6.7300583436067845	0.9999859776563856
6.7343011834198974	1.0000500421768839
6.7412466313818689	0.9998719746377832
6.7460427467328188	0.9999759931758230
6.7503668949067936	0.9999613800113442
6.7547445144889577	1.0000425081660633
6.7617950466900307	0.9998660472298283
6.7667090944105039	0.9999728759413775
6.7712920114909076	0.9999177704662944
6.7784659361052544	1.0001288489597373
6.7833783832750454	1.0000211364551725
6.7877438719775460	1.0000370443122697
6.7921367855763242	0.9999556468959065
6.7991350952960303	1.0001440267121686
6.8036730336310027	1.0000127927066260
6.8075214118998266	1.0000662799640927
6.8111253826198945	0.9999760579926056
6.8146644345868657	1.0000454862692836
6.8182101432539870	0.9999705439005256
6.8217980531146560	1.0000323072090900
6.8254570219932864	0.9999765119010758
6.8292204511163854	1.0000182847188031
6.8331502085944580	0.9999867464630371
6.8373938778779042	1.0000505366222605
6.8442989639447012	0.9998646491948154
6.8488401860742147	0.9999867635018962
6.8527478480939088	0.9999394919305663
6.8564354764813551	1.0000183235383568
6.8600825256990792	0.9999619697237484
6.8637650736694900	1.0000194341441559
6.8675403562373818	0.9999791265402136
6.8714738810770077	1.0000113660438086
6.8757201470777423	0.9999478550341533
6.8825976033726795	1.0001389862118264
6.8869940584823288	1.0000057329144718
6.8907084806225392	1.0000733867121037
6.8941725473666482	0.9999663687585348
6.8975513638908383	1.0000578435190106
6.9009036369260484	0.9999558081346483
6.9042500701733465	1.0000513668378817
6.9075993777640843	0.9999530283138393
6.9109530034231721	1.0000484493692146
6.9143132473701261	0.9999526450817556
6.9176788460392480	1.0000468918010377
6.9210513248111756	0.9999530327571864
6.9244290349313200	1.0000458479734757
6.9278134437336814	0.9999536598115412
6.9312028682726448	1.0000450053328125
6.9345988025008536	0.9999543520241341
6.9379995946544977	1.0000442457462884
6.9414067798699977	0.9999550584544693
6.9448187625611792	1.0000435175291191
6.9482371355532742	0.9999557740606684
6.9516603857993875	1.0000427876741089
6.9550901944916461	0.9999565155705918
6.9585251709592653	1.0000420217469392
6.9619671419987306	0.9999573170344457
6.9654149014937072	1.0000411715989443
6.9688705207496211	0.9999582359162784
6.9723330944434325	1.0000401623811752
6.9758051008723507	0.9999593673843760
6.9792861509816548	1.0000388704300720
6.9827794285693470	0.9999608727870331
6.9862854714524527	1.0000370822221474
6.9898087614252935	0.9999630384833356
6.9933516221223355	1.0000344067311679
6.9969211513069984	0.9999664102420450
7.0005235282986327	1.0000300624423182
7.0041719579666752	0.9999721362970897
7.0078826910874481	1.0000223638008838
7.0116873934763877	0.9999823057367352
7.0156413028354327	1.0000127264667309
7.0198926803077271	0.9999477582945392
7.0268379414692825	1.0001251923870562
7.0317318220446454	1.0000233784196404
7.0363047888358032	1.0000805688981822
7.0434368949912010	0.9998667623519624
7.0482435588238408	0.9999837342535227
7.0523788710026052	0.9999506392935101
7.0562822840409760	1.0000096991203067
7.0601651891637704	0.9999755544737619
7.0641492498438749	1.0000093756994590
7.0684114218028729	0.9999456694890132
7.0753569090797148	1.0001261659573566
7.0801996434786316	1.0000225428129814
7.0845539929063097	1.0000371876383958
7.0889412077530141	0.9999551711819228
7.0959823656133647	1.0001329749342691
7.1009228795466459	1.0000256873771975
7.1055109858314598	1.0000821849629549
7.1126754703279111	0.9998707695230790
7.1177558824883222	1.0000291995762309
7.1252533498388333	0.9998295011308425
7.1302334430889260	0.9999735305670481
7.1343845041824556	0.9999399426544359
7.1382189845136494	1.0000126656964916
7.1419653782338157	0.9999639620857544
7.1457187655589998	1.0000172307682416
7.1495436091715456	0.9999797749297257
7.1535065027466027	1.0000114077706204
7.1577608633442438	0.9999469323616279
7.1646916067601856	1.0001278941988383
7.1694767510522741	1.0000202912373459
7.1737161662687834	1.0000400583517979
7.1778370628962902	0.9999970218557438
7.1821458144004815	1.0000588742631418
7.1891300439049894	0.9998743427301801
7.1940431426869402	0.9999764240701686
7.1986239339534679	0.9999187374512988
7.2057644821298847	1.0001322205380223
7.2105831170938099	1.0000155248959952
7.2147284720886793	1.0000479568254987
7.2186424556621160	0.9999894983347271
7.2225317632027926	1.0000232933803639
7.2265212726832688	0.9999896037165042
7.2307836363003748	1.0000534983453930
7.2376927650045086	0.9998660253978807
7.2422930725947374	0.9999869584670031
7.2462337363923917	0.9999392369781178
7.2499105422522563	1.0000226475020970
7.2534911401287872	0.9999541660567183
7.2570341161501926	1.0000326024128985
7.2605659007397074	0.9999593640762900
7.2640934964663861	1.0000354571451577
7.2676223838038796	0.9999613265615469
7.2711521444783642	1.0000361641366688
7.2746850564250076	0.9999621847459274
7.2782197077945066	1.0000361766895030
7.2817579344217123	0.9999626939819435
7.2852982943827040	1.0000359306714226
7.2888426796875603	0.9999631372179316
7.2923898245952188	1.0000355301221415
7.2959418637132210	0.9999636565298606
7.2994978718258947	1.0000349447265751
7.3030604482285790	0.9999643844593726
7.3066292938219704	1.0000340486473667
7.3102078809912339	0.9999655222335117
7.3137971118517369	1.0000325830730383
7.3174021883430820	0.9999674404283345
7.3210265019467329	1.0000300281176597
7.3246790425208932	0.9999708971853526
7.3283690991218755	1.0000252602659134
7.3321155821593180	0.9999775622521460
7.3359457100296233	1.0000161740132165
7.3399167792377913	0.9999861601477699
7.3441715664570477	1.0000517044404089
7.3510831134563146	0.9998677910134288
7.3557600520729700	0.9999840042482407
7.3598047288197135	0.9999455495748087
7.3636029420019868	1.0000160026264733
7.3673271493029757	0.9999640029924196
7.3710469766222158	1.0000210281551685
7.3748068406053289	0.9999753972618196
7.3786430039156130	1.0000149268731950
7.3826168855606538	0.9999854884835501
7.3868725337673196	1.0000514165169845
7.3938035641317050	0.9998712684273725
7.3986103727793280	0.9999784007733091
7.4028726250752310	0.9999593668387243
7.4070063357197382	1.0000021406554935
7.4113199569009804	0.9999397949803279
7.4182629862353124	1.0001316846645232
7.4229295873832637	1.0000128814277780
7.4269303170941736	1.0000565568253494
7.4306634083090275	0.9999783815992652
7.4342950112528374	1.0000417191543558
7.4378892721223986	0.9999688973644195
7.4414712302440273	1.0000364605256276
7.4450530653392573	0.9999666138149443
7.4486391818687663	1.0000339037291122
7.4522352138424912	0.9999669906288058
7.4558439059749153	1.0000315864475404
7.4594723011844390	0.9999691407339248
7.4631263521467854	1.0000280403492121
7.4668189008985495	0.9999737493449585
7.4705656320220024	1.0000213654478118
7.4743973692804433	0.9999827741636301
7.4783679173077511	1.0000127746154419
7.4826238396634857	0.9999472008581832
7.4895274234912748	1.0001322809708275
7.4941716471995274	1.0000134666235114
7.4981633162450851	1.0000568466196058
7.5018951854955480	0.9999789349800726
7.5055321990946409	1.0000410681509930
7.5091395053768952	0.9999702627006762
7.5127446828078543	1.0000343845894759
7.5163638615273136	0.9999697744047790
7.5200072867070533	1.0000292438632894
7.5236894503266747	0.9999737268528096
7.5274271225215434	1.0000218485415731
7.5312517585204954	0.9999827637609867
7.5352178606832014	1.0000128223671088
7.5394725742671973	0.9999473804123763
7.5463757225826926	1.0001325814765993
7.5510071417530993	1.0000133019507480
7.5549874913680704	1.0000571753401233
7.5587137165791862	0.9999792205860590
7.5623532283661303	1.0000403164277176
7.5659740368786226	0.9999719023278099
7.5696078929346129	1.0000316342746913
7.5732773048767346	0.9999740696616295
7.5770028864223393	1.0000227554670191
7.5808177466042883	0.9999828661388469
7.5847776792420012	1.0000129571780423
7.5890307230002527	0.9999476692335690
7.5959219661328108	1.0001351451503291
7.6004646716432784	1.0000101608601182
7.6043312264789664	1.0000643655544843
7.6079317816383840	0.9999725160205337
7.6114332242602689	1.0000497774532253
7.6148990769716969	0.9999621701789151
7.6183545250882094	1.0000439640869445
7.6218124279045369	0.9999599728783436
7.6252784740692139	1.0000405461982906
7.6287596611050690	0.9999610900602394
7.6322603527006505	1.0000370251837287
7.6357891216325164	0.9999645155810829
7.6393536011680121	1.0000318927035463
7.6429682553497473	0.9999708560891080
7.6466506327774129	1.0000232662907540
7.6504336942901574	0.9999819246354076
7.6543742360557889	1.0000126980840016
7.6586220120259343	0.9999482090599133
7.6655362233331941	1.0001316548450436
7.6701824040283562	1.0000157429632957
7.6742222799614694	1.0000511532745153
7.6780682679981371	0.9999890119082044
7.6819132964650629	1.0000243703182412
7.6858774363145725	0.9999899274007927
7.6901326937315124	1.0000528226049601
7.6970716122044678	0.9998707262979760
7.7018174014631411	0.9999791143970773
7.7060223477521124	0.9999581701179179
7.7101196889266408	1.0000017110502608
7.7144234004250718	0.9999407810368247
7.7214029693310797	1.0001263431599834
7.7262346688232988	1.0000221746496101
7.7305752212662115	1.0000371776939239
7.7349591097318342	0.9999557682567175
7.7419440376983921	1.0001443972168409
7.7464631707930272	1.0000116137980850
7.7502813842702825	1.0000687571824154
7.7538434758683366	0.9999729426305533
7.7573270250344653	1.0000500488331385
7.7608001209459960	0.9999650665499008
7.7642924751912288	1.0000396849812765
7.7678229232449452	0.9999672305344326
7.7714063548578629	1.0000303183122496
7.7750647167939189	0.9999754852464969
7.7788284832394154	1.0000176606351860
7.7827587058944072	0.9999864224945604
7.7870024521202552	1.0000503934074809
7.7938927765101891	0.9998618729652898
7.7983480840645294	0.9999902747453098
7.8021435249420721	0.9999316833247485
7.8057014957444100	1.0000260278950162
7.8091952743212492	0.9999506548206387
7.8126878856154995	1.0000321497864197
7.8162131484883171	0.9999621965112448
7.8197898617443009	1.0000280103062633
7.8234423828240764	0.9999738092214218
7.8272015431880799	1.0000169299355444
7.8311289891780067	0.9999859842683759
7.8353719642838984	1.0000500636580445
7.8422498308725119	0.9998593019942217
7.8466272505227703	0.9999933407993271
7.8503301462719817	0.9999251061111258
7.8537899973190859	1.0000318783745796
7.8571770442594806	0.9999423759002535
7.8605489006441784	1.0000406184137760
7.8639323058931234	0.9999512940292934
7.8673364394635641	1.0000405898382148
7.8707707695831957	0.9999577167202540
7.8742407371323386	1.0000366920818164
7.8777570285710947	0.9999646509530326
7.8813304983559416	1.0000294366813298
7.8849818441961634	0.9999746189719887
7.8887407362445874	1.0000173659904885
7.8926681256439828	0.9999862242593913
7.8969110793549495	1.0000501908289996
7.9038453493552723	0.9998699611001911
7.9085679622592790	0.9999789696279642
7.9127541570765807	0.9999576127169694
7.9168402857703288	1.0000014752006670
7.9211409007065452	0.9999410153432778
7.9280807439933509	1.0001340469035873
7.9326344904753139	1.0000113606254724
7.9365392351772011	1.0000595458798840
7.9402221814933105	0.9999801326727448
7.9438624155821982	1.0000371508037134
7.9475405919639366	0.9999792836398748
7.9513109992642423	1.0000198562558715
7.9552429821270438	0.9999875504063663
7.9594875801698199	1.0000509550086316
7.9664225267419786	0.9998701964538211
7.9711474513932696	0.9999790597496692
7.9753354856798442	0.9999577072086976
7.9794227138781686	1.0000015195137142
7.9837236299589565	0.9999410042062004
7.9907043105655822	1.0001264443114839
7.9955240084135397	1.0000222014041733
7.9998560094292417	1.0000372487210041
8.0042375721273782	0.9999560953121505
8.0112496669275615	1.0001398273018371
8.0159173879711716	1.0000180041315565
8.0199481494195339	1.0000536650464291
8.0237785669346238	0.9999893946475857
8.0276099976449977	1.0000251939504565
8.0315653737886930	0.9999902498488197
8.0358183379814605	1.0000526685602054
8.0427036155225302	0.9998602648213534
8.0470974138421401	0.9999933307760995
8.0508127211623162	0.9999258105517729
8.0542792429771772	1.0000320888883711
8.0576666225953435	0.9999420279944370
8.0610315711871561	1.0000417464871105
8.0643993824747717	0.9999495754454685
8.0677772881891521	1.0000431998573451
8.0711720956174080	0.9999540919864300
8.0745855826429604	1.0000416053391876
8.0780231484896827	0.9999580734813844
8.0814876544339143	1.0000381893430119
8.0849867379579301	0.9999629180893465
8.0885271397823271	1.0000326975760960
8.0921226657681995	0.9999700842900792
8.0957903465254901	1.0000236324268628
8.0995628727818350	0.9999817172913756
8.1034971037233010	1.0000126703572396
8.1077431525772639	0.9999484157811850
8.1146429044963728	1.0001346422297468
8.1191849936485863	1.0000117067101224
8.1230815280476829	1.0000606630842093
8.1267481391864500	0.9999786210890085
8.1303572101477108	1.0000402147518967
8.1339817507525591	0.9999749557199176
8.1376630746129450	1.0000260578803455
8.1414421599738844	0.9999831743802010
8.1453796268016720	1.0000134405042385
8.1496266194484743	0.9999487287124894
8.1565489205287598	1.0001305491365799
8.1612352283671203	1.0000177065371330
8.1653416699673116	1.0000466516133621
8.1692864370338434	0.9999943201519369
8.1732881034198748	1.0000198904902131
8.1775571571096499	0.9999512028095270
8.1844778988019637	1.0001354801441431
8.1890623253882175	1.0000136928852945
8.1930056160594216	1.0000582006045673
8.1967236840058764	0.9999816614112434
8.2003934801716660	1.0000360653597273
8.2040952395121742	0.9999799731795038
8.2078829860814331	1.0000195283764901
8.2118254672781728	0.9999875137525738
8.2160729007011266	1.0000513022728355
8.2229812382471579	0.9998656837399204
8.2275592838367757	0.9999859623421363
8.2315045065533763	0.9999413659896657
8.2352242952515322	1.0000173760154274
8.2388976578926609	0.9999631184085072
8.2426009207559563	1.0000189537698261
8.2463913333565912	0.9999794675461585
8.2503339949707719	1.0000114272907137
8.2545827362560349	0.9999475687452404
8.2614848434239381	1.0001339687238249
8.2660456683375561	1.0000120513335389
8.2699613334488298	1.0000596290408352
8.2736445187057708	0.9999791294423599
8.2772674468206269	1.0000395258639356
8.2809033584803498	0.9999752914387777
8.2845936782852547	1.0000257428577068
8.2883793693734464	0.9999832608197209
8.2923208344272261	1.0000134319803156
8.2965689133893736	0.9999485841866549
8.3034511687319341	1.0001378800532337
8.3078979418404995	1.0000074062041688
8.3116627396884724	1.0000704252620820
8.3151703572085758	0.9999683458228008
8.3185869552749558	1.0000553431370833
8.3219731190439230	0.9999577100587443
8.3253512849517008	1.0000491633028246
8.3287317479681420	0.9999550783802013
8.3321176083368282	1.0000460685672281
8.3355129621093482	0.9999552481072969
8.3389186550192509	1.0000437519175662
8.3423386811606743	0.9999567934552392
8.3457744375700305	1.0000411752516190
8.3492311394512821	0.9999594829564902
8.3527119355909392	1.0000376529929167
8.3562246670486200	0.9999636813207234
8.3597763442948931	1.0000323090924823
8.3633809711731981	0.9999704613018098
8.3670557351279484	1.0000234510068229
8.3708333847553007	0.9999818194747876
8.3747706971773823	1.0000126834473386
8.3790175857297520	0.9999483143039843
8.3858956741352699	1.0001385661114337
8.3903152030294965	1.0000064525472605
8.3940512111647667	1.0000721693837067
8.3975331330734519	0.9999671842642659
8.4009276740153567	1.0000567051362979
8.4042955235855903	0.9999568797119328
8.4076593839589382	1.0000498803452160
8.4110300366343491	0.9999548302004813
8.4144112303898879	1.0000459940496595
8.4178079013793621	0.9999558304782236
8.4212219560230306	1.0000426602215777
8.4246587818353262	0.9999585394704387
8.4281216642153627	1.0000386679805793
8.4316184983485911	0.9999629565346851
8.4351563788794728	1.0000329492142945
8.4387493694671853	0.9999700283462394
8.4424147684816440	1.0000237452315386
8.4461854806438890	0.9999816986335149
8.4501185769241953	1.0000126762627020
8.4543643257754422	0.9999484577260354
8.4612319007750934	1.0001407258292079
8.4655837752752099	1.0000038748817122
8.4692443571552793	1.0000774349328312
8.4726521238905459	0.9999629517580189
8.4759727470329018	1.0000624112000640
8.4792647433933350	0.9999516908457061
8.4825487684650813	1.0000560832294110
8.4858338346868649	0.9999485491251802
8.4891217940081596	1.0000531869704101
8.4924155381137254	0.9999480629510243
8.4957144030995053	1.0000515071152221
8.4990206543232034	0.9999485905888822
8.5023333800553065	1.0000501496303995
8.5056549472724825	0.9999496155502622
8.5089846012738892	1.0000487428329152
8.5123249772873795	0.9999510108504071
8.5156756599592534	1.0000470880720518
8.5190397173643824	0.9999528138963414
8.5224173047512046	1.0000450110225614
8.5258122136988881	0.9999551716748432
8.5292255862581587	1.0000422755870224
8.5326625192202066	0.9999583689219298
8.5361260056987316	1.0000384810794083
8.5396237726138775	0.9999629497087028
8.5431627376839554	1.0000328435289534
8.5467568356485799	0.9999700548919345
8.5504232396306588	1.0000236950672876
8.5541947538166827	0.9999817058311111
8.5581283526569347	1.0000126720175275
8.5623742341332161	0.9999484373140186
8.5692510697330935	1.0001389663535167
8.5736561479213229	1.0000060377761639
8.5773781052986635	1.0000730234516308
8.5808479378179392	0.9999666281653327
8.5842316448194929	1.0000574845834957
8.5875889920301169	0.9999562045800626
8.5909417918218374	1.0000507569221699
8.5942999512093508	0.9999538667457337
8.5976662710708460	1.0000472251881862
8.6010446219562215	0.9999543316856889
8.6044356216057523	1.0000445684629460
8.6078430634672145	0.9999561392675671
8.6112681293398303	1.0000417289398376
8.6147158397632140	0.9999590442921255
8.6181891497355050	1.0000380069872006
8.6216957186118606	0.9999634111083546
8.6252423994534624	1.0000325125686786
8.6288430561912133	0.9999703208816770
8.6325147738643384	1.0000235380489431
8.6362902406754483	0.9999817823908468
8.6402262466725244	1.0000126807518901
8.6444727774913375	0.9999483585417528
8.6513578265434532	1.0001373197356653
8.6558152428593882	1.0000080491380334
8.6595983259213334	1.0000688122053383
8.6631307976421095	0.9999702019014907
8.6665792478301125	1.0000526148103739
8.6700052432322572	0.9999608236832933
8.6734325408404711	1.0000451588007524
8.6768730526224829	0.9999597424758166
8.6803320449356356	1.0000403397379320
8.6838165127721823	0.9999620604928252
8.6873314310281042	1.0000354246651473
8.6908868741692462	0.9999669670706410
8.6944934745875386	1.0000284545716698
8.6981715230874048	0.9999756170020444
8.7019502087309171	1.0000171009018055
8.7058896265250514	0.9999862508365762
8.7101358241512550	1.0000506301605048
8.7170397600211675	0.9998648496244222
8.7215964967475941	0.9999867894155077
8.7255112861062205	0.9999391660360558
8.7291922379799622	1.0000197854300903
8.7328149693431509	0.9999593228231904
8.7364492376625371	1.0000236314307676
8.7401397931071383	0.9999731431508851
8.7439241653245574	1.0000156527420390
8.7478662833843774	0.9999854732966866
8.7521132840917097	1.0000502873721302
8.7590077660992876	0.9998628900156410
8.7635068119078205	0.9999892424408455
8.7673414618533130	0.9999333677229663
8.7709244770610137	1.0000259732362622
8.7744260445789468	0.9999499645581187
8.7779058768132590	1.0000346718050490
8.7813925788827021	0.9999578700998831
8.7848968718637064	1.0000348647619832
8.7884298283979714	0.9999636860901998
8.7919990893565814	1.0000309781408980
8.7956188718029917	0.9999707432373672
8.7993060601104887	1.0000228936098867
8.8030930729647174	0.9999818937270260
8.8070361175454259	1.0000126445228059
8.8112845541636684	0.9999480936446039
8.8181847638454514	1.0001341450207826
8.8227480737036679	1.0000119466550346
8.8266611452459038	1.0000602262491227
8.8303340178383110	0.9999780120441905
8.8339363855548889	1.0000415123074475
8.8375375769665201	0.9999723692971726
8.8411723270361620	1.0000301469053623
8.8448690995346180	0.9999774346346439
8.8486605420153008	1.0000176461492123
8.8526073631273565	0.9999866299533018
8.8568556351761583	1.0000510731354670
8.8637980265359406	0.9998724539134050
8.8686216881103768	0.9999761412728855
8.8729657425975077	0.9999615997794733
8.8773487383937830	1.0000433159456270
8.8843514266867256	0.9998582677010690
8.8889922790180744	0.9999832049451227
8.8929619228832824	0.9999396578716878
8.8966814146165785	1.0000179658962385
8.9003336921271039	0.9999602022692665
8.9039913809860476	1.0000226992735846
8.9077003593998203	0.9999736254253579
8.9114982600453203	1.0000153950384090
8.9154485985074796	0.9999854456620589
8.9196978292788778	1.0000505633709196
8.9266311018478213	0.9998705580204523
8.9313952501479417	0.9999786281858422
8.9356185553878493	0.9999584730536138
8.9397277206088805	1.0000017921958662
8.9440346124409231	0.9999404248133797
8.9509701018988252	1.0001339964684024
8.9555405773535934	1.0000104576092221
8.9594359468022589	1.0000620560613369
8.9630719794809295	0.9999747142191800
8.9666171503435415	1.0000463610608488
8.9701353910744146	0.9999657191422519
8.9736519291382528	1.0000396000154013
8.9771797629586647	0.9999646294357576
8.9807250233472331	1.0000352135680242
8.9842959549336641	0.9999669457088946
8.9878993555738305	1.0000303042145420
8.9915485536455328	0.9999723177864451
8.9952598992845196	1.0000224324043738
8.9990650467275390	0.9999823597808040
9.0030192312498460	1.0000127514540416
9.0072706819194188	0.9999477610017218
9.0141828699196953	1.0001314057078876
9.0188463930735310	1.0000153745646905
9.0228895822253801	1.0000522063065937
9.0267131655193484	0.9999860172661476
9.0304965089347053	1.0000293670580942
9.0343312066873160	0.9999862710225358
9.0382976702780766	1.0000149112718519
9.0425531566854360	0.9999486702335910
9.0494780155034640	1.0001299215403097
9.0542129441228845	1.0000184421991054
9.0583662826666931	1.0000451749234094
9.0623466007499207	0.9999945525209886
9.0663697514399271	1.0000197708610199
9.0706447219090691	0.9999504185201501
9.0775905809701811	1.0001298939569021
9.0823828087051215	1.0000209962833024
9.0866242861333166	1.0000404471364162
9.0907455596215332	0.9999971807173831
9.0950545237236557	1.0000589157783195
9.1020394273345797	0.9998743351419136
9.1069518484508478	0.9999763971237261
9.1115324680752963	0.9999187520531860
9.1186787632201369	1.0001312804110798
9.1235307502718239	1.0000169364880358
9.1277329901557831	1.0000442139905144
9.1317338612050989	0.9999940592471073
9.1357654446739822	1.0000195499547793
9.1400432515344132	0.9999501585379507
9.1469983881229613	1.0001283459109322
9.1518524442387434	1.0000233878530216
9.1562127768477097	1.0000376203038830
9.1606017573593803	0.9999552295648153
9.1675995506336267	1.0001409896190161
9.1722476946125440	1.0000149763234683
9.1762037623174493	1.0000612884161499
9.1798864641513589	0.9999771547582635
9.1834678117157331	1.0000452509807889
9.1870127084300428	0.9999667488811732
9.1905458415059478	1.0000395075514299
9.1940783870345335	0.9999640055806986
9.1976135331916353	1.0000370250596544
9.2011551722671268	0.9999637800506836
9.2047037605478685	1.0000353982071655
9.2082630016193630	0.9999647175203443
9.2118340370550040	1.0000335707142325
9.2154221973347532	0.9999667061127175
9.2190310558396771	1.0000307456220610
9.2226697627116341	0.9999703552472878
9.2263478210344658	1.0000257011783702
9.2300843768120231	0.9999772896554842
9.2339069781953516	1.0000163065188992
9.2378733840131684	0.9999861759110028
9.2421268996023986	1.0000515484611836
9.2490359687940042	0.9998671062163674
9.2536859452268470	0.9999848152965902
9.2576962995307301	0.9999435896748936
9.2614561961358248	1.0000178593327984
9.2651367269980121	0.9999612250680905
9.2688040278821564	1.0000241684563185
9.2724962945544398	0.9999710205871384
9.2762382536890673	1.0000202858806846
9.2800650336777259	0.9999819385872337
9.2840320825205200	1.0000123815750268
9.2882871241953406	0.9999471366317543
9.2952091641857120	1.0001289659330510
9.2999649065492420	1.0000184649252033
9.3041396036968429	1.0000443571415691
9.3081365338760431	0.9999945761573670
9.3121698517262264	1.0000196742671215
9.3164476340037528	0.9999500223699892
9.3233692327091475	1.0001339869704706
9.3280224824084765	1.0000144165141882
9.3320226804970936	1.0000566042869210
9.3357673292957060	0.9999801615558117
9.3394243706042754	1.0000394978185976
9.3430618280215807	0.9999726885979376
9.3467111952466926	1.0000309600423682
9.3503945514789155	0.9999745950330379
9.3541319760737203	1.0000224008520895
9.3579559745803671	0.9999830266086657
9.3619216013820630	1.0000129730436975
9.3661761865722237	0.9999474793386175
9.3730980194029616	1.0001291428539518
9.3778504104842071	1.0000184639305496
9.3820215684841699	1.0000444991268547
9.3860156479147818	0.9999945692103487
9.3900471885887402	1.0000196895442401
9.3943244847360923	0.9999500904089043
9.4012775343463240	1.0001281866686480
9.4061386649602756	1.0000233360171813
9.4105045192713774	1.0000375477980872
9.4148949851208670	0.9999549907830272
9.4218961259923102	1.0001400645978000
9.4265794888109991	1.0000160785445804
9.4305810315433867	1.0000583854796903
9.4343164038746909	0.9999801072059826
9.4379608688713112	1.0000405931003062
9.4415851169236937	0.9999722766350159
9.4452218882294208	1.0000316473189843
9.4488938954593547	0.9999742525279807
9.4526217341073107	1.0000227335819949
9.4564383680997608	0.9999829288438582
9.4603994177105708	1.0000129799342308
9.4646527600562909	0.9999476454483314
9.4715690163620003	1.0001304089000107
9.4762735341410806	1.0000167619508331
9.4803732522819608	1.0000487853088327
9.4842688087197864	0.9999898644344630
9.4881504579982821	1.0000235068297028
9.4921367958853544	0.9999897119838637
9.4963981084439997	1.0000534762006401
9.5033283674711679	0.9998700535370104
9.5080668906529482	0.9999809051465535
9.5122251513113891	0.9999540938668545
9.5162070160291616	1.0000044974026920
9.5202324937081553	0.9999792304793278
9.5245068686000742	1.0000485596182522
9.5314424287268995	0.9998667542153223
9.5361459619901030	0.9999816143542172
9.5402420978786697	0.9999495112740596
9.5441313633272706	1.0000089896847701
9.5480094909615776	0.9999752115717205
9.5519920616821388	1.0000091406665221
9.5562536500601514	0.9999455170483728
9.5631482160793659	1.0001353999113685
9.5676681832948738	1.0000090062512907
9.5715049523710274	1.0000662223994516
9.5750731582871236	0.9999705945706384
9.5785393587128507	1.0000523649524402
9.5819656479893727	0.9999594039350083
9.5853754644305234	1.0000474609477037
9.5887796896831645	0.9999559729811983
9.5921817249826979	1.0000454743987810
9.5955857491142549	0.9999552368436714
9.5989925334195387	1.0000442070627249
9.6024057868008459	0.9999557728527465
9.6058263727202515	1.0000427545117190
9.6092586032447223	0.9999572534363064
9.6127041993769868	1.0000406316093051
9.6161687329503032	0.9999597924636231
9.6196556651465368	1.0000373658983190
9.6231731406577676	0.9999638589152383
9.6267284236602233	1.0000321707556694
9.6303357430977137	0.9999705460123532
9.6340124611336275	1.0000234000763144
9.6377914535457734	0.9999818418008349
9.6417295528423761	1.0000126866570154
9.6459766606250419	0.9999482895340694
9.6528982100610907	1.0001303821095566
9.6575865910400971	1.0000176499528060
9.6616947241009719	1.0000465704849473
9.6656405666417307	0.9999943003524590
9.6696428175008258	1.0000198752349392
9.6739120448272526	0.9999511758626258
9.6808773654822158	1.0001271131739182
9.6857653991759634	1.0000242966660426
9.6903373763171281	1.0000806011875349
9.6974231569603564	0.9998576362786268
9.7018991613783587	0.9999953813966832
9.7056118774289466	0.9999233152821606
9.7090411466878876	1.0000360026019250
9.7123748686632183	0.9999375264325189
9.7156759667365211	1.0000467477129968
9.7189716838133009	0.9999439653398132
9.7222697236849775	1.0000491869300214
9.7255766814611739	0.9999474894329273
9.7288935224106385	1.0000487110304079
9.7322242972512072	0.9999502266293627
9.7355696015884678	1.0000468455298011
9.7389336875167380	0.9999531355012008
9.7423179736071521	1.0000439374604693
9.7457278688467319	0.9999567877807708
9.7491665856239340	1.0000398010916536
9.7526420863966727	0.9999618208322443
9.7561615008645983	1.0000337377694479
9.7597389660481273	0.9999693982196588
9.7633918982192629	1.0000241191870307
9.7671533998768183	0.9999815254637167
9.7710809097214746	1.0000126630190955
9.7753251521070990	0.9999486474967676
9.7822042936449112	1.0001388195052265
9.7866109117120637	1.0000065787138399
9.7903435410834661	1.0000717038524183
9.7938345252598165	0.9999687213722428
9.7972513301127879	1.0000542513580515
9.8006557957511706	0.9999603953037938
9.8040726092984336	1.0000450828483396
9.8075153885504029	0.9999609738507637
9.8109920685496679	1.0000380582547461
9.8145137014640333	0.9999658434921722
9.8180916005494741	1.0000298124038192
9.8217464163441335	0.9999750340166980
9.8255078768391435	1.0000174899948158
9.8294368068697491	0.9999863140091875
9.8336801815079138	1.0000502924220656
9.8405800754078143	0.9998635947610605
9.8450895672413523	0.9999880050222231
9.8489551868685865	0.9999365879462918
9.8525931017665140	1.0000212521584588
9.8561795007801809	0.9999575375083340
9.8597837632382426	1.0000245801769223
9.8634504444248776	0.9999723201719407
9.8672172484325280	1.0000159054813371
9.8711487190355438	0.9999854617812002
9.8753928401826965	1.0000499065541208
9.8822737912046268	0.9998598437355557
9.8866720523400851	0.9999927366623722
9.8903937205591390	0.9999260227095772
9.8938658291889308	1.0000317636828264
9.8972572192800499	0.9999421225265877
9.9006240820655851	1.0000417773547823
9.9039911594681342	0.9999492858935953
9.9073649874520484	1.0000437438912928
9.9107514814738611	0.9999531800070534
9.9141512728796002	1.0000429309727399
9.9175682557315668	0.9999561885352973
9.9210032588349737	1.0000407480482301
9.9244610751974314	0.9999594544075099
9.9279443182226679	1.0000373293476097
9.9314603777472730	0.9999638401602752
9.9350158024355011	1.0000320628983210
9.9386241956208004	0.9999706123780555
9.9423023655441884	1.0000233220419488
9.9460827282541384	0.9999818670099958
9.9500217436256442	1.0000126845205815
9.9542690823313293	0.9999482554489764
9.9611571622020225	1.0001366104499942
9.9656384307669548	1.0000087399717628
9.9694459345086095	1.0000674665528595
9.9729983029229530	0.9999708158626173
9.9764605709097864	1.0000520986318988
9.9798929596743005	0.9999605277933150
9.9833173719836186	1.0000460714176964
9.9867432487079029	0.9999578101258241
9.9901725929295289	1.0000434285927184
9.9936080924815336	0.9999574520773810
9.9970489520603643	1.0000419640181679
