0.0000000000000000	0.0000000000000000
4.4945683672423575	0.0010000000000000
4.4999828627619278	0.0009441481219042
4.5048811690468398	0.0009123860658687
4.5093829531693439	0.0009513249751007
4.5136135421482200	0.0010790072517006
4.5176765325622190	0.0011573820432296
4.5216832742636850	0.0013471196031027
4.5257585123827067	0.0015039887791456
4.5300183007219283	0.0017455054993223
4.5346398347939489	0.0019759758483756
4.5421274415935935	0.0027562134092495
4.5540557774922714	0.0042607226165241
4.5583704390333590	0.0046327274830181
4.5625554081381168	0.0053585433872034
4.5666948254855173	0.0061051105562030
4.5709794932228975	0.0070171198514427
4.5755545855081197	0.0081459867188372
4.5802137554338458	0.0095329282116367
4.5881692233116178	0.0122359572424793
4.5934376813485160	0.0145485973212722
4.6043486375865346	0.0205792444497187
4.6077926523513506	0.0233820696255282
4.6118128756148424	0.0265891047185219
4.6157630380404786	0.0303213103221965
4.6194448465389151	0.0340915840843146
4.6228943828062352	0.0382430536101036
4.6263834760188773	0.0426884110925930
4.6299558035392483	0.0479384710767398
4.6337429038072493	0.0540109183537525
4.6376436252238653	0.0611257382500670
4.6417597676355387	0.0695071360570325
4.6459397513851863	0.0791551895113137
4.6503124502854218	0.0905282025519651
4.6546975420314105	0.1034321642719388
4.6592535042816605	0.1185528699566707
4.6637891389692951	0.1355121179934224
4.6684663990618089	0.1551414954927302
4.6731176373571355	0.1769608953586002
4.6778560519211698	0.2016688624382870
4.6826105997292125	0.2290441545992819
4.6873677939404850	0.2590416484765201
4.6922456057874120	0.2925537535312480
4.6974264240937922	0.3304403880968477
4.7028770906658934	0.3736971633132660
4.7079328632585895	0.4158794236384206
4.7127715521390474	0.4577352750536278
4.7172845678522659	0.4973712004465004
4.7221542182764482	0.5403430294984607
4.7265435665526434	0.5788314108467958
4.7308283488016816	0.6157348896278819
4.7346455992321888	0.6475422027095108
4.7384998304686681	0.6786086050089691
4.7422464469619614	0.7073452135525121
4.7461194349431155	0.7355972995812292
4.7499980600319551	0.7620704926077925
4.7539934968762250	0.7875148287602283
4.7580668109088320	0.8113624948386201
4.7622137438495038	0.8335769206233382
4.7664945487277883	0.8542993724397464
4.7709341527920559	0.8736264390646905
4.7781261013757490	0.8999367052555057
4.7868889986876235	0.9258909468881928
4.7912936279494680	0.9362506762017869
4.7952726838102793	0.9445463161773547
4.7996490128712601	0.9523834565376538
4.8047883614769846	0.9606857754631856
4.8102390450967061	0.9672882276470128
4.8153184148758248	0.9730329997152117
4.8203284317298891	0.9774522840288119
4.8277196050633187	0.9828413399349892
4.8465847077188249	0.9918021827876947
4.8523254168654955	0.9930328119596136
4.8575695403467156	0.9942896008272496
4.8616917089385900	0.9950461141112096
4.8652465007008896	0.9957613827873529
4.8686318784307119	0.9961783448346460
4.8720234601485419	0.9967158359340429
4.8754723749815145	0.9970397304546957
4.8789580315916554	0.9974747487000241
4.8824863196116208	0.9977208048124394
4.8860482553166706	0.9980705848858784
4.8896588492636806	0.9982589846405766
4.8933313665973097	0.9985351791280263
4.8971060730320914	0.9986924906924792
4.9010397503387884	0.9989035146600191
4.9052880066349624	0.9990058156660159
4.9121570763053155	0.9994129310040260
4.9166598437942124	0.9994036021725298
4.9205386505524347	0.9995351396259350
4.9242459597855408	0.9995319200378340
4.9279865458400947	0.9996340176345704
4.9318880920902712	0.9996520867631535
4.9361267744945270	0.9997630209178945
4.9430942737337062	0.9996504398988920
4.9478080026542859	0.9997913643549411
4.9520733042097422	0.9998034855730685
4.9564353501315335	0.9999062692814285
4.9634610433899633	0.9997545715976246
4.9680226784141723	0.9998939495671850
4.9719929429402070	0.9998703142897369
4.9758313231061315	0.9999393314964814
4.9797708557746194	0.9999217324559951
4.9840218574178135	0.9999968095073678
4.9908744753837988	0.9998096532971346
4.9949524016383435	0.9999699407529400
4.9983914727209280	0.9998799269788545
5.0016562834175264	1.0000129207719508
5.0049096252966869	0.9999127526025183
5.0082035057918119	1.0000209360813623
5.0115648760027884	0.9999358468497941
5.0150086503268643	1.0000174434471250
5.0185573167692166	0.9999565337508580
5.0222414420904187	1.0000063693670227
5.0261240392719211	0.9999757329433843
5.0303550604310079	1.0000397235199514
5.0373071222629351	0.9998642643811446
5.0420383554671480	0.9999701895694475
5.0463166999702507	0.9999560759319267
5.0506820616380139	1.0000365652105438
5.0576405169186049	0.9998438667963095
5.0619006811433289	0.9999913818511662
5.0654859329128472	0.9999142066049926
5.0688661603009848	1.0000299355925615
5.0722149859499899	0.9999394579355102
5.0755897478907182	1.0000349404405138
5.0790197679064990	0.9999557345616933
5.0825205862935228	1.0000292505893371
5.0861146581012182	0.9999706409560678
5.0898319121227313	1.0000166104104236
5.0937343669870323	0.9999851398038954
5.0979706020538940	1.0000484775922489
5.1049317695256704	0.9998732473927490
5.1097808835312701	0.9999744840861555
5.1143439113794962	0.9999196343556732
5.1215243884940556	1.0001270437374019
5.1264737119842323	1.0000220983883499
5.1310671553763907	1.0000789173665323
5.1381947322387393	0.9998577193733067
5.1426920179981463	0.9999925051240247
5.1464578855315972	0.9999284280306467
5.1499709000482206	1.0000286603852189
5.1534181970218400	0.9999475296874324
5.1568639258725701	1.0000349699234046
5.1603388146182461	0.9999586592908148
5.1638564538987639	1.0000320673417429
5.1674331689718898	0.9999684406113614
5.1710861831232799	1.0000235302303382
5.1748482430787819	0.9999812460215871
5.1787761991135248	1.0000125051808495
5.1830205424278004	0.9999485561588988
5.1899625921309296	1.0001269425443198
5.1947656367753225	1.0000228877765203
5.1990923792188477	1.0000375269743886
5.2034720192574282	0.9999562601757610
5.2104913572986158	1.0001381468246113
5.2152181167958602	1.0000202181240396
5.2193352911730040	1.0000482747668273
5.2232809998649374	0.9999949917351518
5.2272816564948910	1.0000203256281064
5.2315506089355086	0.9999515308782428
5.2384531627758495	1.0001392733319676
5.2429163156362373	1.0000088319180971
5.2466998536389573	1.0000694322436634
5.2502303554995207	0.9999702249228931
5.2536747353777580	1.0000532310004997
5.2570938904834632	0.9999602523070612
5.2605105786925126	1.0000462391749250
5.2639354343918532	0.9999583792357600
5.2673721414947536	1.0000423132317646
5.2708256298623253	0.9999594873604085
5.2742980730879614	1.0000389105485989
5.2777954449879072	0.9999623755922493
5.2813221285806078	1.0000346386699768
5.2848879952220553	0.9999673122900823
5.2885034811079876	1.0000280493064266
5.2921887556858396	0.9999758028037478
5.2959728225424776	1.0000169882089196
5.2999155284934441	0.9999862373308115
5.3041626133511190	1.0000507417518012
5.3111139306817430	0.9998739214033825
5.3159954514686962	0.9999755140368553
5.3205669098608324	0.9999190594984309
5.3276989939263357	1.0001337431842590
5.3324330876559065	1.0000133454145663
5.3364762949796951	1.0000532009065082
5.3402788066968840	0.9999846585045040
5.3440380971595172	1.0000301608252620
5.3478526793720595	0.9999858802242112
5.3518063079870641	1.0000148902831603
5.3560583760574323	0.9999491253304368
5.3629508430326522	1.0001366440978523
5.3674509486201902	1.0000095640797431
5.3712791328455838	1.0000662215596643
5.3748535460279800	0.9999722367902905
5.3783412488920845	1.0000500710736857
5.3818050362688146	0.9999629925195659
5.3852698174121407	1.0000426947742591
5.3887486714418831	0.9999621339713867
5.3922481636004003	1.0000376558724207
5.3957770412805717	0.9999649764263303
5.3993427430428058	1.0000319975381420
5.4029592377087452	0.9999710908835068
5.4066436351015987	1.0000232584046636
5.4104284576149988	0.9999820060677324
5.4143701504866133	1.0000127267177961
5.4186182211598988	0.9999481857667826
5.4255093618600920	1.0001359305874904
5.4300145234351627	1.0000097028196795
5.4338525376466142	1.0000652489476942
5.4374408762528708	0.9999732080182101
5.4409473645744324	1.0000484120147701
5.4444362746051640	0.9999649635240034
5.4479345691271046	1.0000399108491826
5.4514581779861198	0.9999656442444707
5.4550177463090090	1.0000329194504818
5.4586283366266777	0.9999711808861552
5.4623077114460212	1.0000236042777328
5.4660886774019497	0.9999820346990410
5.4700279989049152	1.0000127728111989
5.4742754284365818	0.9999482906959924
5.4812240350168704	1.0001252451765610
5.4861060868219758	1.0000236089243375
5.4906759693694305	1.0000802458332754
5.4978011738942101	0.9998648299389623
5.5025265094430393	0.9999858674818186
5.5065602264050790	0.9999451922233673
5.5103514499815391	1.0000146085390158
5.5141027538427574	0.9999684768092717
5.5179097236828696	1.0000131591770345
5.5218601433585395	0.9999840411396395
5.5261100975653434	1.0000496236191454
5.5330567023002031	0.9998717804071419
5.5378712331708364	0.9999758925519976
5.5422081442603792	0.9999614225110409
5.5465892386726967	1.0000429686855663
5.5535814449061496	0.9998559600878036
5.5581411064383088	0.9999858128255705
5.5620115521527485	0.9999335232055531
5.5656257827118196	1.0000232465883132
5.5691648088601715	0.9999526533551206
5.5726950874862213	1.0000303593794335
5.5762520450920317	0.9999635808154240
5.5798550234161928	1.0000270083311722
5.5835285065945381	0.9999744617350353
5.5873030990297172	1.0000166597370244
5.5912398993518817	0.9999859737588330
5.5954853969750635	1.0000503914688801
5.6024027478729188	0.9998671598131923
5.6070364032921614	0.9999832948826779
5.6110674460258663	0.9999474030736534
5.6149050950524870	1.0000100039698103
5.6187458795840577	0.9999744268526277
5.6227060722807956	1.0000089605835336
5.6269615196289289	0.9999461780573341
5.6338893450341887	1.0001300573107177
5.6385740473155339	1.0000173051174492
5.6426771193944187	1.0000466325064217
5.6466188395241508	0.9999942004981015
5.6506185383031697	1.0000198545128245
5.6548870744702917	0.9999512534099668
5.6618175706397986	1.0001337428180797
5.6664594147438221	1.0000162713619427
5.6704902067388314	1.0000520108356257
5.6743277145667985	0.9999890688808639
5.6781663440169368	1.0000246512361797
5.6821265790156046	0.9999900308611468
5.6863807815347860	1.0000527382125994
5.6933370977509039	0.9998738321038323
5.6983356054195857	1.0000258629978422
5.7057936206051281	0.9998311153134716
5.7106784959004120	0.9999738272842286
5.7147643125899705	0.9999384452719018
5.7185671171339418	1.0000115102530751
5.7223172736028411	0.9999662262969201
5.7261197968371542	1.0000122278427084
5.7300667308224664	0.9999834553388187
5.7343158233183651	1.0000491646657235
5.7412301256179665	0.9998652903709102
5.7458199055441890	0.9999847961590060
5.7497879417973117	0.9999431315244937
5.7535448800954674	1.0000144529771775
5.7572763853920028	0.9999676509101812
5.7610713117627723	1.0000130458746808
5.7650151164891641	0.9999839080052167
5.7692631743014351	1.0000493459932880
5.7761997159085450	0.9998696781566391
5.7809356502446754	0.9999786777403932
5.7851329399330780	0.9999577589732369
5.7892257617284013	1.0000015123929886
5.7935282181861147	0.9999408179957946
5.8005169896656987	1.0001247209057744
5.8054106881069156	1.0000229731898937
5.8099846550708012	1.0000798373184185
5.8171203792057486	0.9998652564366108
5.8218655171462590	0.9999846115460177
5.8259364694132527	0.9999480532133245
5.8297866875601319	1.0000105750282482
5.8336304429695129	0.9999746057498209
5.8375908769141098	1.0000091234798525
5.8418465989630848	0.9999463314998428
5.8487678961535954	1.0001316251628931
5.8533992054094393	1.0000152398026576
5.8574231746271970	1.0000516974705949
5.8612563387506951	0.9999887548841022
5.8650921704004864	1.0000245745178997
5.8690508392693657	0.9999899812838211
5.8733045950328799	1.0000526697360890
5.8802349181087390	0.9998689029528767
5.8849124607554195	0.9999816779916699
5.8890116545937650	0.9999521518941951
5.8929488977847084	1.0000047395723706
5.8969474529253905	0.9999790486980739
5.9012144158407240	1.0000475466132497
5.9081844968520265	0.9998720433423792
5.9130661286093416	0.9999747289323430
5.9176381483495462	0.9999189017044853
5.9247611598832393	1.0001360723994746
5.9294047494462641	1.0000103820338961
5.9333322885326929	1.0000602395808011
5.9370041067440580	0.9999778054896546
5.9406096725928084	1.0000403862914755
5.9442283668305249	0.9999745355915404
5.9479039037954529	1.0000262123958044
5.9516783367778370	0.9999830621762689
5.9556128776517196	1.0000134309731117
5.9598590957889410	0.9999488350157379
5.9668006478078279	1.0001270803485904
5.9716093241995081	1.0000229393970015
5.9759399030703646	1.0000375260763350
5.9803206074277586	0.9999561263117366
5.9873161031344475	1.0001423475202331
5.9919004924258497	1.0000143512108925
5.9958066810966857	1.0000625591038061
5.9994712013685785	0.9999791015158332
6.0030747459919205	1.0000410751633237
6.0066931876627541	0.9999749762132389
6.0103690854172598	1.0000264108086458
6.0141439441573592	0.9999831935976901
6.0180787983467372	1.0000134927217952
6.0223250900303427	0.9999488516985171
6.0292284381682206	1.0001342528769086
6.0337884593078348	1.0000126279074468
6.0377115957483181	1.0000587264064043
6.0414135447841231	0.9999810048171084
6.0450703698884141	1.0000365172859020
6.0487619181248746	0.9999796765018822
6.0525421724466213	1.0000196680706837
6.0564801166624669	0.9999875303929441
6.0607263237133484	1.0000511540807715
6.0676327609197482	0.9998651187761278
6.0721893560360218	0.9999865024489744
6.0761117509904290	0.9999402165479554
6.0798113316212081	1.0000180157535226
6.0834677112393480	0.9999623733664526
6.0871573338630958	1.0000192860799173
6.0909376475957036	0.9999792412212346
6.0948741711346495	1.0000113872811431
6.0991212556263896	0.9999477609048426
6.1060298362363019	1.0001330253689740
6.1106181749116741	1.0000136833973574
6.1145823642776067	1.0000557260876248
6.1183377776178292	0.9999842816384235
6.1220664570155963	1.0000312720230662
6.1258608166015582	0.9999858107211467
6.1298028236118451	1.0000149787337609
6.1340516449090119	0.9999495454320338
6.1409558538063136	1.0001348826663095
6.1455065053722713	1.0000124695219821
6.1494184207257012	1.0000594100877254
6.1531098588272046	0.9999806764078588
6.1567575585168246	1.0000369494179995
6.1604416167980265	0.9999794904130662
6.1642162637495064	1.0000197968241271
6.1681507820522263	0.9999875496604886
6.1723960717101853	1.0000510411106105
6.1793306828448475	0.9998702450780480
6.1840592754234898	0.9999790397781795
6.1882503860524265	0.9999577768616428
6.1923394601987658	1.0000015442866539
6.1966408877166712	0.9999409549912107
6.2036304070594168	1.0001247347141302
6.2085212223171435	1.0000230274458652
6.2130944418660894	1.0000797551890630
6.2202294097545217	0.9998649421453847
6.2249606715236538	0.9999848612634153
6.2290171584945089	0.9999474520328206
6.2328553709305661	1.0000107971985486
6.2366902671550930	0.9999743859332056
6.2406453633309962	1.0000090686261822
6.2448996416792113	0.9999464825937837
6.2518580459960180	1.0001248702079706
6.2567330781374784	1.0000235176098555
6.2613013071846249	1.0000798289598734
6.2684406402120096	0.9998664243664885
6.2732167470808564	0.9999829796352595
6.2773460005275723	0.9999523366500372
6.2812891613051907	1.0000052626151812
6.2852872807276015	0.9999791877904617
6.2895546622369052	1.0000474500897198
6.2963766853844199	0.9998437566986079
6.3003863191523752	1.0000082679280780
6.3037128509426967	0.9998962819627711
6.3068318330697002	1.0000512280499823
6.3099058272093513	0.9999171103558148
6.3129830247483261	1.0000598588067950
6.3160838697250954	0.9999295318548916
6.3192127306359192	1.0000593050745967
6.3223751034142923	0.9999379173063681
6.3255714874536668	1.0000553633117120
6.3288064117655836	0.9999449886481203
6.3320813521340806	1.0000496628591364
6.3354024318358162	0.9999522493454965
6.3387739215549868	1.0000423358765353
6.3422059634833508	0.9999609434198965
6.3457093320133326	1.0000324718732065
6.3493048702621788	0.9999729177403122
6.3530229084623171	1.0000181977440721
6.3569256829342118	0.9999863015121635
6.3611620527626256	1.0000493612084729
6.3680974715272303	0.9998689930208710
6.3727696931665374	0.9999793749445155
6.3769117633677288	0.9999564975784131
6.3809709130768884	1.0000010757589652
6.3852642255664103	0.9999416886281531
6.3921730436274826	1.0001407766382133
6.3965019551101872	1.0000039239944929
6.4001647520034437	1.0000745892004099
6.4036171869328982	0.9999691825054876
6.4070316577658852	1.0000519329090083
6.4104744781289398	0.9999661839453863
6.4139784196619818	1.0000359012702489
6.4175712403505214	0.9999745517579548
6.4212865036931497	1.0000192809743962
6.4251873110164546	0.9999868486176114
6.4294232279618857	1.0000495660846500
6.4363724602087462	0.9998715720485056
6.4411302675324063	0.9999759707827571
6.4454271716877853	0.9999611424290286
6.4497974872945854	1.0000414413060192
6.4567670588490289	0.9998499729919330
6.4611201537509970	0.9999912306056983
6.4647910370807153	0.9999221980677397
6.4682437459552622	1.0000286124575180
6.4716585829208206	0.9999462266628973
6.4750998571488987	1.0000323705848810
6.4786039863367515	0.9999627632749135
6.4821955184850069	1.0000242517035958
6.4859113358312817	0.9999795619269802
6.4898110619591511	1.0000120243883437
6.4940479315000825	0.9999492959590411
6.5009801311772941	1.0001300580173311
6.5056506972307151	1.0000194638397581
6.5097885651276046	1.0000425192578088
6.5138467070697175	0.9999978843023648
6.5181384271556251	1.0000572138372106
6.5248010711921260	0.9998129898229855
6.5281307725361826	1.0000439394141276
6.5309424600328514	0.9998538089339717
6.5336773213598791	1.0000750676709220
6.5364420991742911	0.9998877833675648
6.5392537648972402	1.0000789039943510
6.5421152828286679	0.9999072462648717
6.5450198770378964	1.0000768423368329
6.5479653338924564	0.9999185541719391
6.5509456736115554	1.0000730136607290
6.5539598735082496	0.9999259288017874
6.5570036624279542	1.0000687850780214
6.5600771931384187	0.9999314424785919
6.5631774219164809	1.0000645752158075
6.5663054027328123	0.9999361040153820
6.5694590318791466	1.0000604188519715
6.5726401550933486	0.9999404575543670
6.5758475494629982	1.0000561873064755
6.5790839253017612	0.9999448726437252
6.5823491087931805	1.0000516534458619
6.5856469971294418	0.9999497033199961
6.5889789836887758	1.0000464667815205
6.5923509683806207	0.9999554276768730
6.5957672099377707	1.0000400289537170
6.5992377172969086	0.9999628843513120
6.6027731977370800	1.0000311545325744
6.6063943099322859	0.9999737714689494
6.6101310617325986	1.0000178369530108
6.6140450886582816	0.9999862780351556
6.6182844580935098	1.0000497433029589
6.6251098690790142	0.9998489369254295
6.6291921663682274	1.0000052852038139
6.6325953701767828	0.9999030810336962
6.6357812208215829	1.0000476473895792
6.6389109011727996	0.9999216541858575
6.6420320656406266	1.0000576841890016
6.6451640321924641	0.9999313347569025
6.6483097240562410	1.0000593517359380
6.6514727966511860	0.9999367354868104
6.6546516786781922	1.0000583015411124
6.6578483537327218	0.9999403855705269
6.6610611719158817	1.0000562566662234
6.6642921951157854	0.9999434218869674
6.6675402030473618	1.0000537510947078
6.6708076629704269	0.9999463736017216
6.6740939448314558	1.0000508775710253
6.6774021523299565	0.9999495614364134
6.6807325142415506	1.0000475201558807
6.6840891715709043	0.9999532928207803
6.6874737844722407	1.0000433908472062
6.6908923875937951	0.9999580090599258
6.6943493926386122	1.0000379300394584
6.6978548481613798	0.9999645204188778
6.7014194642321065	1.0000299766943528
6.7050638048662243	0.9999745104920617
6.7088175921929718	1.0000175158879392
6.7127418986366880	0.9999862579977914
6.7169840236225973	1.0000500966984538
6.7238736153911143	0.9998614237604849
6.7283126502479149	0.9999906171861932
6.7320934922534388	0.9999309154286903
6.7356404169179163	1.0000263369576268
6.7391260667292068	0.9999502240275600
6.7426127230491950	1.0000323203101271
6.7461336451566822	0.9999619964141553
6.7497072247699368	1.0000280848454537
6.7533575314739700	0.9999737339848771
6.7571152013558935	1.0000169420902951
6.7610417843363217	0.9999859777807297
6.7652845189518827	1.0000500284103777
6.7722300258381516	0.9998719667901398
6.7770255789101137	0.9999759914697620
6.7813493231806374	0.9999613760108322
6.7857268340874546	1.0000424920390316
6.7927774624447688	0.9998660454458432
6.7976911844861991	0.9999728692738394
6.8022740168031266	0.9999177793868799
6.8094480171761127	1.0001288555263674
6.8143598930515079	1.0000211388499749
6.8187249672809802	1.0000370480076290
6.8231177689281992	0.9999556627477276
6.8301158150770629	1.0001440927118839
6.8346513911524172	1.0000127298548223
6.8384973030766423	1.0000664195451499
6.8420990982941792	0.9999759764102828
6.8456362842845815	1.0000455891335631
6.8491804077970402	0.9999704837041665
6.8527669984571320	1.0000323648658900
6.8564249117964042	0.9999764830737683
6.8601875631397959	1.0000183012573598
6.8641168490690880	0.9999867486942725
6.8683603915555578	1.0000505211398096
6.8752653068275951	0.9998645947496994
6.8798044719481268	0.9999868143433934
6.8837100125026227	0.9999393844516387
6.8873958115851028	1.0000183800858096
6.8910413555169043	0.9999619027864254
6.8947227139208280	1.0000194623833532
6.8984971259661716	0.9999791064129921
6.9024301251992188	1.0000113622602094
6.9066762492905545	0.9999478712182862
6.9135527683717246	1.0001391844945045
6.9179429168955382	1.0000055059613637
6.9216505114705926	1.0000738420206636
6.9251081390450411	0.9999660327228448
6.9284808793165205	1.0000582805957883
6.9318273209935537	0.9999554517078034
6.9351680809855809	1.0000517672841480
6.9385118303170392	0.9999526697548460
6.9418599855535277	1.0000488236706011
6.9452148372374101	0.9999522921008477
6.9485751120559271	1.0000472474835429
6.9519423345919007	0.9999526888555850
6.9553148508033162	1.0000461889271326
6.9586941300564664	0.9999533264700873
6.9620784859512570	1.0000453333011499
6.9654694161046731	0.9999540299681781
6.9688652667818918	1.0000445612513034
6.9722675782942174	0.9999547483336866
6.9756747547065769	1.0000438202866666
6.9790883956630267	0.9999554768086631
6.9825069897850405	1.0000430767282316
6.9859322267009132	0.9999562326497239
6.9893627208531326	1.0000422955614146
6.9928003070947131	0.9999570506992830
6.9962437905169539	1.0000414277997427
6.9996952512332831	0.9999579890130336
7.0031537984481194	1.0000403976253001
7.0066219225840713	0.9999591436854245
7.0100992523088728	1.0000390804176114
7.0135889870547370	0.9999606770456959
7.0170916856555330	1.0000372616682489
7.0206118491583807	0.9999628764202858
7.0241518255537043	1.0000345494299967
7.0277187357517716	0.9999662884282662
7.0313187874607088	1.0000301614389597
7.0349652146158475	0.9999720618731183
7.0386743051988470	1.0000224120504164
7.0424777713125675	0.9999822840913903
7.0464309205609181	1.0000127245176544
7.0506820915641457	0.9999477838360129
7.0576275266167174	1.0001251940321645
7.0625207984345195	1.0000233900123678
7.0670936057358906	1.0000805520911509
7.0742256926622975	0.9998667214582980
7.0790302817139885	0.9999837639632204
7.0831634273120221	0.9999505566817988
7.0870650397428951	1.0000097285728469
7.0909466115974737	0.9999755236327919
7.0949298634199334	1.0000093675749679
7.0991918136845173	0.9999456926334644
7.1061374086164255	1.0001261778594275
7.1109790670001294	1.0000225463301253
7.1153326279507745	1.0000371941614723
7.1197196285709090	0.9999552015911466
7.1267609668673124	1.0001329780119013
7.1317008525882351	1.0000257008420612
7.1362887940197588	1.0000821683284653
7.1434535569545838	0.9998707795291319
7.1485339086528610	1.0000291816011009
7.1560313364994510	0.9998294471012299
7.1610087597452434	0.9999735622219187
7.1651568476778014	0.9999398061328291
7.1689886828389584	1.0000127325207400
7.1727328594124904	0.9999638694582160
7.1764844664259622	1.0000172682070096
7.1803079872934825	0.9999797455953084
7.1842700718277612	1.0000114014517059
7.1885242116714263	0.9999469568985127
7.1954550122906236	1.0001279177581506
7.2002386879889375	1.0000202821316142
7.2044767610054432	1.0000400887380956
7.2085968106988902	0.9999970332532176
7.2129053306768105	1.0000588517271292
7.2198897484928493	0.9998743436543661
7.2248021935469406	0.9999764127556913
7.2293828123963984	0.9999187567057035
7.2365233618744442	1.0001322609759509
7.2413398584534274	1.0000154947980948
7.2454829819569539	1.0000480404662975
7.2493951054882046	0.9999894679248700
7.2532830331475040	1.0000233245277665
7.2572717030243217	0.9999896116039697
7.2615338364752207	1.0000534735343114
7.2684426195342677	0.9998659250932193
7.2730389843482639	0.9999870670638989
7.2769751667718667	0.9999389899006250
7.2806476438339818	1.0000228302672032
7.2842241343240746	0.9999539246162956
7.2877631899057809	1.0000327982211341
7.2912912018170868	0.9999591460112700
7.2948151519201971	1.0000356503027139
7.2983405086429718	0.9999611280683536
7.3018668511110167	1.0000363482748955
7.3053964552112989	0.9999620027811231
7.3089279117845471	1.0000363487310389
7.3124630572295999	0.9999625274018877
7.3160004537737766	1.0000360889108937
7.3195419949502956	0.9999629860104141
7.3230864198416947	1.0000356733172173
7.3266358653655415	0.9999635213342105
7.3301894117848825	1.0000350716382074
7.3337496616785804	0.9999642663976177
7.3373163223089701	1.0000341577789380
7.3408928706701593	0.9999654229156792
7.3444802165422036	1.0000326724794768
7.3480835683957597	0.9999673620525356
7.3517063274965198	1.0000300952189056
7.3553574934601933	0.9999708427041629
7.3590463694379116	1.0000253016506460
7.3627918829881143	0.9999775354006436
7.3666212792582701	1.0000161862595891
7.3705918959806844	0.9999861613740667
7.3748465594568664	1.0000516890953677
7.3817580658947186	0.9998677621094008
7.3864336780044368	0.9999840303928564
7.3904769263213863	0.9999454847911065
7.3942738579608944	1.0000160399564100
7.3979969649877528	0.9999639557265640
7.4017158709437956	1.0000210541716175
7.4054749915870319	0.9999753744547423
7.4093105996078013	1.0000149342344045
7.4132841395771818	0.9999854884370180
7.4175396939320457	1.0000514044550490
7.4244707633339226	0.9998712598219585
7.4292770014500995	0.9999784032214178
7.4335387324712849	0.9999593552513689
7.4376721136071895	1.0000021359837938
7.4419856438987164	0.9999398034581117
7.4489286905031342	1.0001316936483460
7.4535947277719083	1.0000128755936559
7.4575949778366502	1.0000565725987749
7.4613277786380010	0.9999783828675707
7.4649592801717741	1.0000417154611381
7.4685536107506341	0.9999689126636674
7.4721357910901745	1.0000364402064581
7.4757179808941414	0.9999666407291481
7.4793045626017145	1.0000338731180334
7.4829011455685723	0.9999670237459918
7.4865104465824448	1.0000315528283052
7.4901394785740969	0.9999691727912220
7.4937941615360320	1.0000280117611569
7.4974873039790184	0.9999737723120807
7.5012345550508952	1.0000213497392485
7.5050667019040915	0.9999827813755902
7.5090375080710148	1.0000127753132293
7.5132935001551102	0.9999471921651500
7.5201973477405710	1.0001322192774509
7.5248438473449335	1.0000135362852702
7.5288383588801988	1.0000566876930395
7.5325731944507286	0.9999790644520899
7.5362131826516396	1.0000408998229959
7.5398234272026041	0.9999704021696427
7.5434314612779341	1.0000342369696391
7.5470533622774765	0.9999698961957278
7.5506993091251200	1.0000291338209049
7.5543837237699449	0.9999738084409779
7.5581232961593283	1.0000217920149750
7.5619493932728483	0.9999827884077479
7.5659164052450620	1.0000128244799624
7.5701713660062682	0.9999473496721124
7.5770749745547503	1.0001324531444604
7.5817113553467212	1.0000134357772368
7.5856974904207943	1.0000568696424539
7.5894293525211980	0.9999794390326273
7.5930741382124287	1.0000400400416658
7.5966997987618559	0.9999721010790854
7.6003380266116745	1.0000314378043169
7.6040112601067804	0.9999742021737895
7.6077400167179752	1.0000226579400378
7.6115572909943898	0.9999829051650552
7.6155187167118230	1.0000129595458347
7.6197721663094349	0.9999476183190492
7.6266647096228768	1.0001348330103452
7.6312185621472421	1.0000105069368490
7.6350979116459579	1.0000636076443807
7.6387108744062218	0.9999730846428148
7.6422240437924991	1.0000490441393501
7.6457009620402845	0.9999627519141108
7.6491668274084459	1.0000433370791018
7.6526344893764104	0.9999604974542314
7.6561095928801581	1.0000400367265792
7.6595990972309629	0.9999615201717293
7.6631073181584721	1.0000366394481108
7.6666427936719037	0.9999648297379000
7.6702131158325164	1.0000316369268585
7.6738327126706327	0.9999710415249508
7.6775190799013195	1.0000231459541702
7.6813051049670840	0.9999819768816798
7.6852474524879906	1.0000127020039593
7.6894957178529673	0.9999481479882335
7.6964100883560036	1.0001315430472688
7.7010612720908531	1.0000158282786542
7.7051061495304571	1.0000509514517826
7.7089561922473608	0.9999890796235369
7.7128041684242250	1.0000242981963885
7.7167700778441022	0.9999899088994718
7.7210258178651214	1.0000528736914045
7.7279646150634917	0.9998707777967213
7.7327135855905702	0.9999790927253785
7.7369213613362593	0.9999582370046621
7.7410204541767191	1.0000017360488622
7.7453246439296892	0.9999407365836753
7.7523039975331738	1.0001263193964962
7.7571379725581933	1.0000221686018826
7.7614801657724231	1.0000371638376735
7.7658644990017995	0.9999557052378308
7.7728501970139918	1.0001441832483893
7.7773771403486673	1.0000118162851630
7.7812033046605329	1.0000683027275434
7.7847722535337489	0.9999732054653789
7.7882615967327187	1.0000497093649565
7.7917396002208639	0.9999652755277055
7.7952361026132744	1.0000394686093328
7.7987700260689570	0.9999673683710518
7.8023563056911929	1.0000302020277612
7.8060169139903888	0.9999755483270060
7.8097823187099840	1.0000176283431321
7.8137135299865035	0.9999864188874203
7.8179575434727440	1.0000504264008356
7.8248482027759723	0.9998619821318052
7.8293075084155888	0.9999901688862500
7.8331068617098554	0.9999318999399273
7.8366680910872732	1.0000259098033304
7.8401645322033620	0.9999508034965171
7.8436593199755258	1.0000320654671218
7.8471863558135615	0.9999622814662638
7.8507644917925585	1.0000279627409963
7.8544181165688070	0.9999738455830810
7.8581780733511044	1.0000169175630271
7.8621059969316409	0.9999859843081819
7.8663491015341878	1.0000500804874259
7.8732269877367091	0.9998593281716481
7.8776054593904430	0.9999933207621624
7.8813091672173705	0.9999251442268622
7.8847695046148232	1.0000318735043656
7.8881567844846403	0.9999423826824139
7.8915286898609089	1.0000406284149055
7.8949120122818712	0.9999512834823104
7.8983159729177972	1.0000406063966152
7.9017500732397030	0.9999577006907758
7.9052197823491284	1.0000367084017048
7.9087358104257959	0.9999646370520167
7.9123090323931917	1.0000294478208889
7.9159601633122971	0.9999746116894547
7.9197188890299897	1.0000173693027019
7.9236461754544720	0.9999862244861897
7.9278891019423794	1.0000501872823184
7.9348233716379193	0.9998699557499517
7.9395457290801721	0.9999789718510999
7.9437316906636761	0.9999576068755970
7.9478176735361021	1.0000014731102407
7.9521182492338500	0.9999410190318170
7.9590579912451833	1.0001340712642257
7.9636108491077087	1.0000113366770640
7.9675146447602039	1.0000595953474616
7.9711967486591444	0.9999801047715451
7.9748362742109586	1.0000371828274490
7.9785138811551244	0.9999792693460141
7.9822838676803318	1.0000198659370341
7.9862155952532543	0.9999875520533792
7.9904601248002365	1.0000509468972640
7.9973950816460624	0.9998701864066573
8.0021194720223630	0.9999790639625424
8.0063070278802453	0.9999576954340411
8.0103939595575575	1.0000015152322819
8.0146947953263457	0.9999410116866903
8.0216755084554094	1.0001264492866060
8.0264947938278404	1.0000222022637195
8.0308264975330204	1.0000372512473796
8.0352079801867617	0.9999561066935967
8.0422200176379732	1.0001398512523121
8.0468867456734721	1.0000179869121961
8.0509165036247339	1.0000537076418581
8.0547461029492808	0.9999893804944765
8.0585769372217442	1.0000252091823152
8.0625319556175672	0.9999902536854016
8.0667848229560484	1.0000526582584512
8.0736695299358026	0.9998601428838879
8.0780594353898554	0.9999934670934826
8.0817706019463618	0.9999255404969147
8.0852333141661621	1.0000322779992081
8.0886172074691824	0.9999417871086628
8.0919789318354152	1.0000419292960467
8.0953437424884509	0.9999493772018356
8.0987188506602124	1.0000433621975335
8.1021110611071059	0.9999539322903425
8.1055221509610966	1.0000417399926056
8.1089575258126363	0.9999579499781261
8.1124200517532170	1.0000382921491713
8.1159173734256207	0.9999628305216854
8.1194562404136370	1.0000327658313193
8.1230504679067632	0.9999700333559335
8.1267171007111489	1.0000236643235547
8.1304888494021235	0.9999817028915740
8.1344226074688866	1.0000126690907589
8.1386685286923832	0.9999484315803311
8.1455680988205774	1.0001346978255847
8.1501080920657465	1.0000116532406049
8.1540024398704123	1.0000607772825096
8.1576671323077239	0.9999785559692487
8.1612745821955617	1.0000402940676678
8.1648977818852781	0.9999749134484439
8.1685780385060536	1.0000260945153869
8.1723563374178703	0.9999831630475631
8.1762933276305656	1.0000134408841295
8.1805401911268270	0.9999487454458598
8.1874624799756859	1.0001305730196941
8.1921476489813596	1.0000176915737922
8.1962529919422789	1.0000466890178474
8.2001969316595478	0.9999943155622636
8.2041981010393190	1.0000198939616387
8.2084670181955701	0.9999512213236718
8.2153876314498415	1.0001355249350687
8.2199702936599905	1.0000136532945496
8.2239117637042831	1.0000582898798778
8.2276282630409732	0.9999816153827548
8.2312967721675889	1.0000361210117159
8.2349975153963566	0.9999799498934352
8.2387845188404984	1.0000195451215184
8.2427265502799649	0.9999875168588100
8.2469738618643298	1.0000512881217962
8.2538820998889442	0.9998656445646701
8.2584585529782188	0.9999859983478838
8.2624021391558014	0.9999412867551930
8.2661205240675031	1.0000174169281526
8.2697927380337628	0.9999630691781127
8.2734950968663963	1.0000189743118544
8.2772848489618163	0.9999794526920057
8.2812271113169995	1.0000114244083682
8.2854757441621292	0.9999475810323040
8.2923777529272442	1.0001340043159128
8.2969371477741198	1.0000120175883365
8.3008513482784814	1.0000597026138878
8.3045332726849264	0.9999790892013036
8.3081551549854176	1.0000395754840095
8.3117902151914933	0.9999752658699945
8.3154798655658890	1.0000257653726432
8.3192650671367012	0.9999832540692222
8.3232062363518207	1.0000134322630689
8.3274542347344944	0.9999485945978552
8.3343365729366745	1.0001378778084675
8.3387832470338079	1.0000074172626732
8.3425481978119773	1.0000704013382673
8.3460562104595937	0.9999683847292701
8.3494734075535249	1.0000552903532745
8.3528603405593067	0.9999577703112756
8.3562394169245451	1.0000490933598802
8.3596209026044974	0.9999551514385230
8.3630078703174320	1.0000459908456429
8.3664043877895580	0.9999553257177132
8.3698112745828332	1.0000436742961156
8.3732324984921807	0.9999568680125733
8.3766694329498073	1.0000411045696942
8.3801272702454117	0.9999595478112436
8.3836091377802582	1.0000375950415612
8.3871228575943793	0.9999637310221534
8.3906754213150485	1.0000322686307279
8.3942808156753159	0.9999704916133885
8.3979562098740370	1.0000234314932670
8.4017343327311895	0.9999818281966497
8.4056719347173914	1.0000126841747772
8.4099189012595126	0.9999483045870918
8.4167973821617554	1.0001384792785215
8.4212197397183299	1.0000065483698526
8.4249587768987411	1.0000719755857936
8.4284434839379205	0.9999673193153109
8.4318405555728599	1.0000565332364848
8.4352107212805549	0.9999570089521952
8.4385767129024263	1.0000497411653622
8.4419493256791771	0.9999549432361342
8.4453323169181065	1.0000458837997228
8.4487306260134627	0.9999559232460107
8.4521461634555646	1.0000425756050895
8.4555843187641706	0.9999586106744649
8.4590483803822583	1.0000386067835103
8.4625462461704863	0.9999630061325213
8.4660850117475750	1.0000329100761070
8.4696787414430084	0.9999700567039757
8.4733447308260530	1.0000237273323032
8.4771158779157840	0.9999817065589481
8.4810492377597484	1.0000126769349342
8.4852950579029454	0.9999484489126383
8.4921627281439989	1.0001406961133597
8.4965156274610596	1.0000039027143839
8.5001771163054016	1.0000773829296312
8.5035855495080810	0.9999629735019127
8.5069066316940898	1.0000623854136339
8.5101989191878236	0.9999516974617846
8.5134830967231672	1.0000560788151394
8.5167681987997970	0.9999485427813970
8.5200560952673055	1.0000531970247033
8.5233496934173427	0.9999480467722570
8.5266483431951769	1.0000515264940377
8.5299543227074128	0.9999485677985532
8.5332667316489097	1.0000501744629022
8.5365879476784929	0.9999495891060379
8.5399172255227072	1.0000487700956455
8.5432572093298145	0.9999509832933704
8.5466074914516881	1.0000471153574511
8.5499711473600755	0.9999527873314149
8.5533483385488154	1.0000450364060491
8.5567428626948168	0.9999551478071402
8.5601558668989686	1.0000422975391732
8.5635924529454215	0.9999583491116802
8.5670556181967861	1.0000384984101647
8.5705530934842127	0.9999629350283940
8.5740918004253608	1.0000328553079385
8.5776856772935393	0.9999700461378146
8.5813519012301764	1.0000237006484916
8.5851232810505174	0.9999817033392281
8.5890567979719350	1.0000126718101150
8.5933026573882820	0.9999484400591571
8.6001793157827304	1.0001390032854478
8.6045832237817734	1.0000059954442722
8.6083038974080122	1.0000731089316379
8.6117725105949106	0.9999665647167342
8.6151550658819200	1.0000575665101690
8.6185113132756648	0.9999561385438940
8.6218630545530441	1.0000508298544175
8.6252201940536661	0.9999538033027595
8.6285855328303249	1.0000472893958072
8.6319629447720025	0.9999542739065842
8.6353530508690923	1.0000446237970582
8.6387596493427559	0.9999560893292854
8.6421839259002962	1.0000417746807837
8.6456309060531709	0.9999590038709419
8.6491035491590491	1.0000380421750195
8.6526095190506780	0.9999633815939782
8.6561556739628180	1.0000325361592013
8.6597558828188781	0.9999703033991060
8.6634272371583325	1.0000235491618672
8.6672024333668478	0.9999817774097334
8.6711382744513301	1.0000126803163816
8.6753847607663239	0.9999483640513374
8.6822695965703662	1.0001373672002958
8.6867254348145835	1.0000079962991058
8.6905067807648297	1.0000689212047111
8.6940376111696107	0.9999701232258846
8.6974845312051787	1.0000527155546914
8.7009090917832133	0.9999607457162752
8.7043350407450539	1.0000452427939743
8.7077742891832290	0.9999596733415909
8.7112321075909467	1.0000404064928186
8.7147154975568686	0.9999620052070943
8.7182294431547938	1.0000354732187946
8.7217840275611493	0.9999669291508816
8.7253898938977947	1.0000284833985813
8.7290673443264097	0.9999755989011283
8.7328455835311285	1.0000171091310470
8.7367847285388507	0.9999862515184580
8.7410308526277696	1.0000506208725022
8.7479346728176175	0.9998648147676595
8.7524900997557964	0.9999868233361234
8.7564034900592009	0.9999390928934755
8.7600831893237476	1.0000198287267741
8.7637048428312028	0.9999592702386648
8.7673382069286525	1.0000236603728423
8.7710280339326268	0.9999731183100847
8.7748118652595242	1.0000156606393833
8.7787536537536059	0.9999854730437918
8.7830005653527756	1.0000502756248182
8.7898947552687172	0.9998628193453831
8.7943913604313853	0.9999893185955230
8.7982233138367949	0.9999332066788870
8.8018037901920518	1.0000260868013731
8.8053030106789532	0.9999498196328449
8.8087806721405197	1.0000347804500367
8.8122653685304329	0.9999577553557875
8.8157678233539567	1.0000349548223306
8.8192991185428529	0.9999636030155260
8.8228669100662103	1.0000310412997799
8.8264854322172521	0.9999706938593714
8.8301715912847580	1.0000229241912004
8.8339578332534199	0.9999818795398573
8.8379004060448398	1.0000126432076764
8.8421487151040115	0.9999481094461843
8.8490487057495137	1.0001342076799755
8.8536096654836314	1.0000118839945979
8.8575201857827377	1.0000603626704976
8.8611907273775472	0.9999779259939185
8.8647910387173532	1.0000416190142605
8.8683904430110054	0.9999723026476075
8.8720236772052399	1.0000302096553852
8.8757192171433417	0.9999774014574035
8.8795097390602677	1.0000176646185786
8.8834559965191335	0.9999866324348041
8.8877041161825172	1.0000510545310433
8.8946465959494923	0.9998724439184515
8.8994694628073443	0.9999761385150046
8.9038129380160402	0.9999615944258659
8.9081957771799516	1.0000432929473120
8.9151982735620976	0.9998582047132901
8.9198366393828010	0.9999832613661300
8.9238035935502324	0.9999395207023374
8.9275206618079412	1.0000180453832292
8.9311708450179417	0.9999601021069390
8.9348267699597343	1.0000227539076592
8.9385343215700495	0.9999735775270505
8.9423311583655067	1.0000154100978216
8.9462808462268359	0.9999854451459275
8.9505299005377470	1.0000505401456015
8.9574632232077569	0.9998705361805819
8.9622261327075101	0.9999786357994820
8.9664483147539169	0.9999584464832659
8.9705567764021215	1.0000017820722749
8.9748634762057655	0.9999404427003951
8.9817985422888711	1.0001341010471834
8.9863650684731500	1.0000103423788258
8.9902560129507467	1.0000623077516477
8.9938878329120193	0.9999745322984125
8.9974290758814313	1.0000465949774362
9.0009436450749103	0.9999655385196972
9.0044567501343522	1.0000397932737064
9.0079813860950413	0.9999644716261645
9.0115236987729332	1.0000353637711894
9.0150919520107369	0.9999668239602119
9.0186929722383251	1.0000304073379225
9.0223401178829636	0.9999722425031178
9.0260497784260281	1.0000224825455999
9.0298536565792880	0.9999823379124539
9.0338070603989244	1.0000127496556956
9.0380582990188003	0.9999477873488540
9.0449703759711699	1.0001314621083708
9.0496314366387516	1.0000153266331713
9.0536720226030099	1.0000523197785389
9.0574933442510712	0.9999859630405323
9.0612748633665134	1.0000294291650891
9.0651082071752160	0.9999862563684968
9.0690738456215971	1.0000149135151994
9.0733291061116450	0.9999486998200510
9.0802539621815406	1.0001299585409245
9.0849870304407503	1.0000184200801039
9.0891385268604754	1.0000452351182965
9.0931174279689149	0.9999945449135588
9.0971397151891598	1.0000197762247656
9.1014144474530809	0.9999504504542424
9.1083603594059941	1.0001299202947771
9.1131510637129072	1.0000209883573679
9.1173911503576797	1.0000404794148081
9.1215115470201198	0.9999971930450334
9.1258202714402881	1.0000588928203795
9.1328053683724040	0.9998743361890552
9.1377171135719237	0.9999763855147412
9.1422975550080530	0.9999187719688503
9.1494439033957562	1.0001313131152616
9.1542940006885019	1.0000169173191591
9.1584943477026410	1.0000442734115695
9.1624937621022031	0.9999940513824483
9.1665244590279045	1.0000195549784887
9.1708020208135181	0.9999501908374442
9.1777572714640918	1.0001283607351710
9.1826101728060223	1.0000233932245948
9.1869696572622619	1.0000376279302681
9.1913584069389938	0.9999552625255773
9.1983558687034375	1.0001410888258508
9.2030001007448696	1.0000148785889422
9.2069517659058775	1.0000615290648709
9.2106302847059904	0.9999769864708583
9.2142077463540364	1.0000454758179851
9.2177490170343930	0.9999665757091405
9.2212787517021297	1.0000396983585234
9.2248081050783579	0.9999638450349894
9.2283402600825220	1.0000371853527763
9.2318791056142544	0.9999636396494311
9.2354251013720798	1.0000355304739630
9.2389819521872418	0.9999646011608490
9.2425508045078324	1.0000336754300254
9.2461369914457538	0.9999666162508934
9.2497440921816647	1.0000308219449883
9.2533812619112421	0.9999702941354984
9.2570580132915268	1.0000257471456298
9.2607935051099552	0.9999772600355356
9.2646153090440571	1.0000163198986931
9.2685812237442349	0.9999861771693906
9.2728346050610195	1.0000515317565337
9.2797436448285051	0.9998670776358779
9.2843922955280380	0.9999848405220578
9.2884012779661855	0.9999435271200064
9.2921599905675532	1.0000178932812864
9.2958395383645094	0.9999611810454774
9.2995060342930120	1.0000241928276683
9.3031976523207689	0.9999709968357732
9.3069391050062329	1.0000202974723109
9.3107655158133422	0.9999819317598027
9.3147323404167945	1.0000123804605994
9.3189873201023605	0.9999471438594654
9.3259093844777539	1.0001289708155605
9.3306647786415908	1.0000184623509880
9.3348391547650547	1.0000443666344072
9.3388358508731670	0.9999945755363611
9.3428690296453105	1.0000196752855275
9.3471467726092268	0.9999500275962230
9.3540684737007584	1.0001339732196695
9.3587220999663749	1.0000144348043867
9.3627228980226000	1.0000565658569713
9.3664682733155473	0.9999801983742169
9.3701261119066110	1.0000394518536055
9.3737643953239296	0.9999727277841212
9.3774145765277357	1.0000309214975067
9.3810986933323175	0.9999746237339945
9.3848367810902946	1.0000223800060688
9.3886613000918970	0.9999830355288905
9.3926272539220204	1.0000129737328656
9.3968819273105613	0.9999474682516234
9.4038037807682127	1.0001291235037484
9.4085570865948522	1.0000184762638740
9.4127291931351920	1.0000444680037059
9.4167240264018339	0.9999945740031382
9.4207560344723600	1.0000196870831306
9.4250334588144131	0.9999500733057897
9.4319864496411174	1.0001281774246145
9.4368482405266647	1.0000233330216333
9.4412145863738388	1.0000375435201019
9.4456051854602290	0.9999549717264096
9.4526066121523122	1.0001399895656486
9.4572928844657866	1.0000161533326644
9.4612978586433396	1.0000582028997518
9.4650365940211802	0.9999802366230495
9.4686842193411920	1.0000404264489449
9.4723113860251473	0.9999723960431549
9.4759507959459075	1.0000315283138717
9.4796251163892009	0.9999743327210608
9.4833548814982187	1.0000226743286693
9.4871729828714315	0.9999829525649158
9.4911349409912571	1.0000129814065735
9.4953885302416641	0.9999476144992510
9.5023048643072645	1.0001303526447318
9.5070119743686146	1.0000168049188976
9.5111144098125866	1.0000486794955050
9.5150122572620912	0.9999899032678651
9.5188956219645462	1.0000234674012731
9.5228830087862111	0.9999897020231793
9.5271446080209330	1.0000535072670493
9.5340748653516201	0.9998700986131932
9.5388157801834552	0.9999808757477903
9.5429764234717265	0.9999541709439801
9.5469601271513547	1.0000044873669847
9.5509867288990637	0.9999792375896377
9.5552614133497009	1.0000486018968489
9.5621970494640856	0.9998668185675808
9.5669035407088359	0.9999815681714677
9.5710027366472215	0.9999496311519604
9.5748945528389395	1.0000089480876928
9.5787745770164108	0.9999752561902265
9.5827583016465514	1.0000091525939214
9.5870202060726744	0.9999454841102342
9.5939157736588729	1.0001351662457592
9.5984440805169573	1.0000092728797156
9.6022903099825339	1.0000656470399638
9.6058676569448220	0.9999710324448422
9.6093425380146726	1.0000517954271182
9.6127771172077683	0.9999598704569808
9.6161948846933356	1.0000469458244392
9.6196067419141382	0.9999564261671355
9.6230160878902780	1.0000450153016234
9.6264270808837722	0.9999556541253235
9.6298404769083294	1.0000438052055254
9.6332599610172380	0.9999561402530994
9.6366863826335134	1.0000424132176062
9.6401240342236125	0.9999575619582993
9.6435746241883784	1.0000403545317555
9.6470437128803717	0.9999600360062310
9.6505347471690790	1.0000371566211372
9.6540558620283825	0.9999640333554642
9.6576143066130395	1.0000320324644891
9.6612242950167673	0.9999706480444129
9.6649031640587495	1.0000233354320656
9.6686837519679401	0.9999818707203002
9.6726228222718760	1.0000126892078531
9.6768701928931637	0.9999482570807312
9.6837917607958097	1.0001303348994945
9.6884824447632276	1.0000176801878160
9.6925928007050111	1.0000464953816439
9.6965403175642066	0.9999943097216081
9.7005435744678579	1.0000198683661969
9.7048130783640723	0.9999511384999223
9.7117781947697690	1.0001271098247486
9.7166669960896481	1.0000242816423073
9.7212391738101029	1.0000806219500922
9.7283259778717284	0.9998578601689753
9.7328098202470770	0.9999951392437763
9.7365305258251116	0.9999238244263147
9.7399667450587906	1.0000356732072200
9.7433064766259712	0.9999379446181651
9.7466128392802887	1.0000464537646176
9.7499132087619742	0.9999442812326645
9.7532153789969573	1.0000489440994855
9.7565259987747002	0.9999477258253759
9.7598460814643158	1.0000485200224358
9.7631797128354236	0.9999504016179892
9.7665275256145936	1.0000467014450931
9.7698938015336285	0.9999532622434847
9.7732799905413543	1.0000438334560406
9.7766915269315717	0.9999568760927890
9.7801316486245575	1.0000397304536401
9.7836083386531509	0.9999618779587619
9.7871287443879638	1.0000336949756257
9.7907070172855359	0.9999694292587681
9.7943605820282844	1.0000241004136310
9.7981225430873415	0.9999815340248036
9.8020503291563585	1.0000126638782818
9.8062946463983121	0.9999486384030437
9.8131737553403156	1.0001388134196583
9.8175807230628287	1.0000065801382487
9.8213135342740738	1.0000717019269521
9.8248045200700176	0.9999687093859269
9.8282211901589882	1.0000542663946410
9.8316254249149040	0.9999603750167629
9.8350419437229490	1.0000451043558380
9.8384843922086205	0.9999609524105737
9.8419607294192257	1.0000380782902538
9.8454820287518547	0.9999658265606330
9.8490596224703797	1.0000298257389300
9.8527141778358036	0.9999750254415362
9.8564754386586273	1.0000174939720075
9.8604042455266434	0.9999863143490025
9.8646475874712021	1.0000502882504851
9.8715473451395823	0.9998635630067817
9.8760557554072310	0.9999880372311536
9.8799201941807269	0.9999365219565753
9.8835570303578031	1.0000212930261410
9.8871424848679705	0.9999574890098224
9.8907459445888861	1.0000246075904193
9.8944119737094116	0.9999722971124587
9.8981782918339629	1.0000159129711448
9.9021094666074081	0.9999854615588402
9.9063535083612013	1.0000498960089608
9.9132336956406437	0.9998596862225809
9.9176270379002780	0.9999929163737660
9.9213433009035263	0.9999256616158967
9.9248102660665616	1.0000320313555731
9.9281967851557287	0.9999417773996135
9.9315589868455660	1.0000420546701212
9.9349215759733731	0.9999489797791713
9.9382910744009152	1.0000440085838140
9.9416734074090538	0.9999529123737569
9.9450692185869389	1.0000431694727918
9.9484824248652295	0.9999559607068021
9.9519138745314280	1.0000409504354393
9.9553683856310968	0.9999592703902276
9.9588485952953008	1.0000374877675811
9.9623619171725988	0.9999637052343091
9.9659149272964829	1.0000321704630184
9.9695212559153141	0.9999705319774231
9.9731977450640219	1.0000233732008510
9.9769768523612878	0.9999818440207731
9.9809151011355635	1.0000126825219613
9.9851622328526712	0.9999482811188823
9.9920495392500879	1.0001367904135259
9.9965246683938478	1.0000085397665164
