0.0000000000000000	0.0000000000000000
4.6116314427102356	0.0010000000000000
4.6160945030316505	0.0007995000261225
4.6212997311676371	0.0011210802564690
4.6263771981209549	0.0012037025472316
4.6311662127671935	0.0014225710196108
4.6362675021074109	0.0012629216781074
4.6415089601313264	0.0016663069120139
4.6485858982584007	0.0021846515646622
4.6531713072782859	0.0026460363767089
4.6575300229252266	0.0030586699886028
4.6617514791360284	0.0035520718026614
4.6657851426140269	0.0039863772827132
4.6695897570907743	0.0045812121164870
4.6732380415480428	0.0050594399414475
4.6767976111143685	0.0057737161515220
4.6803422440363498	0.0063812878731097
4.6838923577556066	0.0072592821307703
4.6874819774780727	0.0080767621745055
4.6911023326483834	0.0091794694375853
4.6947791262413858	0.0102829766105925
4.6984927739263416	0.0116900623480047
4.7022731645229321	0.0131745823437804
4.7060923229311200	0.0149945535990274
4.7099880705019057	0.0169892183482782
4.7139214756860515	0.0193715680699602
4.7179412723842811	0.0220532898981103
4.7219937477658878	0.0252023836719869
4.7261427446713080	0.0288124853919976
4.7303150866438290	0.0330045653338709
4.7345951530017789	0.0378695999040962
4.7388846552707173	0.0434730191128278
4.7432944213556238	0.0500280081639678
4.7476950032631100	0.0575236785901318
4.7522281542374811	0.0663301300261216
4.7567318629510833	0.0763282944415376
4.7613830827178178	0.0880887102463511
4.7660570764748877	0.1016212359759052
4.7705610306623045	0.1163952694350245
4.7749638650740822	0.1325888755216572
4.7795540011628690	0.1515243442308153
4.7841870645483375	0.1728357296455270
4.7890264223801022	0.1974860663726790
4.7947107401006450	0.2303481315305063
4.8057604497048638	0.3035026926891441
4.8104037455213442	0.3386461800982052
4.8146571222190557	0.3723965904763119
4.8195207004206431	0.4128610844633156
4.8246010699304609	0.4563561393327885
4.8374412819742849	0.5696315106622637
4.8404968447180057	0.5962870973913502
4.8437322479693279	0.6237016743294626
4.8472581490726983	0.6530075282474246
4.8507511761529649	0.6808585675140501
4.8544027760706374	0.7089009285709537
4.8580391364546394	0.7352747108123668
4.8617921713153001	0.7610335200815437
4.8655937504798858	0.7852848398260840
4.8694849415339743	0.8083487941640009
4.8734533931270496	0.8298619862571009
4.8774121820439333	0.8494822492701434
4.8813992850882704	0.8672855017553107
4.8852840681965350	0.8829892374475830
4.8891913109832439	0.8970685961190841
4.8930222176812839	0.9094927548819798
4.8969661802585502	0.9207957068105518
4.9009721210706561	0.9310039360056883
4.9053502406502467	0.9406632036286385
4.9101285053605617	0.9502825194727155
4.9174948822826776	0.9612673204737118
4.9268311706169454	0.9721571865826094
4.9305133456704757	0.9758120384660495
4.9338837773787771	0.9785329071109304
4.9372693337290112	0.9811374347565577
4.9407886629271376	0.9833719778396455
4.9443995422098661	0.9855056383435286
4.9481328086096186	0.9873343731121768
4.9519375239176311	0.9890409588685442
4.9558396405168796	0.9904880129885344
4.9598036354238229	0.9918208209859176
4.9638813171657903	0.9929482011524728
4.9681631783402151	0.9940546400230321
4.9744991754506476	0.9950114899109705
4.9807384154548178	0.9964638623829551
5.0061355122346090	0.9985494132118274
5.0100390807686033	0.9986643982235019
5.0136525718279730	0.9989179134197759
5.0173545171329605	0.9990261739242559
5.0212411074598426	0.9991908134255052
5.0254651833603301	0.9992479965081403
5.0324410545442548	0.9995492782082788
5.0373849309018297	0.9995359291476661
5.0451986458569120	0.9998480080876707
5.0499432619713618	0.9998510060243628
5.0544228448210990	0.9998309379767678
5.0587998986774023	0.9997106272462877
5.0637880310660446	1.0001124045602303
5.0691802975548912	0.9995858710474879
5.0729594038881425	0.9998902515527150
5.0765654208516580	0.9998370720010646
5.0799419002104642	0.9999782682274386
5.0832855990573709	0.9998989217233022
5.0867100204294546	0.9999892232113176
5.0902933592014525	0.9999400805683645
5.0941116495754493	0.9999794297090734
5.0983283509513058	0.9999221532828891
5.1052698149337195	1.0001054004861472
5.1099505960464029	1.0000016986620721
5.1141907200106127	1.0000192182960284
5.1185473652883946	0.9999425122516755
5.1255038237292796	1.0001404829545393
5.1296888765686708	0.9999907354188614
5.1332132912334787	1.0000753340173689
5.1365506924755033	0.9999556720496598
5.1398650931913794	1.0000512928653433
5.1432133196240182	0.9999534876789876
5.1466198235520029	1.0000362223332224
5.1501027021414680	0.9999616485835509
5.1536810820112589	1.0000224033921048
5.1573882814608849	0.9999764818581839
5.1612833105294680	1.0000088720632261
5.1655188024888048	0.9999464172747733
5.1724773092246243	1.0001226910463532
5.1773240113761858	1.0000219943705291
5.1818847245809634	1.0000773543947679
5.1890595932903860	0.9998698768306762
5.1940070576103494	0.9999751360908148
5.1986018880899847	0.9999184103454597
5.2057173428985575	1.0001423975093247
5.2101607921665316	1.0000039562504115
5.2138676965340762	1.0000735450341034
5.2173310348032720	0.9999675886807633
5.2207343281021261	1.0000536635629749
5.2241437013098517	0.9999618621228304
5.2275858828559914	1.0000416893971860
5.2310771910175911	0.9999654392798984
5.2346305575660885	1.0000311996583746
5.2382664579004627	0.9999746677367640
5.2420144706034408	1.0000177738346745
5.2459353713594785	0.9999863008721681
5.2501765680685661	1.0000499546162105
5.2571229731695972	0.9998719053535047
5.2619122820368025	0.9999759349931497
5.2662316848717516	0.9999612927845866
5.2706080057201845	1.0000422805657370
5.2776297334396478	0.9998605337946778
5.2823358202669581	0.9999788971506984
5.2864363966741701	0.9999500609701064
5.2903681991834866	1.0000039884184551
5.2943621014557261	0.9999785337172021
5.2986279413842530	1.0000470612513614
5.3055312188492820	0.9998589984817881
5.3099632905242995	0.9999908489234864
5.3137197402599456	0.9999279207543827
5.3172263977748830	1.0000295755974389
5.3206528196576341	0.9999445640184220
5.3240557263096564	1.0000393705677573
5.3274603162831324	0.9999519445384085
5.3308735814572614	1.0000410656368397
5.3343020087802833	0.9999561295843818
5.3377470972841472	1.0000398079370032
5.3412139590794983	0.9999597062860728
5.3447052187303825	1.0000367994120158
5.3482283081550559	0.9999641000772441
5.3517897562902634	1.0000317661022158
5.3554031770769903	0.9999707811276554
5.3590853570556023	1.0000231944473250
5.3628686753942745	0.9999819166464402
5.3668094841177574	1.0000126893319612
5.3710573100695251	0.9999481973133153
5.3780055550173209	1.0001252235387679
5.3828889341458854	1.0000235784573548
5.3874591551355691	1.0000802806557660
5.3945852425763681	0.9998650684164377
5.3993201345963300	0.9999856597001701
5.4033644663255789	0.9999456867714046
5.4071651686838225	1.0000143544928268
5.4109242601847569	0.9999687573344187
5.4147370576303384	1.0000130906899625
5.4186910333661933	0.9999840534391520
5.4229419482232117	1.0000497553289449
5.4298377996502349	0.9998624248597668
5.4343343393343693	0.9999893857689630
5.4381623707077678	0.9999327023907484
5.4417354885792717	1.0000266874601351
5.4452239509026255	0.9999488788341162
5.4486871644868575	1.0000359125470140
5.4521531406861170	0.9999562734583964
5.4556317270652563	1.0000367631402283
5.4591326214035361	0.9999613167282504
5.4626613266672006	1.0000339225253982
5.4662284712012994	0.9999669676651036
5.4698447170212905	1.0000278183688205
5.4735304639807296	0.9999756908227287
5.4773147989013546	1.0000169184172345
5.4812576527655423	0.9999862004735586
5.4855047794383838	1.0000507270569376
5.4923991764823263	0.9998632167281732
5.4969052719015004	0.9999891056413097
5.5007476748600714	0.9999339052439594
5.5043386920681643	1.0000255396212290
5.5078493897773368	0.9999507197683416
5.5113407111810790	1.0000337928419170
5.5148427978340697	0.9999591767453032
5.5183683387881359	1.0000331467983907
5.5219311686352492	0.9999661158149409
5.5255430437828750	1.0000276600932922
5.5292250000782390	0.9999753719587874
5.5330063932827818	1.0000168633186617
5.5369474308701490	0.9999861430501089
5.5411940677005562	1.0000506303475245
5.5481458334455080	0.9998738941544586
5.5530258990658350	0.9999754757019820
5.5575969824584250	0.9999190950083753
5.5647283981833660	1.0001339497621073
5.5694536365157923	1.0000131525958673
5.5734871669924431	1.0000536404607439
5.5772811168284324	0.9999844279149704
5.5810334222874109	1.0000304056738234
5.5848427943566614	0.9999858148865519
5.5887932510217171	1.0000148960024804
5.5930444594346431	0.9999492363704564
5.5999873251817078	1.0001273222974214
5.6048060052499507	1.0000230406398523
5.6091433265983550	1.0000375396599357
5.6135258883534789	0.9999559122572395
5.6205165977804139	1.0001429838273357
5.6250836950791161	1.0000132696624700
5.6289589980480805	1.0000651155849372
5.6325792268530348	0.9999758927866114
5.6361219099633582	1.0000460408235381
5.6396568828396019	0.9999687420456879
5.6432163576664642	1.0000352015210747
5.6468229582592526	0.9999720297966129
5.6504978410932596	1.0000244044412179
5.6542749680956348	0.9999823043393710
5.6582118610372811	1.0000129583614843
5.6624586377175374	0.9999484778627239
5.6693730925932844	1.0001318449106462
5.6740120558512643	1.0000156782423109
5.6780453082001463	1.0000514203927628
5.6818863200158285	0.9999889605771890
5.6857279331704742	1.0000244627200228
5.6896900807498847	0.9999899578470566
5.6939447840721664	1.0000527724837247
5.7008750896152121	0.9998690391653988
5.7055599513830488	0.9999815812024327
5.7096660440372711	0.9999523775845887
5.7136083887556017	1.0000047091902309
5.7176099833371925	0.9999790671305976
5.7218777838827632	1.0000476580270592
5.7288116517626433	0.9998653863687339
5.7334534179227150	0.9999825999952967
5.7374872920697779	0.9999470237132063
5.7413257376266813	1.0000098149873526
5.7451666654984859	0.9999743085790608
5.7491268217689839	1.0000088999518995
5.7533822789506273	0.9999461506477862
5.7603361122460495	1.0001251762036727
5.7653364721880545	0.9999729150003236
5.7727900566927755	1.0001680330429026
5.7776812557515527	1.0000251005500336
5.7817693952375171	1.0000603706493800
5.7855754928984657	0.9999874415524778
5.7893264790259087	1.0000326295498851
5.7931310710304631	0.9999866919802073
5.7970777833883806	1.0000154468136668
5.8013280675667858	0.9999496836394499
5.8082392979435866	1.0001337159174633
5.8128335153681814	1.0000141452153919
5.8168028403675676	1.0000557037533431
5.8205623496913157	0.9999844881663910
5.8242942119640935	1.0000312174614248
5.8280908753893073	0.9999858684546929
5.8320342675882637	1.0000149912183387
5.8362834644238850	0.9999495046824356
5.8432166918495163	1.0001293751463018
5.8479560703227174	1.0000202366766957
5.8521534673544338	1.0000411692895592
5.8562479012913267	0.9999974221514009
5.8605494684530504	1.0000581682525613
5.8675397448059954	0.9998743437842743
5.8724321046709269	0.9999760496678303
5.8770074551034224	0.9999193354935615
5.8841470879144575	1.0001336702046069
5.8888917466854274	1.0000143686051286
5.8929609129749601	1.0000508966098456
5.8968120619279860	0.9999884116824348
5.9006551544801829	1.0000243569732969
5.9046167339448967	0.9999898552159459
5.9088714759364187	1.0000526624815596
5.9157946036287186	0.9998674481052834
5.9204246551564763	0.9999836988744353
5.9244500547724979	0.9999472801296478
5.9282826325477016	1.0000101881666696
5.9321195820410564	0.9999743811626952
5.9360774448556759	1.0000089690368563
5.9403322604092272	0.9999462685047726
5.9472601738310908	1.0001301599598604
5.9519399141877134	1.0000172520020758
5.9560383402072272	1.0000467939346831
5.9599766352899586	0.9999941896333852
5.9639742990998945	1.0000198748969287
5.9682422729809161	0.9999513341619000
5.9752085272664024	1.0001271275985839
5.9800930869300526	1.0000243683266994
5.9846641524004367	1.0000805145627427
5.9917805759388267	0.9998627597101976
5.9964272255437328	0.9999885778285650
6.0003575870734487	0.9999387077940897
6.0040288451941217	1.0000211840233064
6.0076349849471917	0.9999585478821704
6.0112524329150192	1.0000244436028882
6.0149284195965675	0.9999727304227097
6.0187016663228023	1.0000158963183123
6.0226369271215523	0.9999855135671085
6.0268820899803597	1.0000500694558867
6.0338269129915663	0.9998720207812911
6.0386327210703952	0.9999759974561570
6.0429637659492590	0.9999614393774513
6.0473432495627568	1.0000427829753622
6.0543408865814152	0.9998567169846461
6.0589221335467940	0.9999846124219743
6.0628281151719641	0.9999363446040749
6.0664908421664716	1.0000198680929091
6.0700944728083064	0.9999578316336616
6.0737114736681930	1.0000239815955092
6.0773877389341582	0.9999725114926737
6.0811613738720114	1.0000157469730364
6.0850969316446157	0.9999854361372268
6.0893421623318247	1.0000500395145491
6.0962485646357107	0.9998648011897073
6.1008056759961411	0.9999863004417562
6.1047290217254782	0.9999401892653038
6.1084296690671751	1.0000179204653679
6.1120870945186718	0.9999623982030384
6.1157776376199635	1.0000192460388078
6.1195586733199141	0.9999792519917242
6.1234956454340548	1.0000113880819304
6.1277428490018941	0.9999477470344346
6.1346466409484339	1.0001339041801809
6.1392061885457663	1.0000124304552254
6.1431287143771138	1.0000586599338006
6.1468300873534130	0.9999809265332690
6.1504863980599751	1.0000365067965076
6.1541775198939730	0.9999796446321014
6.1579574501200476	1.0000196626241447
6.1618951960219261	0.9999875233322130
6.1661413497660149	1.0000511421853546
6.1730529258191833	0.9998660701025630
6.1776409002956969	0.9999851727190232
6.1816079000171857	0.9999432972942537
6.1853641979492675	1.0000145727066367
6.1890952521539617	0.9999676960402466
6.1928898719456118	1.0000130819815476
6.1968334939253227	0.9999839251794796
6.2010815028673498	1.0000493486692767
6.2079893945418609	0.9998642920130778
6.2125420820782677	0.9999863099270340
6.2164595291057969	0.9999397645634407
6.2201544098400294	1.0000180788438411
6.2238067024765886	0.9999621300075359
6.2274929683191820	1.0000193387908136
6.2312707697921788	0.9999791643052467
6.2352057585893998	1.0000113655893086
6.2394524318257396	0.9999478016460369
6.2463840798036250	1.0001287542632356
6.2511180240923370	1.0000198940675011
6.2553110715149662	1.0000411024172955
6.2594029233039645	0.9999973740693867
6.2637037727270606	1.0000580627775582
6.2706944822782855	0.9998743289399581
6.2755849555354750	0.9999760094657554
6.2801598143943131	0.9999193820245269
6.2872988579363245	1.0001338769761927
6.2920345920821656	1.0000142053590253
6.2960944154901712	1.0000512848779202
6.2999377821855385	0.9999882663431647
6.3037751248738791	1.0000244980390918
6.3077332332359246	0.9999898885572284
6.3119870376872687	1.0000525600021866
6.3189472327489664	0.9998742571631900
6.3238219443054229	0.9999755796804817
6.3283918083783632	0.9999193959695793
6.3355358619941589	1.0001323871417551
6.3403158228396119	1.0000160906741962
6.3444478388421004	1.0000464604214208
6.3483954758820964	0.9999937477900894
6.3523949737567396	1.0000197421745194
6.3566639468960027	0.9999513273253934
6.3634942124768985	1.0001528906128561
6.3675684692833894	0.9999932566762394
6.3709483947783738	1.0000985832435838
6.3741106370586174	0.9999499714601902
6.3772179211263946	1.0000790169883020
6.3803242266565814	0.9999407749526501
6.3834479266297395	1.0000675461946551
6.3865978045391492	0.9999408771764323
6.3897764541383077	1.0000597820909713
6.3929883174441438	0.9999444538866643
6.3962348247144849	1.0000531252400906
6.3995211662782152	0.9999498646746090
6.4028503138066979	1.0000461552853250
6.4062300787054074	0.9999569647959580
6.4096674487567862	1.0000376792938459
6.4131765808617089	0.9999666497778168
6.4167751404189328	1.0000258776181468
6.4204967964435307	0.9999807734820942
6.4244003113704666	1.0000126109043534
6.4286381194856297	0.9999494538101675
6.4355699522777714	1.0001300178726544
6.4402480891517770	1.0000195672278971
6.4443923557936129	1.0000423784412071
6.4484543340345910	0.9999978373803171
6.4527470968874443	1.0000573145765352
6.4596584544349822	0.9998584546722286
6.4639932314954933	0.9999947614941158
6.4676636809821941	0.9999247297897900
6.4711205840146535	1.0000295381461262
6.4745399424136858	0.9999472254752825
6.4779851617478341	1.0000326183814621
6.4814923874224686	0.9999631357573032
6.4850862605814426	1.0000243204381345
6.4888037031024792	0.9999796697414048
6.4927043888374234	1.0000120669234751
6.4969415151452754	0.9999492829409320
6.5038871316100204	1.0001274915947254
6.5086486963473078	1.0000229359236767
6.5129457512728610	1.0000377813547614
6.5173174374398268	0.9999573934822115
6.5242844280981673	1.0001490330599849
6.5286418414815115	1.0000077341087859
6.5323136272411748	1.0000766540248098
6.5357682624187641	0.9999703348743357
6.5391830018230364	1.0000526671726315
6.5426255120539549	0.9999665644925300
6.5461291107869197	1.0000361545288792
6.5497216356887780	0.9999746787381651
6.5534367017466160	1.0000193621500089
6.5573373883021375	0.9999868923071761
6.5615732747619946	1.0000495857518381
6.5685089200561286	0.9998690157065832
6.5731767679364195	0.9999794589111916
6.5773151468190081	0.9999564303672609
6.5813720893513672	1.0000010576243743
6.5856648004982565	0.9999417523022310
6.5923117165285552	1.0001885517006925
6.5956000480406329	0.9999524850316452
6.5983828477775468	1.0001475977405310
6.6010993627911123	0.9999226076593499
6.6038486300863850	1.0001126175606689
6.6066496282419234	0.9999192126523737
6.6095005621889626	1.0000926097394913
6.6123979076884876	0.9999214812564287
6.6153353875524488	1.0000809915544355
6.6183104913826210	0.9999254400924739
6.6213183746636028	1.0000734285648951
6.6243582724801220	0.9999297623820543
6.6274266466093668	1.0000677921339378
6.6305239501960491	0.9999340435875868
6.6336476367673463	1.0000630448757684
6.6367990725530737	0.9999382562768641
6.6399765753629953	1.0000586279328847
6.6431823558863696	0.9999425340265705
6.6464156613708312	1.0000541639761100
6.6496797078635241	0.9999471075668963
6.6529749933694093	1.0000492947724056
6.6563062491185336	0.9999523302286043
6.6596760443500393	1.0000435400727596
6.6630919136829423	0.9999588028579607
6.6665606094006531	1.0000360600948339
6.6700960635693090	0.9999677112984113
6.6737156864627156	1.0000251511367027
6.6774528177362837	0.9999810550826833
6.6813656470073095	1.0000126164303651
6.6856059395392462	0.9999491290542000
6.6924254449339058	1.0001506120250114
6.6964957574850876	0.9999930025469239
6.6998850859502488	1.0000968642040666
6.7030604767576545	0.9999505928855311
6.7061794051624091	1.0000780927977939
6.7092924749317788	0.9999406049317880
6.7124153047522839	1.0000682398626766
6.7155541700831547	0.9999389930847176
6.7187091715783369	1.0000627163310747
6.7218821528873960	0.9999401027674026
6.7250716164626709	1.0000589739535330
6.7282793190679362	0.9999422081423662
6.7315038915438672	1.0000558625788074
6.7347474962669045	0.9999447737384025
6.7380092135792315	1.0000528456349695
6.7412917656626803	0.9999477067100091
6.7445949130810581	1.0000495985078894
6.7479222005837709	0.9999511236074021
6.7512744730358483	1.0000458118775004
6.7546566630266884	0.9999553133544206
6.7580715623973591	1.0000410437496718
6.7615268059170521	0.9999608364416951
6.7650292468332358	1.0000344826225394
6.7685928169971259	0.9999688511108733
6.7722348284268445	1.0000244406369532
6.7759883811339652	0.9999813676464752
6.7799111092004436	1.0000126400054492
6.7841540586634022	0.9999487969659586
6.7910400561143058	1.0001377401663158
6.7954769492347085	1.0000081431336636
6.7992524786183983	1.0000682729398789
6.8027961765551739	0.9999723902472784
6.8062774326436823	1.0000488954849209
6.8097617623609050	0.9999664493141517
6.8132791990630839	1.0000370460639021
6.8168513537790982	0.9999707429026280
6.8204990261210190	1.0000252372884866
6.8242562385872141	0.9999819456935061
6.8281811069759124	1.0000129265619093
6.8324246288569555	0.9999488748711608
6.8393670021183786	1.0001271196730355
6.8441639761955804	1.0000229189016556
6.8484862212648627	1.0000375687866945
6.8528646701803675	0.9999564260416715
6.8599126895673255	1.0001331070813215
6.8648282758838546	1.0000262013843260
6.8694098735119944	1.0000815009601556
6.8765790818208581	0.9998700178791798
6.8814918797108140	0.9999778886878401
6.8858592421418727	0.9999619503606036
6.8902514365323801	1.0000433520916150
6.8972527774313388	0.9998548651222933
6.9017810142297424	0.9999863627391546
6.9056223262788752	0.9999322487445499
6.9092185882929043	1.0000231409241958
6.9127526700987501	0.9999531469484982
6.9162926895144388	1.0000285857817137
6.9198773786400736	0.9999664617805868
6.9235322784060163	1.0000225195570511
6.9272941993910671	0.9999806062874448
6.9312216017606456	1.0000121819750933
6.9354658901098638	0.9999484186554607
6.9423674843060317	1.0001345801570360
6.9469048068920163	1.0000120048413346
6.9508053514536305	1.0000597722700515
6.9544883836480453	0.9999804259413319
6.9581300339618783	1.0000371607333312
6.9618098154434103	0.9999794027711076
6.9655815751767793	1.0000198590837341
6.9695144171321211	0.9999875657799998
6.9737592409482794	1.0000509946395111
6.9806364558801377	0.9998594158616051
6.9850107750588037	0.9999938988633329
6.9887043571837273	0.9999240924357773
6.9921472902794708	1.0000336037628070
6.9955077900753775	0.9999396933844505
6.9988409646251126	1.0000442287865050
7.0021704164440512	0.9999462847421743
7.0055014867506635	1.0000470141174269
7.0088387796619855	0.9999492843320410
7.0121813173162160	1.0000473790470381
7.0155310461180589	0.9999509008764520
7.0188862543725623	1.0000469627067718
7.0222485024618031	0.9999519919114070
7.0256160453959637	1.0000463029361970
7.0289903996243055	0.9999528767150478
7.0323698676174597	1.0000455762399809
7.0357559865049204	0.9999536772488455
7.0391471199641158	1.0000448337057368
7.0425448515625702	0.9999544477298806
7.0459476228535705	1.0000440794066874
7.0493570914065327	0.9999552232841419
7.0527718076160708	1.0000432949489428
7.0561935457314373	0.9999560403468927
7.0596210186436625	1.0000424438210760
7.0630561891536736	0.9999569490652492
7.0664980218158773	1.0000414656242254
7.0699487977277435	0.9999580266037333
7.0734078844105577	1.0000402621954556
7.0768781061242594	0.9999593996550210
7.0803595273656406	1.0000386692435619
7.0838559316338898	0.9999612847731819
7.0873686659023809	1.0000363975354833
7.0909033416244309	0.9999640757932582
7.0944638936961137	1.0000328988833094
7.0980598520615095	0.9999685566082855
7.1017012104549160	1.0000270237750846
7.1054076870062426	0.9999764134346115
7.1092076633416941	1.0000166891870239
7.1131601331485061	0.9999862049085479
7.1174098577236169	1.0000510690266780
7.1243587871396858	0.9998739356694101
7.1292482497178780	0.9999756539309340
7.1338217850383367	0.9999188241258595
7.1409597421219351	1.0001322153096586
7.1457570287973446	1.0000151611183390
7.1498821977685525	1.0000486000893238
7.1537800098059421	0.9999891969301800
7.1576575377791052	1.0000235234489281
7.1616399447682628	0.9999896477486448
7.1659003544997928	1.0000532772982478
7.1728474979559573	0.9998728663265766
7.1776853799935596	0.9999764180349581
7.1820385340812258	0.9999617864136501
7.1864240942322937	1.0000437119246319
7.1934684122359238	0.9998661841111066
7.1984046977526583	0.9999733660218076
7.2029934478619442	0.9999172034741647
7.2101608599191715	1.0001287203176297
7.2152425612357645	0.9999711564997952
7.2227659404256714	1.0001686142208555
7.2277203813067015	1.0000255722489892
7.2318523076511116	1.0000595870686568
7.2356763301649938	0.9999862734159154
7.2394140201875183	1.0000354283853639
7.2431625415826097	0.9999817609187153
7.2469823812633196	1.0000194078066011
7.2509437294629002	0.9999877023001930
7.2551963867211926	1.0000520793001137
7.2621293106048803	0.9998711975382663
7.2669080050427564	0.9999787763596094
7.2711442439070533	0.9999589083065139
7.2752614716486343	1.0000020027208978
7.2795705731359472	0.9999402926802070
7.2865545735941328	1.0001247799984221
7.2914669170954305	1.0000226842052986
7.2960457648980706	1.0000803803228295
7.3031832798873220	0.9998666994102592
7.3079957901206365	0.9999836117358026
7.3121365153763991	0.9999508243042128
7.3160442817685034	1.0000096331429875
7.3199303736325474	0.9999756380494118
7.3239163605278383	1.0000094065700849
7.3281790606588117	0.9999456221358292
7.3350855086172544	1.0001333963896004
7.3396747197510583	1.0000116680154838
7.3435999337013032	1.0000605531358540
7.3472636487161136	0.9999757337834313
7.3508301844914534	1.0000455887204840
7.3543613290608887	0.9999657288267417
7.3578801250404950	1.0000403095074284
7.3613967319296920	0.9999628751113114
7.3649133716756694	1.0000382802804517
7.3684328352531621	0.9999621902494411
7.3719541757726432	1.0000373658065640
7.3754792120297381	0.9999622103730894
7.3790065584326143	1.0000368042726049
7.3825380147738331	0.9999624952354617
7.3860722484780270	1.0000363088829161
7.3896112453319605	0.9999629393798651
7.3931539105818480	1.0000357352434979
7.3967025821881327	0.9999635732255210
7.4002566237668290	1.0000349490045892
7.4038190151219236	0.9999645235902772
7.4073899834627293	1.0000337470980034
7.4109737330451244	0.9999660509144356
7.4145722045657889	1.0000317568387516
7.4181921293632920	0.9999686773894004
7.4218392070954868	1.0000282177036908
7.4255261360854217	0.9999735297644473
7.4292684840253571	1.0000214582994811
7.4330970330236514	0.9999827146469311
7.4370656445463963	1.0000127659036264
7.4413210302088757	0.9999472652840524
7.4482299398362617	1.0001313656954260
7.4529044488449081	1.0000148208894413
7.4569433658928270	1.0000536108891263
7.4607380919540676	0.9999827851143686
7.4644576123496034	1.0000350847850883
7.4681750804383071	0.9999777986528492
7.4719314657801315	1.0000236032037326
7.4757665692106370	0.9999839671638351
7.4797383179618819	1.0000134321323466
7.4839946504520389	0.9999475325303087
7.4909231880664962	1.0001278291352291
7.4957302193513140	1.0000205132435911
7.4999897698821476	1.0000396360082453
7.5041234032161164	0.9999968391440146
7.5084356511290968	1.0000591825220848
7.5153793754119764	0.9998672872095785
7.5200423060573272	0.9999860848073228
7.5240419079142002	0.9999422858958221
7.5277723752389596	1.0000205846002626
7.5314035896968807	0.9999571668756316
7.5349962978927190	1.0000300289537742
7.5385788252994566	0.9999624763448295
7.5421600075997137	1.0000322746474162
7.5457474791631851	0.9999650679371973
7.5493435152311106	1.0000318728921507
7.5529540870822753	0.9999674002752158
7.5565828407871560	1.0000297165775613
7.5602389797313068	0.9999709402881469
7.5639318894988223	1.0000251232120150
7.5676805744739264	0.9999775898345520
7.5715122884004016	1.0000161329461870
7.5754843182540048	0.9999861475054144
7.5797393721070572	1.0000517303920538
7.5866461016333329	0.9998669254331071
7.5912939823876302	0.9999852625965876
7.5952937809872783	0.9999424938931365
7.5990324304805581	1.0000196354387569
7.6026781022423027	0.9999582931226344
7.6062923710264778	1.0000282764020167
7.6099060160824727	0.9999649251674126
7.6135316835428668	1.0000288091830678
7.6171827650184927	0.9999699676497639
7.6208701877973164	1.0000249646112727
7.6246138988978691	0.9999772199793692
7.6284416314712047	1.0000160847257780
7.6324111492734330	0.9999860885688062
7.6366655222876636	1.0000516084857651
7.6435724548751978	0.9998668200807308
7.6482155626927000	0.9999852292505009
7.6522129439267177	0.9999426056292486
7.6559541246534231	1.0000190696670268
7.6596094293453696	0.9999593791160730
7.6632432250960871	1.0000264395481420
7.6668904322053422	0.9999678381394771
7.6705699714382884	1.0000244601779864
7.6743055615239317	0.9999764368895071
7.6781265024762764	1.0000159341704644
7.6820916791642189	0.9999859490214464
7.6863448822338079	1.0000513768869974
7.6932424905474521	0.9998648065696580
7.6978158227607354	0.9999877225278261
7.7017211830312124	0.9999367981475993
7.7053580850055203	1.0000246774993200
7.7088958899217763	0.9999513460453490
7.7123947875268968	1.0000349567801290
7.7158831619520907	0.9999568718500909
7.7193705956465815	1.0000373087274408
7.7228657856622105	0.9999599548126766
7.7263723692556159	1.0000364703593239
7.7298977225218692	0.9999631075475488
7.7334470403707209	1.0000334007185323
7.7370310370657336	0.9999678393892094
7.7406607369190814	1.0000274657891610
7.7443568262517921	0.9999760375548242
7.7481485862696573	1.0000168241646408
7.7520958943782077	0.9999862038521159
7.7563442451494629	1.0000508828409929
7.7632618002301870	0.9998677613998757
7.7679218920825619	0.9999828903342810
7.7719788040824236	0.9999484328199175
7.7758370440114035	1.0000096811759276
7.7796926227113321	0.9999747873926041
7.7836616390505435	1.0000090548735292
7.7879195068021234	0.9999459269051759
7.7948556300883363	1.0001281553172165
7.7996140178573778	1.0000198763751311
7.8038274321701699	1.0000405623177409
7.8079316388562958	0.9999971602949778
7.8122358832373315	1.0000583572922750
7.8192158134392766	0.9998727688698904
7.8240536851446052	0.9999767894517700
7.8284010261295638	0.9999618348620402
7.8327854306679638	1.0000433948104703
7.8397752425726166	0.9998553907401089
7.8443187766937781	0.9999866330792069
7.8481649288009372	0.9999317338093888
7.8517496960935720	1.0000250820587950
7.8552540835139384	0.9999500564636575
7.8587434464500330	1.0000331361426471
7.8622511022210224	0.9999600027397643
7.8657929389583661	1.0000312170450742
7.8693872270173886	0.9999690231360281
7.8730526817738307	1.0000232234671798
7.8768231192559224	0.9999813839577997
7.8807559296688039	1.0000125156411837
7.8850016298401409	0.9999483890009422
7.8918903095809219	1.0001367752180403
7.8963625821205694	1.0000090317968600
7.9001718199397430	1.0000664417570304
7.9037428547373780	0.9999733310959290
7.9072458319488943	1.0000477070290994
7.9107474647831868	0.9999670894614235
7.9142786498263060	1.0000364011079954
7.9178616113819427	0.9999710927302491
7.9215175196760725	1.0000249722690269
7.9252806080959983	0.9999820373081072
7.9292089773436487	1.0000129295284172
7.9334534540867088	0.9999487564327941
7.9403286609555277	1.0001395863311631
7.9447138564676480	1.0000056988247668
7.9484207958063342	1.0000735622492103
7.9518848861465035	0.9999671250664334
7.9552734304340404	1.0000564186312266
7.9586475480907009	0.9999583284837882
7.9620310261388809	1.0000475846594881
7.9654364026993036	0.9999583229332129
7.9688700652474811	1.0000412041930882
7.9723407450402703	0.9999622095258199
7.9758560230046287	1.0000342845468502
7.9794300403056395	0.9999694683290639
7.9830802740676079	1.0000243124341390
7.9868398045265359	0.9999815488681397
7.9907661337212375	1.0000126898640227
7.9950100537791036	0.9999487002267141
8.0019411398029785	1.0001291208423713
8.0066658118853233	1.0000199436920512
8.0108509070213074	1.0000413506080883
8.0149379002057621	0.9999974757928447
8.0192374242028386	1.0000579560324181
8.0261783580935440	0.9998649109596960
8.0307284686016729	0.9999876135818226
8.0346319215389190	0.9999392594820086
8.0383119042172346	1.0000188589136112
8.0419511726863266	0.9999616878572902
8.0456270225954398	1.0000196745529162
8.0493972001067107	0.9999790394866901
8.0533275943498825	1.0000113630477989
8.0575730227332976	0.9999479630116557
8.0645050472010276	1.0001288951496596
8.0692309367546216	1.0000198471308794
8.0734169583398199	1.0000412762663509
8.0775045046112250	0.9999974402221945
8.0818041783830221	1.0000579559009704
8.0887863337888231	0.9998725774428132
8.0936033726957497	0.9999767321273980
8.0979357923181006	0.9999617020204196
8.1023161492451834	1.0000428072949552
8.1093306312405495	0.9998591852746864
8.1139933516208291	0.9999809772023972
8.1180220707821515	0.9999451646395747
8.1218491842981013	1.0000095806155360
8.1256797945260431	0.9999737024637093
8.1296332175929962	1.0000086764117826
8.1338869277634398	0.9999462891192548
8.1407680808884937	1.0001391421714174
8.1451520299417819	1.0000051667364229
8.1488539477116557	1.0000739459389507
8.1523096838022742	0.9999662468128238
8.1556856043924935	1.0000576375659820
8.1590414438216818	0.9999566088403337
8.1623992119154725	1.0000499589372680
8.1657692961226207	0.9999552174029620
8.1691552787218313	1.0000453243302487
8.1725621509174573	0.9999568980492692
8.1759921382650340	1.0000412331083333
8.1794512988462937	0.9999604153842916
8.1829441213681502	1.0000362795668756
8.1864805692193112	0.9999660159965752
8.1900712415953940	1.0000290003865360
8.1937365109430900	0.9999751944465334
8.1975057515444636	1.0000172526311122
8.2014394303624929	0.9999862539235362
8.2056840769864579	1.0000504295565640
8.2125861896172960	0.9998642322136779
8.2171192880891919	0.9999873758090844
8.2210095644691883	0.9999379003347711
8.2246691417698283	1.0000204975849813
8.2282738934559969	0.9999584507662725
8.2318933554480243	1.0000240923017332
8.2355721526762267	0.9999727420150991
8.2393478796132147	1.0000157758151962
8.2432847570888388	0.9999854680641475
8.2475303378416047	1.0000501003753735
8.2544556909577480	0.9998684351425775
8.2591358920633589	0.9999812495007094
8.2632394949055428	0.9999521595965736
8.2671805497369988	1.0000046058730307
8.2711815288670163	0.9999790088061682
8.2754491340934333	1.0000476115766443
8.2823725824817185	0.9998634312605610
8.2869488008851118	0.9999853433305832
8.2908868172738792	0.9999404326341251
8.2945988092978400	1.0000173962564367
8.2982652584556007	0.9999626679256621
8.3019628686561830	1.0000190134027478
8.3057490883541636	0.9999793309695217
8.3096891949509963	1.0000113877441064
8.3139372468939072	0.9999476375361965
8.3208425175284795	1.0001334844079657
8.3254176036697967	1.0000128223974327
8.3293567410597547	1.0000578137060503
8.3330728873517081	0.9999813947105871
8.3367416461570709	1.0000359547247506
8.3404427944538639	0.9999798871650968
8.3442301540015755	1.0000194929097888
8.3481724210817774	0.9999874920511774
8.3524197926105508	1.0000512838774751
8.3593242489443931	0.9998649438682011
8.3638779507970007	0.9999869672886300
8.3677893072719005	0.9999390331490983
8.3714671911428606	1.0000199146285620
8.3750873127862899	0.9999592100777073
8.3787194233845419	1.0000237047464999
8.3824082602939018	0.9999730872369413
8.3861913672907793	1.0000156708810153
8.3901327172493954	0.9999854715996883
8.3943795097806913	1.0000502584310602
8.4012647675057028	0.9998611237800854
8.4057077907968374	0.9999914979573400
8.4094724894833366	0.9999284837109637
8.4129792838403077	1.0000304901023489
8.4163974668537218	0.9999436588782995
8.4197842695972334	1.0000410644207134
8.4231651550014170	0.9999499048584761
8.4265471593507009	1.0000436536310875
8.4299364765376712	0.9999530359029548
8.4333339309877147	1.0000434650223393
8.4367434650860496	0.9999553642667793
8.4401658213768602	1.0000419241994583
8.4436054830564355	0.9999579316172320
8.4470644386967741	1.0000392600282508
8.4505489307563391	0.9999614253649561
8.4540635568997402	1.0000351028610384
8.4576184832074404	0.9999667243196391
8.4612244027510819	1.0000283765000595
8.4649017599606839	0.9999755253881082
8.4686798509227934	1.0000170777876924
8.4726188873627564	0.9999862322656303
8.4768649852954443	1.0000506067196913
8.4837470948261942	0.9998607335977114
8.4881728821177056	0.9999921646818076
8.4919187705861265	0.9999273431040538
8.4954083453321729	1.0000313056868420
8.4988115000654449	0.9999427456105400
8.5021858043849132	1.0000416263527807
8.5055571764234799	0.9999494752599538
8.5089332480380104	1.0000437236902875
8.5123209817448302	0.9999532755911421
8.5157221191184043	1.0000427866499650
8.5191417579617745	0.9999565324407714
8.5225821101737136	1.0000401480638008
8.5260496298843265	0.9999604536138461
8.5295490435754466	1.0000358027128919
8.5330906425708086	0.9999661027127813
8.5366852452050086	1.0000288013079324
8.5403534375871626	0.9999752373758896
8.5441247167871701	1.0000171976709300
8.5480596022632866	0.9999862395178216
8.5523045807108851	1.0000504639196992
8.5591753956283050	0.9998584202325875
8.5635288523737270	0.9999949256893110
8.5671935995120450	0.9999216944464598
8.5706032006465804	1.0000358578856767
8.5739266066415123	0.9999366292117391
8.5772192468647930	1.0000471673731777
8.5805050766053146	0.9999428788662964
8.5837899000544162	1.0000503511721521
8.5870789212868228	0.9999457206818457
8.5903717844436276	1.0000508704372721
8.5936711660257927	0.9999473640928300
8.5969760815655292	1.0000503664039566
8.6002889418803985	0.9999486987833072
8.6036088703274363	1.0000493561771093
8.6069384144249117	0.9999500936610222
8.6102769763158804	1.0000479679865035
8.6136274197054714	0.9999517454556326
8.6169895947067392	1.0000461658929731
8.6203669085928798	0.9999538270879835
8.6237599559972775	1.0000438044255007
8.6271730986948576	0.9999565736425429
8.6306082641164821	1.0000406003006472
8.6340716312582000	0.9999603846869135
8.6375677701374567	1.0000360089141502
8.6411068064877252	0.9999660403286347
8.6446994467208640	1.0000288888458881
8.6483661755392465	0.9999752077101997
8.6521364309731599	1.0000172197758359
8.6560707098550260	0.9999862427170890
8.6603155215480410	1.0000504435364312
8.6671946799784738	0.9998599534649482
8.6715938758145246	0.9999930004463399
8.6753125403340068	0.9999256317829864
8.6787777359174907	1.0000324743763649
8.6821586840361888	0.9999411787458833
8.6855118753555089	1.0000429088914451
8.6888622457222482	0.9999479330222283
8.6922164839432234	1.0000452393323858
8.6955806141218019	0.9999514915699524
8.6989552955679166	1.0000447579828387
8.7023443689897917	0.9999541767536675
8.7057484410840278	1.0000429283550869
8.7091718930832052	0.9999570482453727
8.7126165870584202	1.0000399974346044
8.7160886566362930	0.9999608057080502
8.7195926003923034	1.0000355998207595
8.7231384904973250	0.9999663373205556
8.7267369586841497	1.0000286545786681
8.7304084146682754	0.9999753504825203
8.7341821853724522	1.0000171545124572
8.7381186067542203	0.9999862381361323
8.7423639953793639	1.0000505175322967
8.7492512555293285	0.9998615748349644
8.7537015399375431	0.9999910222789479
8.7574799734743305	0.9999297753744669
8.7610065274559403	1.0000289470025696
8.7644511003904864	0.9999459944914386
8.7678719570429706	1.0000383268357251
8.7712959559450354	0.9999535043545285
8.7747318617009995	1.0000393846898250
8.7781880978665701	0.9999583788578986
8.7816685194206840	1.0000370274408859
8.7851813079537724	0.9999633510300624
8.7887333510973793	1.0000320698365757
8.7923385675136974	0.9999703816162159
8.7960139700946378	1.0000233605969564
8.7997921860498707	0.9999817968731834
8.8037298650588500	1.0000126657832695
8.8079768488982495	0.9999482926569221
8.8148775565559294	1.0001343042191433
8.8194327062064914	1.0000120193903284
8.8233426326298616	1.0000599774460555
8.8270208036770228	0.9999789956190479
8.8306394979936496	1.0000397501247975
8.8342719022503271	0.9999751945260257
8.8379594271835700	1.0000258458486229
8.8417430551467557	0.9999832368681776
8.8456832681892745	1.0000134369025426
8.8499310072884967	0.9999486312093001
8.8568216775769315	1.0001363629961073
8.8613157112804011	1.0000094316162857
8.8651415828360829	1.0000660353011877
8.8687178812740850	0.9999725881080843
8.8722115878573931	1.0000493839967428
8.8756856713049839	0.9999639085243477
8.8791655256796300	1.0000413888359090
8.8826650713495248	0.9999637755372431
8.8861922088627026	1.0000354791321804
8.8897578536348565	0.9999677459464614
8.8933730060490870	1.0000283216482149
8.8970579397035046	0.9999759303979620
8.9008417534521111	1.0000170655654448
8.9047842961658397	0.9999862731288531
8.9090313398749128	1.0000507508592886
8.9159336943615557	0.9998647071515313
8.9204875451559325	0.9999871507537237
8.9243935443376081	0.9999382779296327
8.9280583721580093	1.0000211569068964
8.9316553009837332	0.9999570746774542
8.9352502357748058	1.0000267426062328
8.9388812226218697	0.9999685742372185
8.9425734083760560	1.0000215778946140
8.9463629395738629	0.9999812109015523
8.9503071324217700	1.0000122738647321
8.9545559537047481	0.9999478759141605
8.9614957320959299	1.0001266417992674
8.9663193639291769	1.0000227803662258
8.9706608769497294	1.0000373626910504
8.9750445333334827	0.9999556616955791
8.9820445076500768	1.0001409953812501
8.9866798607851468	1.0000155457989377
8.9906404443726906	1.0000597035205565
8.9943534665576674	0.9999807177955091
8.9979985303419880	1.0000390326306825
9.0016516985917967	0.9999760604451037
9.0053554858240847	1.0000254472157455
9.0091510344731791	0.9999834842664104
9.0130984767808542	1.0000134773114580
9.0173481790007486	0.9999484043197011
9.0242786187499977	1.0001285838409106
9.0290414370860859	1.0000202717289806
9.0332606040487295	1.0000405675680173
9.0373687619467304	0.9999971955616014
9.0416740420272976	1.0000585149972872
9.0486092802814841	0.9998646985103684
9.0531662304397020	0.9999888189470493
9.0570490655945477	0.9999360980909398
9.0606712873936033	1.0000247742407204
9.0642051458182689	0.9999518377600083
9.0677112245641869	1.0000337662331720
9.0712179395435140	0.9999587245472487
9.0747350714401520	1.0000347852579421
9.0782720197841087	0.9999632451985095
9.0818338510817576	1.0000323566884706
9.0854307160622643	0.9999683008394668
9.0890727335751240	1.0000268400158372
9.0927797279789537	0.9999763369957577
9.0965800747123282	1.0000166324877160
9.1005327729621293	0.9999861767380253
9.1047825581312427	1.0000510618820093
9.1116971192483813	0.9998674741518417
9.1163507019889121	0.9999836886536603
9.1203865369146904	0.9999463714302322
9.1242020888436457	1.0000130678970904
9.1279806176532716	0.9999693596915022
9.1318102102748480	1.0000126909556311
9.1357750363997461	0.9999839957747731
9.1400288146303890	1.0000501275131299
9.1469565955455128	0.9998690272701998
9.1516833097884103	0.9999805385553061
9.1558316204611536	0.9999535735042461
9.1598064495262914	1.0000043892785595
9.1638278199812930	0.9999791320652409
9.1681010305713784	1.0000483725861755
9.1750500104130328	0.9998691025943097
9.1798350281837351	0.9999779508324319
9.1840729004269104	0.9999584128513567
9.1881903077794469	1.0000017393982683
9.1924995562025842	0.9999401539853146
9.1994838567968173	1.0001247242323235
9.2043956564056995	1.0000226547439368
9.2089743674373299	1.0000803411232955
9.2161172132906266	0.9998675809862259
9.2209642995401051	0.9999821229394761
9.2251632349817534	0.9999545918556721
9.2291592497570960	1.0000049530808690
9.2331892455692426	0.9999793941480910
9.2374653769596176	1.0000486447747745
9.2444250282640894	0.9998707719851967
9.2492723645961892	0.9999755506927687
9.2536304561016092	0.9999613502264636
9.2580174510402831	1.0000436066744807
9.2650158862475394	0.9998577978444637
9.2696494264063993	0.9999843029238364
9.2735921991123522	0.9999369054271068
9.2772604762080544	1.0000223557888483
9.2808300119563363	0.9999529706064970
9.2843622491584608	1.0000327780095524
9.2878850306087184	0.9999588133736493
9.2914062377866422	1.0000354805207523
9.2949322712729128	0.9999613872303748
9.2984637910076486	1.0000356398424903
9.3020045024517888	0.9999630994615637
9.3055548792479428	1.0000346218896548
9.3091193384651785	0.9999650130454069
9.3126999620403250	1.0000325427122068
9.3163036363418303	0.9999679296422810
9.3199362295137185	1.0000287934228564
9.3236106290877849	0.9999730751950688
9.3273426446901837	1.0000217485554403
9.3311633718807467	0.9999825819205949
9.3351271471318391	1.0000127537817960
9.3393812124052715	0.9999474290546877
9.3462875841143997	1.0001320620955898
9.3509347936907954	1.0000140047894903
9.3549391599472695	1.0000555883442166
9.3586954426576288	0.9999809231293988
9.3623712609893488	1.0000378755149708
9.3660361720930787	0.9999746484287139
9.3697249258568114	1.0000279995413757
9.3734656377384944	0.9999785842812232
9.3772899704762853	1.0000170124781125
9.3812569975602980	0.9999865457483654
9.3855107607673194	1.0000517443852748
9.3924353937003779	0.9998700641447521
9.3971872681387794	0.9999804661715006
9.4013611960929211	0.9999545338952449
9.4053558839450524	1.0000043519305228
9.4093894027372684	0.9999792459191434
9.4136659655532817	1.0000488493532413
9.4205905440068012	0.9998650885681468
9.4252413836359530	0.9999844722536317
9.4292427347178442	0.9999423738727587
9.4329872899082794	1.0000186901825090
9.4366463734678891	0.9999595004390450
9.4402844110054662	1.0000261503371659
9.4439361314406849	0.9999680322681137
9.4476201207872883	1.0000242617967601
9.4513597429330787	0.9999765593486666
9.4551839180470694	1.0000158725076507
9.4591511488233451	0.9999859437774792
9.4634049005701808	1.0000514483634546
9.4703294014632906	0.9998699599586852
9.4750816396463655	0.9999804198928074
9.4792557955851446	0.9999545114334928
9.4832505778099954	1.0000043404892147
9.4872841318398411	0.9999792394003684
9.4915607084326012	1.0000488469547575
9.4985164965228535	0.9998709212154439
9.5033767885129716	0.9999755967560002
9.5077446165033681	0.9999614272349200
9.5121342544390828	1.0000439908697143
9.5191379243970129	0.9998592124325130
9.5238271437802702	0.9999826525305222
9.5278389132621655	0.9999410636292942
9.5315825615624785	1.0000184719054008
9.5352365676752058	0.9999588051193306
9.5388680653141531	1.0000263234335764
9.5425130342415763	0.9999676191180821
9.5461906792025353	1.0000244532632663
9.5499248047418419	0.9999763651991304
9.5537446948911757	1.0000159352163154
9.5577092420667640	0.9999859459255089
9.5619622687059724	1.0000513564182274
9.5688813858061064	0.9998688180611244
9.5735911313009634	0.9999820336387502
9.5776994996499720	0.9999504629413803
9.5816006888854925	1.0000089488201720
9.5854882199740565	0.9999755414784590
9.5894766656431152	1.0000092524590467
9.5937398419127149	0.9999453711354727
9.6006680164946214	1.0001288624244307
9.6054155327933870	1.0000181040451417
9.6095798876074632	1.0000446211837801
9.6135681978988039	0.9999944601306427
9.6175960774249365	1.0000196745167993
9.6218723804562760	0.9999502101350747
9.6288052167425953	1.0001321284334541
9.6335201315266392	1.0000174455121715
9.6376248599287493	1.0000490676859313
9.6415229475254129	0.9999900635263760
9.6454059909927086	1.0000235859255922
9.6493930423122372	0.9999897571167033
9.6536545707120567	1.0000535186422739
9.6605542896332892	0.9998643542534066
9.6650981524693957	0.9999890822931150
9.6689652558405559	0.9999344886138501
9.6725612345971292	1.0000269495082303
9.6760555817267520	0.9999483377945251
9.6795073090017496	1.0000380411892351
9.6829431634421130	0.9999530854774645
9.6863709302135810	1.0000415092717065
9.6897971085914634	0.9999549069305065
9.6932226782331501	1.0000423559090239
9.6966514715917445	0.9999560010659585
9.7000839849840421	1.0000419769702458
9.7035241544945272	0.9999572666151189
9.7069730902240696	1.0000406838973384
9.7104356062624007	0.9999591877500095
9.7139140734476292	1.0000383524427374
9.7174150804283634	0.9999622378461667
9.7209435363850183	1.0000345074789581
9.7245098831635222	0.9999672051237372
9.7281250296021611	1.0000280530177579
9.7318095768473523	0.9999757377117704
9.7355928749487823	1.0000169922203281
9.7395350486815175	0.9999862287847693
9.7437820024760136	1.0000507165063575
9.7507065209034991	0.9998688361914453
9.7553999523163171	0.9999811701801096
9.7595159802317770	0.9999526105843177
9.7634661745005555	1.0000045892824394
9.7674725836828991	0.9999790651680396
9.7717416930207648	1.0000478270228756
9.7787099340808705	0.9998720523663562
9.7835976598299279	0.9999748346372932
9.7881712783374528	0.9999187173516754
9.7952664510720275	1.0001405199382232
9.7997646413203299	1.0000043102022829
9.8035004591312216	1.0000740009106237
9.8069527717300318	0.9999640444794355
9.8103055103279218	1.0000600409670699
9.8136250272175634	0.9999532003994267
9.8169356590493244	1.0000539176430177
9.8202485887788438	0.9999505936779280
9.8235672951673010	1.0000506437997563
9.8268961541838369	0.9999508957865133
9.8302360555408921	1.0000481032662698
9.8335909622762596	0.9999526015528643
9.8369619707545990	1.0000453527527229
9.8403538246163347	0.9999553714931984
9.8437687955549968	1.0000418310588250
9.8472133688198120	0.9999593919946399
9.8506923874809740	1.0000369083610119
9.8542162207772410	0.9999653562958953
9.8577958249397017	1.0000294242927938
9.8614519233604572	0.9999748859335849
9.8652142502680746	1.0000173766712879
9.8691436946889191	0.9999862613456753
9.8733872083936376	1.0000502850073814
9.8802693475637984	0.9998602813615540
9.8846758836817674	0.9999922979461576
9.8884109162508249	0.9999273049347213
9.8919020732992280	1.0000301838006023
9.8953201817313268	0.9999446865631982
9.8987239926377590	1.0000385456233774
9.9021414399713894	0.9999538185398041
9.9055830680922909	1.0000379829565460
9.9090600636441817	0.9999608352856476
9.9125803617406838	1.0000331127969724
9.9161585547634346	0.9999690895443438
9.9198120610154614	1.0000239084600027
9.9235740192917170	0.9999814272486105
9.9275018036128024	1.0000126046436417
9.9317461222714787	0.9999486068423376
9.9386426536912822	1.0001355341895786
9.9431518788999913	1.0000108257067977
9.9470139134509399	1.0000625033708868
9.9506500594106679	0.9999775533920660
9.9542332378361476	1.0000415042167679
9.9578362594189969	0.9999742616600614
9.9615004010458517	1.0000266556846373
9.9652668054982527	0.9999829884399353
9.9691965877951532	1.0000134469769539
9.9734415036453523	0.9999489988208488
9.9803171268222801	1.0001396573115884
9.9847032262999491	1.0000056328645195
9.9884082706142152	1.0000739699865848
9.9918659994696419	0.9999663391029289
9.9952421030474703	1.0000578253582832
9.9985958279935740	0.9999562969365982
