            0		            0
0.009369624448102		            0
0.01656962343966		            0
0.02998249633529		            0
0.0450487104331		            0
0.0653588631088		            0
0.08778243423026		            0
0.1021629676694		            0
0.1165247600788		            0
0.1324008778024		            0
0.1498896894989		            0
0.1677168921323		            0
0.1845010146091		            0
0.2000622885617		            0
0.2152237103083		            0
0.2309155191173		            0
0.2474862722874		            0
0.2645224082779		            0
0.2812840988701		            0
0.2974088969595		            0
0.313128621682		            0
0.3289372152063		            0
0.3451561669891		            0
0.3617210626359		            0
0.3782962870103		            0
0.3946018389946		            0
0.4106344455462		            0
0.4266078875751		            0
0.442736759421		            0
0.4590691998593		            0
0.4754801418595		            0
0.4918048678676		            0
0.5079814306957		            0
0.5240790168304		            0
0.5402146407672		            0
0.5564507977987		            0
0.5727568677073		            0
0.5890518057992		            0
0.605279597867		            0
0.6214492710565		            0
0.637614054232		            0
0.6538198562708		            0
0.6700702740318		            0
0.6863322294954		            0
0.7025698634474		            0
0.7187738971239		            0
0.7349635993715		            0
0.7511655058065		            0
0.7673907849447		            0
0.783629472126		            0
0.7998627230545		            0
0.816079709915		            0
0.8322846681294		            0
0.8484903997058		            0
0.8647063125746		            0
0.880931608974		            0
0.8971580158604		            0
0.9133779165496		            0
0.9295903299396		            0
0.9458003172605		2.689751677933e-84
0.9620137205339		3.087855577542e-77
0.9782323282729		1.57606483305e-71
0.9944532964028		1.29228593458e-66
1.010672354988		2.913270213325e-62
1.026887531612		2.429866376584e-58
1.043100243759		9.061647902956e-55
1.059313489332		1.723688485245e-51
1.07552911632		1.841886848138e-48
1.091746600571		1.189775416659e-45
1.107963939956		4.921584389921e-43
1.124179569386		1.366685345553e-40
1.14039351504		2.651704006307e-38
1.156607056518		3.721257649177e-36
1.17282144273		3.891787622689e-34
1.189036909662		3.112083249756e-32
1.205252695868		1.945105555695e-30
1.221467860972		9.684426486258e-29
1.237682072037		3.905340533198e-27
1.253895747949		1.29429137274e-25
1.270109570598		3.570252752126e-24
1.286323888424		8.286684071313e-23
1.302538507662		1.63351319261e-21
1.318752958481		2.757203361324e-20
1.334966929343		4.014604143854e-19
1.351180481335		5.077650840474e-18
1.367393926507		5.615342250391e-17
1.38360752401		5.463143375076e-16
1.399821288428		4.702455893149e-15
1.416035023825		3.600066256474e-14
1.43224852869		2.463544025298e-13
1.448461751811		1.514065261746e-12
1.46467480832		8.395684026127e-12
1.480887846164		4.218870917323e-11
1.497100927768		1.929137750821e-10
 1.5133139894		8.058468834584e-10
1.529526924055		3.086578879926e-09
1.545739667257		1.087899655697e-08
1.561952244959		3.540692084994e-08
1.578164725603		1.067633004786e-07
1.59437716096		2.992092714454e-07
1.610589539349		7.81743852735e-07
1.626801811183		1.909616912189e-06
1.643013927066		4.373443102521e-06
1.659225879218		9.415753145558e-06
1.675437689385		1.910535744821e-05
1.691649385972		3.66261081485e-05
1.707860969934		6.649320374493e-05
1.724072418236		0.0001145724442421
1.740283696863		0.0001877666046214
1.756494786522		0.0002932705505723
1.772705684145		0.0004373854891475
1.788916395908		0.0006240125712416
1.805126918595		0.0008530762285322
1.821337235398		0.001119226214798
1.837547319004		0.001411185274937
1.853757143944		0.001712043883758
1.869966691675		0.002000644492388
1.886175949091		0.002253987139829
1.902384900739		0.002450337683234
1.918593523133		0.00257248381581
1.934801785166		0.002610430094766
1.951009651915		0.002562860318537
1.967217089798		0.002436990899708
1.983424065874		0.002246900824134
1.999630546217		0.002010870959866
2.015836490796		0.001748462034625
2.032041853817		0.001477988099726
2.048246583213		0.001214761793557
2.064450624719		0.0009702049991006
2.080653920857		0.0007517004471275
2.09685641192		0.0005629740373076
2.113058032139		0.0004047791880644
2.129258710258		0.0002756969735889
2.145458367878		0.0001729121911154
2.161656921969		9.288197705731e-05
2.17785428419		3.185470503724e-05
2.194050362114		-1.37671081365e-05
2.210245057668		-4.720560444886e-05
2.226438267155		-7.120053717392e-05
2.242629880995		-8.798553679289e-05
2.258819784289		-9.93182057707e-05
2.275007858306		-0.0001065396838445
2.291193980297		-0.0001106457300587
2.307378025527		-0.0001123572048761
2.323559866132		-0.0001121833897525
2.339739373276		-0.0001104748397277
2.355916416934		-0.0001074654919834
2.372090869336		-0.0001033046696877
2.388262605228		-9.808083510469e-05
2.404431504887		-9.183854689587e-05
2.420597454156		-8.459047940339e-05
2.436760347271		-7.632556837371e-05
2.452920087608		-6.701457105193e-05
2.469076589973		-5.661363470192e-05
2.485229783313		-4.506646066433e-05
2.501379610077		-3.230568732479e-05
2.517526028625		-1.825330937992e-05
2.533669013541		-2.820551083359e-06
2.549808557302		1.409309057721e-05
2.56594466976		3.260154470859e-05
2.582077378137		5.283522042457e-05
2.598206726477		7.494609618172e-05
2.614332774389		9.911616951155e-05
2.630455596579		0.0001255717999973
2.64657528122		0.0001546078232514
2.662691929321		0.0001866287479593
2.678805650688		0.0002222184830017
2.694916562908		0.0002622602326724
2.711024790281		0.0003081417836122
2.727130462242		0.0003621069760828
2.743233711768		0.0004278575790074
2.759334672994		0.0005115833944931
2.775433479722		0.000623725006996
2.791530263962		0.0007819877682088
2.807625155368		0.001016490791011
2.823718280593		0.001378551258361
2.839809762677		0.001955640405182
2.855899721131		0.002896763527296
2.871988270047		0.004455287949654
2.888075517335		0.007060524120087
2.904161565623		0.01143536354993
2.920246513335		0.01878385471169
2.936330454928		0.03107394065783
2.952413480649		0.05141792410243
2.968495676056		0.0844592378704
2.984577122163		0.1364229483474
3.000657896103		0.2140328741505
3.016738072112		0.3212120713413
3.03281772224		0.4537582892283
3.048896916709		0.5961609849465
3.06497572404		0.7267438300355
3.081054212041		0.8292402047778
3.09713244736		0.8996348403576
3.113210495389		0.9433342314654
3.129288422045		0.9686870014711
3.145366295176		0.9828289190966
3.161444185178		0.9905750554441
3.177522164946		0.9947993836896
3.19360030986		0.9971106454859
3.209678698337		0.998383383746
3.225757412976		0.9990891435997
3.241836541855		0.9994830152172
3.25791617957		0.9997041067999
3.273996427918		0.9998289340373
3.290077396506		0.9998998855478
3.306159203814		0.999940564051
3.322241979343		0.999964155677
3.338325862373		0.99997804355
3.354411004587		0.9999863700615
3.370497572748		0.9999914663518
3.386585750832		0.999994651424
3.402675741477		0.9999966788453
3.418767767309		0.9999979860079
3.434862072864		0.9999988327821
 3.4509589274		0.999999378357
3.467058628273		0.9999997237096
3.483161504343		0.9999999351113
3.499267919125		1.000000057273
3.515378273649		1.000000120882
3.531493011437		1.000000147122
3.547612616438		1.000000150531
3.563737615927		1.000000140935
3.579868582036		1.00000012481
3.596006128714		1.000000106271
3.612150900548		1.000000087799
3.628303549502		1.000000070764
3.644464692963		1.000000055811
3.660634841315		1.000000043126
3.67681427413		1.000000032629
3.693002834967		1.000000024101
3.709199576938		1.000000017267
3.72540219871		1.000000011848
3.741606185354		1.000000007594
3.757803589321		1.000000004293
3.773981573804		1.000000001779
3.790121349545		0.9999999999291
3.806199059562		0.9999999986521
3.822190867645		0.999999997873
3.838082988881		0.9999999975062
3.853882237911		0.9999999974405
3.869618025943		0.9999999975517
3.885330620228		0.9999999977353
3.901052120495		0.9999999979294
3.916793858692		0.9999999981129
3.932548867578		0.9999999982869
3.948305593415		0.9999999984558
3.964060700665		0.9999999986177
3.97982150801		0.9999999987661
3.995598567705		0.9999999988954
4.011396585674		0.9999999990051
4.027211509317		0.9999999990989
4.043035105398		0.9999999991813
4.058862012488		0.999999999255
4.074693137281		0.9999999993206
4.090533360651		0.9999999993779
4.106386500059		0.9999999994271
4.12225211596		0.9999999994694
4.138126393662		0.9999999995063
4.154005629236		0.9999999995394
4.169889016143		0.9999999995693
4.185778611692		0.9999999995965
4.201677042054		0.9999999996212
4.217585222427		0.9999999996439
4.233501926028		0.9999999996654
4.249425202433		0.9999999996862
4.265354154929		0.9999999997064
4.281289576232		0.9999999997261
4.297233146178		0.999999999745
4.313186111085		0.9999999997628
4.329148608695		0.9999999997796
4.345120063971		0.9999999997952
4.361100138542		0.9999999998095
4.377089366958		0.9999999998225
4.393089026756		0.9999999998338
4.409100489161		0.9999999998433
4.425124663007		0.9999999998511
4.441161942901		0.9999999998571
4.457212568922		0.9999999998616
4.473276953992		0.9999999998652
4.489355579645		0.9999999998682
4.50544836989		0.9999999998713
4.52155369913		0.9999999998754
4.537667152032		0.9999999998812
4.553779910078		0.9999999998893
4.569876567314		0.9999999999003
4.58593286415		0.9999999999143
4.601915765618		0.9999999999307
4.617790601887		0.999999999948
4.63353794528		0.9999999999641
4.649171909706		0.999999999977
4.66474152658		0.999999999986
4.680307149472		0.9999999999917
4.695907981246		0.999999999995
4.711546373801		0.9999999999969
4.727199647008		0.999999999998
4.742846728467		0.9999999999987
4.758486527833		0.9999999999991
4.774135473777		0.9999999999993
4.789810787327		0.9999999999994
4.805516013251		0.9999999999995
4.821240153966		0.9999999999996
4.836968665975		0.9999999999996
4.852695262371		0.9999999999997
4.868424816884		0.9999999999997
4.884166735295		0.9999999999997
4.899925982423		0.9999999999998
4.915699433039		0.9999999999998
4.931479482849		0.9999999999998
4.94726064563		0.9999999999999
4.963043236596		0.9999999999999
4.97883171304		0.9999999999999
4.994630027967		0.9999999999999
5.010438305833		            1
5.026253265357		            1
5.042071342154		            1
5.057891481021		            1
5.073715403804		            1
5.089545614276		            1
5.105383176672		            1
5.121227099835		            1
5.137075520522		            1
5.152927393237		            1
5.168783228367		            1
5.184644463919		            1
5.200512236858		            1
5.216386658928		            1
5.232267087117		            1
5.248152985512		            1
5.264044574334		            1
5.279942784586		            1
5.295848686558		            1
5.311762951002		            1
5.327685767183		            1
5.343617188842		            1
5.359557530344		            1
5.375507449562		            1
5.391467647437		            1
5.407438390543		            1
5.423419091704		            1
5.439407972472		            1
5.455401577926		            1
5.471393829679		            1
5.487374488904		            1
5.503327402003		            1
5.519229800772		            1
5.535055069138		            1
5.550781332949		            1
5.566404211574		            1
5.581944956651		            1
5.597444114608		            1
5.612941946344		            1
5.628459542691		            1
5.643994611817		            1
5.659533314899		            1
5.675066711656		            1
5.690598522124		            1
5.706140249731		            1
5.721700493953		            1
5.737278403466		            1
5.752865846126		            1
5.768454950825		            1
5.784043946503		            1
5.799636942297		            1
5.815239031224		            1
5.83085158058		            1
5.846471455854		            1
5.862094046183		            1
5.877716919406		            1
5.893341038024		            1
5.908969030754		            1
5.92460248436		            1
5.940240622827		            1
5.955881166069		            1
5.971522252001		            1
5.987163669071		            1
6.002806538031		            1
6.018451999643		            1
6.034100156186		            1
6.049750067784		            1
6.065400601046		            1
6.081051280727		            1
6.096702457377		            1
6.11235478742		            1
6.128008576824		            1
6.143663542507		            1
6.159319101455		            1
6.174974851984		            1
6.190630821866		            1
6.206287328232		            1
6.221944636766		            1
6.23760273287		            1
6.253261366767		            1
6.268920283108		            1
6.284579413025		            1
6.300238882139		            1
6.315898862967		            1
6.331559420389		            1
6.347220475613		            1
6.36288189441		            1
6.378543604314		            1
6.394205640627		            1
6.409868097794		            1
6.425531043447		            1
6.441194471668		            1
6.456858324463		            1
6.472522551663		            1
6.48818715325		            1
6.503852173311		            1
6.519517659765		            1
6.535183628841		            1
 6.5508500619		            1
6.566516930856		            1
6.582184226164		            1
6.59785196431		            1
6.613520172983		            1
6.62918886954		            1
6.644858051895		            1
6.660527706824		            1
6.676197825618		            1
6.691868413251		            1
6.707539485235		            1
 6.7232110576		            1
6.738883140314		            1
6.754555740399		            1
6.770228873245		            1
6.785902576737		            1
6.801576924987		            1
 6.8172520472		            1
6.832928165008		            1
6.848605667669		            1
6.864285256117		            1
6.879968217798		            1
6.895656973034		            1
6.911356177774		            1
6.927074711087		            1
6.94282825481		            1
6.958640414582		            1
6.974537936347		            1
6.990537116266		            1
7.006629342348		            1
7.022780992327		            1
 7.0389518448		            1
7.055118017619		            1
7.071281014172		            1
7.087457601602		            1
7.103661445515		            1
7.119892040725		            1
7.136137923722		            1
7.152388595087		            1
7.168643580913		            1
7.18491174818		            1
7.201203139384		            1
7.217521308249		            1
7.233862259833		            1
7.250219600695		            1
7.266590575012		            1
7.282977869932		            1
7.29938645972		            1
7.315818931793		            1
7.332273354006		            1
7.34874491165		            1
7.365229251061		            1
7.381724436795		            1
7.398230117745		            1
7.414745049484		            1
7.43126528918		            1
7.447784455854		            1
7.464295552257		            1
7.480792775101		            1
7.497272083316		            1
7.513730581804		            1
7.530165834904		            1
7.546575935263		            1
7.562960259899		            1
7.579320109975		            1
7.595658506871		            1
7.611979130004		            1
7.628285044499		            1
7.644577941558		            1
7.660858129903		            1
7.677124948742		            1
7.693377083708		            1
7.709612537194		            1
7.725828429213		            1
7.742021017654		            1
  7.758186179		            1
7.774320256754		            1
7.790420936535		            1
7.80648779983		            1
7.822522396417		            1
7.838527902002		            1
7.854508556208		            1
7.870469086803		            1
7.88641425707		            1
7.902348584096		            1
7.918276207697		            1
7.934200860026		            1
7.950125886312		            1
7.966054294497		            1
7.981988814857		            1
7.997931959241		            1
8.013886115031		            1
8.029853631095		            1
8.045836883255		            1
8.061838316242		            1
8.077860473131		            1
8.093906021089		            1
8.109977779582		            1
8.126078741862		            1
8.142212076483		            1
8.158381090298		            1
8.174589135015		            1
8.190839407537		            1
8.207134544266		            1
8.223475786773		            1
8.239861264533		            1
8.256282536236		            1
8.272718003859		            1
8.289122289319		            1
8.305416232557		            1
8.32149770642		            1
8.337299522826		            1
8.352862264684		            1
8.368332194069		            1
8.383867941178		            1
8.399541172596		            1
8.41531428964		            1
8.431103331026		            1
8.446864609178		            1
8.462630253823		            1
8.47847413477		            1
8.494450117299		            1
8.510556557636		            1
8.526749219259		            1
8.542981278426		            1
8.559226061916		            1
8.575452210044		            1
8.591565674407		            1
8.60740368188		            1
8.622870849083		            1
8.638082109622		            1
8.653295270752		            1
8.668707105623		            1
8.684320345146		            1
8.699981934953		            1
8.715542942269		            1
8.730987421356		            1
8.746425127072		            1
 8.7619845576		            1
8.777712753772		            1
8.793556664266		            1
8.809426125455		            1
8.825274177882		            1
8.841125056714		            1
8.857036308535		            1
8.873036891052		            1
8.889091304591		            1
8.905108797874		            1
8.920981877646		            1
8.936633342072		            1
8.952063878291		            1
8.967370194997		            1
8.982694131607		            1
8.998133042671		            1
9.013688275205		            1
9.029290817408		            1
9.044874940285		            1
9.060433252705		            1
9.07601248343		            1
9.091666333615		            1
9.10741197665		            1
9.123223688482		            1
9.139061824459		            1
9.154907537032		            1
9.170774020776		            1
9.186689750916		            1
9.20267275171		            1
9.218718335265		            1
9.234807737677		            1
9.250926979391		            1
9.267078829942		            1
9.283279339584		            1
9.299544661735		            1
9.315880717822		            1
9.332283835116		            1
9.348750183393		            1
9.365285176775		            1
9.381905753689		            1
9.398636013149		            1
9.415502961265		            1
9.432539529331		            1
9.449797349458		            1
9.467359880057		            1
9.485251758915		            1
9.502589082993		            1
9.517845816695		            1
9.531760713166		            1
9.546138275339		            1
9.562204910852		            1
9.579877960062		            1
9.597838430896		            1
9.614796967734		            1
9.630659664127		            1
9.646314839062		            1
9.662698546017		            1
9.680078323303		            1
9.697941639787		            1
9.715513977611		            1
9.732482937948		            1
9.749183151934		            1
9.766198199128		            1
9.78384869256		            1
9.801991454463		            1
9.820209702273		            1
9.838194924348		            1
9.855927278962		            1
9.87342948816		            1
9.890389453456		            1
9.906473894565		            1
9.921945588688		            1
9.937506586135		            1
9.953718374445		            1
9.97061348533		            1
9.987735835718		            1
           10		            1
