0.0000000000000000	0.0000000000000000
4.6466037727381950	0.0010000000000000
4.6584373893868554	0.0012348067714888
4.6622891962901241	0.0012056827429058
4.6669738893659982	0.0013546360363914
4.6759253191093189	0.0016103372482842
4.6854421197505847	0.0028229361642774
4.6888603163338942	0.0028313243926277
4.6920574376706883	0.0032490116190809
4.6953873640267814	0.0034492196122892
4.6988320317321586	0.0039283618238123
4.7023565917152510	0.0042887566210679
4.7059287412570141	0.0048891772254763
4.7095464814431374	0.0054044328705163
4.7131952190563471	0.0061592033139532
4.7168891356178806	0.0068698360554383
4.7206158111621574	0.0078273358015333
4.7243963151069357	0.0087939519304027
4.7282128429654904	0.0100243122732008
4.7320918550047910	0.0113317674280097
4.7360074869685347	0.0129331522132718
4.7399933736387192	0.0146973197183954
4.7440132401719906	0.0168042998546467
4.7481111148917021	0.0191833032557205
4.7522370981777451	0.0219788848764011
4.7564498117415663	0.0251883902536927
4.7606813307449363	0.0289198805220781
4.7650100184269979	0.0332524715505622
4.7693441100548668	0.0382505212778150
4.7737871454582859	0.0440970374297437
4.7782129044323494	0.0507899603701137
4.7827513320060735	0.0586365186937788
4.7872432508014420	0.0675376013712315
4.7918483288878351	0.0779514031223155
4.7963883245394641	0.0896637391575116
4.8010491055123499	0.1033219884762261
4.8056388483764580	0.1185700509628098
4.8102874131042386	0.1360126690961843
4.8148632065039179	0.1552853336876500
4.8195380772360155	0.1772381850867139
4.8241730563052787	0.2013554649607841
4.8288664594849964	0.2282874882477922
4.8335980852070826	0.2580393391718228
4.8382840471822126	0.2900217966237024
4.8430738730140739	0.3252021871337865
4.8478349832395615	0.3624347248140735
4.8527769857401362	0.4031870349887727
4.8578992032863679	0.4467576238105817
4.8694724425346543	0.5480516630299130
4.8746110846021615	0.5932914673389750
4.8778206322996276	0.6206012053105900
4.8824646846627546	0.6590567303446713
4.8896133543969063	0.7144127955033325
4.8927884487257698	0.7375224711972449
4.8960298505827939	0.7595867644415008
4.8994569589350050	0.7817582228076853
4.9030196499998064	0.8030966352063573
4.9066674535821599	0.8234455643250158
4.9104181169870982	0.8425391353140237
4.9141960314088111	0.8601691454471567
4.9180943291107262	0.8765486564920116
4.9220153895078846	0.8914273967952669
4.9261331051135162	0.9052996351591693
4.9303397986058339	0.9179265866602432
4.9343215243306808	0.9283833736639521
4.9380755130331080	0.9371721402538707
4.9417682968088208	0.9447144497199275
4.9452717292508943	0.9512201297210422
4.9486841202096334	0.9566858695563023
4.9519768715662886	0.9615920766855225
4.9552878719711009	0.9657940371194166
4.9586021551583510	0.9697389144930672
4.9620120037100435	0.9731710534218307
4.9654736262271468	0.9764143813939605
4.9690464595449093	0.9792344186411064
4.9726800332315984	0.9818726565980540
4.9764257099692184	0.9841569891897346
4.9802520095440554	0.9862727647375837
4.9842447856575944	0.9881252292538403
4.9885048034571389	0.9899148244012654
4.9956072247474603	0.9920581068826736
5.0000243335957908	0.9933790652276357
5.0039351359174766	0.9942529492445165
5.0077829891734931	0.9950738632943278
5.0117436389418906	0.9957052524223658
5.0158598102889389	0.9963587452126752
5.0198385576015268	0.9968475379062441
5.0237661293244935	0.9972833844194704
5.0278124387557668	0.9976160761018857
5.0320843236467461	0.9980289326580126
5.0381914025457863	0.9981577145125983
5.0573047783289624	0.9988569764781567
5.0608802941774078	0.9992119189082012
5.0641879090276891	0.9992278224606427
5.0676228727659263	0.9994233602066844
5.0712320640041906	0.9994685321141181
5.0750008900525767	0.9995939054741577
5.0789463304672102	0.9996365526410381
5.0831925676979610	0.9997581803184017
5.0901753617021939	0.9996342306218948
5.0942043200544971	0.9998199181272394
5.0976465847688894	0.9997529327586636
5.1009584519477329	0.9998925832228135
5.1043079636495658	0.9998254963600004
5.1077617344611852	0.9999208331292762
5.1113735422217097	0.9998851701752037
5.1152104225216934	0.9999346229990737
5.1194312744390533	0.9998872838033546
5.1263744830317117	1.0000825716887551
5.1310409808564383	0.9999845320241757
5.1352714045098695	1.0000062109214698
5.1396256357753174	0.9999328684627539
5.1465682576951792	1.0001362076391143
5.1506767210934408	0.9999826339403071
5.1541411647092614	1.0000740436872100
5.1574374958316875	0.9999500557490202
5.1607239640979694	1.0000491837655692
5.1640529615241082	0.9999495154279490
5.1674460811231011	1.0000338983776407
5.1709195798300671	0.9999586961093456
5.1744914600586789	1.0000202164054011
5.1781943291799317	0.9999742620506316
5.1820868872884995	1.0000069461051162
5.1863216971475889	0.9999447982807550
5.1932807108521146	1.0001213046694888
5.1981256300737462	1.0000208261127030
5.2026858738126478	1.0000762635835152
5.2098613179497582	0.9998690422160919
5.2148071502375073	0.9999743954185007
5.2194015534113136	0.9999178443268188
5.2265145551718977	1.0001424388452651
5.2309403476429459	1.0000029962770343
5.2346299081004064	1.0000742714042008
5.2380784469277248	0.9999666162189103
5.2414691246300888	1.0000541903555591
5.2448676207886171	0.9999610899719735
5.2483004070348329	1.0000419930624156
5.2517836860973004	0.9999648927707701
5.2553303554963042	1.0000313129854801
5.2589609027563968	0.9999743525877525
5.2627049815440596	1.0000177186078667
5.2666235043952279	0.9999861909905171
5.2708640647875926	1.0000497733161606
5.2778108270203123	0.9998717788737608
5.2825966975645979	0.9999758595172361
5.2869136408841184	0.9999612115977943
5.2912893010132258	1.0000421338481291
5.2983109616161359	0.9998603653372417
5.3030110253610037	0.9999789362716721
5.3071058772503221	0.9999498307454251
5.3110334324931312	1.0000039839433883
5.3150248062203280	0.9999784913378331
5.3192899536789255	1.0000469462376422
5.3261921196181792	0.9998586658749485
5.3306131393056218	0.9999911475844963
5.3343587612133376	0.9999272725597019
5.3378563159926022	1.0000299325372073
5.3412751635860722	0.9999440847270666
5.3446717051471797	1.0000396612731237
5.3480709012386907	0.9999516183014048
5.3514795720896098	1.0000412853021303
5.3549040895867419	0.9999559092469453
5.3583458539484896	1.0000399649461880
5.3618099026628672	0.9999595600055342
5.3652987956619702	1.0000369046539332
5.3688199099941443	0.9999640079093204
5.3723797311997830	1.0000318289925476
5.3759918382072804	0.9999707311401580
5.3796729950841087	1.0000232214108071
5.3834555718523474	0.9999819019135386
5.3873959338959150	1.0000126866554351
5.3916436377859931	0.9999482109817839
5.3985919832640432	1.0001252230198769
5.4034750185605889	1.0000235839150931
5.4080451490111097	1.0000802703296845
5.4151712414187099	0.9998650477802454
5.4199050968942704	0.9999856748546722
5.4239484075390791	0.9999456436918582
5.4277482868307318	1.0000143713996401
5.4315067542185247	0.9999687356958862
5.4353191092195079	1.0000130944535601
5.4392728218090465	0.9999840520612818
5.4435236641222282	1.0000497454307720
5.4504195028885514	0.9998624106497565
5.4549154393627193	0.9999893970882032
5.4587429402752639	0.9999326768977026
5.4623156773612269	1.0000266961199824
5.4658038868847836	0.9999488673674701
5.4692669471637050	1.0000359143476507
5.4727328465035097	0.9999562717725832
5.4762114136773716	1.0000367604625517
5.4797123308675522	0.9999613197107876
5.4832410872308399	1.0000339181725502
5.4868082990119866	0.9999669715868933
5.4904246173425975	1.0000278148146144
5.4941104325651740	0.9999756931834614
5.4978948230032412	1.0000169172689528
5.5018377121021391	0.9999862003726081
5.5060848480268616	1.0000507282623248
5.5129793614254154	0.9998632404205415
5.5174862316859530	0.9999890787977088
5.5213295459205334	0.9999339616055054
5.5249214656496104	1.0000254967617792
5.5284330307050205	0.9999507738526838
5.5319251765065136	1.0000337508232986
5.5354280376622462	0.9999592202940413
5.5389542928697360	1.0000331127951780
5.5425177651728017	0.9999661458865107
5.5461301980522508	1.0000276387656448
5.5498126140179274	0.9999753864645513
5.5535943531099523	1.0000168571824868
5.5575356028691747	0.9999861426640613
5.5617822968083290	1.0000506376517884
5.5687340105575931	0.9998738946580852
5.5736142508632565	0.9999754788295568
5.5781853797321830	0.9999190898819439
5.5853168401073070	1.0001339309048758
5.5900429079640110	1.0000131689224419
5.5940773161550217	1.0000536010927605
5.5978720221300060	0.9999844469852082
5.6016249320367519	1.0000303843643881
5.6054347488667631	0.9999858199529488
5.6093854744934282	1.0000148952051344
5.6136367560871232	0.9999492267249647
5.6205795865919370	1.0001273170239109
5.6253986434178369	1.0000230393177503
5.6297362384785519	1.0000375371319026
5.6341188741923292	0.9999559016090945
5.6411097514221984	1.0001429406910813
5.6456784219723941	1.0000133114779721
5.6495554161163630	1.0000650202313495
5.6531771755944069	0.9999759522041698
5.6567212048543949	1.0000459650504734
5.6602573534472338	0.9999687907205395
5.6638178418864769	1.0000351529114453
5.6674252961501841	0.9999720598310001
5.6711008665711571	1.0000243820073440
5.6748785037222076	0.9999823126616466
5.6788157069796847	1.0000129586110664
5.6830625675875313	0.9999484671828610
5.6899770567694725	1.0001318243098167
5.6946169191653038	1.0000156940744589
5.6986510715244760	1.0000513836592122
5.7024928140282469	0.9999889730388434
5.7063349589362975	1.0000244496313173
5.7102974257622039	0.9999899545383885
5.7145522159808655	1.0000527817313016
5.7214825266329665	0.9998690536413176
5.7261681221731617	0.9999815714251122
5.7302749192061775	0.9999524013586598
5.7342177920600585	1.0000047062995712
5.7382197035248854	0.9999790694422742
5.7424875910523037	1.0000476700516638
5.7494214875226870	0.9998654056779840
5.7540640967292020	0.9999825859600595
5.7580988061775829	0.9999470578937582
5.7619379239523631	1.0000098039518144
5.7657793385741325	0.9999743207608556
5.7697397860096009	1.0000089031841664
5.7739953226361864	0.9999461424907550
5.7809490727475152	1.0001251804251123
5.7859494605695971	0.9999729088425270
5.7934030633714269	1.0001680146050336
5.7982951299840400	1.0000251106912248
5.8023841670781247	1.0000603299318864
5.8061910087932072	0.9999874569050387
5.8099425695605218	1.0000326083690434
5.8137475741949638	0.9999866955761126
5.8176945327885434	1.0000154455281061
5.8219448843762631	0.9999496745634886
5.8288561477382403	1.0001336990429732
5.8334510736742455	1.0000141590202298
5.8374211009742192	1.0000556721051690
5.8411811876254252	0.9999845016297391
5.8449134952389619	1.0000312015452459
5.8487104782985515	0.9999858716818508
5.8526540612944551	1.0000149904407305
5.8569033103354586	0.9999494977423113
5.8638365244374659	1.0001293693968234
5.8685762332177775	1.0000202386607253
5.8727739205572611	1.0000411622787098
5.8768685332385058	0.9999974195633303
5.8811701492019939	1.0000581728521472
5.8881603873334898	0.9998743435282150
5.8930528817320393	0.9999760518738928
5.8976282675339142	0.9999193315197600
5.9047678966451942	1.0001336626051920
5.9095129528228130	1.0000143741230092
5.9135825040799403	1.0000508816711762
5.9174339544664925	0.9999884162953576
5.9212772603937482	1.0000243517654959
5.9252389661191680	0.9999898538513948
5.9294937427566596	1.0000526660816722
5.9364168707401008	0.9998674532275530
5.9410471866232326	0.9999836948726720
5.9450728342135903	0.9999472897838382
5.9489056026140767	1.0000101853939041
5.9527426856320913	0.9999743844890766
5.9567006270029017	1.0000089699645129
5.9609554642190554	0.9999462663459593
5.9678833726792870	1.0001301579823523
5.9725632412519154	1.0000172533400413
5.9766617815105887	1.0000467902995849
5.9806001576799561	0.9999941899196352
5.9845978687495576	1.0000198745107731
5.9888658558608796	0.9999513323776300
5.9958321007546012	1.0001271275588046
6.0007166933152325	1.0000243677170637
6.0052877675471237	1.0000805154838779
6.0124041698394759	0.9998627579703080
6.0170507886402280	0.9999885801510832
6.0209810883219408	0.9999387033804215
6.0246522689419058	1.0000211881963719
6.0282583264201541	0.9999585433249155
6.0318756952535697	1.0000244468695236
6.0355516122712531	0.9999727279286058
6.0393248045118559	1.0000158973005240
6.0432600313890372	0.9999855135936357
6.0475051852740869	1.0000500682657845
6.0544500127310519	0.9998720198639867
6.0592557641148561	0.9999759973029320
6.0635867674441002	0.9999614389848563
6.0679662399713798	1.0000427813267505
6.0749638487324331	0.9998567097651987
6.0795448346628351	0.9999846191058256
6.0834505355984581	0.9999363294534576
6.0871130114488192	1.0000198768468485
6.0907164266471616	0.9999578208342047
6.0943332475204368	1.0000239873851702
6.0980093684536216	0.9999725064508987
6.1017828966826473	1.0000157485231840
6.1057183896622975	0.9999854360613402
6.1099636028693212	1.0000500371898684
6.1168699961725137	0.9998647963566689
6.1214269097647414	0.9999863045229442
6.1253500624408206	0.9999401801252155
6.1290505525542809	1.0000179246139751
6.1327078554738321	0.9999623930210141
6.1363983060483545	1.0000192479423191
6.1401792761767462	0.9999792504861942
6.1441162092658406	1.0000113877668890
6.1483634021533220	0.9999477482170682
6.1552672137882407	1.0001339020946398
6.1598268011657327	1.0000124330684068
6.1637493989844696	1.0000586550285702
6.1674508586208479	0.9999809307248778
6.1711072579693784	1.0000365024269964
6.1747984606037987	0.9999796471812408
6.1785784552792089	1.0000196611774073
6.1825162416409958	0.9999875231486628
6.1867624060144175	1.0000511435247348
6.1936740260085035	0.9998660804544541
6.1982623645358039	0.9999851630077951
6.2022297708038163	0.9999433174146422
6.2059864369781055	1.0000145619865566
6.2097177974511677	0.9999677074025330
6.2135126480486651	1.0000130790343262
6.2174564111113639	0.9999839255969856
6.2217044579139298	1.0000493538342654
6.2286124688542168	0.9998643213429214
6.2331661868560158	0.9999862815547212
6.2370847650455001	0.9999398241226822
6.2407806729821438	1.0000180442704567
6.2444338463077651	0.9999621698367216
6.2481208294955373	1.0000193205834809
6.2518991665159866	0.9999791765661958
6.2558344817107141	1.0000113677530480
6.2600812425748167	0.9999477914849225
6.2670128849148998	1.0001287407747717
6.2717475332608004	1.0000198997814613
6.2759412179307317	1.0000410868858036
6.2800334673731335	0.9999973685622269
6.2843344242275725	1.0000580731844424
6.2913250474028253	0.9998743289770610
6.2962158357591038	0.9999760147407999
6.3007907765168509	0.9999193727444350
6.3079298918215860	1.0001338448683526
6.3126670536615306	1.0000142307333619
6.3167283513449375	1.0000512239930535
6.3205729344246606	0.9999882886645545
6.3244111701653090	1.0000244760662467
6.3283698159041926	0.9999898832894361
6.3326237656903110	1.0000525757303638
6.3395838406297651	0.9998742577311532
6.3444589825524664	0.9999755870107288
6.3490289583660688	0.9999193833569443
6.3561730299830153	1.0001323571565819
6.3609544714326640	1.0000161097456550
6.3650879452123483	1.0000464108061147
6.3690366862040992	0.9999937546700900
6.3730368467949408	1.0000197378652917
6.3773060010898703	0.9999513029951339
6.3841398438407975	1.0001522010100790
6.3882320852560159	0.9999939918669660
6.3916281118370950	1.0000973638673445
6.3948033069349393	0.9999506634509023
6.3979212053785313	1.0000781474531213
6.4010364127413473	0.9999413141722333
6.4041676937812113	1.0000669575544034
6.4073240716684072	0.9999412839742693
6.4105083095432356	1.0000593842902008
6.4137249746415410	0.9999447489933840
6.4169756004100691	1.0000528590201951
6.4202654587439065	0.9999500682860005
6.4235975919670762	1.0000459837021578
6.4269798661440456	0.9999570943029951
6.4304193158526353	1.0000375794267926
6.4339301307442112	0.9999667183999635
6.4375299992543971	1.0000258351041311
6.4412525982166722	0.9999807916197500
6.4451566751605451	1.0000126121145163
6.4493946338445722	0.9999494349200058
6.4563264439670691	1.0001299967401187
6.4610056813467409	1.0000195763032533
6.4651508930450481	1.0000423542580492
6.4692134430271615	0.9999978289768892
6.4735063604603473	1.0000573291175294
6.4804180396621271	0.9998585362150096
6.4847555348132238	0.9999946807880620
6.4884284699785209	0.9999248768328940
6.4918873403132267	1.0000294650727057
6.4953082423794912	0.9999473159416975
6.4987546781129115	1.0000325735864637
6.5022628543424430	0.9999631802667706
6.5058574505563440	1.0000243014264167
6.5095754062856068	0.9999796818740254
6.5134763958484605	1.0000120688752410
6.5177136036942782	0.9999492734292147
6.5246591790241562	1.0001274861316225
6.5294211601530767	1.0000229352337047
6.5337185066803514	1.0000377785257579
6.5380902712660873	0.9999573821361514
6.5450573501508860	1.0001490039701801
6.5494157596890679	1.0000077586733533
6.5530883975354577	1.0000766052040515
6.5565436597181384	0.9999703539762169
6.5599588553550134	1.0000526410171566
6.5634016999922453	0.9999665746091144
6.5669055437140758	1.0000361431601579
6.5704982451509872	0.9999746825892519
6.5742134316338650	1.0000193591858912
6.5781141882302103	0.9999868917480855
6.5823500937263706	1.0000495879190814
6.5892857299110794	0.9998690169984948
6.5939536735400681	0.9999794583764439
6.5980921288411025	0.9999564322704386
6.6021491158619563	1.0000010583437613
6.6064418393351350	0.9999417512344113
6.6130843428609554	1.0001893420098680
6.6163597253594650	0.9999517212365520
6.6191340845557738	1.0001483419399120
6.6218448084488823	0.9999222299889994
6.6245897073107596	1.0001130619183718
6.6273872095495312	0.9999189686921680
6.6302352386843513	1.0000928924477805
6.6331301151864066	0.9999213013320398
6.6360654632404721	1.0000811832097256
6.6390387057423057	0.9999253015525057
6.6420449496815452	1.0000735656812727
6.6450833943576146	0.9999296542588002
6.6481504734648222	1.0000678941455272
6.6512466189063018	0.9999339589032428
6.6543692665446699	1.0000631225327588
6.6575197692539048	0.9999381901222140
6.6606964331590968	1.0000586874968473
6.6639014602300328	0.9999424828699975
6.6671340897357334	1.0000542093049729
6.6703975319128679	0.9999470688652351
6.6736922792451523	1.0000493283655771
6.6770230591126598	0.9999523021571892
6.6803924370102257	1.0000435636080522
6.6838079451871071	0.9999587841204314
6.6872763337275387	1.0000360747165895
6.6908115336859257	0.9999677009957162
6.6944309552948900	1.0000251576749863
6.6981679396005864	0.9999810523431880
6.7020806805578532	1.0000126163009004
6.7063209494184424	0.9999491320880924
6.7131395543925780	1.0001507837156216
6.7172054610760705	0.9999928115737896
6.7205907113878451	1.0000971825108165
6.7237626494002720	0.9999503912078452
6.7268785642206943	1.0000783498497687
6.7299889217972559	0.9999404214309103
6.7331092598918971	1.0000684450886435
6.7362458119087325	0.9999388285007715
6.7393986525523415	1.0000628849375393
6.7425696104045478	0.9999399576349556
6.7457571761632131	1.0000591151122302
6.7489630995233325	0.9999420822301623
6.7521860045507749	1.0000559813481276
6.7554280500721307	0.9999446663778336
6.7586883122828434	1.0000529447653592
6.7619695118539660	0.9999476171962496
6.7652714069102053	1.0000496794993230
6.7685975420087114	0.9999510513801886
6.7719487607963815	1.0000458755498827
6.7753299965993330	0.9999552580313029
6.7787440410640194	1.0000410905470756
6.7821985304800165	0.9999607977988233
6.7857003193909184	1.0000345127997272
6.7892633419746202	0.9999688290361474
6.7929049145603377	1.0000244544050148
6.7966581437664493	0.9999813614921561
6.8005806761757768	1.0000126394857110
6.8048235730634214	0.9999488034865057
6.8117094032691474	1.0001377804259362
6.8161449455896665	1.0000081016013531
6.8199190783856238	1.0000683558039178
6.8234615419494631	0.9999723391522637
6.8269417289073164	1.0000489586343870
6.8304251351265153	0.9999664093634653
6.8339417826398128	1.0000370855210834
6.8375132777252192	0.9999707189241871
6.8411604224330800	1.0000252551139566
6.8449172459391585	0.9999819391823961
6.8488418790510508	1.0000129264248860
6.8530853376144760	0.9999488829858945
6.8600277427042595	1.0001271244307512
6.8648243801365361	1.0000229198416339
6.8691463834028088	1.0000375710734819
6.8735247671882274	0.9999564354613389
6.8805728400885782	1.0001331082916203
6.8854882330441933	1.0000262054688251
6.8900697804766677	1.0000814959153481
6.8972390320492378	0.9998700137362618
6.9021514888664282	0.9999778870990095
6.9065186027413619	0.9999619479439658
6.9109107301467594	1.0000433422522903
6.9179119131437510	0.9998548245334945
6.9224387078905663	0.9999864012166281
6.9262785206538098	0.9999321634586259
6.9298734651435723	1.0000231903839290
6.9334064188705202	0.9999530844246216
6.9369454821682988	1.0000286221137800
6.9405293763322256	0.9999664268563327
6.9441836411643383	1.0000225368816067
6.9479450945011889	0.9999805962475043
6.9518722137644513	1.0000121805327296
6.9561164259174237	0.9999484277443995
6.9630179111417014	1.0001346133101139
6.9675539868358047	1.0000119737671218
6.9714532485389027	1.0000598375188030
6.9751351759695082	0.9999803916441055
6.9787759191576733	1.0000372012153476
6.9824549843462655	0.9999793857065887
6.9862262208171968	1.0000198711937218
6.9901587468781177	0.9999875679722698
6.9944034855597037	1.0000509847098682
7.0012800678885094	0.9998592829602515
7.0056502313352516	0.9999940509778975
7.0093393439231164	0.9999237903248082
7.0127780816832201	1.0000338257996861
7.0161346309876729	0.9999394049588782
7.0194640190127888	1.0000444631715979
7.0227897932399568	0.9999460209771942
7.0261172610597713	1.0000472493747112
7.0294510129512586	0.9999490380760329
7.0327900599923936	1.0000476102635893
7.0361363463321567	0.9999506670488900
7.0394881551895354	1.0000471876621639
7.0428470475894924	0.9999517678743507
7.0462112754404504	1.0000465207076901
7.0495823570462184	0.9999526612804909
7.0529585929765277	1.0000457863787560
7.0563415231998858	0.9999534700631733
7.0597295106097029	1.0000450357928274
7.0631241426710947	0.9999542489952923
7.0665238613736596	1.0000442728205916
7.0699303293993596	0.9999550336669831
7.0733420990036464	1.0000434787292258
7.0767609509137062	0.9999558609814168
7.0801856016793243	1.0000426165861918
7.0836180217693929	0.9999567816283604
7.0870571823673929	1.0000416255771913
7.0905053719893223	0.9999578733664796
7.0939619686456288	1.0000404068313713
7.0974298055396421	0.9999592633656886
7.1009089595321555	1.0000387954775354
7.1044032251799951	0.9999611687712001
7.1079139637502005	1.0000365017224619
7.1114467999071396	0.9999639839422669
7.1150056848557703	1.0000329769122329
7.1186001643716361	0.9999684931676083
7.1222402517264296	1.0000270712546109
7.1259456865956432	0.9999763826235860
7.1297448804398398	1.0000167028985152
7.1336968693363554	0.9999862060006472
7.1379464635712200	1.0000510525570825
7.1448955107653793	0.9998739348495211
7.1497845840244620	0.9999756468633761
7.1543580172907451	0.9999188355164979
7.1614959647108831	1.0001322415874827
7.1662919150397704	1.0000151413974028
7.1704156982075808	1.0000486531071200
7.1743123612244348	0.9999891778256380
7.1781890405245070	1.0000235430207618
7.1821709329017249	0.9999896526810287
7.1864312018851839	1.0000532621551559
7.1933784206880995	0.9998728586702004
7.1982156126602010	0.9999764155698992
7.2025682621502103	0.9999617819233639
7.2069536854182896	1.0000436919579263
7.2139981253632790	0.9998661822612649
7.2189340063504392	0.9999733574904383
7.2235226501415166	0.9999172144996946
7.2306902404070854	1.0001287138947179
7.2357719014218880	0.9999711683306102
7.2432952395487273	1.0001686510487875
7.2482479415646850	1.0000255493122068
7.2523779450068169	1.0000596763664065
7.2562002575765279	0.9999862291657929
7.2599365159401188	1.0000354883192690
7.2636838880805454	0.9999817362350457
7.2675028754193969	1.0000194264550606
7.2714637024571971	0.9999877059350264
7.2757162178335086	1.0000520628532348
7.2826491853785900	0.9998711819884367
7.2874269238509548	0.9999787820228527
7.2916622918669542	0.9999588881977861
7.2957789719050599	1.0000019949032899
7.3000879234877303	0.9999403066157105
7.3070720351231477	1.0001247795283217
7.3119839611373934	1.0000226915179340
7.3165626991641570	1.0000803685691100
7.3237002019669051	0.9998666719239789
7.3285113195868847	0.9999836312914706
7.3326505876898320	0.9999507688969941
7.3365571409755921	1.0000096527745648
7.3404423333481423	0.9999756172668167
7.3444277739589987	1.0000094010328029
7.3486903242700361	0.9999456377375161
7.3555965128690950	1.0001334667145834
7.3601829999733317	1.0000115906416469
7.3641051160119080	1.0000607264812251
7.3677658303520097	0.9999756041993916
7.3713295111388701	1.0000457592264971
7.3748579185468399	0.9999655893227953
7.3783740704859637	1.0000404649076196
7.3818881092986306	0.9999627364607611
7.3854022512494213	1.0000384231775137
7.3889192830737649	0.9999620568846415
7.3924382591560294	1.0000374982473614
7.3959609980301515	0.9999620845096641
7.3994861172477817	1.0000369269401623
7.4030154177277572	0.9999623781953092
7.4065475708269917	1.0000364216065996
7.4100845643897673	0.9999628322374631
7.4136253083377914	1.0000358373104579
7.4171721437034090	0.9999634771492181
7.4207244397167864	1.0000350392573976
7.4242851805060095	0.9999644400422510
7.4278546001103933	1.0000338239187629
7.4314369086917216	0.9999659817894238
7.4350340553793854	1.0000318180840415
7.4386527795457287	0.9999686251270181
7.4422987917035268	1.0000282606206929
7.4459848018325463	0.9999734974298542
7.4497263937993132	1.0000214795924189
7.4535543711299592	0.9999827051494909
7.4575226292150205	1.0000127650289985
7.4617779182143380	0.9999472772172167
7.4686867819143812	1.0001313902823181
7.4733601951963919	1.0000147984904655
7.4773979210582748	1.0000536657970853
7.4811915675160963	0.9999827528367921
7.4849101533447477	1.0000351254661255
7.4886268324245258	0.9999777759409821
7.4923825778053379	1.0000236230322297
7.4962172010035513	0.9999839606928219
7.5001886540016232	1.0000134321233440
7.5044449053001365	0.9999475428310529
7.5113734709029556	1.0001278370830882
7.5161799959194360	1.0000205108718285
7.5204390816222624	1.0000396463722729
7.5245724201571660	0.9999968432168203
7.5288845870429677	1.0000591747459207
7.5358282846031823	0.9998672705224714
7.5404904114707954	0.9999861008255938
7.5444891750711180	0.9999422468809980
7.5482189175181720	1.0000206068391790
7.5518495325297161	0.9999571384618393
7.5554417555041287	1.0000300454093181
7.5590238994129590	0.9999624600591754
7.5626047891292822	1.0000322838165028
7.5661920488936900	0.9999650607978963
7.5697879436093451	1.0000318758971187
7.5733984334982374	0.9999673990746032
7.5770271528462878	1.0000297157446583
7.5806832927081063	0.9999709418496441
7.5843762261621084	1.0000251212842761
7.5881249454440898	0.9999775913282494
7.5919566929685631	1.0000161321725671
7.5959287458656197	0.9999861474319981
7.6001838055708477	1.0000517311918289
7.6070906389520498	0.9998669463301604
7.6117392448734060	0.9999852378192806
7.6157400039666587	0.9999425497687263
7.6194797044383344	1.0000195867683626
7.6231264728911494	0.9999583566184608
7.6267418593448006	1.0000282214815999
7.6303566201035666	0.9999649836253939
7.6339833727416471	1.0000287596245141
7.6376354772294199	0.9999700126454616
7.6413238250934823	1.0000249306621269
7.6450683256517262	0.9999772435288315
7.6488966692450182	1.0000160743589870
7.6528665692602376	0.9999860877232790
7.6571210458439563	1.0000516216210387
7.6640281897029299	0.9998668784695512
7.6686735458000408	0.9999851677047787
7.6726735990544270	0.9999427469831488
7.6764174275880581	1.0000189659820968
7.6800752503360394	0.9999595108000239
7.6837113937841881	1.0000263427698262
7.6873607430487496	0.9999679340356709
7.6910421729151421	1.0000243944177669
7.6947793478599245	0.9999764853087053
7.6986015006566886	1.0000159146082126
7.7025674302918992	0.9999859479097901
7.7068208377421588	1.0000514030038568
7.7137191295317598	0.9998649712885104
7.7182984019548870	0.9999875374884851
7.7222107923289567	0.9999372108802871
7.7258547059318410	1.0000243545335192
7.7293993187645071	0.9999517666724617
7.7329047958985271	1.0000346101610376
7.7363995098695622	0.9999572488116704
7.7398930060630677	1.0000369831066607
7.7433939364784026	0.9999602740823592
7.7469058840546872	1.0000361935907427
7.7504361754783826	0.9999633578550045
7.7539899542273325	1.0000331922491952
7.7575778895330778	0.9999680099562003
7.7612109563870391	1.0000273396142321
7.7649097900834851	0.9999761192138139
7.7687036016883502	1.0000167878641950
7.7726521663957868	0.9999862008705752
7.7769008575074157	1.0000509256626591
7.7838185064361944	0.9998678389946221
7.7884821219796443	0.9999828306546020
7.7925425994552695	0.9999485751794648
7.7964037564436772	1.0000096322433414
7.8002614729716795	0.9999748389041301
7.8042317776725536	1.0000090682671809
7.8084899974443598	0.9999458901751965
7.8154260486903118	1.0001281174546801
7.8201867607473456	1.0000198921003469
7.8244022609257984	1.0000405136025932
7.8285077674742807	0.9999971423344416
7.8328123663040516	1.0000583913030268
7.8397921158628394	0.9998727865531655
7.8446316973435080	0.9999767949071111
7.8489802769195149	0.9999618458684609
7.8533650170869214	1.0000434436129573
7.8603554172667360	0.9998555565251268
7.8649050603468309	0.9999864751861330
7.8687575784089265	0.9999320950343616
7.8723479445619562	1.0000248655543411
7.8758571479562534	0.9999503361422764
7.8793506494396421	1.0000329583948437
7.8828618506999906	0.9999601861393465
7.8864066891756348	1.0000310972347519
7.8900034611679875	0.9999691237674184
7.8936708884361897	1.0000231678054525
7.8974427732374295	0.9999814121964800
7.9013764592418250	1.0000125188944058
7.9056223964698660	0.9999483601891991
7.9125114214304979	1.0001366713534625
7.9169874876896849	1.0000091338661148
7.9208005199113156	1.0000662308266943
7.9243747811414975	0.9999734508225484
7.9278804417571980	1.0000475568865985
7.9313843052040269	0.9999671777521563
7.9349173324536704	1.0000363127029894
7.9385017908931550	0.9999711435885752
7.9421588708993696	1.0000249336635225
7.9459228110386517	0.9999820507247745
7.9498516924970710	1.0000129296208102
7.9540963081239147	0.9999487386440100
7.9609716847555090	1.0001395314396377
7.9653588138183169	1.0000057510748419
7.9690675299529685	1.0000734600418917
7.9725330117361510	0.9999671755277195
7.9759226248222346	1.0000563543868188
7.9792975651431117	0.9999583616204142
7.9826816765224695	1.0000475495404051
7.9860875379777472	0.9999583424116182
7.9895215684062979	1.0000411863878913
7.9929925237765120	0.9999622196959039
7.9965080051764685	1.0000342764002392
8.0000821701550322	0.9999694727628319
8.0037325083423649	1.0000243095181365
8.0074921090551694	0.9999815498832457
8.0114184788953082	1.0000126898909616
8.0156624103000809	0.9999486988295760
8.0225934882490151	1.0001291207498417
8.0273181949478385	1.0000199436200319
8.0315033147046400	1.0000413500756125
8.0355903213065609	0.9999974755465099
8.0398898492700024	1.0000579563318710
8.0468307438797950	0.9998649039560346
8.0513806400501267	0.9999876207293277
8.0552838377289149	0.9999392450974844
8.0589635752144773	1.0000188681630464
8.0626026251183305	0.9999616776400170
8.0662782924040677	1.0000196795631540
8.0700483315290086	0.9999790363017805
8.0739786409671375	1.0000113625299327
8.0782240467595301	0.9999479656777636
8.0851560705967316	1.0001288991549475
8.0898817621287602	1.0000198454073925
8.0940676037258790	1.0000412807158545
8.0981550375723543	0.9999974417755532
8.1024546810856855	1.0000579529550382
8.1094368498013729	0.9998725752999024
8.1142537233831593	0.9999767317407229
8.1185860233898133	0.9999617009303573
8.1229663482516816	1.0000428025851096
8.1299808009249475	0.9998591741505982
8.1346430731516222	0.9999809853072811
8.1386713337578644	0.9999451449030476
8.1424980700831782	1.0000095873106392
8.1463284034220660	0.9999736953185290
8.1502816600694619	1.0000086745665193
8.1545353252481725	0.9999462937777988
8.1614161227083972	1.0001392153600519
8.1657977731626268	1.0000050839589492
8.1694972303052324	1.0000741090326515
8.1729506845678923	0.9999661309743597
8.1763245018437178	1.0000577849882710
8.1796783831399402	0.9999564956645856
8.1830343164661681	1.0000500815056361
8.1864026823843670	0.9999551160636266
8.1897870616662392	1.0000454237736724
8.1931924493318711	0.9999568134452698
8.1966210746149031	1.0000413103453736
8.2000790015575955	0.9999603505097981
8.2035707241957621	1.0000363344938601
8.2071062117821523	0.9999659728355129
8.2106960712568000	1.0000290323335466
8.2143606837373273	0.9999751742189604
8.2181294371470042	1.0000172615620213
8.2220628195315442	0.9999862545419999
8.2263073863311451	1.0000504193712003
8.2332093793761452	0.9998641954367429
8.2377411099377493	0.9999874111084421
8.2416299586815267	0.9999378251385567
8.2452882830726981	1.0000205404435840
8.2488919745019729	0.9999583984902234
8.2525105591101333	1.0000241201040547
8.2561886571744569	0.9999727178370516
8.2599638690990194	1.0000157832070178
8.2639004342988382	0.9999854676917752
8.2681459306324392	1.0000500891701907
8.2750712782265623	0.9998684190804369
8.2797507196600346	0.9999812595291255
8.2838535903352231	0.9999521345017793
8.2877940946639619	1.0000046088440655
8.2917947430763643	0.9999790063346113
8.2960622576445999	1.0000475989871800
8.3029856169263319	0.9998633999169939
8.3075606169847571	0.9999853710396730
8.3114973747391563	0.9999403703879997
8.3152082815193520	1.0000174283712175
8.3188738383759588	0.9999626290414501
8.3225707436559180	1.0000190296208638
8.3263564471500651	0.9999793192081214
8.3302962415415305	1.0000113854683079
8.3345442088842354	0.9999476471318250
8.3414493979021813	1.0001335131945481
8.3460233293553348	1.0000127956503857
8.3499612751446222	1.0000578718837552
8.3536763944409955	0.9999813642573550
8.3573443103544491	1.0000359910435666
8.3610447931004721	0.9999798718070707
8.3648316658697937	1.0000195038306245
8.3687736383421019	0.9999874940588066
8.3730209300655964	1.0000512745952472
8.3799253030920280	0.9998649148023797
8.3844778629072234	0.9999869950534327
8.3883880387962186	0.9999389729658971
8.3920648972156311	1.0000199481846592
8.3956841598700382	0.9999591688296746
8.3993155657702410	1.0000237263364242
8.4030038447087172	0.9999730683105864
8.4067865421904724	1.0000156766001489
8.4107276440275367	0.9999854713104506
8.4149743692189602	1.0000502495410815
8.4218595985309239	0.9998611066168895
8.4263019473919112	0.9999915116614714
8.4300660729868291	0.9999284561760514
8.4335724877894123	1.0000304963347757
8.4369904650044347	0.9999436526142618
8.4403772076445733	1.0000410572437017
8.4437581556872132	0.9999499153853617
8.4471403253615609	1.0000436357440055
8.4505298928235710	0.9999530569735227
8.4539276653603341	1.0000434403576748
8.4573375688710648	0.9999553905658651
8.4607603301205589	1.0000418969802753
8.4642004169521474	0.9999579585794426
8.4676598035079547	1.0000392342509814
8.4711447187372233	0.9999614490797541
8.4746597473132734	1.0000350820192634
8.4782150436025230	0.9999667416014874
8.4818212892785425	1.0000283633781972
8.4854989181026870	0.9999755339211779
8.4892772147004028	1.0000170739725314
8.4932163775826979	0.9999862319819902
8.4974625094321574	1.0000506110542751
8.5043448561477959	0.9998607842397257
8.5087722715901641	0.9999921077061906
8.5125199494668138	0.9999274590998433
8.5160112101519072	1.0000312213974321
8.5194159338903770	0.9999428532949843
8.5227917064299259	1.0000415424906317
8.5261644562332695	0.9999495662279055
8.5295418199194462	1.0000436478906434
8.5329307584187752	0.9999533503716630
8.5363330122481482	1.0000427226567317
8.5397536759041515	0.9999565916674653
8.5431949598519665	1.0000400977614996
8.5466633159092087	0.9999604975072427
8.5501634686275629	1.0000357669724123
8.5537057077531511	0.9999661313129624
8.5573008487206277	1.0000287806106389
8.5609694738794921	0.9999752506429805
8.5647410730152327	1.0000171919132719
8.5686761529103830	0.9999862391360907
8.5729211838218529	1.0000504706069568
8.5797921188249155	0.9998584520570261
8.5841466247175173	0.9999948935649673
8.5878123691220800	0.9999217559830520
8.5912227782629227	1.0000358241203109
8.5945468256053790	0.9999366710659453
8.5978399720331691	1.0000471438707839
8.6011261953045537	0.9999429027943088
8.6044113165202116	1.0000503378589438
8.6077005519315346	0.9999457316811502
8.6109935567600271	1.0000508657963498
8.6142930168440586	0.9999473660021656
8.6175979567312062	1.0000503684460966
8.6209107953053987	0.9999486945103355
8.6242306636040311	1.0000493628653182
8.6275601161676487	0.9999500855056900
8.6308985616571956	1.0000479774541660
8.6342488698123656	0.9999517352840933
8.6376108962096332	1.0000461765262090
8.6409880532338672	0.9999538164225723
8.6443809400404845	1.0000438148781601
8.6477939226744329	0.9999565637148914
8.6512289322838996	1.0000406094832939
8.6546921513419264	0.9999603764791016
8.6581881530308724	1.0000360159761750
8.6617270658753824	0.9999660345880834
8.6653195990360139	1.0000288931495407
8.6689862398104474	0.9999752049475005
8.6727564291897856	1.0000172210079861
8.6766906676656177	0.9999862428084824
8.6809354685169655	1.0000504421537628
8.6878145208663433	0.9998599316312834
8.6922130324840889	0.9999930255609932
8.6959309420740798	0.9999255811492825
8.6993954173619876	1.0000325122590201
8.7027756819987907	0.9999411298641784
8.7061282182782254	1.0000429484551896
8.7094779570575600	0.9999478892742159
8.7128315852676543	1.0000452773909834
8.7161951283549577	0.9999514529535081
8.7195692471984394	1.0000447926280731
8.7229577854459261	0.9999541434425564
8.7263613520977330	1.0000429582490888
8.7297843315101673	0.9999570207066366
8.7332285881950860	1.0000400215765428
8.7367002586721583	0.9999607845513843
8.7402038443588950	1.0000356174223797
8.7437494200835530	0.9999663231484865
8.7473476208327838	1.0000286649773735
8.7510188598485410	0.9999753437923488
8.7547924691252916	1.0000171574359833
8.7587287920875276	0.9999862383321353
8.7629741541937651	1.0000505141448102
8.7698612882360472	0.9998615464412454
8.7743106337636512	0.9999910537044777
8.7780880376069561	0.9999297106378416
8.7816136225681252	1.0000289934320654
8.7850572944123630	0.9999459350476898
8.7884773086636674	1.0000383726133626
8.7919005178062513	0.9999534550262298
8.7953356850423567	1.0000394250730504
8.7987912364323826	0.9999583398507857
8.8022710307752448	1.0000370596370487
8.8057832540012431	0.9999633227803757
8.8093347990612543	1.0000320918647583
8.8129395900236354	0.9999703649052828
8.8166146465556938	1.0000233710948681
8.8203926042646863	0.9999817921115451
8.8243301256805111	1.0000126653695485
8.8285770669825396	0.9999482979397668
8.8354777052072393	1.0001343244511818
8.8400320968419610	1.0000119996974297
8.8439412151942776	1.0000600197992207
8.8476186635094223	0.9999789706081375
8.8512367371819778	1.0000397804857248
8.8548686211637939	0.9999751778701065
8.8585557276673708	1.0000258601590091
8.8623390450194961	0.9999832323270885
8.8662790690592708	1.0000134370179166
8.8705267569923087	0.9999486378354961
8.8774172506051308	1.0001364047519703
8.8819098489571093	1.0000093864858939
8.8857341385625812	1.0000661303100076
8.8893089493291964	0.9999725212283415
8.8928012832443581	1.0000494692705977
8.8962740980128814	0.9999638447916730
8.8997527821086067	1.0000414561945676
8.9032512558857366	0.9999637228872973
8.9067774261591648	1.0000355277926869
8.9103422158750902	0.9999677091564656
8.9139566360779785	1.0000283505242129
8.9176409719976704	0.9999759126641934
8.9214243387206462	1.0000170738754826
8.9253666078478542	0.9999862738964603
8.9296135777243020	1.0000507415909312
8.9365158030640686	0.9998646697697121
8.9410682605751024	0.9999871882339808
8.9449727511757207	0.9999381968459117
8.9486362044145018	1.0000212079430273
8.9522319218194024	0.9999570115105617
8.9558258056882369	1.0000267820018558
8.9594559016158826	0.9999685372255289
8.9631473641282025	1.0000215974597246
8.9669363553499117	0.9999812000329000
8.9708802180765392	1.0000122723691833
8.9751289500397871	0.9999478866415866
8.9820687752520616	1.0001266477852522
8.9868919427649772	1.0000227818891334
8.9912331174847626	1.0000373657114441
8.9956166823202199	0.9999556748462323
9.0026165335660995	1.0001410334021781
9.0072503993836310	1.0000155115330633
9.0112093768586323	1.0000597859433000
9.0149209530257490	0.9999806699915975
9.0185647694312596	1.0000390926107359
9.0222168877081632	0.9999760277386782
9.0259198270768017	1.0000254757908145
9.0297147438268208	0.9999834752313702
9.0336618003259126	1.0000134775156180
9.0379113978222083	0.9999484178280676
9.0448418608280452	1.0001285969830447
9.0496039432081368	1.0000202670235541
9.0538224431630763	1.0000405833364490
9.0579301830634158	0.9999972014068347
9.0622353493119014	1.0000585040612877
9.0691703184934962	0.9998646319739114
9.0737247915337562	0.9999888921765571
9.0776048575539150	0.9999359387268696
9.0812244490809864	1.0000248891132282
9.0847558558338442	0.9999516900269507
9.0882596451582511	1.0000338800483517
9.0917642192222150	0.9999586027591670
9.0952793588672325	1.0000348845196301
9.0988144710177572	0.9999631508252190
9.1023746361035318	1.0000324330921071
9.1059700207782441	0.9999682362943390
9.1096107639724622	1.0000268871324485
9.1133167126947114	0.9999763057503077
9.1171162731759487	1.0000166461398481
9.1210684879860384	0.9999861777902186
9.1253181421486236	1.0000510453255511
9.1322326353452414	0.9998674381873981
9.1368846599795575	0.9999837193433229
9.1409188523976006	0.9999462993261579
9.1447329816208427	1.0000131021898890
9.1485103641770333	0.9999693203556769
9.1523391078580403	1.0000127000951042
9.1563034168496227	0.9999839941666567
9.1605570538211367	1.0000501085975240
9.1674848375537152	0.9998690035625712
9.1722103686737118	0.9999805526976264
9.1763575112557323	0.9999535350173652
9.1803314446921647	1.0000043939369583
9.1843522698831226	0.9999791283894054
9.1886253303693408	1.0000483519798211
9.1955743489646231	0.9998690856122304
9.2003583943499532	0.9999779558199766
9.2045953814165706	0.9999583920132527
9.2087122323994599	1.0000017312586900
9.2130213286043734	0.9999401680581327
9.2200057422642754	1.0001247237547883
9.2249171174591442	1.0000226621788486
9.2294957169372598	1.0000803291702756
9.2366385856588753	0.9998675591720650
9.2414844659033122	0.9999821350762997
9.2456821895761294	0.9999545532045548
9.2496772728055188	1.0000049578141341
9.2537067017325256	0.9999793904647519
9.2579826767979778	1.0000486234484864
9.2649424094178130	0.9998707622144011
9.2697889992531266	0.9999755469673615
9.2741465439875483	0.9999613448567464
9.2785333904432719	1.0000435847429399
9.2855315826213385	0.9998577271614838
9.2901623915450209	0.9999843734163097
9.2941020767519369	0.9999367331061817
9.2977674025919352	1.0000224779553522
9.3013341710190911	0.9999528067825423
9.3048638010072260	1.0000329060763886
9.3083841104494791	0.9999586712209259
9.3119029697000837	1.0000356018995908
9.3154267751729858	0.9999612648830264
9.3189561892594170	1.0000357485571936
9.3224949208453047	0.9999629959900520
9.3260434502267184	1.0000347141885135
9.3296062003708453	0.9999649291994698
9.3331852616749256	1.0000326155961257
9.3367875283114934	0.9999678673232879
9.3404188791226588	1.0000288438792451
9.3440922130542745	0.9999730371724848
9.3478233561410029	1.0000217732840515
9.3516434262778887	0.9999825708167158
9.3556067965354277	1.0000127527380205
9.3598607511894407	0.9999474426809113
9.3667670626014239	1.0001320916631988
9.3714129841752367	1.0000139773151844
9.3754159675262301	1.0000556542892225
9.3791710072258550	0.9999808837613833
9.3828457505543987	1.0000379257604894
9.3865097448368555	0.9999746180684791
9.3901977326540589	1.0000280286186833
9.3939378276973766	0.9999785690861900
9.3977617012281094	1.0000170210730857
9.4017284463115249	0.9999865470116547
9.4059821323019470	1.0000517350962730
9.4129067836012723	0.9998700546337148
9.4176581046611414	0.9999804717961214
9.4218314934502132	0.9999545170712241
9.4258257713130895	1.0000043537358900
9.4298590409225209	0.9999792442801850
9.4341355344975604	1.0000488399658738
9.4410601247222790	0.9998650799836208
9.4457105105826020	0.9999844777342856
9.4497114498732593	0.9999423575779819
9.4534557067676701	1.0000186947051348
9.4571145954814853	0.9999594937987147
9.4607525195354008	1.0000261505967298
9.4644041865764716	0.9999680316608096
9.4680881631035305	1.0000242602848044
9.4718277956993937	0.9999765601791906
9.4756519893632021	1.0000158717720391
9.4796192347082151	0.9999859436554039
9.4838729898043344	1.0000514488477699
9.4907975054195770	0.9998699638650944
9.4955498886985144	0.9999804171321600
9.4997242104247999	0.9999545172410678
9.5037191324404198	1.0000043392963609
9.5077527755860132	0.9999792398006190
9.5120293761532011	1.0000488502544687
9.5189851534819692	0.9998709236172758
9.5238455937653459	0.9999755973743025
9.5282135338189544	0.9999614282335980
9.5326032018042355	1.0000439953096765
9.5396069998219009	0.9998592414376822
9.5442972951437248	0.9999826220818394
9.5483103957039148	0.9999411365933408
9.5520554022549558	1.0000184166683042
9.5557107304560027	0.9999588761053109
9.5593434837270177	1.0000262702582712
9.5629896151015643	0.9999676721181882
9.5666682973542461	1.0000244165484315
9.5704032993076851	0.9999763922985805
9.5742238629420413	1.0000159242295021
9.5781888294602666	0.9999859453161026
9.5824419696813585	1.0000513709874825
9.5893611265142269	0.9998688460771674
9.5940721448352164	0.9999820121101569
9.5981818662286233	0.9999505158630192
9.6020842084668168	1.0000089290060858
9.6059726106229508	0.9999755615219643
9.6099615909358818	1.0000092576760413
9.6142249133374982	0.9999453556573545
9.6211530998861594	1.0001288382260320
9.6259018773318221	1.0000181200817213
9.6300675036542973	1.0000445802043405
9.6340568048760993	0.9999944659977971
9.6380852926604543	1.0000196711317735
9.6423617632377425	0.9999501878253492
9.6492946562071165	1.0001320920007615
9.6540112370187980	1.0000174723075423
9.6581177132440974	1.0000489994454060
9.6620172754621159	0.9999900882983743
9.6659014235936489	1.0000235604621184
9.6698891505702367	0.9999897506637112
9.6741508636236428	1.0000535386441034
9.6810511876549494	0.9998644966768345
9.6856001632428832	0.9999889194189067
9.6894731963559089	0.9999348459640424
9.6930750114540274	1.0000266706794088
9.6965749938760180	0.9999487026254660
9.7000321747783822	1.0000377362241040
9.7034733246298668	0.9999534235757522
9.7069062265414292	1.0000412074208187
9.7103373681352991	0.9999552142875687
9.7137677072840773	1.0000420737750124
9.7172010568949094	0.9999562743581990
9.7206378907051150	1.0000417255304466
9.7240821278587557	0.9999575016390864
9.7275348599046225	1.0000404706405805
9.7310008880234982	0.9999593803735993
9.7344825683923073	1.0000381826109324
9.7379864794548485	0.9999623844813756
9.7415175176560904	1.0000343849348772
9.7450861143872576	0.9999673026807517
9.7487031633864589	1.0000279809009760
9.7523892479517702	0.9999757836221046
9.7561736877501666	1.0000169717794567
9.7601165578582805	0.9999862271584015
9.7643637000976575	1.0000507402676673
9.7712882179299783	0.9998688692519896
9.7759832835466032	0.9999811493358380
9.7801008916362715	0.9999526637404056
9.7840522770812814	1.0000045829755639
9.7880594034787052	0.9999790703574617
9.7923287098984986	1.0000478542426647
9.7992967942801901	0.9998720545104398
9.8041850716927179	0.9999748451561838
9.8087588346885646	0.9999187016953125
9.8158547364005084	1.0001403594504235
9.8203585979556358	1.0000044863532087
9.8241003060736976	1.0000736277330453
9.8275578421621521	0.9999642947265107
9.8309151767301071	1.0000597229611607
9.8342387877827537	0.9999534321396725
9.8375531018718085	1.0000536685613055
9.8408693532753766	0.9999507918882262
9.8441910567144895	1.0000504503947194
9.8475226119326909	0.9999510572976976
9.8508649314755701	1.0000479547681420
9.8542219962604047	0.9999527278384523
9.8575949221445569	1.0000452413710572
9.8609884683593716	0.9999554659421629
9.8644049234301701	1.0000417509582327
9.8678507857011386	0.9999594583090964
9.8713309110325085	1.0000368551273524
9.8748556790199729	0.9999653976037959
9.8784360526774044	1.0000293948987542
9.8820927593080139	0.9999749045537124
9.8858555303445605	1.0000173687544032
9.8897852428109374	0.9999862609188600
9.8940288289357472	1.0000502943095242
9.9009110350207870	0.9998603067344077
9.9053184935662184	0.9999922746680154
9.9090543651891885	0.9999273512706833
9.9125461659898448	1.0000301626105792
9.9159647538599227	0.9999447136805637
9.9193689182650751	1.0000385334406596
9.9227866221618886	0.9999538315180374
9.9262284327743764	1.0000379772621188
9.9297055540501677	0.9999608405022223
9.9332259356394790	1.0000331108131870
9.9368041817692134	0.9999690911825688
9.9404577203486681	1.0000239080643194
9.9442196974373758	0.9999814276008480
9.9481474917626667	1.0000126047552196
9.9523918134093776	0.9999486065735660
9.9592882931181528	1.0001355436602521
9.9637972279487013	1.0000108156039915
9.9676589187016429	1.0000625237786178
9.9712947302489745	0.9999775394488334
9.9748776019566456	1.0000415204749660
9.9784803536819329	0.9999742518781676
9.9821442709773223	1.0000266637391482
9.9859105057146564	0.9999829856994285
9.9898401840899158	1.0000134470112541
9.9940850721630010	0.9999490024577429
