            0		            0
0.009369624448102		            0
0.01656962343966		            0
0.02998249633529		            0
0.0450487104331		            0
0.0653588631088		            0
0.08778243423026		            0
0.1021629676694		            0
0.1165247600788		            0
0.1324008778024		            0
0.1498896894989		            0
0.1677168921323		            0
0.1845010146091		            0
0.2000622885617		            0
0.2152237103083		            0
0.2309155191173		            0
0.2474862722874		            0
0.2645224082779		            0
0.2812840988701		            0
0.2974088969595		            0
0.313128621682		            0
0.3289372152063		            0
0.3451561669891		            0
0.3617210626359		            0
0.3782962870103		            0
0.3946018389946		            0
0.4106344455462		            0
0.4266078875751		            0
0.442736759421		            0
0.4590691998593		            0
0.4754801418595		            0
0.4918048678676		            0
0.5079814306957		            0
0.5240790168304		            0
0.5402146407672		            0
0.5564507977987		            0
0.5727568677073		            0
0.5890518057992		            0
0.605279597867		            0
0.6214492710565		            0
0.637614054232		            0
0.6538198562708		            0
0.6700702740318		            0
0.6863322294954		            0
0.7025698634474		            0
0.7187738971239		            0
0.7349635993715		            0
0.7511655058065		            0
0.7673907849447		            0
0.783629472126		            0
0.7998627230545		            0
0.816079709915		            0
0.8322846681294		            0
0.8484903997058		            0
0.8647063125746		            0
0.880931608974		            0
0.8971580158604		            0
0.9133779165496		            0
0.9295903299396		            0
0.9458003172605		            0
0.9620137205339		            0
0.9782323282729		            0
0.9944532964028		            0
1.010672354988		3.763627146403e-90
1.026887531612		6.213718524123e-83
1.043100243759		4.451652371107e-77
1.059313489332		5.054259518657e-72
1.07552911632		1.566216504895e-67
1.091746600571		1.787371394835e-63
1.107963939956		9.077323430186e-60
1.124179569386		2.337926554907e-56
1.14039351504		3.362150720919e-53
1.156607056518		2.907537311945e-50
1.17282144273		1.603699317618e-47
1.189036909662		5.917181155998e-45
1.205252695868		1.51916199233e-42
1.221467860972		2.805908977641e-40
1.237682072037		3.837911217259e-38
1.253895747949		3.9879237374e-36
1.270109570598		3.219587838038e-34
1.286323888424		2.059679745591e-32
1.302538507662		1.062081575743e-30
1.318752958481		4.480287887752e-29
1.334966929343		1.566267783696e-27
1.351180481335		4.58977174003e-26
1.367393926507		1.138814434227e-24
1.38360752401		2.41379168319e-23
1.399821288428		4.404788129935e-22
1.416035023825		6.968841600478e-21
1.43224852869		9.620136591589e-20
1.448461751811		1.165688571501e-18
1.46467480832		1.246865670881e-17
1.480887846164		1.183611128123e-16
1.497100927768		1.002131897151e-15
 1.5133139894		7.603342698995e-15
1.529526924055		5.192452779568e-14
1.545739667257		3.205262807078e-13
1.561952244959		1.795721077347e-12
1.578164725603		9.16609849687e-12
1.59437716096		4.278666639803e-11
1.610589539349		1.832897016826e-10
1.626801811183		7.229857759853e-10
1.643013927066		2.634388221896e-09
1.659225879218		8.894774532316e-09
1.675437689385		2.791216450025e-08
1.691649385972		8.164014344896e-08
1.707860969934		2.231825467783e-07
1.724072418236		5.717500334426e-07
1.740283696863		1.376060489078e-06
1.756494786522		3.11895087273e-06
1.772705684145		6.673193069898e-06
1.788916395908		1.350789735459e-05
1.805126918595		2.592411216459e-05
1.821337235398		4.726875612667e-05
1.837547319004		8.204481446072e-05
1.853757143944		0.0001358159336994
1.869966691675		0.0002148095585219
1.886175949091		0.0003251656737874
1.902384900739		0.0004718570509204
1.918593523133		0.0006574076937645
1.934801785166		0.0008806310866658
1.951009651915		0.001135666662517
1.967217089798		0.001411591124339
1.983424065874		0.001692812480679
1.999630546217		0.001960338417158
2.015836490796		0.002193846088342
2.032041853817		0.002374298456661
2.048246583213		0.002486655231142
2.064450624719		0.002522115525048
2.080653920857		0.002479350178559
2.09685641192		0.002364425689469
2.113058032139		0.002189470822682
2.129258710258		0.001970494984125
2.145458367878		0.001724927168301
2.161656921969		0.001469414931871
2.17785428419		0.001218218445729
2.194050362114		0.0009823152620434
2.210245057668		0.0007691463489526
2.226438267155		0.0005828453729319
2.242629880995		0.0004247666395092
2.258819784289		0.0002941495282636
2.275007858306		0.0001887955347741
2.291193980297		0.0001056754682667
2.307378025527		4.14225455212e-05
2.323559866132		-7.305077618845e-06
2.339739373276		-4.35860554171e-05
2.355916416934		-7.010415819007e-05
2.372090869336		-8.909815752105e-05
2.388262605228		-0.0001023686636133
2.404431504887		-0.000111319264986
2.420597454156		-0.0001170147079606
2.436760347271		-0.0001202433568767
2.452920087608		-0.0001215762959177
2.469076589973		-0.0001214187306902
2.485229783313		-0.0001200521766322
2.501379610077		-0.0001176676849395
2.517526028625		-0.0001143908731634
2.533669013541		-0.0001103003506857
2.549808557302		-0.0001054408213819
2.56594466976		-9.983229065205e-05
2.582077378137		-9.347632335519e-05
2.598206726477		-8.636022272604e-05
2.614332774389		-7.845975821022e-05
2.630455596579		-6.97408074032e-05
2.64657528122		-6.016031983906e-05
2.662691929321		-4.966668925619e-05
2.678805650688		-3.819995129449e-05
2.694916562908		-2.569149608421e-05
2.711024790281		-1.206348648644e-05
2.727130462242		2.771992580772e-06
2.743233711768		1.891414933098e-05
2.759334672994		3.647512549721e-05
2.775433479722		5.558246646343e-05
2.791530263962		7.638282524765e-05
2.807625155368		9.904783238715e-05
2.823718280593		0.0001237834970749
2.839809762677		0.0001508456676177
2.855899721131		0.0001805660326881
2.871988270047		0.0002133958338317
2.888075517335		0.000249980740332
2.904161565623		0.0002912895347637
2.920246513335		0.000338835013196
2.936330454928		0.0003950529237554
2.952413480649		0.0004639518101741
2.968495676056		0.0005522264675378
2.984577122163		0.0006711639504093
3.000657896103		0.0008399024408245
3.016738072112		0.001090996346086
3.03281772224		0.001479905340266
3.048896916709		0.002101139327132
3.06497572404		0.003115632418738
3.081054212041		0.00479688132453
3.09713244736		0.007607908939382
3.113210495389		0.01232732717109
3.129288422045		0.02024914295922
3.145366295176		0.03348047389739
3.161444185178		0.05533227255683
3.177522164946		0.0906876216533
3.19360030986		0.1459510059835
3.209678698337		0.2277103570998
3.225757412976		0.3390686263581
3.241836541855		0.4742541109839
3.25791617957		0.6163091852919
3.273996427918		0.7435839773346
3.290077396506		0.8413796443538
3.306159203814		0.9073957852754
3.322241979343		0.94786801495
3.338325862373		0.971162948015
3.354411004587		0.9841062215539
3.370497572748		0.9911932014275
3.386585750832		0.9950695477778
3.402675741477		0.9972041107975
3.418767767309		0.9983918879681
3.434862072864		0.9990607945167
 3.4509589274		0.9994423798405
3.467058628273		0.9996631585744
3.483161504343		0.999792970264
3.499267919125		0.9998707251928
3.515378273649		0.9999182787005
3.531493011437		0.9999480062211
3.547612616438		0.9999669839022
3.563737615927		0.9999793125243
3.579868582036		0.9999874142164
3.596006128714		0.9999927567615
3.612150900548		0.9999962580579
3.628303549502		0.9999985121187
3.644464692963		0.9999999159712
3.660634841315		1.000000741889
3.67681427413		1.000001179623
3.693002834967		1.000001362151
3.709199576938		1.000001382237
3.72540219871		1.000001303691
3.741606185354		1.000001169421
3.757803589321		1.000001007442
3.773981573804		1.000000835581
3.790121349545		1.000000665368
3.806199059562		1.000000505278
3.822190867645		1.000000362873
3.838082988881		1.000000244865
3.853882237911		1.000000155055
3.869618025943		1.000000092426
3.885330620228		1.000000051845
3.901052120495		1.000000026815
3.916793858692		1.000000011801
3.932548867578		1.000000003001
3.948305593415		0.9999999980432
3.964060700665		0.9999999954433
3.97982150801		0.9999999942309
3.995598567705		0.9999999937791
4.011396585674		0.9999999937191
4.027211509317		0.9999999938613
4.043035105398		0.9999999941174
4.058862012488		0.9999999944399
4.074693137281		0.9999999947926
4.090533360651		0.999999995146
4.106386500059		0.9999999954819
4.12225211596		0.9999999957949
4.138126393662		0.9999999960866
4.154005629236		0.9999999963592
4.169889016143		0.9999999966117
4.185778611692		0.9999999968408
4.201677042054		0.9999999970445
4.217585222427		0.9999999972238
4.233501926028		0.9999999973821
4.249425202433		0.9999999975233
4.265354154929		0.9999999976496
4.281289576232		0.9999999977621
4.297233146178		0.9999999978614
4.313186111085		0.9999999979489
4.329148608695		0.9999999980269
4.345120063971		0.9999999980986
4.361100138542		0.9999999981663
4.377089366958		0.9999999982314
4.393089026756		0.9999999982944
4.409100489161		0.9999999983552
4.425124663007		0.9999999984136
4.441161942901		0.9999999984695
4.457212568922		0.9999999985224
4.473276953992		0.9999999985717
4.489355579645		0.9999999986162
4.50544836989		0.9999999986549
4.52155369913		0.9999999986874
4.537667152032		0.9999999987144
4.553779910078		0.9999999987386
4.569876567314		0.9999999987664
4.58593286415		0.9999999988082
4.601915765618		0.999999998878
4.617790601887		0.9999999989866
4.63353794528		0.9999999991313
4.649171909706		0.9999999992923
4.66474152658		0.9999999994443
4.680307149472		0.9999999995712
4.695907981246		0.9999999996714
4.711546373801		0.9999999997504
4.727199647008		0.9999999998142
4.742846728467		0.9999999998658
4.758486527833		0.999999999906
4.774135473777		0.9999999999359
4.789810787327		0.999999999957
4.805516013251		0.9999999999715
4.821240153966		0.9999999999814
4.836968665975		0.9999999999879
4.852695262371		0.9999999999922
4.868424816884		0.9999999999948
4.884166735295		0.9999999999965
4.899925982423		0.9999999999975
4.915699433039		0.9999999999981
4.931479482849		0.9999999999985
4.94726064563		0.9999999999987
4.963043236596		0.9999999999989
4.97883171304		0.999999999999
4.994630027967		0.9999999999991
5.010438305833		0.9999999999991
5.026253265357		0.9999999999992
5.042071342154		0.9999999999993
5.057891481021		0.9999999999994
5.073715403804		0.9999999999995
5.089545614276		0.9999999999995
5.105383176672		0.9999999999996
5.121227099835		0.9999999999997
5.137075520522		0.9999999999998
5.152927393237		0.9999999999998
5.168783228367		0.9999999999998
5.184644463919		0.9999999999999
5.200512236858		0.9999999999999
5.216386658928		0.9999999999999
5.232267087117		0.9999999999999
5.248152985512		0.9999999999999
5.264044574334		0.9999999999999
5.279942784586		0.9999999999999
5.295848686558		            1
5.311762951002		            1
5.327685767183		            1
5.343617188842		            1
5.359557530344		            1
5.375507449562		0.9999999999999
5.391467647437		0.9999999999999
5.407438390543		0.9999999999999
5.423419091704		0.9999999999999
5.439407972472		0.9999999999999
5.455401577926		0.9999999999999
5.471393829679		0.9999999999999
5.487374488904		0.9999999999999
5.503327402003		0.9999999999999
5.519229800772		0.9999999999999
5.535055069138		0.9999999999999
5.550781332949		0.9999999999999
5.566404211574		0.9999999999999
5.581944956651		0.9999999999999
5.597444114608		            1
5.612941946344		            1
5.628459542691		            1
5.643994611817		            1
5.659533314899		            1
5.675066711656		            1
5.690598522124		            1
5.706140249731		            1
5.721700493953		            1
5.737278403466		            1
5.752865846126		            1
5.768454950825		            1
5.784043946503		            1
5.799636942297		            1
5.815239031224		            1
5.83085158058		            1
5.846471455854		            1
5.862094046183		            1
5.877716919406		            1
5.893341038024		            1
5.908969030754		            1
5.92460248436		            1
5.940240622827		            1
5.955881166069		            1
5.971522252001		            1
5.987163669071		            1
6.002806538031		            1
6.018451999643		            1
6.034100156186		            1
6.049750067784		            1
6.065400601046		            1
6.081051280727		            1
6.096702457377		            1
6.11235478742		            1
6.128008576824		            1
6.143663542507		            1
6.159319101455		            1
6.174974851984		            1
6.190630821866		            1
6.206287328232		            1
6.221944636766		            1
6.23760273287		            1
6.253261366767		            1
6.268920283108		            1
6.284579413025		            1
6.300238882139		            1
6.315898862967		            1
6.331559420389		            1
6.347220475613		            1
6.36288189441		            1
6.378543604314		            1
6.394205640627		            1
6.409868097794		            1
6.425531043447		            1
6.441194471668		            1
6.456858324463		            1
6.472522551663		            1
6.48818715325		            1
6.503852173311		            1
6.519517659765		            1
6.535183628841		            1
 6.5508500619		            1
6.566516930856		            1
6.582184226164		            1
6.59785196431		            1
6.613520172983		            1
6.62918886954		            1
6.644858051895		            1
6.660527706824		            1
6.676197825618		            1
6.691868413251		            1
6.707539485235		            1
 6.7232110576		            1
6.738883140314		            1
6.754555740399		            1
6.770228873245		            1
6.785902576737		            1
6.801576924987		            1
 6.8172520472		            1
6.832928165008		            1
6.848605667669		            1
6.864285256117		            1
6.879968217798		            1
6.895656973034		            1
6.911356177774		            1
6.927074711087		            1
6.94282825481		            1
6.958640414582		            1
6.974537936347		            1
6.990537116266		            1
7.006629342348		            1
7.022780992327		            1
 7.0389518448		            1
7.055118017619		            1
7.071281014172		            1
7.087457601602		            1
7.103661445515		            1
7.119892040725		            1
7.136137923722		            1
7.152388595087		            1
7.168643580913		            1
7.18491174818		            1
7.201203139384		            1
7.217521308249		            1
7.233862259833		            1
7.250219600695		            1
7.266590575012		            1
7.282977869932		            1
7.29938645972		            1
7.315818931793		            1
7.332273354006		            1
7.34874491165		            1
7.365229251061		            1
7.381724436795		            1
7.398230117745		            1
7.414745049484		            1
7.43126528918		            1
7.447784455854		            1
7.464295552257		            1
7.480792775101		            1
7.497272083316		            1
7.513730581804		            1
7.530165834904		            1
7.546575935263		            1
7.562960259899		            1
7.579320109975		            1
7.595658506871		            1
7.611979130004		            1
7.628285044499		            1
7.644577941558		            1
7.660858129903		            1
7.677124948742		            1
7.693377083708		            1
7.709612537194		            1
7.725828429213		            1
7.742021017654		            1
  7.758186179		            1
7.774320256754		            1
7.790420936535		            1
7.80648779983		            1
7.822522396417		            1
7.838527902002		            1
7.854508556208		            1
7.870469086803		            1
7.88641425707		            1
7.902348584096		            1
7.918276207697		            1
7.934200860026		            1
7.950125886312		            1
7.966054294497		            1
7.981988814857		            1
7.997931959241		            1
8.013886115031		            1
8.029853631095		            1
8.045836883255		            1
8.061838316242		            1
8.077860473131		            1
8.093906021089		            1
8.109977779582		            1
8.126078741862		            1
8.142212076483		            1
8.158381090298		            1
8.174589135015		            1
8.190839407537		            1
8.207134544266		            1
8.223475786773		            1
8.239861264533		            1
8.256282536236		            1
8.272718003859		            1
8.289122289319		            1
8.305416232557		            1
8.32149770642		            1
8.337299522826		            1
8.352862264684		            1
8.368332194069		            1
8.383867941178		            1
8.399541172596		            1
8.41531428964		            1
8.431103331026		            1
8.446864609178		            1
8.462630253823		            1
8.47847413477		            1
8.494450117299		            1
8.510556557636		            1
8.526749219259		            1
8.542981278426		            1
8.559226061916		            1
8.575452210044		            1
8.591565674407		            1
8.60740368188		            1
8.622870849083		            1
8.638082109622		            1
8.653295270752		            1
8.668707105623		            1
8.684320345146		            1
8.699981934953		            1
8.715542942269		            1
8.730987421356		            1
8.746425127072		            1
 8.7619845576		            1
8.777712753772		            1
8.793556664266		            1
8.809426125455		            1
8.825274177882		            1
8.841125056714		            1
8.857036308535		            1
8.873036891052		            1
8.889091304591		            1
8.905108797874		            1
8.920981877646		            1
8.936633342072		            1
8.952063878291		            1
8.967370194997		            1
8.982694131607		            1
8.998133042671		            1
9.013688275205		            1
9.029290817408		            1
9.044874940285		            1
9.060433252705		            1
9.07601248343		            1
9.091666333615		            1
9.10741197665		            1
9.123223688482		            1
9.139061824459		            1
9.154907537032		            1
9.170774020776		            1
9.186689750916		            1
9.20267275171		            1
9.218718335265		            1
9.234807737677		            1
9.250926979391		            1
9.267078829942		            1
9.283279339584		            1
9.299544661735		            1
9.315880717822		            1
9.332283835116		            1
9.348750183393		            1
9.365285176775		            1
9.381905753689		            1
9.398636013149		            1
9.415502961265		            1
9.432539529331		            1
9.449797349458		            1
9.467359880057		            1
9.485251758915		            1
9.502589082993		            1
9.517845816695		            1
9.531760713166		            1
9.546138275339		            1
9.562204910852		            1
9.579877960062		            1
9.597838430896		            1
9.614796967734		            1
9.630659664127		            1
9.646314839062		            1
9.662698546017		            1
9.680078323303		            1
9.697941639787		            1
9.715513977611		            1
9.732482937948		            1
9.749183151934		            1
9.766198199128		            1
9.78384869256		            1
9.801991454463		            1
9.820209702273		            1
9.838194924348		            1
9.855927278962		            1
9.87342948816		            1
9.890389453456		            1
9.906473894565		            1
9.921945588688		            1
9.937506586135		            1
9.953718374445		            1
9.97061348533		            1
9.987735835718		            1
           10		            1
