            0		            0
0.009369624448102		            0
0.01656962343966		            0
0.02998249633529		            0
0.0450487104331		            0
0.0653588631088		            0
0.08778243423026		            0
0.1021629676694		            0
0.1165247600788		            0
0.1324008778024		            0
0.1498896894989		            0
0.1677168921323		            0
0.1845010146091		            0
0.2000622885617		            0
0.2152237103083		            0
0.2309155191173		            0
0.2474862722874		            0
0.2645224082779		            0
0.2812840988701		            0
0.2974088969595		            0
0.313128621682		            0
0.3289372152063		            0
0.3451561669891		            0
0.3617210626359		            0
0.3782962870103		            0
0.3946018389946		            0
0.4106344455462		            0
0.4266078875751		            0
0.442736759421		            0
0.4590691998593		            0
0.4754801418595		            0
0.4918048678676		            0
0.5079814306957		            0
0.5240790168304		            0
0.5402146407672		            0
0.5564507977987		            0
0.5727568677073		            0
0.5890518057992		            0
0.605279597867		            0
0.6214492710565		            0
0.637614054232		            0
0.6538198562708		            0
0.6700702740318		            0
0.6863322294954		            0
0.7025698634474		            0
0.7187738971239		            0
0.7349635993715		            0
0.7511655058065		            0
0.7673907849447		            0
0.783629472126		            0
0.7998627230545		            0
0.816079709915		            0
0.8322846681294		            0
0.8484903997058		            0
0.8647063125746		            0
0.880931608974		            0
0.8971580158604		            0
0.9133779165496		            0
0.9295903299396		            0
0.9458003172605		            0
0.9620137205339		            0
0.9782323282729		            0
0.9944532964028		            0
1.010672354988		-1.330303475052e-95
1.026887531612		-4.982014833743e-87
1.043100243759		-1.375935480697e-80
1.059313489332		-3.721352811332e-75
1.07552911632		-2.189257362612e-70
1.091746600571		-4.156860309835e-66
1.107963939956		-3.222388199538e-62
1.124179569386		-1.192146503087e-58
1.14039351504		-2.353721159868e-55
1.156607056518		-2.698179887517e-52
1.17282144273		-1.918081873649e-49
1.189036909662		-8.912499096783e-47
1.205252695868		-2.825858340516e-44
1.221467860972		-6.338649184169e-42
1.237682072037		-1.037627867813e-39
1.253895747949		-1.273850441834e-37
1.270109570598		-1.201257698603e-35
1.286323888424		-8.885915160287e-34
1.302538507662		-5.250993006056e-32
1.318752958481		-2.518588344134e-30
1.334966929343		-9.942664372359e-29
1.351180481335		-3.270505626462e-27
1.367393926507		-9.061387374422e-26
1.38360752401		-2.134823310541e-24
1.399821288428		-4.312471489434e-23
1.416035023825		-7.524666011574e-22
1.43224852869		-1.141691191578e-20
1.448461751811		-1.515676378214e-19
1.46467480832		-1.770910046319e-18
1.480887846164		-1.831060099227e-17
1.497100927768		-1.684060988692e-16
 1.5133139894		-1.384370348673e-15
1.529526924055		-1.021782847087e-14
1.545739667257		-6.800731615612e-14
1.561952244959		-4.098686999089e-13
1.578164725603		-2.245685915217e-12
1.59437716096		-1.122819200369e-11
1.610589539349		-5.141444894846e-11
1.626801811183		-2.163513251351e-10
1.643013927066		-8.393734809586e-10
1.659225879218		-3.011920273472e-09
1.675437689385		-1.002641569445e-08
1.691649385972		-3.105507093263e-08
1.707860969934		-8.97470433047e-08
1.724072418236		-2.426459606747e-07
1.740283696863		-6.153299607993e-07
1.756494786522		-1.467237092665e-06
1.772705684145		-3.297503377546e-06
1.788916395908		-7.000987399896e-06
1.805126918595		-1.407273570009e-05
1.821337235398		-2.683862499496e-05
1.837547319004		-4.866155750769e-05
1.853757143944		-8.404390329933e-05
1.869966691675		-0.0001385299683892
1.886175949091		-0.0002183210817607
1.902384900739		-0.0003295589040617
1.918593523133		-0.0004773080291629
1.934801785166		-0.0006643600988504
1.951009651915		-0.0008900604536805
1.967217089798		-0.001149399295006
1.983424065874		-0.001432596919569
1.999630546217		-0.001725360267077
2.015836490796		-0.002009898933228
2.032041853817		-0.002266681456761
2.048246583213		-0.002476757594099
2.064450624719		-0.002624306887872
2.080653920857		-0.002698915014237
2.09685641192		-0.002697060803992
2.113058032139		-0.00262243438785
2.129258710258		-0.002485029901289
2.145458367878		-0.002299282860497
2.161656921969		-0.002081760111378
2.17785428419		-0.001848927475893
2.194050362114		-0.001615393592674
2.210245057668		-0.001392810938954
2.226438267155		-0.00118943231978
2.242629880995		-0.001010196126422
2.258819784289		-0.0008571672655595
2.275007858306		-0.0007301634870601
2.291193980297		-0.0006274281122297
2.307378025527		-0.0005462531622926
2.323559866132		-0.0004834952840531
2.339739373276		-0.000435962663304
2.355916416934		-0.000400673810107
2.372090869336		-0.0003750060407636
2.388262605228		-0.0003567576127661
2.404431504887		-0.0003441497734451
2.420597454156		-0.0003357914016321
2.436760347271		-0.0003306248600405
2.452920087608		-0.0003278658917269
2.469076589973		-0.000326946056412
2.485229783313		-0.0003274621789025
2.501379610077		-0.0003291344740806
2.517526028625		-0.0003317736498627
2.533669013541		-0.0003352558811239
2.549808557302		-0.0003395044705346
2.56594466976		-0.0003444766692575
2.582077378137		-0.0003501545041698
2.598206726477		-0.0003565385199797
2.614332774389		-0.0003636436028621
2.630455596579		-0.0003714963409895
2.64657528122		-0.0003801333849534
2.662691929321		-0.0003896006064273
2.678805650688		-0.0003999525815956
2.694916562908		-0.0004112526067756
2.711024790281		-0.0004235729974907
2.727130462242		-0.0004369955592528
2.743233711768		-0.0004516121859025
2.759334672994		-0.0004675254257765
2.775433479722		-0.0004848490109452
2.791530263962		-0.000503708069718
2.807625155368		-0.0005242387376884
2.823718280593		-0.0005465864409926
2.839809762677		-0.0005709017351484
2.855899721131		-0.0005973318682249
2.871988270047		-0.0006260044232944
2.888075517335		-0.0006569977815243
2.904161565623		-0.0006902890153998
2.920246513335		-0.0007256628092509
2.936330454928		-0.0007625534955862
2.952413480649		-0.0007997728655761
2.968495676056		-0.0008350428759867
2.984577122163		-0.0008641952370454
3.000657896103		-0.0008798018777064
3.016738072112		-0.0008688334120686
3.03281772224		-0.0008086587890686
3.048896916709		-0.0006602183248934
3.06497572404		-0.0003563918946368
3.081054212041		0.0002177669174004
3.09713244736		0.001258472629277
3.113210495389		0.003099362528419
3.129288422045		0.006304564695043
3.145366295176		0.01181941669248
3.161444185178		0.0212044591906
3.177522164946		0.03697029326725
3.19360030986		0.06297824664033
3.209678698337		0.1047060480034
3.225757412976		0.1688133397018
3.241836541855		0.2609861982517
3.25791617957		0.3813752004115
3.273996427918		0.5197570031541
3.290077396506		0.6565262164194
3.306159203814		0.7723627628728
3.322241979343		0.8580811541232
3.338325862373		0.9153608792466
3.354411004587		0.9510775254078
3.370497572748		0.9723691091666
3.386585750832		0.9846846329289
3.402675741477		0.9916530591657
3.418767767309		0.9955266752305
3.434862072864		0.9976468482616
 3.4509589274		0.9987904160598
3.467058628273		0.9993978181743
3.483161504343		0.999714571918
3.499267919125		0.9998756844771
3.515378273649		0.9999545762813
3.531493011437		0.9999907967643
3.547612616438		1.000005451005
3.563737615927		1.000009674479
3.579868582036		1.000009245811
3.596006128714		1.000007082554
3.612150900548		1.000004587021
3.628303549502		1.000002370787
3.644464692963		1.00000064402
3.660634841315		0.9999994237521
3.67681427413		0.9999986439927
3.693002834967		0.9999982123984
3.709199576938		0.9999980378671
3.72540219871		0.9999980424242
3.741606185354		0.9999981647919
3.757803589321		0.9999983596989
3.773981573804		0.9999985950416
3.790121349545		0.9999988479116
3.806199059562		0.9999991002131
3.822190867645		0.999999335262
3.838082988881		0.9999995376032
3.853882237911		0.9999996967383
3.869618025943		0.999999811076
3.885330620228		0.9999998873204
3.901052120495		0.9999999357582
3.916793858692		0.9999999657923
3.932548867578		0.9999999841404
3.948305593415		0.9999999950822
3.964060700665		1.000000001329
3.97982150801		1.00000000468
3.995598567705		1.000000006337
4.011396585674		1.000000007052
4.027211509317		1.00000000725
4.043035105398		1.000000007154
4.058862012488		1.00000000689
4.074693137281		1.000000006538
4.090533360651		1.000000006154
4.106386500059		1.000000005772
4.12225211596		1.000000005403
4.138126393662		1.000000005049
4.154005629236		1.00000000471
4.169889016143		1.000000004391
4.185778611692		1.000000004097
4.201677042054		1.000000003833
4.217585222427		1.000000003599
4.233501926028		1.000000003392
4.249425202433		1.000000003206
4.265354154929		1.00000000304
4.281289576232		1.000000002892
4.297233146178		1.000000002761
4.313186111085		1.000000002648
4.329148608695		1.000000002549
4.345120063971		1.00000000246
4.361100138542		1.000000002379
4.377089366958		1.000000002302
4.393089026756		1.00000000223
4.409100489161		1.000000002161
4.425124663007		1.000000002095
4.441161942901		1.000000002032
4.457212568922		1.000000001971
4.473276953992		1.000000001914
4.489355579645		1.000000001861
4.50544836989		1.000000001814
4.52155369913		1.000000001772
4.537667152032		1.000000001735
4.553779910078		1.000000001699
4.569876567314		1.000000001657
4.58593286415		1.000000001595
4.601915765618		1.000000001498
4.617790601887		1.000000001354
4.63353794528		1.000000001165
4.649171909706		1.000000000956
4.66474152658		1.00000000076
4.680307149472		1.000000000597
4.695907981246		1.000000000468
4.711546373801		1.000000000365
4.727199647008		1.000000000279
4.742846728467		1.000000000208
4.758486527833		1.000000000151
4.774135473777		1.000000000107
4.789810787327		1.000000000074
4.805516013251		1.00000000005
4.821240153966		1.000000000034
4.836968665975		1.000000000022
4.852695262371		1.000000000014
4.868424816884		1.000000000009
4.884166735295		1.000000000006
4.899925982423		1.000000000004
4.915699433039		1.000000000003
4.931479482849		1.000000000002
4.94726064563		1.000000000002
4.963043236596		1.000000000002
4.97883171304		1.000000000001
4.994630027967		1.000000000001
5.010438305833		1.000000000001
5.026253265357		1.000000000001
5.042071342154		1.000000000001
5.057891481021		1.000000000001
5.073715403804		1.000000000001
5.089545614276		1.000000000001
5.105383176672		1.000000000001
5.121227099835		            1
5.137075520522		            1
5.152927393237		            1
5.168783228367		            1
5.184644463919		            1
5.200512236858		            1
5.216386658928		            1
5.232267087117		            1
5.248152985512		            1
5.264044574334		            1
5.279942784586		            1
5.295848686558		            1
5.311762951002		            1
5.327685767183		            1
5.343617188842		            1
5.359557530344		            1
5.375507449562		            1
5.391467647437		            1
5.407438390543		            1
5.423419091704		            1
5.439407972472		            1
5.455401577926		            1
5.471393829679		            1
5.487374488904		            1
5.503327402003		            1
5.519229800772		            1
5.535055069138		            1
5.550781332949		            1
5.566404211574		            1
5.581944956651		            1
5.597444114608		            1
5.612941946344		            1
5.628459542691		            1
5.643994611817		            1
5.659533314899		            1
5.675066711656		            1
5.690598522124		            1
5.706140249731		            1
5.721700493953		            1
5.737278403466		            1
5.752865846126		            1
5.768454950825		            1
5.784043946503		            1
5.799636942297		            1
5.815239031224		            1
5.83085158058		            1
5.846471455854		            1
5.862094046183		            1
5.877716919406		            1
5.893341038024		            1
5.908969030754		            1
5.92460248436		            1
5.940240622827		            1
5.955881166069		            1
5.971522252001		            1
5.987163669071		            1
6.002806538031		            1
6.018451999643		            1
6.034100156186		            1
6.049750067784		            1
6.065400601046		            1
6.081051280727		            1
6.096702457377		            1
6.11235478742		            1
6.128008576824		            1
6.143663542507		            1
6.159319101455		            1
6.174974851984		            1
6.190630821866		            1
6.206287328232		            1
6.221944636766		            1
6.23760273287		            1
6.253261366767		            1
6.268920283108		            1
6.284579413025		            1
6.300238882139		            1
6.315898862967		            1
6.331559420389		            1
6.347220475613		            1
6.36288189441		            1
6.378543604314		            1
6.394205640627		            1
6.409868097794		            1
6.425531043447		            1
6.441194471668		            1
6.456858324463		            1
6.472522551663		            1
6.48818715325		            1
6.503852173311		            1
6.519517659765		            1
6.535183628841		            1
 6.5508500619		            1
6.566516930856		            1
6.582184226164		            1
6.59785196431		            1
6.613520172983		            1
6.62918886954		            1
6.644858051895		            1
6.660527706824		            1
6.676197825618		            1
6.691868413251		            1
6.707539485235		            1
 6.7232110576		            1
6.738883140314		            1
6.754555740399		            1
6.770228873245		            1
6.785902576737		            1
6.801576924987		            1
 6.8172520472		            1
6.832928165008		            1
6.848605667669		            1
6.864285256117		            1
6.879968217798		            1
6.895656973034		            1
6.911356177774		            1
6.927074711087		            1
6.94282825481		            1
6.958640414582		            1
6.974537936347		            1
6.990537116266		            1
7.006629342348		            1
7.022780992327		            1
 7.0389518448		            1
7.055118017619		            1
7.071281014172		            1
7.087457601602		            1
7.103661445515		            1
7.119892040725		            1
7.136137923722		            1
7.152388595087		            1
7.168643580913		            1
7.18491174818		            1
7.201203139384		            1
7.217521308249		            1
7.233862259833		            1
7.250219600695		            1
7.266590575012		            1
7.282977869932		            1
7.29938645972		            1
7.315818931793		            1
7.332273354006		            1
7.34874491165		            1
7.365229251061		            1
7.381724436795		            1
7.398230117745		            1
7.414745049484		            1
7.43126528918		            1
7.447784455854		            1
7.464295552257		            1
7.480792775101		            1
7.497272083316		            1
7.513730581804		            1
7.530165834904		            1
7.546575935263		            1
7.562960259899		            1
7.579320109975		            1
7.595658506871		            1
7.611979130004		            1
7.628285044499		            1
7.644577941558		            1
7.660858129903		            1
7.677124948742		            1
7.693377083708		            1
7.709612537194		            1
7.725828429213		            1
7.742021017654		            1
  7.758186179		            1
7.774320256754		            1
7.790420936535		            1
7.80648779983		            1
7.822522396417		            1
7.838527902002		            1
7.854508556208		            1
7.870469086803		            1
7.88641425707		            1
7.902348584096		            1
7.918276207697		            1
7.934200860026		            1
7.950125886312		            1
7.966054294497		            1
7.981988814857		            1
7.997931959241		            1
8.013886115031		            1
8.029853631095		            1
8.045836883255		            1
8.061838316242		            1
8.077860473131		            1
8.093906021089		            1
8.109977779582		            1
8.126078741862		            1
8.142212076483		            1
8.158381090298		            1
8.174589135015		            1
8.190839407537		            1
8.207134544266		            1
8.223475786773		            1
8.239861264533		            1
8.256282536236		            1
8.272718003859		            1
8.289122289319		            1
8.305416232557		            1
8.32149770642		            1
8.337299522826		            1
8.352862264684		            1
8.368332194069		            1
8.383867941178		            1
8.399541172596		            1
8.41531428964		            1
8.431103331026		            1
8.446864609178		            1
8.462630253823		            1
8.47847413477		            1
8.494450117299		            1
8.510556557636		            1
8.526749219259		            1
8.542981278426		            1
8.559226061916		            1
8.575452210044		            1
8.591565674407		            1
8.60740368188		            1
8.622870849083		            1
8.638082109622		            1
8.653295270752		            1
8.668707105623		            1
8.684320345146		            1
8.699981934953		            1
8.715542942269		            1
8.730987421356		            1
8.746425127072		            1
 8.7619845576		            1
8.777712753772		            1
8.793556664266		            1
8.809426125455		            1
8.825274177882		            1
8.841125056714		            1
8.857036308535		            1
8.873036891052		            1
8.889091304591		            1
8.905108797874		            1
8.920981877646		            1
8.936633342072		            1
8.952063878291		            1
8.967370194997		            1
8.982694131607		            1
8.998133042671		            1
9.013688275205		            1
9.029290817408		            1
9.044874940285		            1
9.060433252705		            1
9.07601248343		            1
9.091666333615		            1
9.10741197665		            1
9.123223688482		            1
9.139061824459		            1
9.154907537032		            1
9.170774020776		            1
9.186689750916		            1
9.20267275171		            1
9.218718335265		            1
9.234807737677		            1
9.250926979391		            1
9.267078829942		            1
9.283279339584		            1
9.299544661735		            1
9.315880717822		            1
9.332283835116		            1
9.348750183393		            1
9.365285176775		            1
9.381905753689		            1
9.398636013149		            1
9.415502961265		            1
9.432539529331		            1
9.449797349458		            1
9.467359880057		            1
9.485251758915		            1
9.502589082993		            1
9.517845816695		            1
9.531760713166		            1
9.546138275339		            1
9.562204910852		            1
9.579877960062		            1
9.597838430896		            1
9.614796967734		            1
9.630659664127		            1
9.646314839062		            1
9.662698546017		            1
9.680078323303		            1
9.697941639787		            1
9.715513977611		            1
9.732482937948		            1
9.749183151934		            1
9.766198199128		            1
9.78384869256		            1
9.801991454463		            1
9.820209702273		            1
9.838194924348		            1
9.855927278962		            1
9.87342948816		            1
9.890389453456		            1
9.906473894565		            1
9.921945588688		            1
9.937506586135		            1
9.953718374445		            1
9.97061348533		            1
9.987735835718		            1
           10		            1
