0.0000000000000000	0.0000000000000000
4.7205976667707921	0.0010000000000000
4.7317407571367189	0.0010879096306196
4.7368056832793748	0.0011036926719844
4.7417086729373867	0.0012508457791916
4.7504408477349749	0.0012986046201622
4.7551366817036582	0.0017979644771733
4.7600305346095846	0.0021545504769040
4.7651834305776637	0.0029643884145274
4.7704522472608204	0.0032714112656634
4.7757358859626651	0.0040104690147538
4.7810348488196261	0.0042033290487685
4.7852600602341244	0.0049574591504179
4.7899857835394837	0.0058410140853816
4.7979476737502473	0.0076946066066660
4.8023326979596206	0.0088332402452276
4.8063345278613383	0.0101501060168100
4.8102983178467458	0.0115368729065169
4.8143051142276070	0.0132185652273794
4.8184151487275653	0.0151173075642056
4.8225870058398899	0.0173705582884510
4.8268601921247267	0.0199703811493867
4.8311661026334898	0.0230078569286448
4.8355643308986309	0.0265429328253012
4.8399680762314929	0.0306339276697581
4.8444650800938920	0.0354195948654780
4.8489450752749521	0.0409182663398483
4.8535271503357071	0.0473732645760170
4.8580712815786349	0.0547390462623811
4.8627300583184416	0.0634017261189927
4.8673307061726385	0.0732129050950329
4.8720579129936645	0.0847449170710898
4.8767104863041029	0.0977008860521241
4.8814943641490363	0.1128611089190412
4.8861980093305624	0.1297609411787412
4.8910202889332810	0.1493211911177172
4.8957790246979602	0.1709959399947472
4.9006137175477180	0.1955740825527119
4.9054311157626769	0.2227135670287299
4.9102420112528709	0.2525045586891969
4.9151210235711842	0.2854127632548978
4.9198772071159791	0.3199892067089724
4.9248025536457023	0.3581313614359078
4.9296125003202738	0.3973280793929952
4.9448945416414638	0.5302671098491916
4.9494588538958704	0.5704293051133691
4.9543228975308207	0.6122529020828177
4.9593787888292056	0.6542716999235867
4.9640945155482861	0.6915501885113516
4.9732884021393575	0.7582517991805926
4.9780508219819612	0.7884990699501750
4.9819146544753368	0.8111815888217768
4.9855821081717995	0.8308470279249293
4.9890916116552217	0.8483039130950438
4.9925398653482107	0.8638439867098467
4.9958801380785296	0.8778075270281775
4.9992412628963772	0.8904217391403633
5.0025548183768187	0.9019263539660841
5.0059420559480694	0.9123904371350776
5.0093082025358582	0.9219608984731665
5.0127687828581848	0.9306407144568135
5.0162293950335615	0.9385721075259377
5.0198052741736081	0.9457456689513408
5.0234169035946605	0.9522975588177378
5.0271960478159263	0.9582585848818503
5.0311135200888639	0.9637473485910700
5.0354166658320541	0.9688775257185759
5.0417199008289373	0.9754164446346543
5.0521667472174947	0.9828740529293095
5.0556711234211349	0.9852014889228701
5.0594350098893264	0.9870115377927926
5.0630269747017227	0.9887082480432133
5.0663807379362966	0.9899232555535669
5.0696275249232325	0.9911818481166114
5.0729461645409994	0.9921208162752534
5.0763514710763360	0.9931384284657294
5.0798759906785413	0.9939211471305857
5.0835047916786484	0.9947418377560275
5.0872598664961197	0.9953876866003546
5.0911260548010713	0.9960331436731482
5.0951363926086923	0.9965434854625363
5.0993988692794820	0.9970903276334457
5.1067108167457782	0.9976131405765133
5.1108426426653173	0.9980467257183047
5.1146681724212373	0.9982714864767602
5.1185648124620302	0.9985660565536599
5.1228138983819722	0.9987671798086613
5.1306621172437765	0.9992094151802704
5.1358192901654540	0.9989354768791914
5.1391520606659871	0.9994792911143041
5.1423198344863081	0.9993982180012362
5.1455168363776327	0.9996132685018834
5.1488884158392647	0.9995899525409264
5.1524390529756872	0.9996913537636579
5.1561641158745939	0.9996766662126026
5.1600347613402837	0.9997275795042341
5.1640444866408783	0.9997046331246146
5.1682997133165243	0.9997559321511884
5.1725475769891416	0.9997247922234873
5.1771365279287167	1.0001302444393674
5.1809333451639095	0.9998312034937885
5.1842397464398333	0.9999313158765362
5.1874298511947723	0.9997804755244625
5.1906942462193317	0.9998882018993184
5.1940295546146507	0.9998043223026781
5.1974005994444692	0.9999163110252555
5.2007714235083284	0.9998415995809868
5.2041329220895651	0.9999570399595598
5.2074943898308277	0.9998797760061019
5.2108739393009387	0.9999857965302040
5.2142947548473266	0.9999146919870348
5.2177782812794788	0.9999993286192930
5.2213526806707717	0.9999458772981860
5.2250528234019056	0.9999990065990956
5.2289443695394002	0.9999717322941510
5.2331778127908022	1.0000382172961724
5.2401426596362324	0.9998667270359760
5.2449808280350547	0.9999693050946442
5.2495412770870384	0.9999158651717601
5.2567259535681465	1.0001238588556056
5.2616630079663453	1.0000194814472672
5.2662533881215703	1.0000760024398485
5.2733644664176182	0.9998518871521177
5.2777392059446777	0.9999942229731708
5.2813855883131007	0.9999192045853112
5.2847976722576195	1.0000312994193725
5.2881598097531732	0.9999405784615247
5.2915328417744529	1.0000369415874855
5.2949455075699614	0.9999539067729620
5.2984103200703050	1.0000331469536401
5.3019431916232778	0.9999655114491816
5.3055613196419040	1.0000236199592092
5.3092977767093812	0.9999798837106981
5.3132102835616166	1.0000117044035022
5.3174504763202135	0.9999484147622225
5.3243946228250953	1.0001267257493387
5.3291757030235258	1.0000225005386263
5.3334867220528306	1.0000372916028577
5.3378621285237617	0.9999565413783477
5.3448809250642428	1.0001387011858633
5.3495699960600325	1.0000195568726009
5.3536513653058977	1.0000493443095309
5.3575705000562008	0.9999947008122115
5.3615553486042860	1.0000203099739351
5.3658199613295583	0.9999520030181775
5.3727156693587803	1.0001411102729805
5.3771113123454519	1.0000068598387839
5.3808288496057060	1.0000732403564010
5.3843039400452435	0.9999679380505241
5.3877023069862373	1.0000560360706499
5.3910828329296070	0.9999583945390059
5.3944667912350459	1.0000481346446908
5.3978637955607658	0.9999569694428240
5.4012767707788774	1.0000435848727547
5.4047100772022851	0.9999584713458033
5.4081654191648063	1.0000397498579174
5.4116483740241383	0.9999616865021771
5.4151630124684527	1.0000351621100387
5.4187189354040788	0.9999668914665041
5.4223263836202369	1.0000283251763054
5.4260053870462475	0.9999756102745639
5.4297849071188091	1.0000170553316210
5.4337248712122008	0.9999862332664634
5.4379712082306293	1.0000506394632169
5.4449231818471340	0.9998739124692884
5.4498025698806680	0.9999754708181979
5.4543734663806855	0.9999191174455261
5.4615055930224905	1.0001338650261971
5.4662332050356879	1.0000132425326065
5.4702700397080086	1.0000534650969211
5.4740674046027520	0.9999845472124268
5.4778227882281234	1.0000302924239215
5.4816345955126362	0.9999858528543923
5.4855865738350804	1.0000148956529162
5.4898381865401653	0.9999491841399158
5.4967305807288547	1.0001367266174845
5.5012270616858290	1.0000094976854810
5.5050521149537177	1.0000663672613552
5.5086243462772542	0.9999721926275718
5.5121106789022161	1.0000501274213514
5.5155737251767434	0.9999629933921332
5.5190382476621345	1.0000426906410758
5.5225172028628977	0.9999621626748274
5.5260170532949013	1.0000376247105942
5.5295464547060611	0.9999650135096062
5.5331127641085924	1.0000319639687898
5.5367298774056550	0.9999711193514546
5.5404148390191539	1.0000232391170560
5.5442001130585261	0.9999820149962518
5.5481420903061966	1.0000127274326915
5.5523902361496846	0.9999481761600287
5.5592821720286523	1.0001357674353923
5.5637927034376204	1.0000098870503074
5.5676369939873158	1.0000648621252775
5.5712315205840905	0.9999734999212712
5.5747439270433619	1.0000480436017150
5.5782384447237776	0.9999652479310055
5.5817419891203617	1.0000396157829388
5.5852704300859681	0.9999658733515191
5.5888343338567985	1.0000327163534279
5.5924486839974730	0.9999713240702198
5.5961311521400807	1.0000235063879126
5.5999144452619722	0.9999820757317375
5.6038551926684788	1.0000127754420780
5.6081030066120645	0.9999482422594401
5.6150512890181963	1.0001252406652774
5.6199345012760711	1.0000235867627238
5.6245046855467260	1.0000802775155428
5.6316302003919843	0.9998649553294143
5.6363610417637036	0.9999857605294724
5.6404005968087434	0.9999454540910208
5.6441968428417226	1.0000144826739126
5.6479521597593880	0.9999686186343120
5.6517620782651132	1.0000131261521974
5.6557142815623518	0.9999840471861303
5.6599647204443642	1.0000496889765287
5.6669110658688391	0.9998718153372342
5.6717281031724962	0.9999759019940090
5.6760668331230457	0.9999614403471596
5.6804484183313573	1.0000430413816375
5.6874416895003819	0.9998562422676932
5.6920116446799112	0.9999855409436331
5.6958931266753261	0.9999341451394865
5.6995173165019066	1.0000228614688651
5.7030650887699128	0.9999531456348160
5.7066029900177755	1.0000300445539685
5.7101665141184075	0.9999638956979895
5.7137750140147494	1.0000268143343503
5.7174529434833836	0.9999746068324631
5.7212308309666824	1.0000166061784512
5.7251696364680971	0.9999859726209500
5.7294156756903707	1.0000504617205015
5.7363332172537769	0.9998672922158949
5.7409726699905237	0.9999831933492275
5.7450095048634129	0.9999476394645308
5.7488518463793072	1.0000099244880587
5.7526960449427547	0.9999745113158337
5.7566582849182888	1.0000089825530574
5.7609142903412627	0.9999461201950117
5.7678421736199459	1.0001299650220927
5.7725315528747148	1.0000173680122360
5.7766391151423075	1.0000464813224972
5.7805842050627243	0.9999942196431734
5.7845859244171951	1.0000198406670553
5.7888550160109391	0.9999511783046139
5.7957857147054748	1.0001336209002887
5.8004329010528588	1.0000163607407175
5.8044689850875004	1.0000517948184462
5.8083107536711482	0.9999891393560810
5.8121524655016836	1.0000245747223677
5.8161145453598033	0.9999900112521289
5.8203692506523961	1.0000527913566868
5.8273250260368830	0.9998738074824179
5.8323237105512336	1.0000259073221607
5.8397817391971811	0.9998312284655994
5.8446721377728190	0.9999737646440943
5.8487636242619274	0.9999387019375557
5.8525711062634951	1.0000114152658088
5.8563248690898568	0.9999663599242921
5.8601299771118480	1.0000122063411045
5.8640784537487782	0.9999834644216695
5.8683279681030305	1.0000492229462226
5.8752424535186156	0.9998653955359577
5.8798366374154600	0.9999847114502521
5.8838090286688871	0.9999433279935849
5.8875695372528396	1.0000143706754419
5.8913037939787278	0.9999677497146666
5.8951006919038456	1.0000130266470701
5.8990456737687458	0.9999839135249431
5.9032940533026634	1.0000493898978995
5.9102304955291398	0.9998697135518848
5.9149684640328442	0.9999786661051274
5.9191675378258823	0.9999578024360370
5.9232614558441519	1.0000015288856199
5.9275642121695364	0.9999407906873782
5.9345527655812482	1.0001247224461807
5.9394472793365898	1.0000229596560233
5.9440214604050761	1.0000798605624988
5.9511571689277263	0.9998653027659169
5.9559046909698523	0.9999845794351820
5.9599779563544768	0.9999481432835086
5.9638299821351497	1.0000105480711037
5.9676750160728407	0.9999746373811019
5.9716362054185437	1.0000091321576168
5.9758921351451173	0.9999463106355252
5.9828134362822061	1.0001315960040598
5.9874462826882100	1.0000152630046995
5.9914716861597110	1.0000516421586449
5.9953059485343001	0.9999887708391851
5.9991425462156327	1.0000245556911538
6.0031016652885016	0.9999899762079369
6.0073555452141507	1.0000526824679106
6.0142858295023842	0.9998689133174159
6.0189640734644838	0.9999816712901382
6.0230638835229131	0.9999521713907736
6.0270015588508787	1.0000047384190853
6.0310003645376442	0.9999790509690702
6.0352673977869529	1.0000475562890774
6.0422374273023909	0.9998720435215331
6.0471192306894546	0.9999747321340453
6.0516912963722582	0.9999188968544573
6.0588141610722328	1.0001360878183474
6.0634573797845022	1.0000103634808533
6.0673843482660557	1.0000602766316384
6.0710555238967219	0.9999777742968546
6.0746604450164199	1.0000404211372695
6.0782785385100944	0.9999745119638540
6.0819535571002623	1.0000262308526056
6.0857275888592399	0.9999830551895227
6.0896618812978618	1.0000134307965056
6.0939080333725180	0.9999488435718467
6.1008496145924349	1.0001270867749883
6.1056578895752622	1.0000229404485168
6.1099881746638491	1.0000375287219763
6.1143688004091707	0.9999561376691053
6.1213641172258244	1.0001423939251612
6.1259468116797686	1.0000143086232256
6.1298511933142033	1.0000626559329637
6.1335141081060609	0.9999790463544816
6.1371162854973624	1.0000411433504091
6.1407335906808456	0.9999749400458829
6.1444085814742211	1.0000264423895806
6.1481827711552937	0.9999831839229026
6.1521172199156977	1.0000134931038791
6.1563634019474298	0.9999488659714497
6.1632667071835652	1.0001342794446553
6.1678256104084097	1.0000126061148051
6.1717476791241737	1.0000587758655588
6.1754487781396836	0.9999809837425763
6.1791049565735197	1.0000365441541625
6.1827960263511219	0.9999796672783460
6.1865759471264834	1.0000196757196897
6.1905136942213819	0.9999875320324519
6.1947598470790668	1.0000511480740464
6.2016664510691326	0.9998651417857950
6.2062236445903585	0.9999864763695295
6.2101468761368075	0.9999402675305934
6.2138473508856373	1.0000179776372560
6.2175045879624395	0.9999624143462361
6.2211949630465693	1.0000192638576166
6.2249758648636382	0.9999792545167794
6.2289127541313825	1.0000113892683515
6.2331599354549887	0.9999477492609269
6.2400688418596060	1.0001329468769722
6.2446599853554279	1.0000137567393048
6.2486272753980590	1.0000555737419323
6.2523854779253476	0.9999843618629390
6.2561164631540631	1.0000311867889480
6.2599125554245187	0.9999858327853496
6.2638556190621077	1.0000149759487700
6.2681047246389578	0.9999495076686192
6.2750097864592664	1.0001346740557369
6.2795678077610084	1.0000126712012212
6.2834877775032014	1.0000589870280110
6.2871865079414029	0.9999809208312725
6.2908404381085576	1.0000366679540527
6.2945295629071838	0.9999796187446075
6.2983079843281740	1.0000197106535496
6.3022448028939717	0.9999875350818597
6.3064907094407490	1.0000511143675337
6.3134252430938345	0.9998703391720962
6.3181587853973467	0.9999790003645823
6.3223543649487226	0.9999578863467712
6.3264462213556207	1.0000015841107992
6.3307484019069848	0.9999408845303617
6.3377373696454855	1.0001247331497052
6.3426303586790462	1.0000229894802970
6.3472041421665502	1.0000798154349451
6.3543396420079308	0.9998651661758555
6.3590807373165346	0.9999846888620720
6.3631473953458277	0.9999478736529251
6.3669939865244274	1.0000106454153090
6.3708350314914375	0.9999745390293515
6.3747938223024860	1.0000091071217374
6.3790491013158945	0.9999463780394944
6.3860067429740024	1.0001248651062040
6.3908846999652997	1.0000234661612106
6.3954536870578034	1.0000799104977749
6.4025931853843057	0.9998666320038520
6.4073793689990435	0.9999828529141874
6.4115185695720491	0.9999526777074743
6.4154692556402395	1.0000052185709267
6.4194718935443733	0.9999792205827308
6.4237405084912220	1.0000476211096005
6.4305861329948231	0.9998483246317308
6.4347136396509708	1.0000034285866020
6.4381449538199069	0.9999042322040909
6.4413477941899409	1.0000467533503050
6.4444902302292597	0.9999227336843054
6.4476246969791911	1.0000563992054170
6.4507741571652621	0.9999333157229194
6.4539446358776420	1.0000567070374784
6.4571426974537074	0.9999404628649322
6.4603697173891250	1.0000534850859002
6.4636308618479479	0.9999466868444514
6.4669281793993161	1.0000483709147907
6.4702682219045036	0.9999533419637852
6.4736556461348309	1.0000415167394396
6.4771008731347797	0.9999615794442883
6.4806149116630900	1.0000320396871629
6.4842187445119279	0.9999731891982544
6.4879427517128967	1.0000180850560425
6.4918490855138842	0.9999862962803725
6.4960864076748459	1.0000494843672152
6.5030216356127850	0.9998691279061811
6.5077008394996261	0.9999793190018865
6.5118488974890791	0.9999566522781277
6.5159116636756860	1.0000011310255581
6.5202059554315843	0.9999415997546267
6.5271168105973096	1.0001402700930015
6.5314626722248912	1.0000044277172888
6.5351409449978632	1.0000736752726607
6.5386056181804646	0.9999696366574752
6.5420296755905154	1.0000513723407891
6.5454800375496287	0.9999664622554685
6.5489898707094403	1.0000356268364312
6.5525871683384098	0.9999746701153167
6.5563056049992490	1.0000192069086196
6.5602082916175668	0.9999868376457449
6.5644447123885064	1.0000496265748489
6.5713936666735870	0.9998716062255629
6.5761540535654959	0.9999759760176038
6.5804527628765035	0.9999611612179354
6.5848235632585386	1.0000415136636660
6.5917936020577201	0.9998501436192619
6.5961525769712042	0.9999910891448227
6.5998284389163562	0.9999224810307955
6.6032847669146104	1.0000285060993486
6.6067022043659547	0.9999463749009894
6.6101453599283877	1.0000323164643732
6.6136508475927283	0.9999628264802665
6.6172433473569026	1.0000242319007568
6.6209598193634909	0.9999795784988196
6.6248599243730242	1.0000120279068765
6.6290968973804416	0.9999492847036492
6.6360290444103480	1.0001300528134915
6.6407000793671793	1.0000194662349582
6.6448383130148940	1.0000425104690593
6.6488966654977055	0.9999978809993667
6.6531884443665597	1.0000572190007384
6.6598225159643683	0.9998078691470530
6.6630680173908416	1.0000488921303876
6.6658247136766526	0.9998489670102204
6.6685218059766287	1.0000775260255417
6.6712581128597552	0.9998848941176705
6.6740469837703431	1.0000804962220993
6.6768895735163198	0.9999054104487238
6.6797780740298034	1.0000780182674651
6.6827096447390737	0.9999173113322507
6.6856778562371888	1.0000739198245148
6.6886813818523478	0.9999250407387625
6.6917157053957164	1.0000694926884452
6.6947808064373886	0.9999307824494386
6.6978734931800181	1.0000651297098622
6.7009947127389635	0.9999356019553662
6.7041422663625339	1.0000608522414289
6.7073179307145567	0.9999400726983658
6.7105204193354506	1.0000565226340465
6.7137523966431836	0.9999445799163462
6.7170136452680484	1.0000519073104834
6.7203080316814230	0.9999494865103628
6.7236369193584791	1.0000466510973223
6.7270061882896108	0.9999552759313644
6.7304200778087733	1.0000401521980238
6.7338885858996580	0.9999627903211571
6.7374224116232364	1.0000312227300152
6.7410422127545297	0.9999737299265641
6.7447780078129913	1.0000178557099604
6.7486914594146601	0.9999862796295520
6.7529306748541247	1.0000497239738690
6.7597502280560589	0.9998478192346357
6.7638038661219175	1.0000065284686732
6.7671804981590356	0.9999010095903895
6.7703438329420207	1.0000489636944470
6.7734538503853248	0.9999199783138586
6.7765572939538963	1.0000588831692172
6.7796729791639683	0.9999299947721069
6.7828035382263296	1.0000604280466727
6.7859524754801770	0.9999356329677682
6.7891181066634205	1.0000592512960844
6.7923023546790180	0.9999394612082583
6.7955035101788539	1.0000570810633946
6.7987236052885711	0.9999426430619643
6.8019613843301379	1.0000544542548297
6.8052193006139898	0.9999457226655827
6.8084967030334296	1.0000514639019398
6.8117966912592687	0.9999490288472992
6.8151194826475550	1.0000479931602388
6.8184692209492921	0.9999528734404070
6.8218475620737085	1.0000437529025543
6.8252605486593696	0.9999577001950033
6.8287125953706349	1.0000381826005234
6.8322137632821134	0.9999643209249592
6.8357747799670658	1.0000301207347262
6.8394162339476221	0.9999744189701399
6.8431678943303087	1.0000175553587507
6.8470909133496658	0.9999862602866310
6.8513326928674072	1.0000500522102775
6.8582212017789068	0.9998611581392410
6.8626513567806953	0.9999908893968348
6.8664230152692545	0.9999303703301371
6.8699618266003721	1.0000266722257865
6.8734404444609591	0.9999498085919222
6.8769210285850759	1.0000325827021281
6.8804367580370522	0.9999617367728971
6.8840059990396067	1.0000282424167319
6.8876528328939077	0.9999736165921068
6.8914079439018998	1.0000169847159983
6.8953329778192272	0.9999859782379166
6.8995752961301227	1.0000499739071689
6.9065210357227818	0.9998719356242241
6.9113143615196160	0.9999759847998362
6.9156365070886263	0.9999613601506339
6.9200135879453066	1.0000424282087381
6.9270645965713573	0.9998660383594055
6.9319770296673537	0.9999728429208816
6.9365595266166240	0.9999178147003639
6.9437338261608872	1.0001288816156031
6.9486434397856440	1.0000211482626515
6.9530068740746023	1.0000370626733412
6.9573992328648471	0.9999557254794743
6.9643962122144263	1.0001443581653222
6.9689223316720827	1.0000124769045611
6.9727583997615890	1.0000669787936758
6.9763515322738163	0.9999756507504164
6.9798813015122771	1.0000459995984166
6.9834191337723990	0.9999702443810249
6.9870004952847902	1.0000325942277477
6.9906542290906133	0.9999763688021682
6.9944138035153927	1.0000183669462370
6.9983412252272954	0.9999867575702658
7.0025842666258997	1.0000504599681030
7.0094884902557997	0.9998643764279584
7.0140194473843298	0.9999870183348460
7.0179165438201654	0.9999389551040175
7.0215950761507564	1.0000186052893532
7.0252346497699332	0.9999616363375388
7.0289112960065356	1.0000195744004845
7.0326822632402699	0.9999790264423578
7.0366131841044632	1.0000113472310703
7.0408587472847790	0.9999479351726467
7.0477311461810563	1.0001400458862908
7.0520942512573788	1.0000045181227541
7.0557727431750692	1.0000758063825637
7.0592030255387099	0.9999645882316121
7.0625500159330930	1.0000601576322439
7.0658717776161382	0.9999539250401503
7.0691885486619572	1.0000534830639161
7.0725088121481852	0.9999511363788485
7.0758338667733840	1.0000504248719759
7.0791659596891447	0.9999507841174727
7.0825037747492381	1.0000487672229379
7.0858488314250065	0.9999512208282290
7.0891994522854009	1.0000476444004527
7.0925571140828199	0.9999519045027342
7.0959201152889788	1.0000467322769611
7.0992899683068824	0.9999526570610909
7.1026650110131202	1.0000459060826929
7.1060468053490240	0.9999534272746745
7.1094337542410289	1.0000451097233947
7.1128274864359078	0.9999542116922888
7.1162264978204552	1.0000443065200453
7.1196325155403759	0.9999550297806143
7.1230441717699620	1.0000434585044453
7.1264633464839511	0.9999559194156925
7.1298888798893358	1.0000425137866957
7.1333228982327075	0.9999569422406610
7.1367645696479434	1.0000413926819851
7.1402164362120821	0.9999581975468878
7.1436782009707658	1.0000399663387869
7.1471531286574290	0.9999598514847476
7.1506418652854364	1.0000380164270573
7.1541489912231730	0.9999621950792836
7.1576769543619001	1.0000351475533993
7.1612329698822359	0.9999657780559876
7.1648233608616838	1.0000305748071350
7.1684614787998440	0.9999717510974185
7.1721637623300047	1.0000226126723102
7.1759621111137628	0.9999821937812599
7.1799121171473974	1.0000127162462282
7.1841624349619826	0.9999478892207062
7.1911085882975829	1.0001252008229646
7.1959993409849847	1.0000234377140329
7.2005714887784604	1.0000804823934277
7.2077034772432347	0.9998665488708807
7.2124993874076413	0.9999838895636536
7.2166234902596811	0.9999502098942654
7.2205176015234764	1.0000098517398146
7.2243936275247380	0.9999753945007513
7.2283735186508329	1.0000093335687448
7.2326345483910952	0.9999457885829253
7.2395805872314227	1.0001262278022038
7.2444177629771058	1.0000225605473518
7.2487680437176580	1.0000372213550255
7.2531541536375883	0.9999553280356138
7.2601962408702017	1.0001329909680579
7.2651335122718219	1.0000257567448367
7.2697207681771330	1.0000820990962522
7.2768866890056101	0.9998708211092155
7.2819667893024249	1.0000291068562195
7.2894640126669907	0.9998292161980136
7.2944301125863182	0.9999736991199009
7.2985656250895170	0.9999392246807874
7.3023862958079579	1.0000130164445309
7.3061211297459447	0.9999634765955463
7.3098652451749082	1.0000174263759283
7.3136832068200173	0.9999796214665206
7.3176418946218993	1.0000113747600019
7.3218951083464905	0.9999470597983566
7.3288261414488307	1.0001280181334347
7.3336036137199478	1.0000202429262355
7.3378360267993932	1.0000402174921210
7.3419525097295226	0.9999970813344019
7.3462600552628272	1.0000587569165149
7.3532452645329736	0.9998743473460053
7.3581549549746983	0.9999763652035860
7.3627348479044432	0.9999188378294400
7.3698753801503258	1.0001324352500636
7.3746827517741087	1.0000153645851420
7.3788163716437767	1.0000483988492572
7.3827205868911436	0.9999893378699750
7.3866026559962199	1.0000234575892470
7.3905877651332466	0.9999896451943308
7.3948489231675714	1.0000533684130242
7.4017560770867181	0.9998654691273076
7.4063347969028603	0.9999875642231916
7.4102509158797760	0.9999378680445358
7.4139039814507024	1.0000236649930758
7.4174620028398026	0.9999528225886370
7.4209833697726086	1.0000336970904948
7.4244942946827344	0.9999581430877067
7.4280016659130954	1.0000365434559646
7.4315108978688746	0.9999602072876348
7.4350215588300417	1.0000372069493011
7.4385359165349429	0.9999611507711735
7.4420525757548601	1.0000371585668086
7.4455733775409181	0.9999617395895634
7.4490969059914987	1.0000368413832803
7.4526250650851296	0.9999622633034756
7.4561566206430285	1.0000363615642576
7.4596937255366313	0.9999628680889296
7.4632354920300639	1.0000356882677908
7.4667845454595421	0.9999636897700485
7.4703406317371028	1.0000346935883189
7.4739072592828384	0.9999649329519379
7.4774853851625869	1.0000331155615407
7.4810802605843412	0.9999669721080542
7.4846953461373600	1.0000304302202756
7.4883397010045964	0.9999705699999710
7.4920227092011746	1.0000255091949961
7.4957633936217158	0.9999774006204367
7.4995891410100164	1.0000162477609789
7.5035575002543542	0.9999861674790895
7.5078115471143407	1.0000516125176984
7.5147227952833973	0.9998676070407349
7.5193914350404976	0.9999841725473249
7.5234271154382002	0.9999451369632270
7.5272172025915074	1.0000162442215978
7.5309343878455648	0.9999636985172193
7.5346483015078425	1.0000211978225169
7.5384033730220246	0.9999752492785617
7.5422359456886934	1.0000149751404832
7.5462076152754776	0.9999854882797136
7.5504626568141546	1.0000513384336847
7.5573939296918820	0.9998712102134585
7.5621969625284926	0.9999784178501175
7.5664557549906499	0.9999592896174876
7.5705872759156332	1.0000021096787544
7.5749002939471417	0.9999398513463685
7.5818431719441532	1.0001317940195165
7.5865043227013800	1.0000127800707164
7.5904995295937550	1.0000568039431816
7.5942280274102441	0.9999782554723659
7.5978560420898820	1.0000418761695655
7.6014476258446235	0.9999688257823434
7.6050277218059783	1.0000365229676960
7.6086084151632436	0.9999666016874788
7.6121940209428560	1.0000338982361106
7.6157900752095919	0.9999670232910848
7.6193992180099190	1.0000315423948787
7.6230283787670876	0.9999691938373528
7.6266833903335005	1.0000279880854051
7.6303769723208008	0.9999737950111285
7.6341246859989358	1.0000213330621013
7.6379572350523244	0.9999827894435357
7.6419283053209988	1.0000127760893416
7.6461843666640359	0.9999471832462993
7.6530889464571326	1.0001320680946553
7.6577407683952305	1.0000137140987475
7.6617422391817582	1.0000562862435063
7.6654846191266151	0.9999794098865277
7.6691324140377040	1.0000404498012585
7.6727505697203178	0.9999707883755308
7.6763664577568225	1.0000338263640369
7.6799959718575481	0.9999702424541399
7.6836490690177301	1.0000288195634228
7.6873399370982458	0.9999740445911587
7.6910850031193094	1.0000216280856140
7.6949153492351083	0.9999828604673346
7.6988850152681643	1.0000128308193126
7.7031406963800997	0.9999472600497510
7.7100457800228712	1.0001320532482123
7.7146975672665796	1.0000138572625739
7.7187019559459138	1.0000559042152850
7.7224518678988590	0.9999801452180241
7.7261137658271526	1.0000391448735060
7.7297553534838519	0.9999727571642372
7.7334080772295177	1.0000307883929940
7.7370940904952059	0.9999746464931305
7.7408335391111924	1.0000223310290874
7.7446589856404406	0.9999830374581897
7.7486254820552114	1.0000129681413199
7.7528803099940147	0.9999474456166366
7.7597774809883706	1.0001337323481507
7.7643710055033779	1.0000117435165636
7.7682970876063804	1.0000608602406960
7.7719564968932993	0.9999752231003460
7.7755145717456511	1.0000462641770973
7.7790347641400892	0.9999650303737475
7.7825421759631217	1.0000408610258971
7.7860494782592209	0.9999626251456259
7.7895620027539820	1.0000379501741188
7.7930864135887523	0.9999633194196877
7.7966266893191172	1.0000350098153092
7.8001910863610595	0.9999661789542424
7.8037868918873192	1.0000305290731180
7.8074282581913899	0.9999718546773243
7.8111323408077098	1.0000226154939991
7.8149316070588313	0.9999822091256875
7.8188820549856857	1.0000127203538269
7.8231325171849759	0.9999478743634002
7.8300476019671930	1.0001310406789443
7.8347214284441105	1.0000162118811107
7.8387892046772985	1.0000500348538055
7.8426579863370973	0.9999893939665860
7.8465196806840396	1.0000239673112965
7.8504938606761510	0.9999898243114383
7.8547518572601698	1.0000531138390829
7.8616900801063849	0.9998710194710880
7.8664540144237334	0.9999789930187646
7.8706751947476112	0.9999585512576982
7.8747826234646663	1.0000018543233684
7.8790890900857784	0.9999405243567629
7.8860674122355405	1.0001262056424181
7.8909122733929342	1.0000221380047420
7.8952623514296274	1.0000370980638358
7.8996488231314839	0.9999554025400516
7.9066383613540303	1.0001431281895561
7.9112041825633144	1.0000128247468594
7.9150707967281582	1.0000660069127634
7.9186752968259313	0.9999745809222956
7.9221951684188694	1.0000479361817340
7.9256993917387542	0.9999664013975414
7.9292183245530481	1.0000383079467901
7.9327712337374194	0.9999681257407232
7.9363732056537444	1.0000295658909757
7.9400462762737121	0.9999758997662686
7.9438208163613169	1.0000174501734442
7.9477575571292682	0.9999863992992437
7.9520030656175145	1.0000506113212162
7.9588958180030911	0.9998626349062342
7.9633789703773630	0.9999895286208457
7.9672021352606963	0.9999332223119551
7.9707835693743512	1.0000251614043481
7.9742968025917849	0.9999517421382604
7.9778055278386937	1.0000315142033902
7.9813440706476406	0.9999628328274702
7.9849315453103964	1.0000276452067958
7.9885924804270561	0.9999740858034195
7.9923577460449273	1.0000168336446935
7.9962888640171332	0.9999859838714343
8.0005328336353205	1.0000501927595038
8.0074116791948828	0.9998596591929753
8.0118018858721989	0.9999930072952040
8.0155163082736696	0.9999257557335051
8.0189849652380740	1.0000315771990365
8.0223785754534802	0.9999427593955713
8.0257552980378151	1.0000404398403504
8.0291422720367773	0.9999514833874381
8.0325489833211225	1.0000405003798456
8.0359851249766194	0.9999577975156119
8.0394563268586996	1.0000366565482286
8.0429734246829305	0.9999646784866169
8.0465473976531783	1.0000294270049244
8.0501990424551959	0.9999746255341838
8.0539581040666910	1.0000173649066364
8.0578855820241788	0.9999862244812013
8.0621285625683541	1.0000501939416306
8.0690627832253874	0.9998699539617759
8.0737852302526676	0.9999789732848762
8.0779712327607029	0.9999576074093853
8.0820572295557014	1.0000014736095153
8.0863578111091794	0.9999410188525418
8.0932972788382962	1.0001341228771730
8.0978484935684829	1.0000112843407802
8.1017503810106799	1.0000597010886905
8.1054306814996160	0.9999800384233630
8.1090686187646739	1.0000372565595554
8.1127449079126137	0.9999792337388617
8.1165139010364324	1.0000198887153657
8.1204450206044303	0.9999875556233088
8.1246893881480844	1.0000509273343137
8.1316243539018487	0.9998701586232498
8.1363473482308279	0.9999790757577790
8.1405336395320003	0.9999576640651667
8.1446197833625202	1.0000015039521992
8.1489204065706105	0.9999410316202895
8.1559012007314795	1.0001264640235863
8.1607193443415245	1.0000222045076665
8.1650502220075953	1.0000372582408270
8.1694314829112411	0.9999561382683704
8.1764433146796840	1.0001399265630955
8.1811069944108326	1.0000179317074995
8.1851336363508764	1.0000538412504065
8.1889606729175224	0.9999893347856630
8.1927896282508765	1.0000252572043871
8.1967435168152072	0.9999902655995210
8.2009960789938265	1.0000526255793278
8.2078784699080067	0.9998596612869448
8.2122532505074393	0.9999940096735411
8.2159482326898203	0.9999244699234586
8.2193959561132957	1.0000330368915182
8.2227660406544327	0.9999408209336956
8.2261149158826079	1.0000426694300959
8.2294677034489574	0.9999485741178634
8.2328315500477434	1.0000440239610631
8.2362132644252561	0.9999532806405577
8.2396146327609951	1.0000422916283118
8.2430410971622319	0.9999574435146329
8.2464955501911312	1.0000387145092859
8.2499856760706454	0.9999624703522997
8.2535182653064236	1.0000330467016292
8.2571071761237871	0.9999698236074289
8.2607695153594207	1.0000237955555562
8.2645380776035111	0.9999816435602096
8.2684698981664084	1.0000126638461566
8.2727152968641651	0.9999484962528754
8.2796140681014148	1.0001349358490588
8.2841451706477560	1.0000114233826645
8.2880302363260014	1.0000612652986454
8.2916867756526873	0.9999782767555333
8.2952873295136929	1.0000406333893275
8.2989048197001338	0.9999747322546734
8.3025805293566286	1.0000262512724947
8.3063554769122128	0.9999831144843069
8.3102904364383487	1.0000134425145688
8.3145367501124330	0.9999488167385209
8.3214589757176434	1.0001306770174621
8.3261392266280314	1.0000176261397280
8.3302398246359584	1.0000468511971290
8.3341801913875369	0.9999942955194919
8.3381792150276031	1.0000199089904087
8.3424475431296781	0.9999513012602081
8.3493675581621982	1.0001357265940658
8.3539423541321938	1.0000134740489441
8.3578756948669550	1.0000586912008955
8.3615851788573803	0.9999814074504981
8.3652479230862316	1.0000363716379312
8.3689441097036994	0.9999798446875261
8.3727277786132159	1.0000196205445397
8.3766677918399761	0.9999875307765810
8.3809145572051484	1.0000512246030548
8.3878222989492883	0.9998654592069554
8.3923913143201609	0.9999861696328899
8.3963272323105613	0.9999409124952811
8.4000390182622926	1.0000176118049031
8.4037058165006417	0.9999628356636042
8.4074039032259211	1.0000190723988012
8.4111905295408000	0.9999793821690376
8.4151309016174753	1.0000114108346354
8.4193790216540876	0.9999476392509354
8.4262804823760575	1.0001341885366140
8.4308326168040324	1.0000118411060213
8.4347393159397654	1.0000600843633978
8.4384147245493963	0.9999788761531460
8.4420311558577588	1.0000398367754524
8.4456617450079463	0.9999751289590645
8.4493478594742317	1.0000258850529522
8.4531304654091066	0.9999832176210554
8.4570700633729547	1.0000134336257243
8.4613176346166945	0.9999486498340742
8.4681998324218348	1.0001379749949293
8.4726425970905712	1.0000073441781681
8.4764043426779487	1.0000705471393390
8.4799103775616835	0.9999683683794292
8.4833266955737656	1.0000552997739840
8.4867136696782062	0.9999578415945176
8.4900935613249437	1.0000489978634368
8.4934765077007857	0.9999552905492877
8.4968654653978941	1.0000458310700158
8.5002643892296934	0.9999555060198316
8.5036739921933933	1.0000434847218755
8.5070981368229468	0.9999570615052191
8.5105380984541821	1.0000409147779750
8.5139989745686613	0.9999597281034218
8.5174838030097071	1.0000374301722106
8.5210003243820154	0.9999638753748468
8.5245554514493378	1.0000321493481414
8.5281630993078839	0.9999705819817503
8.5318403648876302	1.0000233728397314
8.5356199032602422	0.9999818544811876
8.5395583743838976	1.0000126863467007
8.5438055744959183	0.9999482753936583
8.5506856176712276	1.0001381463456493
8.5551187171509628	1.0000069226761354
8.5588695180000567	1.0000712141859744
8.5623652791142835	0.9999678697631977
8.5657726047824436	1.0000558302644005
8.5691523378222740	0.9999575544572555
8.5725272920909834	1.0000491508295963
8.5759082854718862	0.9999554347207997
8.5792990808719143	1.0000454009922912
8.5827046036176586	0.9999563372020621
8.5861267563375865	1.0000421949293008
8.5895709137560168	0.9999589355071655
8.5930403562325033	1.0000383254217970
8.5965429740239632	0.9999632364271447
8.6000858495446746	1.0000327271965590
8.6036830346605235	0.9999701900097675
8.6073517986236556	1.0000236428372757
8.6111249972269022	0.9999817440178369
8.6150596025795405	1.0000126800887787
8.6193057593311444	0.9999484072225014
8.6261741794630762	1.0001404993599330
8.6305336038585896	1.0000041010806535
8.6342012651500148	1.0000770040566103
8.6376146708416641	0.9999631785565175
8.6409396663149671	1.0000621322009267
8.6442350079124335	0.9999518363525185
8.6475215269432937	1.0000559391733439
8.6508083612457387	0.9999486168162836
8.6540974626462308	1.0000531388026417
8.6573918070960065	0.9999480661426435
8.6606908069256185	1.0000515250862936
8.6639967968134499	0.9999485454697011
8.6673089293387058	1.0000502112487109
8.6706296309585404	0.9999495382023743
8.6739582015415024	1.0000488303653949
8.6772973271837710	0.9999509157701302
8.6806466382974961	1.0000471871985019
8.6840092459944849	0.9999527134888910
8.6873853434236903	1.0000451101206855
8.6907787581736784	0.9999550762204173
8.6941906633855019	1.0000423652998669
8.6976261856007451	0.9999582867312464
8.7010883438132200	1.0000385540548333
8.7045848885439714	0.9999628873371195
8.7081227602097258	1.0000328940773531
8.7117159138926645	0.9999700171813144
8.7153815442880997	1.0000237192771586
8.7191524789148769	0.9999816950579381
8.7230857238039139	1.0000126711543416
8.7273315101024931	0.9999484492076539
8.7342074694552636	1.0001391467302057
8.7386068667681531	1.0000058302133870
8.7423225673738276	1.0000734422360398
8.7457864355467958	0.9999663155372702
8.7491644913857201	1.0000578881600091
8.7525164287834905	0.9999558781698870
8.7558640123215667	1.0000511173989819
8.7592171392622511	0.9999535526957669
8.7625786139735791	1.0000475430109999
8.7659523254785956	0.9999540455818335
8.7693389090258176	1.0000448424167965
8.7727421826508820	0.9999558920932189
8.7761633481006065	1.0000419552756064
8.7796074508053312	0.9999588443914676
8.7830774673858478	1.0000381809488395
8.7865810792115138	0.9999632652926176
8.7901251646510570	1.0000326290849586
8.7937236119597326	0.9999702345934829
8.7973935378865686	1.0000235928960530
8.8011676706254303	0.9999817578281504
8.8051028637673081	1.0000126786166956
8.8093491752463802	0.9999483857075141
8.8162331736571904	1.0001375536047323
8.8206828269597786	1.0000077890801669
8.8244573864519253	1.0000693476504119
8.8279818229866969	0.9999698167647346
8.8314227972365256	1.0000531076906294
8.8348417953448006	0.9999604433948420
8.8382625266525263	1.0000455682038749
8.8416968973164174	0.9999594062561311
8.8451501914354598	1.0000406640889496
8.8486294340259466	0.9999617922953439
8.8521396426043744	1.0000356599448448
8.8556909320147774	0.9999667834956101
8.8592939848612406	1.0000285939523403
8.8629691452689361	0.9999755294904220
8.8667456763391144	1.0000171406082548
8.8706837781436203	0.9999862540756640
8.8749296210420727	1.0000505853073689
8.8818329954781188	0.9998646808053053
8.8863834018491374	0.9999869535945367
8.8902914404233435	0.9999388125361224
8.8939663564625793	1.0000199941631727
8.8975838999235908	0.9999590692797781
8.9012138201378601	1.0000237706291326
8.9049008754706964	0.9999730235650743
8.9086826503438985	1.0000156906352897
8.9126231865113255	0.9999854720144926
8.9168697595664117	1.0000502309426478
8.9237627999471201	0.9998625433705973
8.9282499254110466	0.9999896162605348
8.9320714284940639	0.9999325795963954
8.9356420823728495	1.0000265281210021
8.9391322341747248	0.9999492569393814
8.9426015170566160	1.0000352014016047
8.9460784797990343	0.9999573109631383
8.9495738537244467	1.0000353029198199
8.9530987551577201	0.9999632820883082
8.9566608966753449	1.0000312848442774
8.9602745772555750	0.9999705035727048
8.9639567856780253	1.0000230418515452
8.9677400709298158	0.9999818249606997
8.9716808352835553	1.0000126381698546
8.9759286555850792	0.9999481700110572
8.9828277749083156	1.0001344538280175
8.9873795597516395	1.0000116374891586
8.9912801395604038	1.0000608968655063
8.9949416129813642	0.9999775896626442
8.9985339341175141	1.0000420356221187
9.0021264015565929	0.9999720430284921
9.0057537572819282	1.0000304540193290
9.0094445216893053	0.9999772725805233
9.0132314798861621	1.0000177364233576
9.0171755568215008	0.9999866420680463
9.0214230872721135	1.0000509825850354
9.0283659076531162	0.9998724049640304
9.0331856939513209	0.9999761279997749
9.0375269258798028	0.9999615736348073
9.0419091587242715	1.0000432038819476
9.0489108776696678	0.9998579545718899
9.0535394356796619	0.9999834861306474
9.0574958019077734	0.9999389777681312
9.0612033456710552	1.0000183594565890
9.0648453084928349	0.9999597069147601
9.0684943173556398	1.0000229689308515
9.0721962802783818	0.9999733890471265
9.0759889539447833	1.0000154691844940
9.0799360978551089	0.9999854430162479
9.0841844625776957	1.0000504492847266
9.0911179765640124	0.9998704498442001
9.0958760193379753	0.9999786661584217
9.1000937949570702	0.9999583418681131
9.1041994992871640	1.0000017423443843
9.1085054468850384	0.9999405127392964
9.1154387219675623	1.0001345352105417
9.1199890514323219	1.0000098627170406
9.1238618841169448	1.0000633484564758
9.1274764818949290	0.9999737803788064
9.1310016762455444	1.0000475604038204
9.1345012494288458	0.9999647938117686
9.1380003374174841	1.0000405896624052
9.1415119221222696	0.9999638223311217
9.1450422112339300	1.0000359813803876
9.1485995471864232	0.9999663242972718
9.1521908723734704	1.0000308301700671
9.1558296663747463	0.9999719344720635
9.1595324767269446	1.0000226875119915
9.1633312002545342	0.9999822486969099
9.1672814365351591	1.0000127424515008
9.1715318154764063	0.9999478942863271
9.1784434094299403	1.0001316971691510
9.1830943045994573	1.0000151263014327
9.1871241639475514	1.0000527903767822
9.1909361809251706	0.9999857385200058
9.1947102044029538	1.0000296858804580
9.1985379916453951	0.9999861960035671
9.2025002470949140	1.0000149229537567
9.2067545820513779	0.9999488212247513
9.2136794115866447	1.0001301132373426
9.2184047727675704	1.0000183271563443
9.2225486501474734	1.0000454854229346
9.2265216992473800	0.9999945132413012
9.2305404244895719	1.0000197985994062
9.2348141747788901	0.9999505822725373
9.2417602956976026	1.0001300307088914
9.2465446717927460	1.0000209546390633
9.2507789902387429	1.0000406139734093
9.2548957548856876	0.9999972442137842
9.2592034871640028	1.0000587978377065
9.2661893833366520	0.9998743403089866
9.2710983263794535	0.9999763375247497
9.2756780297544950	0.9999188545386084
9.2828245816317629	1.0001314516522697
9.2876667582733194	1.0000168356094461
9.2918591846494536	1.0000445235039943
9.2958525126635436	0.9999940182240061
9.2998795095759270	1.0000195761953630
9.3041560492684727	0.9999503257216136
9.3111117713618050	1.0001284235201364
9.3159598337409424	1.0000234153153211
9.3203157689372755	1.0000376600018370
9.3247035533368177	0.9999554004582666
9.3316994112192404	1.0001415433455956
9.3363260192611097	1.0000144229590817
9.3402577638679976	1.0000626375977941
9.3439172376116755	0.9999761990057293
9.3474768658187823	1.0000465281638697
9.3510013444568862	0.9999657526020741
9.3545151857851145	1.0000406096036811
9.3580294554435941	0.9999630672631110
9.3615473238389288	1.0000379678861269
9.3650726788797130	0.9999629451716273
9.3686060141763310	1.0000361908090973
9.3721510613083741	0.9999640133444845
9.3757090141002646	1.0000342094458665
9.3792852448900934	0.9999661534092309
9.3828833900478532	1.0000312182629922
9.3865126596260477	0.9999699745389192
9.3901826443237422	1.0000259888364171
9.3939125962293772	0.9999771037997343
9.3977302327434895	1.0000163906272062
9.4016935773265846	0.9999861837643707
9.4059462574746284	1.0000514443085802
9.4128549663962495	0.9998668940215084
9.4174955512282725	0.9999850107946717
9.4214959061891648	0.9999431174005465
9.4252468987063995	1.0000181358407907
9.4289197897736408	0.9999608709331576
9.4325806298040362	1.0000243789879038
9.4362675330128738	0.9999708183497720
9.4400051993403640	1.0000203903394389
9.4438287939406518	0.9999818790547024
9.4477938916240447	1.0000123724227314
9.4520483975449547	0.9999471998914043
9.4589705590856443	1.0001290278758110
9.4637226204818088	1.0000184286291800
9.4678937561890280	1.0000444673939555
9.4718879899003383	0.9999945644977921
9.4759196742824319	1.0000196846863254
9.4801970011469869	0.9999500830194071
9.4871188064507876	1.0001340150999309
9.4917700397062923	1.0000144125898822
9.4957687972658231	1.0000566389654264
9.4995128424016553	0.9999801911743725
9.5031699785157908	1.0000394659770706
9.5068080384081366	0.9999727462586859
9.5104583335218322	1.0000309049987626
9.5141427684653461	0.9999746470033780
9.5178812572235021	1.0000223644373063
9.5217061501317595	0.9999830442570720
9.5256723554917286	1.0000129747885436
9.5299270934405200	0.9999474599085922
9.5368490450273526	1.0001290911293128
9.5416036483015283	1.0000184983863385
9.5457771884617237	1.0000444189016096
9.5497732078786477	0.9999945834245038
9.5538059650657452	1.0000196837888051
9.5580835923986402	0.9999500461909466
9.5650365006588949	1.0001281589033193
9.5698994732882028	1.0000233282634658
9.5742667090332869	1.0000375360665135
9.5786575476582456	0.9999549374523752
9.5856598606397139	1.0001397857181631
9.5903537691239489	1.0000163662105452
9.5943681018377855	1.0000576930254568
9.5981163201024593	0.9999806189906997
9.6017731127299264	1.0000399360414114
9.6054089463241130	0.9999727612189354
9.6090563427940463	1.0000311650078495
9.6127377712966631	0.9999745836520287
9.6164735241964188	1.0000224895497292
9.6202962223070205	0.9999830278291452
9.6242610380373961	1.0000129864130067
9.6285154026419892	0.9999475172782084
9.6354320382406247	1.0001301639683331
9.6401477222206609	1.0000169503737495
9.6442592577270787	1.0000483241366054
9.6481648552848576	0.9999900370929107
9.6520540650591329	1.0000233338225963
9.6560450399655053	0.9999896685731151
9.6603076187252146	1.0000536140283212
9.6672378999045794	0.9998702599371058
9.6719872564720184	0.9999807704336521
9.6761563883850563	0.9999544455507350
9.6801466891852588	1.0000044503699617
9.6841773390007457	0.9999792624689465
9.6884531372248297	1.0000487539198899
9.6953890944409551	0.9998670604663310
9.7001066246630909	0.9999813930057585
9.7042173708012598	0.9999500835930669
9.7081189044222960	1.0000087872233867
9.7120062026842096	0.9999754260659348
9.7159943698309483	1.0000091977612777
9.7202574901653058	0.9999453567669911
9.7271570729112344	1.0001342353049099
9.7317188319300936	1.0000103418224664
9.7356037520143666	1.0000633129511500
9.7392191236596091	0.9999728514236631
9.7427306381811665	1.0000494196600929
9.7462006366868916	0.9999618530417549
9.7496527389007763	1.0000447488362327
9.7530978731140934	0.9999583839881233
9.7565393441623769	1.0000430214311498
9.7599811951595807	0.9999574813610096
9.7634240457678185	1.0000420345829502
9.7668714541069548	0.9999577668600820
9.7703241475743301	1.0000408917464143
9.7737863214013689	0.9999589400640276
9.7772595805516946	1.0000391080472282
9.7807494151193470	0.9999611324588625
9.7842591867372199	1.0000362079284233
9.7877969684338577	0.9999648237702931
9.7913699253951449	1.0000314012874307
9.7949921905305253	0.9999711126681439
9.7986809725326207	1.0000230382705508
9.8024689258712030	0.9999820022425009
9.8064124849291510	1.0000127000870980
9.8106610718037608	0.9999481061642348
9.8175827001781606	1.0001301207280784
9.8222839071930572	1.0000178155112147
9.8264044461286204	1.0000461529458682
9.8303596491687006	0.9999943518389491
9.8343675315522727	1.0000198367326556
9.8386383080578721	0.9999509664313790
9.8456024827896016	1.0001270945458705
9.8504948104265111	1.0000242122121368
9.8550679105375920	1.0000807171559851
9.8621594224717395	0.9998588899987878
9.8666797391729766	0.9999940148429239
9.8704383266276654	0.9999262242753355
9.8739080609578327	1.0000340724797259
9.8772772341017347	0.9999399834093020
9.8806097854197450	1.0000449769891346
9.8839336520137007	0.9999458740970883
9.8872570009631335	1.0000476857365781
9.8905866867153822	0.9999489594806088
9.8939239078378574	1.0000474987603432
9.8972728758083779	0.9999513466810900
9.9006343650531665	1.0000459063302265
9.9040127652775940	0.9999539698829253
9.9074096485496810	1.0000432415165419
9.9108305435036996	0.9999573845949188
9.9142787883644541	1.0000393168562676
9.9177624438605356	0.9999622156780722
9.9212887231515463	1.0000334384702283
9.9248718299369862	0.9999696162947032
9.9285292107082199	1.0000239860345026
9.9322939587441059	0.9999815859415392
9.9362234252730364	1.0000126688845976
9.9404681972452629	0.9999485828574465
9.9473476944237191	1.0001386658988858
9.9517601414193901	1.0000067161071662
9.9554978741644629	1.0000714351757178
9.9589925732758342	0.9999688268602968
9.9624119429330094	1.0000541183650478
9.9658181038301308	0.9999604365487224
9.9692359608599777	1.0000450409879480
9.9726793013708619	0.9999609758484094
9.9761561975465138	1.0000380588048190
9.9796778169875147	0.9999658305992168
9.9832555689119395	1.0000298235053022
9.9869101845010473	0.9999750242398024
9.9906714569382800	1.0000174944878413
9.9946002617826579	0.9999863144216860
9.9988436050892719	1.0000502882565907
