0.0000000000000000	0.0000000000000000
4.7792597271531294	0.0010000000000000
4.7918186601496355	0.0012111341721606
4.7972005534988851	0.0008780793460064
4.8016701186554229	0.0011817455500383
4.8064803454198595	0.0014453822141498
4.8111600659938203	0.0017512528166846
4.8162105869102660	0.0016339034872218
4.8207993821491621	0.0021153420036937
4.8256247905641905	0.0023537265006745
4.8293422213357378	0.0030053937398089
4.8328818232475177	0.0033058103410191
4.8362727373312762	0.0038471888666741
4.8396193334350057	0.0041618834038490
4.8429877984557583	0.0047569507389633
4.8464497432468665	0.0052145332996551
4.8500159591617704	0.0059358424149796
4.8537071030984276	0.0066223424391208
4.8575027469059613	0.0075531075371427
4.8614131970061187	0.0085412921981835
4.8654072934897616	0.0097782853831457
4.8695011662643894	0.0111602744077762
4.8736558001750447	0.0128232101284417
4.8778995603200448	0.0147268894300527
4.8821828707843835	0.0169718212868582
4.8865508121725192	0.0195745972730191
4.8909386218577806	0.0226094021366992
4.8954128245673791	0.0261545607413298
4.8998877502634066	0.0302571170577149
4.9044567396071201	0.0350741413256728
4.9090068327268046	0.0406134027021536
4.9136637045475169	0.0471413062466002
4.9182810786678752	0.0545996894480840
4.9230209604368858	0.0634085364060936
4.9277005641808058	0.0734005100140207
4.9325170277410004	0.0851983775535241
4.9372556375752774	0.0984737849624642
4.9421357043744818	0.1140727773095455
4.9469309367902703	0.1314830226550545
4.9518493639760459	0.1516842280180001
4.9566948566128763	0.1740619656191303
4.9616045022523094	0.1993947381767858
4.9664920530084853	0.2273484611026033
4.9713367893717013	0.2577742391941156
4.9762422171082061	0.2913869676130278
4.9814358955436120	0.3292878437232736
4.9868936415705338	0.3725263178343627
4.9920844029083522	0.4158369105392868
4.9967534052657729	0.4562357019316796
5.0009258809509376	0.4928672303260783
5.0054062153203169	0.5324753957221936
5.0098343741743170	0.5713371399916455
5.0147015631287113	0.6132562481698243
5.0209578007294375	0.6647485848245259
5.0349584484569538	0.7669861496044504
5.0429919219195858	0.8157410149072202
5.0482482250572689	0.8428804292302366
5.0524297893557009	0.8622489292913819
5.0569710641893808	0.8809236280653252
5.0642163305126786	0.9063619446793680
5.0680164556386718	0.9175348769457211
5.0711951267498199	0.9261789705627510
5.0742781753975663	0.9334882276765097
5.0774178039277977	0.9404854665109356
5.0808443632474836	0.9471613239337757
5.0845462003741817	0.9536901308075914
5.0888032171306161	0.9601741198866445
5.0955736094264505	0.9689379534744249
5.1011098482822064	0.9741322158278090
5.1069169407267925	0.9793875306451983
5.1191334829230222	0.9865351416111445
5.1244985525461813	0.9891975668197975
5.1282542424554247	0.9905355172340022
5.1319815354980154	0.9918261388186416
5.1362343113684306	0.9929840718668304
5.1432617350023984	0.9947693741867564
5.1475983948977957	0.9954534943477693
5.1515091292333075	0.9961034066326371
5.1554519071131306	0.9965954682012459
5.1597109765523523	0.9971502181391866
5.1666224098136242	0.9975996518989105
5.1710773277210729	0.9980702951504657
5.1749903091227498	0.9982947349374689
5.1788164048903793	0.9985668449337924
5.1827610543669094	0.9987234414510054
5.1870084756151824	0.9989558853834994
5.1939239250167413	0.9989972843935937
5.1973021388376441	0.9993087172148390
5.2003060874295315	0.9992397865820802
5.2033156770593036	0.9994738340248795
5.2064213940104374	0.9994196023321026
5.2096252137676853	0.9995971359128858
5.2129145624654152	0.9995544080363362
5.2162642437148055	0.9996985472212915
5.2196550055218252	0.9996531375578792
5.2230655484082398	0.9997793985569435
5.2264840806212343	0.9997242382392602
5.2298999248414368	0.9998411174964614
5.2333120164472309	0.9997760524050451
5.2367202306336464	0.9998863161199441
5.2401321589054959	0.9998159854571987
5.2435550035111600	0.9999179537589546
5.2470019957997085	0.9998496714796590
5.2504857753637877	0.9999385237279779
5.2540257098462249	0.9998812325858401
5.2576440200768291	0.9999492477968667
5.2613777815073925	0.9999140961989870
5.2652879874304404	0.9999544360307319
5.2695277780259575	0.9998993305983571
5.2764815818877349	1.0000871112196033
5.2813391396694156	0.9999924893323267
5.2859028099181389	1.0000534115930311
5.2930726248178308	0.9998517266386674
5.2980297352189343	0.9999607704678425
5.3026272687273925	0.9999062752193780
5.3097266789025399	1.0001361038852912
5.3141092301812902	0.9999946354496310
5.3177487523912461	1.0000722870745040
5.3211498925107685	0.9999594701914066
5.3244974410089378	1.0000530833354031
5.3278572564355331	0.9999556493223706
5.3312558629012168	1.0000410200584877
5.3347095634111730	0.9999610375069855
5.3382314084802163	1.0000302478434056
5.3418420652255580	0.9999718990508024
5.3455715255032539	1.0000164488172232
5.3494812223441004	0.9999848829446507
5.3537194302964561	1.0000483479682005
5.3606675286220247	0.9998707319031481
5.3654404431340970	0.9999751054065023
5.3697481508290705	0.9999604997498283
5.3741213348045545	1.0000412330681416
5.3811425629427934	0.9998594204521518
5.3858189908857277	0.9999788720713607
5.3898914462490151	0.9999487125945942
5.3938024267434495	1.0000037876735373
5.3977839556878076	0.9999781636788416
5.4020464143803304	1.0000463565816453
5.4089424656369181	0.9998569215287550
5.4133111734593227	0.9999925792545575
5.4170051684837102	0.9999239859841011
5.4204587348431517	1.0000316923671970
5.4238403332306149	0.9999415781961742
5.4272049492230838	1.0000411412919721
5.4305765489396034	0.9999498430974725
5.4339612419667915	1.0000424404682435
5.4373649514305749	0.9999546610717787
5.4407886908231706	1.0000408146285200
5.4442372153853995	0.9999586990381837
5.4477128287790926	1.0000374867979349
5.4512226931756578	0.9999634461344717
5.4547731247881535	1.0000321798048322
5.4583775649063693	0.9999704150010527
5.4620526995082130	1.0000233664241345
5.4658308857842872	0.9999817988413185
5.4697685967439753	1.0000126577783759
5.4740155783741464	0.9999482808332195
5.4809645220418419	1.0001252118847899
5.4858454953062665	1.0000236092084085
5.4904150842842121	1.0000802020463091
5.4975411574943527	0.9998649100713609
5.5022685083760638	0.9999857689001408
5.5063053730447171	0.9999453654011837
5.5101000280432624	1.0000144776778173
5.5138545162808672	0.9999685940847409
5.5176640417943901	1.0000131165553592
5.5216160692144047	0.9999840410866336
5.5258664477554928	1.0000496800653926
5.5327620651605933	0.9998622912469363
5.5372532978692979	0.9999895000177996
5.5410763826463256	0.9999324455892802
5.5446456310744372	1.0000268052920633
5.5481311640324176	0.9999487219229002
5.5515921841069993	1.0000359853236440
5.5550565400385681	0.9999561946317740
5.5585339548023152	1.0000367995680421
5.5620340282136782	0.9999612832070317
5.5655621816140091	1.0000339359566679
5.5691289746916066	0.9999669568175578
5.5727450111924774	1.0000278208965316
5.5764306428757937	0.9999756885104027
5.5802149188305172	1.0000169181131897
5.5841577442926873	0.9999862000511235
5.5884048617014086	1.0000507258049214
5.5952997315687485	0.9998633049000456
5.5998086143336971	0.9999890025149486
5.6036544165223896	0.9999341205179505
5.6072488990056302	1.0000253686020737
5.6107630041248546	0.9999509350611362
5.6142576228283421	1.0000336208435652
5.6177628512340192	0.9999593548416060
5.6212913217051623	1.0000330053377606
5.6248568094601312	0.9999662408638821
5.6284710072778310	1.0000275704649231
5.6321548871542984	0.9999754328005961
5.6359377324026561	1.0000168373724612
5.6398796620554581	0.9999861413606996
5.6441265387762876	1.0000506610281370
5.6510780854830998	0.9998738963495415
5.6559588886161185	0.9999754889146357
5.6605301638677918	0.9999190733591159
5.6676617856925704	1.0001338670164581
5.6723906383083902	1.0000132245688922
5.6764280137263343	1.0000534675465709
5.6802252910047288	0.9999845125242645
5.6839802657761194	1.0000303115395492
5.6877916067099346	0.9999858375290318
5.6917432554885083	1.0000148925659089
5.6959947880679840	0.9999491936620071
5.7029374984319583	1.0001272986326546
5.7077578588784297	1.0000230347712855
5.7120964022860710	1.0000375284113447
5.7164792941349374	0.9999558647400187
5.7234708047631955	1.0001427816878028
5.7280452503800197	1.0000134670992928
5.7319285113719056	1.0000646656549075
5.7355559924810429	0.9999761768183134
5.7391050929110516	1.0000456790524921
5.7426457005440117	0.9999689768827347
5.7462100552229964	1.0000349673312019
5.7498207808040132	0.9999721755966637
5.7534989956196929	1.0000242957596766
5.7572785996820217	0.9999823449118675
5.7612170009768064	1.0000129596556744
5.7654641854549622	0.9999484259872209
5.7723788166209307	1.0001317428637664
5.7770222175450670	1.0000157568736434
5.7810599286558082	1.0000512382600020
5.7849045714032972	0.9999890228899713
5.7887488326765544	1.0000243976566683
5.7927125719224879	0.9999899414532383
5.7969677083168767	1.0000528186642905
5.8038980449210555	0.9998691126052693
5.8085866092553795	0.9999815316001660
5.8126962670840374	0.9999524979810177
5.8166412908891347	1.0000046943641148
5.8206444948492955	0.9999790787762951
5.8249127369752092	1.0000477190644463
5.8318467605338151	0.9998654865737301
5.8364928833180798	0.9999825268664849
5.8405310922594031	0.9999472012920778
5.8443730381351440	1.0000097570658586
5.8482165067062173	0.9999743720471866
5.8521781847001417	1.0000089167352484
5.8564340568861581	0.9999461079450648
5.8633874543884072	1.0001251982413832
5.8683879598891364	0.9999728828228832
5.8758416588150846	1.0001679336850602
5.8807375084729943	1.0000251560289026
5.8848304870261483	1.0000601507714733
5.8886406161094289	0.9999875257815658
5.8923947283644784	1.0000325144016169
5.8962015715229619	0.9999867119663377
5.9001496292459743	1.0000154399665104
5.9044002814637180	0.9999496341311230
5.9113117125144274	1.0001336197073429
5.9159099357546490	1.0000142245141632
5.9198832604865039	1.0000555227679535
5.9236460788826539	0.9999845664244301
5.9273805070000520	1.0000311256760339
5.9311790187407194	0.9999858874667235
5.9351235162896465	1.0000149868586747
5.9393730152423094	0.9999494645397058
5.9463061701033846	1.0001293407560978
5.9510474991406275	1.0000202486751171
5.9552466170179397	1.0000411277055214
5.9593421125235624	0.9999974068423468
5.9636439692339316	1.0000581956219434
5.9706340180423370	0.9998743424268047
5.9755271814301683	0.9999760628914921
5.9801027428861708	0.9999193117716948
5.9872423714983238	1.0001336216056436
5.9919895179843481	1.0000144043399322
5.9960611187587682	1.0000508014524965
5.9999141906095934	0.9999884419626633
6.0037586530063534	1.0000243235809321
6.0077210456218566	0.9999898465815306
6.0119760102818125	1.0000526857823686
6.0188991618891023	0.9998674856468437
6.0235310646880489	0.9999836692357682
6.0275582338094065	0.9999473501268739
6.0313921942319437	1.0000101668678407
6.0352301240152766	0.9999744055668557
6.0391885670531442	1.0000089756869337
6.0434435419312642	0.9999462524252296
6.0503714378943192	1.0001301412274270
6.0550522594313909	1.0000172647659096
6.0591516793127855	1.0000467614254311
6.0630906970143474	0.9999941929180943
6.0670887872179176	1.0000198716678748
6.0713568794317654	0.9999513181838841
6.0783230482778263	1.0001271267414240
6.0832079177002800	1.0000243624462724
6.0877790648706744	1.0000805230968866
6.0948954294492719	0.9998627680099168
6.0995426371185077	0.9999885737511280
6.1034734198313840	0.9999387226091646
6.1071449129520854	1.0000211848948064
6.1107511532531680	0.9999585498175445
6.1143686191216737	1.0000244473733209
6.1180445809685624	0.9999727290667241
6.1218177905516002	1.0000158979882214
6.1257530235060802	0.9999855139214987
6.1299981799571839	1.0000500686139138
6.1369430028846752	0.9998720186966540
6.1417487191346636	0.9999759973952506
6.1460796939041824	0.9999614387945819
6.1504591593189533	1.0000427802517620
6.1574566692238868	0.9998566900618551
6.1620369937205064	0.9999846387738496
6.1659419356445859	0.9999362866026291
6.1696036957462770	1.0000199042484392
6.1732064707637768	0.9999577879739916
6.1768227395730975	1.0000240063221437
6.1804984075177902	0.9999724905070424
6.1842715959039465	1.0000157537674663
6.1882068811465452	0.9999854359232179
6.1924520386042321	1.0000500297795747
6.1993583721423446	0.9998647748718950
6.2039144592350768	0.9999863237230054
6.2078367666543643	0.9999401384071113
6.2115365365041200	1.0000179458003822
6.2151932543440216	0.9999623675963681
6.2188832477116911	1.0000192583497023
6.2226638858165995	0.9999792429016515
6.2266006190031176	1.0000113863013602
6.2308477576595154	0.9999477543640165
6.2377515862902220	1.0001339074859497
6.2423108612061187	1.0000124298431368
6.2462332155914346	1.0000586637016833
6.2499345289663539	0.9999809303720242
6.2535908538702953	1.0000365043860877
6.2572820261212287	0.9999796481926614
6.2610620128030705	1.0000196614062173
6.2649997982935588	0.9999875234022017
6.2692459616256428	1.0000511436708936
6.2761576870364468	0.9998661008646114
6.2807466846282463	0.9999851431603711
6.2847148696987132	0.9999433574673581
6.2884722702351903	1.0000145390363064
6.2922042585469029	0.9999677309766668
6.2959995903614923	1.0000130724665808
6.2999436498177932	0.9999839263371944
6.3041917757182988	1.0000493646379951
6.3111001236227384	0.9998643994726805
6.3156565388680486	0.9999862047985292
6.3195781280121999	0.9999399842973572
6.3232768077204815	1.0000179489152623
6.3269323829086517	0.9999622789199435
6.3306213377193439	1.0000192697363446
6.3344011542362288	0.9999792103508804
6.3383373733194741	1.0000113736219904
6.3425843765229546	0.9999477632726074
6.3495160093535299	1.0001287020062659
6.3542526542695610	1.0000199162368117
6.3584481536085562	1.0000410426393267
6.3625415378362895	0.9999973529091458
6.3668428009934033	1.0000581029410640
6.3738331770406251	0.9998743292487426
6.3787248694806387	0.9999760299299828
6.3833000450231232	0.9999193461279775
6.3904393899386092	1.0001337485144364
6.3951808025714909	1.0000143072993597
6.3992465201495730	1.0000510411385679
6.4030947699832126	0.9999883566682475
6.4069357081376133	1.0000244097730395
6.4108959832579782	0.9999898674938107
6.4151503734146846	1.0000526235512519
6.4221100830116296	0.9998742596428167
6.4269865354305775	0.9999756094165656
6.4315568513368806	0.9999193449681978
6.4387009897994192	1.0001322636281431
6.4434870251352692	1.0000161694278624
6.4476250444463510	1.0000462561706434
6.4515772402301721	0.9999937765269863
6.4555794789203169	1.0000197245892946
6.4598492009945438	0.9999512268079059
6.4666959922982947	1.0001497160905140
6.4708544600050626	0.9999966766842607
6.4743115636024431	1.0000927782587690
6.4775370320208010	0.9999533701439915
6.4806969022484822	1.0000747504574385
6.4838478735315466	0.9999435006906765
6.4870100405336970	1.0000645851469516
6.4901932291533955	0.9999429739528868
6.4934007739281654	1.0000577383253586
6.4966376641251973	0.9999459979994225
6.4999057908069879	1.0000517337156158
6.5032107102411194	0.9999509430022989
6.5065557186867684	1.0000452463174427
6.5099488785671982	0.9999576572456830
6.5133973965454661	1.0000371450539360
6.5169155803839285	0.9999670192928911
6.5205212002227784	1.0000256488233137
6.5242479525114643	0.9999808716458428
6.5281545085206085	1.0000126176592670
6.5323931313778720	0.9999493517310725
6.5393248443159973	1.0001299029263935
6.5440089658665421	1.0000196165709254
6.5481583839811117	1.0000422469162533
6.5522234830192589	0.9999977916725326
6.5565170895774534	1.0000573940876718
6.5634303104750380	0.9998589199838873
6.5677805672635285	0.9999942991937434
6.5714653070084141	0.9999255769507096
6.5749336160258727	1.0000291098050047
6.5783619918519518	0.9999477541044749
6.5818143630315715	1.0000323520650645
6.5853272091336699	0.9999633984712339
6.5889253750124306	1.0000242063614442
6.5926458734852913	0.9999797415547753
6.5965483711037658	1.0000120782567272
6.6007859833734344	0.9999492260508256
6.6077313571325780	1.0001274582324755
6.6124954269116296	1.0000229317164808
6.6167942389003320	1.0000377643112328
6.6211663973372383	0.9999573251166882
6.6281340999252629	1.0001488247803421
6.6324984990436704	1.0000079161432442
6.6361764405850474	1.0000762933254299
6.6396357572179792	0.9999704897981337
6.6430540253583814	1.0000524610733486
6.6464992153478244	0.9999666537250983
6.6500048440764514	1.0000360593617070
6.6535988740509620	0.9999747149703468
6.6573149885813008	1.0000193368017778
6.6612162910690920	0.9999868879712352
6.6654523436231079	1.0000496051437473
6.6723879322696638	0.9998690325484532
6.6770567950931232	0.9999794516193280
6.6811960159105510	0.9999564517791476
6.6852534584477530	1.0000010654087799
6.6895463062303122	0.9999417401101589
6.6961713470031770	1.0001924553567956
6.6993966590894480	0.9999487232525006
6.7021386093053055	1.0001512111650006
6.7048271170706899	0.9999207610253285
6.7075552359356010	1.0001147774598651
6.7103392837950073	0.9999180203253969
6.7131761090977111	1.0000939881187600
6.7160614415721378	0.9999206005700052
6.7189885306490265	1.0000819291002996
6.7219545464990169	0.9999247604955445
6.7249544124818188	1.0000741013988141
6.7279871926616881	0.9999292308165745
6.7310492145615211	1.0000682940399774
6.7341408298947165	0.9999336264362167
6.7372594077125489	1.0000634277725129
6.7404062504452202	0.9999379298798546
6.7435796199303422	1.0000589220998715
6.7467816851447546	0.9999422813213608
6.7500116550156299	1.0000543881076347
6.7532727177322869	0.9999469162252393
6.7565653446986058	1.0000494610143340
6.7598942486428957	0.9999521913721572
6.7632619807129286	1.0000436566066442
6.7666760641294257	0.9999587101543248
6.7701432405483040	1.0000361325227036
6.7736774372148014	0.9999676603372639
6.7772960643311571	1.0000251835432761
6.7810324685187737	0.9999810415589510
6.7849448608908602	1.0000126158253413
6.7891850363315127	0.9999491440958829
6.7960000248128516	1.0001514728916046
6.8000483569852284	0.9999920469342752
6.8034174435159676	1.0000984480303485
6.8065757601487462	0.9999495951761515
6.8096798303733683	1.0000793639754191
6.8127795621331861	0.9999397023668894
6.8158901664943032	1.0000692495090311
6.8190177058574069	0.9999381869211341
6.8221621487731392	1.0000635420333874
6.8253252610255730	0.9999393943855271
6.8285054842273025	1.0000596625071159
6.8317045376145549	0.9999415955044507
6.8349210164207204	1.0000564399649554
6.8381570633808559	0.9999442528357817
6.8414117366160037	1.0000533261622413
6.8446877490678704	0.9999472734830592
6.8479848477861243	1.0000499901463809
6.8513065750248918	0.9999507748069535
6.8546537683623416	1.0000461191307612
6.8580313626591574	0.9999550466884296
6.8614421476686607	1.0000412691829572
6.8648937644415975	0.9999606504702010
6.8683930715368557	1.0000346277921195
6.8719540111755100	0.9999687450112411
6.8755939153730052	1.0000245068064113
6.8793459152516006	0.9999813380992846
6.8832677043781230	1.0000126375272340
6.8875104015614061	0.9999488282700512
6.8943955905421825	1.0001379344761718
6.8988259767406017	1.0000079427369688
6.9025947884847669	1.0000686720983500
6.9061325559062938	0.9999721445807727
6.9096086800677297	1.0000491990745957
6.9130885802477300	0.9999662575877006
6.9166022340528217	1.0000372354640124
6.9201712286350636	0.9999706279803561
6.9238163743944154	1.0000253227588478
6.9275717250323128	0.9999819145260824
6.9314954675346767	1.0000129259300368
6.9357386864557604	0.9999489137166784
6.9426812118524293	1.0001271424804208
6.9474765745407376	1.0000229233811613
6.9517976626037461	1.0000375797450840
6.9561757999094178	0.9999564711196950
6.9632240752260230	1.0001331128870965
6.9681387364004124	1.0000262209225752
6.9727200938971041	1.0000814768281385
6.9798895089703974	0.9998699980304369
6.9848006746467117	0.9999778811119421
6.9891668480459090	0.9999619387890094
6.9935587220284035	1.0000433050225264
7.0005592997976844	0.9998546695595538
7.0050806034075848	0.9999865481820531
7.0089147173398478	0.9999318385796940
7.0125046609359876	1.0000233783760770
7.0160333375347488	0.9999528468364092
7.0195687789348291	1.0000287598778013
7.0231496639631921	0.9999662943925811
7.0268015269520800	1.0000226024611583
7.0305612122123717	0.9999805582060498
7.0344872615309901	1.0000121750673570
7.0387311857775794	0.9999484620859074
7.0456322538033191	1.0001347396127060
7.0501635926060997	1.0000118553579926
7.0540579880402321	1.0000600855448705
7.0577357297491101	0.9999802615222823
7.0613730392104435	1.0000373547771517
7.0650493950526601	0.9999793211189765
7.0688186535059616	1.0000199170857615
7.0727499859557312	0.9999875762843841
7.0769944030308185	1.0000509472092531
7.0838684318601546	0.9998587503386925
7.0882220714397759	0.9999946612222987
7.0918934804196025	0.9999225849989221
7.0953156405754658	1.0000347095015421
7.0986566017670762	0.9999382577713812
7.1019710622822485	1.0000453937826215
7.1052823481285010	0.9999449736355456
7.1085956313568204	1.0000481823637060
7.1119154473809871	0.9999480614680182
7.1152407628828422	1.0000485264723264
7.1185735123377354	0.9999497406419574
7.1219119584134187	1.0000480784396948
7.1252576641168774	0.9999508809787374
7.1286088688412681	1.0000473824820693
7.1319670978430958	0.9999518090575477
7.1353306440992981	1.0000466174105267
7.1387010585807422	0.9999526510569001
7.1420767011487376	1.0000458344208900
7.1454591745804512	0.9999534640065199
7.1488469227582447	1.0000450365488724
7.1522416285712520	0.9999542853684350
7.1556418517587952	1.0000442037063255
7.1590493988287296	0.9999551538985856
7.1624630003733660	1.0000432972608637
7.1658846583525753	0.9999561223236180
7.1693133675097416	1.0000422546244125
7.1727514488930995	0.9999572708591026
7.1761983199261188	1.0000409747014083
7.1796568484834022	0.9999587284351421
7.1831271594296791	1.0000392901355573
7.1866130900913028	0.9999607143830379
7.1901160568546203	1.0000369091013799
7.1936417350673079	0.9999636249366125
7.1971941384070703	1.0000332812962378
7.2007828730485093	0.9999682457510325
7.2044180268255795	1.0000272560072341
7.2081194215636932	0.9999762626792288
7.2119155827806596	1.0000167560916047
7.2158657089907683	0.9999862101201298
7.2201147985957084	1.0000509886760829
7.2270643017502501	0.9998739315333963
7.2319518664573703	0.9999756194455426
7.2365249044536801	0.9999188795905448
7.2436628078017300	1.0001323444923169
7.2484535477964345	1.0000150639429468
7.2525719353076008	1.0000488601520972
7.2564641298452477	0.9999891032875849
7.2603375118133773	1.0000236192883281
7.2643174061764624	0.9999896718480722
7.2685771289010157	1.0000532033661016
7.2755246391150115	0.9998728287156514
7.2803591478174798	0.9999764060892400
7.2847098368934340	0.9999617644061952
7.2890947285417376	1.0000436143570937
7.2961396417210631	0.9998661749863226
7.3010739507791698	0.9999733243588206
7.3056621816220746	0.9999172573237142
7.3128304641006805	1.0001286889354304
7.3179119685666985	0.9999712142718881
7.3254351325378417	1.0001687963603327
7.3303810028727598	1.0000254582819494
7.3345034646199458	1.0000600280225782
7.3383190801078158	0.9999860552135307
7.3420497373862874	1.0000357237121598
7.3457926173741770	0.9999816395362663
7.3496082757854833	1.0000194995886338
7.3535670686761359	0.9999877201732651
7.3578190305226174	1.0000519986908296
7.3647521658133428	0.9998711207736958
7.3695261601172968	0.9999788044706509
7.3737581210042480	0.9999588092957608
7.3778726599372222	1.0000019643073625
7.3821810257215024	0.9999403610519597
7.3891655713791238	1.0001247777571718
7.3940758648942468	1.0000227200712790
7.3986541738676701	1.0000803226160204
7.4057916209836163	0.9998665630806610
7.4105972529720265	0.9999837089470465
7.4147307888490008	0.9999505501616430
7.4186325753412996	1.0000097301781081
7.4225142365059060	0.9999755353789703
7.4264975340412578	1.0000093792537077
7.4307594968595767	0.9999456988968494
7.4376646038865584	1.0001337545755133
7.4422400448729293	1.0000112727629067
7.4461496010298145	1.0000614352933563
7.4497981429910718	0.9999750729286370
7.4533502279381336	1.0000464580720292
7.4568674998771822	0.9999650160709360
7.4603728751325988	1.0000411041729136
7.4638764261104509	0.9999621647385559
7.4673803460114634	1.0000390134236385
7.4708874045917755	0.9999615047501099
7.4743966618278401	1.0000380476932382
7.4779099357315406	0.9999615611552163
7.4814258574439965	1.0000374381666977
7.4849462334101196	0.9999618892934812
7.4884697523044634	1.0000368935923736
7.4919984118314469	0.9999623825895472
7.4955311429061409	1.0000362666638645
7.4990703012253945	0.9999630721059732
7.5026152815913267	1.0000354205872419
7.5061690886574510	0.9999640863413213
7.5097319877824980	1.0000341497602594
7.5133082168578031	0.9999656881180574
7.5168997635859940	1.0000320786576562
7.5205134043834949	0.9999684025342640
7.5241548987576579	1.0000284435649023
7.5278370089916447	0.9999733595451477
7.5315753901360383	1.0000215704085560
7.5354009386677427	0.9999826646515022
7.5393676952175861	1.0000127613274199
7.5436225738151661	0.9999473279219401
7.5505312238675595	1.0001314983150345
7.5551998679402015	1.0000146995078325
7.5592323955804650	1.0000539069415335
7.5630213182122441	0.9999826101398929
7.5667358043169042	1.0000353048826656
7.5704490145517704	0.9999776753038436
7.5742019416216104	1.0000237106948944
7.5780344477639456	0.9999839319741505
7.5820045965493428	1.0000134320678624
7.5862604900956292	0.9999475882489877
7.5931891759258292	1.0001278728610978
7.5979934454943168	1.0000205000419420
7.6022504586061626	1.0000396927018678
7.6063824823710435	0.9999968613654274
7.6106942881327706	1.0000591400538303
7.6176378005144532	0.9998671837645358
7.6222959238934562	0.9999861876499371
7.6262903820029342	0.9999420381125788
7.6300162510248262	1.0000207384248563
7.6336434952978260	0.9999569680811673
7.6372328060389103	1.0000301601525130
7.6408124455185487	0.9999623403308315
7.6443911998006859	1.0000323701210678
7.6479766600705021	0.9999649819324420
7.6515710612331551	1.0000319338154333
7.6551803321291221	0.9999673511568717
7.6588080755436678	1.0000297500459023
7.6624634496578006	0.9999709161258532
7.6661557965195710	1.0000251381564060
7.6699040802113974	0.9999775808903770
7.6737355228813433	1.0000161365065230
7.6777073941788432	0.9999861478264315
7.6819624027839435	1.0000517250395062
7.6888695269198690	0.9998669933250207
7.6935195939774532	0.9999851777764518
7.6975224861147726	0.9999426821803520
7.7012646871826487	1.0000194609728685
7.7049141996095951	0.9999585208955533
7.7085324883279380	1.0000280725272570
7.7121502284819252	0.9999651428782146
7.7157799412533148	1.0000286210905847
7.7194348820408880	0.9999701389535934
7.7231258262858269	1.0000248340073681
7.7268725623561778	0.9999773106682306
7.7307026463168658	1.0000160445762651
7.7346736380902232	0.9999860852586760
7.7389284100558715	1.0000516591478548
7.7458362330058677	0.9998670598180327
7.7504885170809441	0.9999849747213049
7.7544969043628447	0.9999431898486766
7.7582490820837036	1.0000186355044192
7.7619149211644523	0.9999599307843260
7.7655586000542023	1.0000260300989714
7.7692148728528512	0.9999682440720979
7.7729024483004991	1.0000241798879161
7.7766447983349609	0.9999766432420156
7.7804709213202967	1.0000158503940446
7.7844393224700630	0.9999859441350148
7.7886934006381274	1.0000514887107239
7.7955940406729400	0.9998655319790523
7.8001935977164258	0.9999869023356408
7.8041303579423200	0.9999386377151607
7.8077989304692323	1.0000232143193097
7.8113678106578810	0.9999532593494390
7.8148970380984784	1.0000333571743238
7.8184149085877914	0.9999586192627421
7.8219307964400837	1.0000357812076317
7.8254531504985456	0.9999614603919633
7.8289853107848790	1.0000351526839606
7.8325343759233439	0.9999643056485140
7.8361052502455433	1.0000323954394743
7.8397083872426458	0.9999686658430086
7.8433545295865068	1.0000268511254788
7.8470640754100227	0.9999764367683858
7.8508659267762591	1.0000166462591897
7.8548194283295594	0.9999861890583194
7.8590694570781725	1.0000510939549325
7.8659874740455997	0.9998681442421835
7.8706650090873520	0.9999825960059513
7.8747396747442400	0.9999491388988228
7.8786125095885069	1.0000094359911802
7.8824788229677596	0.9999750443111244
7.8864543229077499	1.0000091216862714
7.8907139625896416	0.9999457416603599
7.8976497206085154	1.0001279644853638
7.9024198417444520	1.0000199549718833
7.9066438252086613	1.0000403166600933
7.9107546339238910	0.9999970694517203
7.9150606789438038	1.0000585304299041
7.9220396875451318	0.9998728589136459
7.9268862665474424	0.9999768180020758
7.9312399301535148	0.9999618907295608
7.9356260485108621	1.0000436438946112
7.9426189024308220	0.9998562446479742
7.9471940794339320	0.9999858160362022
7.9510735849463705	0.9999336178840255
7.9546879790063567	1.0000239325185158
7.9582180671968397	0.9999515409694552
7.9617296766136425	1.0000321779315313
7.9652565107115807	0.9999609898492234
7.9688146712464452	1.0000305643914724
7.9724225279516991	0.9999695704076798
7.9760987966446404	1.0000229179898807
7.9798771905398667	0.9999815382703628
7.9838148224448497	1.0000125333352330
7.9880618282452964	0.9999482302088502
7.9949524698152583	1.0001361915291980
7.9994461010737945	1.0000096078745779
8.0032769070005330	1.0000652441141507
8.0068664369621612	0.9999740218788342
8.0103849102516254	1.0000468417432411
8.0138995069331092	0.9999676057345415
8.0174414574169468	1.0000358856378011
8.0210332063739802	0.9999713927455219
8.0246960182430236	1.0000247454721962
8.0284641380560320	0.9999821170036408
8.0323955376284815	1.0000129303889120
8.0366408358427019	0.9999486513453436
8.0435172718301349	1.0001392192951215
8.0479152174558894	1.0000060571291101
8.0516341767060666	1.0000728574184536
8.0551079629301672	0.9999674991310541
8.0585042156724747	1.0000559437379268
8.0618845051082477	0.9999585983098183
8.0652729527460263	1.0000472991749421
8.0686823317364595	0.9999585008082872
8.0721192078711237	1.0000410402761761
8.0755924493719728	0.9999623161635506
8.0791097479825300	1.0000341978256084
8.0826853333370163	0.9999695220208391
8.0863367464255109	1.0000242773097592
8.0900971091882106	0.9999815625731018
8.0940239318135703	1.0000126905777962
8.0982679869929175	0.9999486834455820
8.1051990150196378	1.0001291106458536
8.1099244036069376	1.0000199471481299
8.1141101000799249	1.0000413362612330
8.1181974545361708	0.9999974703407544
8.1224970783548809	1.0000579651129333
8.1294378887272831	0.9998649009203562
8.1339879447534624	0.9999876256684741
8.1378911357885890	0.9999392377165914
8.1415707406534885	1.0000188801487744
8.1452095963381534	0.9999616667564279
8.1488850598456715	1.0000196875948597
8.1526549255280152	0.9999790324425007
8.1565851236233744	1.0000113621971161
8.1608305007710591	0.9999479693952356
8.1677625090786581	1.0001289079473088
8.1724878284663500	1.0000198415694026
8.1766733194453138	1.0000412895726873
8.1807605307620523	0.9999974447693661
8.1850601150288540	1.0000579470479896
8.1920423065327324	0.9998725698886000
8.1968588159664222	0.9999767309833607
8.2011908499955233	0.9999616985318586
8.2055711040184018	1.0000427921368873
8.2125854571603174	0.9998591428946757
8.2172465165340043	0.9999810087857472
8.2212735100374470	0.9999450895738895
8.2250991880161557	1.0000096070084599
8.2289287366501824	0.9999736750991988
8.2328815195390792	1.0000086694629025
8.2371350570849877	0.9999463071356695
8.2440145292085507	1.0001394824391781
8.2483878962928170	1.0000047798192362
8.2520784220583447	1.0000747074551564
8.2555235344922302	0.9999657007682667
8.2588896107020897	1.0000583324583525
8.2622362425698199	0.9999560716006688
8.2655853487325945	1.0000505410622287
8.2689472935222508	0.9999547339155956
8.2723256597202361	1.0000457991839093
8.2757254629707315	0.9999564929520078
8.2791489516302423	1.0000416032560957
8.2826022166231716	0.9999601040120463
8.2860897758397041	1.0000365433680034
8.2896216238001692	0.9999658085693129
8.2932083992732117	1.0000291539721198
8.2968705182082676	0.9999750972078236
8.3006374216687711	1.0000172955770594
8.3045696784818475	0.9999862568949623
8.3088139423423311	1.0000503807013703
8.3157154601326582	0.9998640517568268
8.3202418775099964	0.9999875493530743
8.3241251780258381	0.9999375317019525
8.3277786298861329	1.0000207080488441
8.3313781950612480	0.9999581943460919
8.3349933631251947	1.0000242288111518
8.3386687376215267	0.9999726234077363
8.3424419430793613	1.0000158121040048
8.3463772917955072	0.9999854662347775
8.3506224594319551	1.0000500455152901
8.3575477815169634	0.9998683556902443
8.3622242396582447	0.9999812992076157
8.3663242350731046	0.9999520357215944
8.3702625777528219	1.0000046205883999
8.3742619278001360	0.9999789966119137
8.3785290865992561	1.0000475495533185
8.3854520804747494	0.9998632738977279
8.3900222094980883	0.9999854827835145
8.3939539324204091	0.9999401204266957
8.3976604952594567	1.0000175576254320
8.4013224782927161	0.9999624728155094
8.4050165589966959	1.0000190948691883
8.4088001936902295	0.9999792719631415
8.4127387369405362	1.0000113763521490
8.4169863654312120	0.9999476855872992
8.4238912105152561	1.0001336317849912
8.4284604175380622	1.0000126851957152
8.4323934825895979	1.0000581112163194
8.4361043905557000	0.9999812385848362
8.4397688463684588	1.0000361406468654
8.4434665947804319	0.9999798084083228
8.4472514667607701	1.0000195488234911
8.4511922282462546	0.9999875023014405
8.4554391921260130	1.0000512364321885
8.4623431965408482	0.9998647903224628
8.4668909089355466	0.9999871144773458
8.4707960588818416	0.9999387152052873
8.4744685383229701	1.0000200929406726
8.4780841219513139	0.9999589913139058
8.4817125019469302	1.0000238197826685
8.4853983803119473	0.9999729866252071
8.4891793137543363	1.0000157014160842
8.4931193463017980	0.9999854700911984
8.4973657815294636	1.0000502112372904
8.5042507248506052	0.9998610019037406
8.5086892213003686	0.9999916077600006
8.5124497578259000	0.9999282611732733
8.5159534023496999	1.0000305855148717
8.5193693601044469	0.9999435445354021
8.5227547126287533	1.0000410961378789
8.5261348022059735	0.9999498830337777
8.5295165642954576	1.0000436289884946
8.5329061083437541	0.9999530759006666
8.5363041770571648	1.0000434001027270
8.5397146362011878	0.9999554400171522
8.5431381535240067	1.0000418378108999
8.5465791403658482	0.9999580210078562
8.5500395166729550	1.0000391707045544
8.5535254605781166	0.9999615095603429
8.5570415082059625	1.0000350271018641
8.5605977697969706	0.9999667879790477
8.5642048850579915	1.0000283275436985
8.5678832492109489	0.9999755573907319
8.5716621079029274	1.0000170633874468
8.5756016179158259	0.9999862311795142
8.5798478425844191	1.0000506229490904
8.5867310529877745	0.9998609632632428
8.5911641756484691	0.9999919034614538
8.5949182289544819	0.9999278762229601
8.5984155898397692	1.0000309105512508
8.6018260726360278	0.9999432513034154
8.6052073049987889	1.0000412260725713
8.6085852393567759	0.9999499105688633
8.6119675174957226	1.0000433564621236
8.6153610834238084	0.9999536391597029
8.6187676634349977	1.0000424726569976
8.6221923301082644	0.9999568241527340
8.6256372797245451	1.0000398986149803
8.6291089472632354	0.9999606720257649
8.6326120425028172	1.0000356239898665
8.6361568425546817	0.9999662460918810
8.6397541456563864	1.0000286972008163
8.6434245142995412	0.9999753041860657
8.6471974050558078	1.0000171686160269
8.6511332706948512	0.9999862375745239
8.6553785135394392	1.0000504976262343
8.6622500415588615	0.9998586008950010
8.6666093946790550	0.9999947396563000
8.6702798563192669	0.9999220529062639
8.6736941979589197	1.0000356502513583
8.6770214775881982	0.9999368881925204
8.6803172872609586	1.0000470093774221
8.6836056974214024	0.9999430430579487
8.6868925974434941	1.0000502458678187
8.6901832507484897	0.9999458149318202
8.6934773558678025	1.0000508119496856
8.6967776343940510	0.9999474077670256
8.7000831464781907	1.0000503455813436
8.7033963425345018	0.9999487066220961
8.7067163846157349	1.0000493630678207
8.7100458553579614	0.9999500774157914
8.7133841903137768	1.0000479931748611
8.7167342838443282	0.9999517147595790
8.7200960144807969	1.0000462010691105
8.7234728157827703	0.9999537898814687
8.7268653061726145	1.0000438425588174
8.7302778695714647	0.9999565364045252
8.7337124530519468	1.0000406356455942
8.7371752538478784	0.9999603525893415
8.7406708582662933	1.0000360369676551
8.7442094067044795	0.9999660173400249
8.7478016195104757	1.0000289062523215
8.7514679942383733	0.9999751965199044
8.7552379827539593	1.0000172248087356
8.7591720980139822	0.9999862431059976
8.7634168658786589	1.0000504379510415
8.7702955248400638	0.9998598519329492
8.7746915546537512	0.9999931178070011
8.7784067094740230	0.9999253952674257
8.7818685417263307	1.0000326525924432
8.7852462860639040	0.9999409487974129
8.7885963969689094	1.0000430959189635
8.7919437892998662	0.9999477261736642
8.7952951450721777	1.0000454198144653
8.7986564963319616	0.9999513083811474
8.8020285111495795	1.0000449226131269
8.8054150452180089	0.9999540184192985
8.8088167170360343	1.0000430705830909
8.8122379233492882	0.9999569172064919
8.8156805383726624	1.0000401123710498
8.8191507098975599	0.9999607049872622
8.8226529503271429	1.0000356836414963
8.8261973446986062	0.9999662698437205
8.8297945403807017	1.0000287040993403
8.8334649639673053	0.9999753186341240
8.8372379665649863	1.0000171684361883
8.8411739196680212	0.9999862390723681
8.8454191821296835	1.0000505014181451
8.8523058406302635	0.9998614394330919
8.8567516524445509	0.9999911720697671
8.8605251872263775	0.9999294671671747
8.8640471365648281	1.0000291676560891
8.8674874322238324	0.9999457121009794
8.8709042941229725	1.0000385439480206
8.8743245513616724	0.9999532704831262
8.8777569612350185	1.0000395758923881
8.8812099585385429	0.9999581942499683
8.8846874157012277	1.0000371796537602
8.8881975342276753	0.9999632175359358
8.8917472262844939	1.0000321738485980
8.8953504354980986	0.9999703027425960
8.8990242062081233	1.0000234101192140
8.9028012047640530	0.9999817744149642
8.9067381410285158	1.0000126638349700
8.9109849243973738	0.9999483175554502
8.9178853041661643	1.0001343996909158
8.9224368800797169	1.0000119264791225
8.9263430006308280	1.0000601770726276
8.9300177706730199	0.9999788779003005
8.9336335464667673	1.0000398930151437
8.9372635056200576	0.9999751162410188
8.9409490650378487	1.0000259131288065
8.9447312344996028	0.9999832155468692
8.9486705602880363	1.0000134374564473
8.9529180592089137	0.9999486623194948
8.9598078889121364	1.0001365611057713
8.9642951276232896	1.0000092174257573
8.9681135189018768	1.0000664854371064
8.9716827893184217	0.9999722716058067
8.9751700158173353	1.0000497873807694
8.9786381137448394	0.9999636073778555
8.9821124499057579	1.0000417070456951
8.9856069439288913	0.9999635270662577
8.9891295252829870	1.0000357087140304
8.9926911442425030	0.9999675725239734
8.9963028507632465	1.0000284577240557
8.9999849725447412	0.9999758468915475
9.0037666841541597	1.0000171046940438
9.0077079406892651	0.9999862767360929
9.0119546373565331	1.0000507072876910
9.0188563747973962	0.9998645295504835
9.0234036243215829	0.9999873289175799
9.0273024827697181	0.9999378932918960
9.0309608090845277	1.0000213987802520
9.0345520115330267	0.9999567754607547
9.0381419811301562	1.0000269290156460
9.0417687606633432	0.9999683991302292
9.0454575324038622	1.0000216703545455
9.0492445156823091	0.9999811595223393
9.0531871513214703	1.0000122668015479
9.0574355513693892	0.9999479265093495
9.0643755501696184	1.0001266701262181
9.0691969899269438	1.0000227875042134
9.0735369065150753	1.0000373769651087
9.0779201309608020	0.9999557237548629
9.0849195133930944	1.0001411768142481
9.0895477902709132	1.0000153820744346
9.0935007397909118	1.0000600962513049
9.0972068942175088	0.9999804902317697
9.1008460372608440	1.0000393179985576
9.1044942243491676	0.9999759050358963
9.1081939911442102	1.0000255830030917
9.1119865447304118	0.9999834414011564
9.1159321590560403	1.0000134783214671
9.1201813652177908	0.9999484683419962
9.1271119136533780	1.0001286464142838
9.1318712377508149	1.0000202492522441
9.1360872398558186	1.0000406425146851
9.1401934153647666	0.9999972233063023
9.1444981557003437	1.0000584631568337
9.1514320708519641	0.9998643742883833
9.1559770180493647	0.9999891762307181
9.1598464488093025	0.9999353230737914
9.1634559466110819	1.0000253327386377
9.1669779491907093	0.9999511200537944
9.1704729594036625	1.0000343188635024
9.1739693263068567	0.9999581334152470
9.1774768313983515	1.0000352666887069
9.1810049100190820	0.9999627876719276
9.1845586958058032	1.0000327267798239
9.1881484160477527	0.9999679883733087
9.1917842859030721	1.0000270679098668
9.1954862381492148	0.9999761859694318
9.1992827955494185	1.0000166984407097
9.2032331648947068	0.9999861817919558
9.2074823191826916	1.0000509821232655
9.2143965419636888	0.9998672987677794
9.2190425594249472	0.9999838385252406
9.2230704267658012	0.9999460206351838
9.2268790828566196	1.0000132346084403
9.2306520594656085	0.9999691686424690
9.2344775423978653	1.0000127352854278
9.2384398663191014	0.9999839879193244
9.2426929612896469	1.0000500359583071
9.2496207506933352	0.9998689115468085
9.2543417134744779	0.9999806077630645
9.2584843505057481	0.9999533861138805
9.2624548325210601	1.0000044119836673
9.2664735579532707	0.9999791141532225
9.2707460406305238	1.0000482725995767
9.2776952054224004	0.9998690196271636
9.2824754916708745	0.9999779753886368
9.2867090601465616	0.9999583113047860
9.2908237640750144	1.0000016998175698
9.2951322730952217	0.9999402223295496
9.3021171224594941	1.0001247219953995
9.3070268591658412	1.0000226908492531
9.3116050282000309	1.0000802830409856
9.3187479792843035	0.9998674739646625
9.3235891747118540	0.9999821826910541
9.3277821963965248	0.9999544027329140
9.3317736684427199	1.0000049762636494
9.3358009014249266	0.9999793761076632
9.3400762711796865	1.0000485408082480
9.3470363172038908	0.9998707240561772
9.3518800090428797	0.9999755326599322
9.3562354329525395	0.9999613239710820
9.3606217037127628	1.0000434996683074
9.3676188738377153	0.9998574385496669
9.3722386359016081	0.9999846638110921
9.3761658160079104	0.9999360282828722
9.3798191608128931	1.0000229809891945
9.3833746592709844	0.9999521325405136
9.3868936325141838	1.0000334364602466
9.3904037981569886	0.9999580815721840
9.3939129836865138	1.0000361081701123
9.3974275716462348	0.9999607532341367
9.4009482384792769	1.0000362053944503
9.4044787117610582	0.9999625598734476
9.4080195046213344	1.0000351048198624
9.4115750703855436	0.9999645733297928
9.4151475411458545	1.0000329259548533
9.4187438504608103	0.9999676013724529
9.4223699289907401	1.0000290596806867
9.4260387304792985	0.9999728743776384
9.4297661565321107	1.0000218792650368
9.4335834249506050	0.9999825232404060
9.4375450679519837	1.0000127483094525
9.4417985512619520	0.9999475008119758
9.4487045568631043	1.0001322270896829
9.4533446822020419	1.0000138497401199
9.4573413888484481	1.0000559575300672
9.4610907355740874	0.9999806989752890
9.4647605103148837	1.0000381607334714
9.4684202309028347	0.9999744736543206
9.4721046216988967	1.0000281664480088
9.4758418029668636	0.9999784961858227
9.4796634987479926	1.0000170620156774
9.4836289042008186	0.9999865529245594
9.4878822240444052	1.0000516908937809
9.4948069468967020	0.9998700060400655
9.4995555261577529	0.9999805009799883
9.5037262231045680	0.9999544323343389
9.5077184426827195	1.0000043633524573
9.5117504580430765	0.9999792361681902
9.5160266038913335	1.0000487927553596
9.5229511318015341	0.9998650135538860
9.5275984507854368	0.9999845319952864
9.5315962885984788	0.9999422163709650
9.5353379381053180	1.0000187663344329
9.5389947226757563	0.9999593986039206
9.5426309718798148	1.0000262008169429
9.5462813208703654	0.9999679801740884
9.5499642771770947	1.0000242873997962
9.5537031424803267	0.9999765389093439
9.5575267929213013	1.0000158786516660
9.5614937131042321	0.9999859436990808
9.5657473773579120	1.0000514374636498
9.5726719577110995	0.9998699620314732
9.5774240223107938	0.9999804166883582
9.5815981004179829	0.9999545113165178
9.5855928748241865	1.0000043383049648
9.5896264396541060	0.9999792387420325
9.5939030162835639	1.0000488471226874
9.6008588143810591	0.9998709257034817
9.6057192674318870	0.9999755968198174
9.6100872263975887	0.9999614281648486
9.6144768978337769	1.0000439959142036
9.6214810767178154	0.9998593126601050
9.6261738484343233	0.9999825418894699
9.6301902049248955	0.9999413225267793
9.6339386946258880	1.0000182652320420
9.6375975401458849	0.9999590693220218
9.6412337295826038	1.0000261190310913
9.6448831117180074	0.9999678223346444
9.6485647421504037	1.0000243097738095
9.6523022644409675	0.9999764707229946
9.6561247797120302	1.0000158918591402
9.6600909659069405	0.9999859433857673
9.6643444357864681	1.0000514133217853
9.6712637372461643	0.9998689335662446
9.6759786669792032	0.9999819441987754
9.6800925896434968	0.9999506809918580
9.6839985414094407	1.0000088658201749
9.6878896860749890	0.9999756244675230
9.6918803545981707	1.0000092739295792
9.6961441378511459	0.9999453066271213
9.7030723773411562	1.0001287584040572
9.7078252560581770	1.0000181730707836
9.7119950456356374	1.0000444457912643
9.7159876074436831	0.9999944857347640
9.7200181019227330	1.0000196602110227
9.7242951247372851	0.9999501143237991
9.7312282274676889	1.0001319671175983
9.7359504754402089	1.0000175648366170
9.7400629437309600	1.0000487651762491
9.7439675934184606	0.9999901747766347
9.7478555699841287	1.0000234725633872
9.7518456443574983	0.9999897285134758
9.7561079985086749	1.0000536083464273
9.7630105647371508	0.9998650183082121
9.7675782825414750	0.9999883188079366
9.7714733677533889	0.9999361724208575
9.7750971749391908	1.0000256159683323
9.7786186421995591	0.9999500876475357
9.7820968336007272	1.0000365606920512
9.7855585772903382	0.9999547317285195
9.7890116201233379	1.0000400259527276
9.7924623792765075	0.9999564226179727
9.7959117027447800	1.0000409548541909
9.7993633034675369	0.9999573630804347
9.8028175432361877	1.0000407169668541
9.8062782529776342	0.9999584481543204
9.8097464302575847	1.0000396069364543
9.8132268065954751	0.9999601630436539
9.8167216625544853	1.0000374891665096
9.8202375207389938	0.9999629845656862
9.8237792126744754	1.0000338811429590
9.8273571156358237	0.9999677041472776
9.8309820512311319	1.0000276826690699
9.8346745203294628	0.9999759731927608
9.8384637089548654	1.0000168866532599
9.8424094788130940	0.9999862199254951
9.8466574061441126	1.0000508387952172
9.8535819140899807	0.9998690051466739
9.8582837541751385	0.9999810633116589
9.8624079270978360	0.9999528833893662
9.8663642698977672	1.0000045564861968
9.8703743846891214	0.9999790914711805
9.8746445126202413	1.0000479673010929
9.8816119431934233	0.9998720630608244
9.8865025190657505	0.9999748888437709
9.8910768844120849	0.9999186362681218
9.8981757699011990	1.0001396997496954
9.9027031386006765	1.0000052130878023
9.9064695246822900	1.0000720729066241
9.9099491485031255	0.9999653537361302
9.9133260771571585	1.0000583742837796
9.9166672761854482	0.9999544293242810
9.9199975245859733	1.0000525945748926
9.9233282521197967	0.9999516572897850
9.9266631079821508	1.0000496030322537
9.9300065760332306	0.9999517723438162
9.9333596513439133	1.0000472942227487
9.9367263771647085	0.9999532944421650
9.9401079407003650	1.0000447389527922
9.9435091566118210	0.9999558949896595
9.9469323760317945	1.0000413851281940
9.9503841444906342	0.9999597628405367
9.9538693650893020	1.0000366094712507
9.9573984549896899	0.9999655889383398
9.9609823997139433	1.0000292582003649
9.9646419371818631	0.9999749912661697
9.9684067797048233	1.0000173317484635
9.9723377437931600	0.9999862588595642
9.9765816679739920	1.0000503376967234
9.9834643340135347	0.9998604529047387
9.9878769482719605	0.9999921337833436
9.9916177139655158	0.9999276324871544
9.9951134735757758	1.0000300146168977
9.9985352091384776	0.9999449018180475
