0.0000000000000000	0.0000000000000000
4.8165510569975059	0.0010000000000000
4.8226965003833930	0.0008698751698573
4.8267312054788922	0.0010261665226336
4.8305094111595706	0.0010380694652530
4.8343527052240400	0.0011896027511104
4.8383065002606616	0.0012826991787053
4.8423249198710288	0.0014829477221346
4.8463395317851390	0.0016348116957652
4.8502740019455004	0.0019151353481976
4.8540875736329756	0.0021006069351195
4.8577817443007394	0.0024606030978108
4.8614007656063158	0.0026875899206453
4.8649899853807552	0.0031213752948023
4.8685979711854488	0.0034351036666802
4.8722467643765315	0.0039573441916303
4.8759627205549982	0.0044072705283115
4.8797444282058553	0.0050563498890133
4.8836075301458619	0.0056930842085629
4.8875373979636683	0.0065273099864059
4.8915489064649673	0.0074136604034006
4.8956187096076480	0.0085117603328359
4.8997667181067142	0.0097326811067845
4.9039611487409820	0.0111990353206195
4.9082311746648637	0.0128711464961734
4.9125344540672886	0.0148447638315968
4.9169136101134807	0.0171279610681063
4.9213119720762135	0.0197951130096034
4.9257904489922630	0.0229078689174894
4.9302728980200810	0.0265186599589020
4.9348442070877763	0.0307578273178906
4.9394025011842588	0.0356467329421757
4.9440629093580579	0.0414115272215627
4.9486911490686376	0.0480208145239524
4.9534382240892025	0.0558378695796999
4.9581321965615315	0.0647400232631660
4.9629619797094602	0.0752797082264456
4.9677182298769722	0.0871890215567890
4.9726202420246226	0.1012493754291219
4.9774339442677187	0.1169994287573593
4.9823815568747678	0.1354042348188771
4.9872447496351269	0.1558557053813630
4.9921834681384807	0.1791918373358497
4.9970334871592543	0.2047464937566869
5.0019370740708347	0.2332554917339944
5.0096513406222547	0.2841501809655204
5.0204953642206824	0.3657259485633438
5.0329778660211790	0.4717001226735884
5.0377063721929680	0.5133769692157608
5.0423675795720371	0.5544373456391457
5.0558209735740345	0.6680454750291323
5.0602508594955973	0.7024686653479667
5.0648118835089670	0.7357998072690390
5.0734245148477415	0.7926251409835862
5.0780782865909684	0.8191306910824960
5.0821541354883735	0.8402514260797930
5.0866728917915927	0.8611891631708053
5.0914350280772283	0.8812609905829700
5.0954866850486988	0.8958399129769545
5.0990957510025154	0.9077111956175691
5.1030021073759082	0.9190903412032516
5.1071152353757832	0.9297762624785125
5.1114720618238412	0.9396495843924152
5.1156298554202895	0.9478413577034681
5.1195796652239904	0.9545809889569815
5.1232617594072254	0.9602348396180008
5.1268737730414777	0.9650062254915048
5.1304351546213214	0.9692978593350128
5.1340562297289276	0.9730180947337126
5.1376800764608737	0.9764135698152141
5.1413684399645510	0.9793355728186623
5.1450803320248601	0.9820125851085482
5.1489022892209357	0.9843338557321168
5.1528524952801407	0.9864847800951206
5.1571301085527912	0.9883958184925581
5.1638231835573034	0.9911201309177243
5.1685305752944108	0.9924473738393791
5.1726378643211071	0.9935475818422552
5.1766736802175313	0.9944080046940057
5.1809611987900386	0.9952907792499883
5.1880218991735134	0.9961936703817024
5.1923754877115789	0.9968696157002755
5.1961904935326260	0.9972357764664664
5.1999281158991701	0.9976501494187690
5.2038162251226021	0.9979375736410107
5.2080530507519995	0.9982963304442347
5.2148878175086972	0.9984717049077183
5.2183801152961236	0.9988414128146914
5.2214160370132596	0.9988233919192947
5.2244102588259578	0.9991043604382760
5.2274684839433156	0.9990773367953205
5.2306019646998623	0.9993011059238039
5.2338087619369542	0.9992764390891063
5.2370730399328975	0.9994610339062677
5.2403849367593365	0.9994319095519006
5.2437295420471450	0.9995900720021892
5.2470993760878013	0.9995522584870846
5.2504846403215417	0.9996922629343681
5.2538832079469611	0.9996452534707972
5.2572919167134238	0.9997713307122273
5.2607149197409875	0.9997180804500295
5.2641555831752331	0.9998307417810707
5.2676240220901684	0.9997769673655559
5.2711299597547017	0.9998734596055133
5.2746908448540788	0.9998272310049026
5.2783270585487125	0.9999013610421842
5.2820746377188481	0.9998737491123694
5.2859932442902000	0.9999195833934811
5.2902353548836496	0.9998692682194930
5.2971865086428913	1.0000636603564039
5.3020515408160813	0.9999724212213630
5.3066171233982073	1.0000363977020992
5.3137839078953206	0.9998379003151237
5.3187491448254569	0.9999490692070228
5.3233487897489100	0.9998957797788246
5.3304476169853832	1.0001275601506663
5.3348476218025525	0.9999878503764601
5.3384984481551960	1.0000656424185792
5.3419046444972231	0.9999539086799165
5.3452531953491134	1.0000483117894554
5.3486115569215729	0.9999511593421965
5.3520073831936843	1.0000375153301599
5.3554577118055393	0.9999575878313359
5.3589761569117380	1.0000276237860011
5.3625837615060741	0.9999693923186810
5.3663108383557825	1.0000144648286151
5.3702190542532122	0.9999831758364813
5.3744568822168208	1.0000468840185548
5.3814052395277887	0.9998696652297222
5.3861755729492060	0.9999742815091860
5.3904814261214682	0.9999598123662816
5.3948541174413966	1.0000406135397621
5.4018751921252015	0.9998589031001960
5.4065461769944747	0.9999786312080503
5.4106134481488493	0.9999482620020808
5.4145205802135585	1.0000035892414336
5.4184998229181796	0.9999779607376029
5.4227616601027098	1.0000461164713541
5.4296557911131691	0.9998563467305014
5.4340097817079513	0.9999929538549706
5.4376892402297923	0.9999229846125788
5.4411303345159920	1.0000321769223044
5.4445012523866225	0.9999408024666498
5.4478565907763006	1.0000415615396157
5.4512200535423609	0.9999492788359576
5.4545975709688017	1.0000427779919983
5.4579949598788762	0.9999542525704984
5.4614131435397244	1.0000410689857677
5.4648568157706761	0.9999584087625480
5.4683282223399097	1.0000376639376303
5.4718344789334532	0.9999632510310060
5.4753818665026062	1.0000322864485367
5.4789837981665768	0.9999703012038075
5.4826569483875929	1.0000234074371408
5.4864336811763899	0.9999817575706477
5.4903705128712224	1.0000126421667597
5.4946172556062640	0.9999482987010456
5.5015663978962355	1.0001252041901072
5.5064466809686836	1.0000236140643526
5.5110160891730731	1.0000801760765616
5.5181421349967366	0.9998648577247228
5.5228671858741194	0.9999858015172357
5.5269017541295522	0.9999452633062009
5.5306945347578527	1.0000145152700852
5.5344475868603658	0.9999685412358421
5.5382560869553981	1.0000131236176901
5.5422075025230475	0.9999840360731500
5.5464577130488673	1.0000496553897769
5.5533532160073582	0.9998622405057195
5.5578425358811145	0.9999895442363815
5.5616637771572064	0.9999323455605537
5.5652315201499238	1.0000268563394497
5.5687158490722259	0.9999486533891518
5.5721759034309422	1.0000360230135901
5.5756394820197377	0.9999561530006177
5.5791162712698199	1.0000368245597531
5.5826158434463569	0.9999612590275152
5.5861435981534484	1.0000339508943956
5.5897100774840007	0.9999669438215185
5.5933258712177460	1.0000278283290585
5.5970113204336318	0.9999756830399444
5.6007954675977105	1.0000169198273166
5.6047382164062425	0.9999861999055339
5.6089853126705513	1.0000507229529496
5.6158802443742930	0.9998633129347799
5.6203893377543395	0.9999889915494257
5.6242354532823624	0.9999341426328500
5.6278302991800215	1.0000253477812615
5.6313447947298405	0.9999509609163819
5.6348398155286317	1.0000335981881134
5.6383454447651697	0.9999593781345528
5.6418743016001649	1.0000329858456420
5.6454401486703292	0.9999662580054494
5.6490546662344885	1.0000275577818656
5.6527388143579751	0.9999754413235150
5.6565218637768728	1.0000168336319568
5.6604639193470332	0.9999861410812165
5.6647108298418676	1.0000506653333829
5.6716623454748119	0.9998738966781866
5.6765432538572256	0.9999754907927351
5.6811145564333394	0.9999190702591557
5.6882462139425112	1.0001338540842251
5.6929756220090084	1.0000132359142504
5.6970135949222440	1.0000534405016412
5.7008113940529537	0.9999845260204946
5.7045667904168980	1.0000302966487049
5.7083784437933263	0.9999858411887336
5.7123302822012443	1.0000148920458727
5.7165818662803618	0.9999491868788208
5.7235245522029938	1.0001272947697029
5.7283451833520411	1.0000230338351117
5.7326839240008134	1.0000375266055423
5.7370668690879691	0.9999558570769383
5.7440585254080325	1.0001427460551235
5.7486342586573631	1.0000135023409511
5.7525189311815383	1.0000645854608239
5.7561477130085823	0.9999762285032099
5.7596979757873248	1.0000456133478011
5.7632396126887855	0.9999690202345564
5.7668048651020527	1.0000349241901254
5.7704163539185931	0.9999722027687168
5.7740951879854840	1.0000242755665958
5.7778752538283724	0.9999823525221518
5.7818139367714849	1.0000129599199306
5.7860611973520291	0.9999484163106801
5.7929758642162916	1.0001317232514284
5.7976201133435437	1.0000157720450262
5.8016586815172877	1.0000512032072078
5.8055040253708414	0.9999890350330961
5.8093487996259707	1.0000243850867223
5.8133128477288265	0.9999899383012190
5.8175680681116404	1.0000528276468732
5.8244984123411214	0.9998691272184862
5.8291877078197780	0.9999815217301589
5.8332980728123509	0.9999525218788368
5.8372436297433268	1.0000046913676992
5.8412471545177125	0.9999790810703314
5.8455154846177440	1.0000477312221798
5.8524495421729323	0.9998655071538959
5.8570965547443326	0.9999825117652823
5.8611356542624220	0.9999472378257541
5.8649783226907122	1.0000097449816621
5.8688223174968659	0.9999743851571310
5.8727843112325653	1.0000089201862103
5.8770402694728903	0.9999460990641761
5.8839935762557953	1.0001252028069074
5.8889941119159834	0.9999728761477156
5.8964478398283795	1.0001679122329632
5.9013446871154116	1.0000251682339811
5.9054387115833116	1.0000601031596426
5.9092497177867660	0.9999875443940157
5.9130045137948635	1.0000324892464230
5.9168118511524961	0.9999867164558598
5.9207602048004428	1.0000154385111224
5.9250109379007974	0.9999496232643218
5.9319224186486306	1.0001335974543053
5.9365215599173577	1.0000142430121004
5.9404958093663014	1.0000554807430557
5.9442593986346610	0.9999845849411451
5.9479944281385295	1.0000311041504506
5.9517933749422109	0.9999858920347785
5.9557381332421739	1.0000149858707386
5.9599877033809001	0.9999494550878728
5.9669208423166902	1.0001293323633382
5.9716626411794786	1.0000202516349879
5.9758621753183743	1.0000411176437412
5.9799579281716531	0.9999974031479660
5.9842598550035344	1.0000582022713200
5.9912498484980734	0.9998743421394015
5.9961432078534900	0.9999760661297598
6.0007188207197979	0.9999193059894957
6.0078584528614840	1.0001336089354054
6.0126062353330640	1.0000144137632265
6.0166784647755867	1.0000507767223581
6.0205320373972668	0.9999884500543251
6.0243768587163116	1.0000243148464500
6.0283394650395099	0.9999898443507275
6.0325944881117044	1.0000526919348824
6.0395176512863884	0.9998674966057939
6.0441500764763614	0.9999836605191095
6.0481777524260956	0.9999473704095765
6.0520121138746417	1.0000101604356726
6.0558503305835112	0.9999744127024497
6.0598089442151091	1.0000089775983816
6.0640639657954720	0.9999462476684784
6.0709918606822546	1.0001301348466305
6.0756730285728402	1.0000172691276041
6.0797727726125830	1.0000467506662527
6.0837120291563753	0.9999941941332333
6.0877102612342249	1.0000198706390679
6.0919783926417184	0.9999513128889648
6.0989445329322800	1.0001271263698335
6.1038295076843934	1.0000243604229715
6.1084006825036870	1.0000805259755654
6.1155170511443915	0.9998627750498282
6.1201645936228743	0.9999885679258962
6.1240956913557545	0.9999387372978368
6.1277674296673590	1.0000211786038062
6.1313738541922937	0.9999585581640458
6.1349914570015400	1.0000244440239960
6.1386675186696005	0.9999727324018879
6.1424407972756612	1.0000158972548669
6.1463760707916926	0.9999855140596488
6.1506212384626444	1.0000500701058272
6.1575660541752981	0.9998720191146814
6.1623718151284734	0.9999759976114504
6.1667028212246713	0.9999614391311964
6.1710822952567703	1.0000427815243962
6.1780797873343563	0.9998566882381380
6.1826600709992894	0.9999846411525709
6.1865649455973575	0.9999362820594316
6.1902266276083413	1.0000199081585619
6.1938293229478241	0.9999577836149528
6.1974455168716203	1.0000240092987067
6.2011211198169267	0.9999724881820404
6.2048942577750230	1.0000157546483865
6.2088295117304417	0.9999854359379222
6.2130746608882239	1.0000500286781115
6.2199809770600520	0.9998647700042398
6.2245368872359466	0.9999863282673698
6.2284590059383147	0.9999401287697616
6.2321586089163619	1.0000179511044276
6.2358151869354783	0.9999623614054306
6.2395050684090858	1.0000192610637557
6.2432856239398822	0.9999792410226532
6.2472223070426987	1.0000113859586000
6.2514694321881672	0.9999477559190501
6.2583732540498627	1.0001339109609815
6.2629323825727807	1.0000124268553348
6.2668545954201669	1.0000586703124619
6.2705557947117363	0.9999809274338333
6.2742120317839740	1.0000365080580160
6.2779031383754784	0.9999796468782419
6.2816830789297056	1.0000196624604847
6.2856208370563618	0.9999875236223025
6.2898669928872328	1.0000511428323133
6.2967787304243066	0.9998661019745837
6.3013677439412108	0.9999851418389755
6.3053359635914958	0.9999433597794519
6.3090934068147009	1.0000145371708162
6.3128254373345527	0.9999677326575517
6.3166208041259804	1.0000130718527267
6.3205648858385768	0.9999839263497804
6.3248130175359814	1.0000493654345346
6.3317214198903304	0.9998644109043373
6.3362782167019169	0.9999861932555170
6.3402002447651498	0.9999400081093781
6.3438993380957527	1.0000179341360074
6.3475552781100237	0.9999622956289949
6.3512445361813317	1.0000192617052883
6.3550245821059210	0.9999792155748913
6.3589609418616053	1.0000113745056167
6.3632079826915398	0.9999477588644170
6.3701396157001815	1.0001286955935123
6.3748765837419450	1.0000199189709424
6.3790723785211600	1.0000410354238864
6.3831659480361740	0.9999973503675529
6.3874672611317473	1.0000581078127537
6.3944575966908515	0.9998743293362233
6.3993494379736751	0.9999760324421763
6.4039246521136626	0.9999193417483455
6.4110640412855640	1.0001337315032048
6.4158061950054881	1.0000143209238730
6.4198726900273950	1.0000510088580403
6.4237215893249813	0.9999883688951404
6.4275630084299200	1.0000243980059369
6.4315235742306882	0.9999898647143318
6.4357780428661542	1.0000526321112042
6.4427376870405801	0.9998742600320030
6.4476143746152195	0.9999756134542704
6.4521847514979234	0.9999193380834168
6.4593289052264744	1.0001322462464650
6.4641157871758335	1.0000161805735543
6.4682546490435344	1.0000462274927233
6.4722074878834936	0.9999937806750226
6.4762101142396080	1.0000197221610976
6.4804799421543624	0.9999512126176390
6.4873296149525803	1.0001491657830917
6.4915030539827789	0.9999972794317072
6.4949743776746613	1.0000917197415569
6.4982118221448122	0.9999540197169302
6.5013818792261819	1.0000739355472867
6.5045416697696403	0.9999440442437038
6.5077115599028250	1.0000639980087336
6.5109015353846340	0.9999434042501087
6.5141150449772987	1.0000573202767624
6.5173571617100770	0.9999463219392299
6.5206298501810460	1.0000514419032713
6.5239387254056256	0.9999511732295508
6.5272871382045539	1.0000450520221120
6.5306831930576159	0.9999578071292918
6.5341341345909330	1.0000370292697114
6.5376542958796184	0.9999671000883156
6.5412614641072588	1.0000255988132740
6.5449893372333712	0.9999808932627396
6.5488965632028266	1.0000126192075887
6.5531353655670594	0.9999493292828797
6.5600670527896829	1.0001298774567644
6.5647525009786332	1.0000196274940725
6.5689030648539370	1.0000422177656618
6.5729688593559956	0.9999977815397900
6.5772626539258612	1.0000574118538190
6.5841763185512461	0.9998590290458592
6.5885302009050539	0.9999941903502810
6.5922183281772648	0.9999257780487514
6.5956893693515894	1.0000290059987322
6.5991199247976056	0.9999478817775045
6.6025740378910074	1.0000322864377214
6.6060882618743948	0.9999634626865389
6.6096874851145113	1.0000241779473240
6.6134087389091940	0.9999797591687973
6.6173116851566940	1.0000120809766915
6.6215494176884766	0.9999492119185087
6.6284947320405454	1.0001274497690515
6.6332594276230683	1.0000229306397521
6.6375586794197599	1.0000377600447470
6.6419309560125424	0.9999573080000885
6.6488988826827535	1.0001487642360478
6.6532652835149362	1.0000079703951585
6.6569450313237830	1.0000761858579246
6.6604057557079148	0.9999705389534717
6.6638251113173874	1.0000523968580546
6.6672711464543983	0.9999666834664431
6.6707774287256258	1.0000360285715510
6.6743719514018558	0.9999747274593815
6.6780884132499843	1.0000193284967411
6.6819899209083298	0.9999868866328714
6.6862260285600117	1.0000496116635105
6.6931616025031424	0.9998690391324183
6.6978308342582071	0.9999794487317688
6.7019703659393572	0.9999564597440448
6.7060279945319836	1.0000010682618794
6.7103208928943605	0.9999417355454038
6.7169416776455737	1.0001932103803943
6.7201550670192223	0.9999479985496252
6.7228893471197724	1.0001518932950357
6.7255725970259812	0.9999204082156768
6.7282967360258734	1.0001151864971705
6.7310775840613868	0.9999177922458237
6.7339117369838828	1.0000942507474526
6.7367947863657482	0.9999204314966857
6.7397198940923957	1.0000821088773952
6.7426841714853341	0.9999246294625771
6.7456824991549285	1.0000742311794950
6.7487139097532234	0.9999291278906651
6.7517747061196216	1.0000683913421649
6.7548652213599079	0.9999335453590015
6.7579828089823737	1.0000635023095963
6.7611287597075194	0.9999378662415556
6.7643013250463078	1.0000589795495227
6.7675026663048099	0.9999422319281929
6.7707319853111541	1.0000544319868765
6.7739924651169838	0.9999468787568575
6.7772845721752004	1.0000494936186095
6.7806130157930156	0.9999521641473879
6.7839803437382775	1.0000436794907976
6.7873940771264305	0.9999586919663852
6.7908609556327377	1.0000361467583097
6.7943949056355892	0.9999676503395398
6.7980133373822067	1.0000251899193005
6.8017495989014858	0.9999810389129511
6.8056619055460805	1.0000126157164040
6.8099020580159184	0.9999491470563729
6.8167161380988528	1.0001516458828523
6.8207600865982654	0.9999918554740759
6.8241251666425624	1.0000987626832154
6.8272801224218549	0.9999493986578227
6.8303812808104052	1.0000796142216140
6.8334784085799063	0.9999395261165833
6.8365866343813222	1.0000694467427194
6.8397119771910555	0.9999380304737410
6.8428543784561935	1.0000637022301613
6.8460155876605358	0.9999392576424057
6.8491940336559916	1.0000597952999219
6.8523914275495317	0.9999414778044681
6.8556063569595000	1.0000565507494785
6.8588409601551499	0.9999441531868709
6.8620942903920001	1.0000534179595526
6.8653690582868023	0.9999471909210533
6.8686650078146601	1.0000500646840769
6.8719856802983923	0.9999507085554366
6.8753319115229550	1.0000461774235008
6.8787086364065928	0.9999549961822888
6.8821186439731203	1.0000413118404228
6.8855695761596136	0.9999606153318803
6.8890682922602400	1.0000346552041754
6.8926287362164036	0.9999687250034746
6.8962682436059852	1.0000245192831716
6.9000199512329514	0.9999813325369032
6.9039415637104353	1.0000126370657101
6.9081842134373934	0.9999488341632591
6.9150692487288481	1.0001379713322227
6.9194984042482863	1.0000079047439498
6.9232659482990977	1.0000687475856631
6.9268025985490489	0.9999720982548926
6.9302777573301242	1.0000492563142718
6.9337568252244832	0.9999662215362038
6.9372697689460026	1.0000372710907834
6.9408381708439624	0.9999706064143521
6.9444828430826311	1.0000253388091376
6.9482378449886264	0.9999819086883432
6.9521613766932484	1.0000129258186177
6.9564045389022073	0.9999489209935967
6.9633470927348533	1.0001271467616013
6.9681421536185066	1.0000229242147052
6.9724630250966086	1.0000375818011049
6.9768411040795417	0.9999564795597399
6.9838894272691210	1.0001331139779703
6.9888039152849419	1.0000262245784015
6.9933852278450113	1.0000814723127995
7.0005546815546689	0.9998699943081665
7.0054655416446829	0.9999778797012909
7.0098314925554428	0.9999619366207020
7.0142233065930135	1.0000432962150649
7.0212237394341486	0.9998546325831110
7.0257437362784518	0.9999865832583524
7.0295764964509315	0.9999317612426867
7.0331652537584430	1.0000234230280192
7.0366929168724850	0.9999527904171063
7.0402275008167461	1.0000287925216618
7.0438076739964517	0.9999662629950967
7.0474589691638814	1.0000226179743956
7.0512182366559433	0.9999805491982784
7.0551440332614144	1.0000121737730827
7.0593878895208144	0.9999484701951450
7.0662888577874314	1.0001347696734910
7.0708190722466782	1.0000118271703500
7.0747123143374919	1.0000601444480575
7.0783890651695112	0.9999802306791543
7.0820255625206450	1.0000373911712344
7.0857012780505055	0.9999793058455730
7.0894700693099431	1.0000199279516433
7.0934011199583287	0.9999875782535268
7.0976454611221422	1.0000509383600618
7.1045188458376680	0.9998586168949593
7.1088683774720778	0.9999948142513863
7.1125354023636964	0.9999222843954326
7.1159534673824414	1.0000349293300299
7.1192905835318090	0.9999379725804003
7.1226013655313718	1.0000456247008944
7.1259090836768983	0.9999447137359848
7.1292188761648339	1.0000484135782717
7.1325352645089026	0.9999478194511585
7.1358572042469328	1.0000487533163613
7.1391866272722861	0.9999495113193150
7.1425217910610037	1.0000482988084778
7.1458642589692420	0.9999506616419757
7.1492122672335885	1.0000475955129360
7.1525673427334038	0.9999515984744496
7.1559277765490892	1.0000468226833981
7.1592951223130843	0.9999524488519898
7.1626677391514679	1.0000460315256956
7.1660472335955969	0.9999532703761688
7.1694320500309816	1.0000452248620366
7.1728238763246246	0.9999541009796949
7.1762212741039333	1.0000443822656662
7.1796260562349401	0.9999549798773278
7.1830369567749104	1.0000434646836311
7.1864559855215271	0.9999559602825038
7.1898821426210144	1.0000424090611575
7.1933177580362617	0.9999571229737039
7.1967622576976460	1.0000411138710343
7.2002185182882341	0.9999585973989249
7.2036866763332545	1.0000394111144604
7.2071705794535177	0.9999606033145559
7.2106716572613410	1.0000370085117456
7.2141955972034646	0.9999635373795183
7.2177464278607433	1.0000333553968161
7.2213337697604629	0.9999681855440600
7.2249677284707383	1.0000273008724807
7.2286681453436508	0.9999762335456770
7.2324635730931401	1.0000167689716735
7.2364132490686268	0.9999862110914203
7.2406622167479737	1.0000509732152130
7.2476118300596530	0.9998739306994305
7.2524990299888268	0.9999756128087397
7.2570719724474522	0.9999188902333994
7.2642098635659336	1.0001323696322737
7.2689993360766962	1.0000150449678797
7.2731164128617110	1.0000489105957757
7.2770075231898996	0.9999890851457330
7.2808801058668848	1.0000236378302969
7.2848595162379626	0.9999896764954638
7.2891191066869974	1.0000531891267417
7.2960666872234663	0.9998728214059420
7.3009005450019657	0.9999764038144132
7.3052507589128917	0.9999617601432156
7.3096355217510043	1.0000435955415130
7.3166805495083089	0.9998661732022284
7.3216144775001002	0.9999733163318775
7.3262026082802070	0.9999172677005688
7.3333710584993721	1.0001286828845510
7.3384525250281269	0.9999712254016359
7.3459756432909566	1.0001688321142101
7.3509198396810618	1.0000254357604628
7.3550404567728860	1.0000601143783825
7.3588544365428543	0.9999860125765052
7.3625837273173484	1.0000357813611251
7.3663255123674789	0.9999816159167135
7.3701403600301445	1.0000195174726974
7.3740986578327634	0.9999877236514894
7.3783504850157993	1.0000519830823000
7.3852836604987955	0.9998711057511688
7.3900567404815991	0.9999788100161111
7.3942878702538746	0.9999587899939811
7.3984018873240220	1.0000019568414487
7.4027101103796431	0.9999403743100059
7.4096947616798925	1.0001247773410058
7.4146046572019264	1.0000227270222439
7.4191828616231570	1.0000803114145620
7.4263202932460119	0.9998665362200980
7.4311245783727546	0.9999837281619869
7.4352567087656469	0.9999504963442056
7.4391573278407623	1.0000097491962006
7.4430381250045512	0.9999755152700940
7.4470208985556425	1.0000093739145863
7.4512827177911491	0.9999457138389101
7.4581875441924490	1.0001338279795438
7.4627601939862354	1.0000111914250225
7.4666665776634291	1.0000616158254367
7.4703120439502024	0.9999749373119463
7.4738611958807040	1.0000466364071445
7.4773756472866051	0.9999648694649244
7.4808782884683396	1.0000412678168433
7.4843791740705692	0.9999620180901563
7.4878804914585793	1.0000391650502827
7.4913850061498639	0.9999613626414088
7.4948917796319616	1.0000381893607797
7.4984026299127589	0.9999614259585163
7.5019161917611008	1.0000375704827162
7.5054342732423436	0.9999617625160681
7.5089555677211104	1.0000370162215435
7.5124820757429926	0.9999622655484502
7.5160127339894478	1.0000363786332425
7.5195499023646395	0.9999629662942996
7.5230929827621491	1.0000355203755040
7.5266449856917168	0.9999639936444414
7.5302061852285602	1.0000342352785920
7.5337808271042057	0.9999656109540005
7.5373709097235606	1.0000321471959179
7.5409832198314239	0.9999683439461884
7.5446235303833422	1.0000284917423712
7.5483046179490838	0.9999733232305662
7.5520421567437790	1.0000215943268382
7.5558670680005795	0.9999826539894259
7.5598334306322021	1.0000127603604341
7.5640882016260296	0.9999473412262255
7.5709967912383869	1.0001315275033202
7.5756641574556891	1.0000146726395907
7.5796952897938681	1.0000539720378869
7.5834829421057064	0.9999825714325700
7.5871963237232976	1.0000353534519579
7.5909085979871067	0.9999776479728145
7.5946607637390082	1.0000237344611678
7.5984926976230991	0.9999839241689082
7.6024624938227481	1.0000134320518788
7.6067182907192894	0.9999476005271631
7.6136470083210694	1.0001278826985465
7.6184506630751692	1.0000204970289654
7.6227071109639972	1.0000397053675716
7.6268387761623586	0.9999968663129971
7.6311504834943191	1.0000591305915982
7.6380939314470533	0.9998671575028431
7.6427508753186233	0.9999862145568841
7.6467440417833963	0.9999419739354906
7.6504687227419623	1.0000207809896817
7.6540949051179741	0.9999569126392288
7.6576832691430843	1.0000301998952714
7.6612620642013800	0.9999622980693197
7.6648400676101573	1.0000324028918270
7.6684248639346722	0.9999649508727612
7.6720186831026673	1.0000319586361999
7.6756274489720546	0.9999673294657850
7.6792547599495249	1.0000297670950040
7.6829097696858444	0.9999709024972994
7.6866018167396017	1.0000251479082807
7.6903498627562721	0.9999775745867980
7.6941811304590022	1.0000161392620215
7.6981528948071043	0.9999861480797275
7.7024078738891433	1.0000517213990325
7.7093150429092665	0.9998669968872369
7.7139651527115047	0.9999851715066292
7.7179681946102381	0.9999426948751718
7.7217106378338674	1.0000194449953328
7.7253604660526243	0.9999585417907650
7.7289791260511134	1.0000280512459858
7.7325972751264533	0.9999651658393540
7.7362274144947660	1.0000285999925134
7.7398827785454127	0.9999701583403547
7.7435741200263610	1.0000248187601279
7.7473212041078368	0.9999773212804066
7.7511515619899534	1.0000160398011899
7.7551227264767650	0.9999860848547545
7.7593775450188218	1.0000516650866937
7.7662855002033204	0.9998670932778965
7.7709390438557771	0.9999849386044677
7.7749489720890974	0.9999432724612278
7.7787027164803266	1.0000185724229658
7.7823700788204171	0.9999600109603254
7.7860152047170752	1.0000259694305025
7.7896728186098931	0.9999683042583206
7.7933615927958977	1.0000241377907935
7.7971049577480169	0.9999766742177147
7.8009318623427477	1.0000158377060153
7.8049007510959214	0.9999859433629440
7.8091549615266489	1.0000515056157431
7.8160560958481611	0.9998656485023367
7.8206598749996932	0.9999867690997567
7.8246017867258786	0.9999389388985093
7.8282756496283659	1.0000229684319317
7.8318498085578723	0.9999535829412526
7.8353842690707278	1.0000330804871964
7.8389073035993588	0.9999589236987336
7.8424282414467994	1.0000355101803526
7.8459554783090741	0.9999617297522332
7.8494922905107041	1.0000349135012834
7.8530457152171911	0.9999645249551947
7.8566205916166743	1.0000322093524034
7.8602273129506033	0.9999688199629867
7.8638765574493537	1.0000267355667836
7.8675886578410719	0.9999765122292512
7.8713924341377437	1.0000166125058634
7.8753471207078594	0.9999861861989868
7.8795974706546721	1.0000511343646152
7.8865155759588959	0.9998682176414013
7.8911964713740801	0.9999825396024148
7.8952745875402321	0.9999492753288259
7.8991502795990547	1.0000093878835730
7.9030187058912738	0.9999750943738177
7.9069954862649130	1.0000091347092765
7.9112554759992104	0.9999457049580218
7.9181911610925582	1.0001279267059342
7.9229636104200294	1.0000199703381423
7.9271897028506721	1.0000402679947193
7.9313018336138121	0.9999970513729499
7.9356082393234013	1.0000585652189582
7.9425870621412873	0.9998728770149135
7.9474353918058744	0.9999768239717618
7.9517903311212850	0.9999619019053292
7.9561767954356624	1.0000436941406030
7.9631702735617127	0.9998564189948239
7.9677519665840926	0.9999856480730676
7.9716384577189308	0.9999340097563894
7.9752591483908386	1.0000236871464701
7.9787947671340671	0.9999518578288997
7.9823112148240503	1.0000319688146524
7.9858422581510675	0.9999612048824367
7.9894040292459909	1.0000304197728020
7.9930149067089493	0.9999696914431488
7.9966935955299814	1.0000228495612715
8.0004737771539727	0.9999815726430855
8.0044124950646065	1.0000125372566586
8.0086597950497360	0.9999481944008652
8.0155508942008620	1.0001360570088840
8.0200494670429627	1.0000097413769653
8.0238853296486443	1.0000649640743695
8.0274792459531898	0.9999741868847608
8.0310014306759143	1.0000466353007877
8.0345191585268410	0.9999677312671663
8.0380637278570539	1.0000357607388402
8.0416576271252609	0.9999714665432039
8.0453221362999052	1.0000246899708372
8.0490914973601999	0.9999821367867223
8.0530236460088389	1.0000129307044228
8.0572691472556208	0.9999486254192306
8.0641459464055298	1.0001391174013650
8.0685473968225523	1.0000061587771596
8.0722697412383404	1.0000726560480777
8.0757463301185428	0.9999676124107325
8.0791448744356202	1.0000558002275759
8.0825270540777421	0.9999586855138584
8.0859170721966134	1.0000472070566147
8.0893277577900271	0.9999585622224807
8.0927657184633741	1.0000409834740147
8.0962398536567299	0.9999623554700929
8.0997578801488590	1.0000341656712501
8.1033340471154940	0.9999695429441565
8.1069859085571903	1.0000242636536127
8.1107465934143406	0.9999815681078368
8.1146736086570037	1.0000126909112386
8.1189177162346446	0.9999486769209491
8.1258487269605055	1.0001291054559083
8.1305744348652116	1.0000199490742863
8.1347604066067500	1.0000413296084105
8.1388479287023436	0.9999974678835695
8.1431475984217112	1.0000579693892599
8.1500884078983553	0.9998649070465899
8.1546387840095580	0.9999876203845022
8.1585422529043168	0.9999392496991106
8.1622220584103449	1.0000188762438587
8.1658610530297011	0.9999616723056934
8.1695366108168646	1.0000196862891269
8.1733065379362930	0.9999790339268363
8.1772367710198139	1.0000113625931779
8.1814821580204438	0.9999479684094529
8.1884141588829156	1.0001289081478615
8.1931395011282948	1.0000198414552099
8.1973250063533580	1.0000412893183150
8.2014122247013717	0.9999974446294543
8.2057118111987286	1.0000579471920026
8.2126940000122559	0.9998725694095576
8.2175105004138729	0.9999767310106471
8.2218425265706774	0.9999616984739785
8.2262227787240789	1.0000427918399326
8.2332371119899666	0.9998591387530714
8.2378980285856240	0.9999810121724798
8.2419248620993653	0.9999450822815990
8.2457503999082320	1.0000096099743516
8.2495798414845751	0.9999736723570737
8.2535325588847677	1.0000086688166079
8.2577860789586985	0.9999463090202636
8.2646652497278890	1.0001395415426884
8.2690368124930274	1.0000047118767905
8.2727253707495230	1.0000748410706608
8.2761686259277241	0.9999656030449375
8.2795329620223779	1.0000584568267805
8.2828779508399943	0.9999559740643822
8.2862254989174939	1.0000506468484107
8.2895859698156524	0.9999546452531444
8.2929629491349459	1.0000458864046511
8.2963614592139407	0.9999564181377777
8.2997837544483684	1.0000416717296334
8.3032359333472368	0.9999600462346252
8.3067225204821522	1.0000365923806736
8.3102535172009198	0.9999657699756365
8.3138395704653814	1.0000291825681715
8.3175011049711518	0.9999750791010636
8.3212675746580160	1.0000173035786224
8.3251995675373980	0.9999862574483191
8.3294437604023699	1.0000503716352329
8.3363451612452657	0.9998640170161273
8.3408703015790469	0.9999875828663120
8.3447522675481363	0.9999374608240824
8.3484045463869307	1.0000207486335924
8.3520031173576594	0.9999581449889484
8.3556174616568164	1.0000242551343892
8.3592921791795511	0.9999726005719227
8.3630649005572568	1.0000158191017694
8.3669999558089110	0.9999854658833470
8.3712450441903083	1.0000500349841583
8.3781703591299461	0.9998683401955568
8.3828460916120449	0.9999813089325901
8.3869453876290265	0.9999520116384168
8.3908832045341075	1.0000046234652198
8.3948822388413866	0.9999789942439296
8.3991493111593289	1.0000475375307061
8.4060722123549176	0.9998632425253317
8.4106411353162045	0.9999855106831855
8.4145716110602127	0.9999400582764534
8.4182770972877297	1.0000175898293229
8.4219381941119895	0.9999624339577824
8.4256315741401444	1.0000191111177688
8.4294146955644660	0.9999792602152013
8.4333529284365447	1.0000113740916432
8.4376004729086453	0.9999476951277059
8.4445052286543572	1.0001336619738013
8.4490732406944424	1.0000126570184709
8.4530050702602768	1.0000581720485962
8.4567149112751192	0.9999812065623183
8.4603784897418652	1.0000361787051018
8.4640755444094662	0.9999797922544491
8.4678599085960986	1.0000195602696427
8.4718003627402236	0.9999875043920985
8.4760472434611600	1.0000512267453399
8.4829511482626945	0.9998647575723538
8.4874975953159275	0.9999871460084216
8.4914014305206340	0.9999386474170070
8.4950727618732724	1.0000201312157344
8.4986873788100628	0.9999589444693987
8.5023149622321892	1.0000238445441139
8.5060002077437886	0.9999729650274046
8.5097806757394352	1.0000157080022658
8.5137204260777803	0.9999854697735456
8.5179667848313709	1.0000502011290475
8.5248516164008130	0.9998609674492899
8.5292888872629149	0.9999916413264303
8.5330482305238302	0.9999281928673479
8.5365508950478208	1.0000306227573115
8.5399660715132022	0.9999434981702225
8.5433508090227530	1.0000411217614984
8.5467304241807209	0.9999498573764853
8.5501118322666265	1.0000436427163406
8.5535011271960126	0.9999530650154104
8.5568990366485167	1.0000434040979551
8.5603094129328881	0.9999554388970826
8.5637329102439512	1.0000418351188480
8.5671739272091649	0.9999580255062090
8.5706343713251023	1.0000391645475297
8.5741204090529539	0.9999615161904994
8.5776365654652995	1.0000350204296857
8.5811929406826088	0.9999667939120641
8.5848001650418855	1.0000283227424780
8.5884786253596381	0.9999755605915023
8.5922575594223289	1.0000170619125506
8.5961971164928777	0.9999862310626327
8.6004433536407916	1.0000506245597707
8.6073267551039248	0.9998610014518552
8.6117610812848220	0.9999918591408539
8.6155165058945702	0.9999279670185810
8.6190152031497007	1.0000308408936909
8.6224269687422677	0.9999433407187186
8.6258094353724566	1.0000411533539644
8.6291885573270495	0.9999499899923097
8.6325719744416052	1.0000432881205479
8.6359666241377209	0.9999537072066088
8.6393742268954234	1.0000424130411023
8.6427998478900676	0.9999568798695216
8.6462456779258066	1.0000398504725307
8.6497181460482864	0.9999607143997555
8.6532219567227155	1.0000355890577968
8.6567673824355111	0.9999662742231376
8.6603652158542133	1.0000286766732525
8.6640360134350516	0.9999753173825081
8.6678092226307228	1.0000171628594896
8.6717452821980725	0.9999862371846399
8.6759905773252441	1.0000505042931809
8.6828622784193481	0.9998586426453060
8.6872229790430087	0.9999946956844579
8.6908947767839386	0.9999221382273449
8.6943102564720665	1.0000355979515647
8.6976384950480305	0.9999369538286664
8.7009351177585526	1.0000469662264051
8.7042242183003520	0.9999430886554057
8.7075117028066451	1.0000502135196134
8.7108028457640785	0.9999458452771088
8.7140973559711377	1.0000507897907518
8.7173979633030196	0.9999474266786489
8.7207037364561923	1.0000503320755616
8.7240171333336445	0.9999487170310488
8.7273373236221552	1.0000493563476720
8.7306668968123997	0.9999500816899066
8.7340052952316736	1.0000479913773785
8.7373554193805116	0.9999517148724659
8.7407171536841730	1.0000462024963226
8.7440939370696835	0.9999537874866914
8.7474863929782423	1.0000438457427412
8.7508989099128449	0.9999565328694288
8.7543334391253271	1.0000406393688468
8.7577961816601135	0.9999603490137404
8.7612917272439752	1.0000360402679189
8.7648302193292231	0.9999660145676488
8.7684223810541884	1.0000289084198595
8.7720887124599560	0.9999751951220522
8.7758586678374204	1.0000172254546784
8.7797927626520007	0.9999862431624006
8.7840375250679035	1.0000504372588228
8.7909160942091091	0.9998598341031520
8.7953115732411913	0.9999931386208034
8.7990261114710666	0.9999253533355282
8.8024873474949903	1.0000326846481009
8.8058645193559517	0.9999409074301441
8.8092140761369624	1.0000431299040273
8.8125609297820784	0.9999476885621497
8.8159117617958582	1.0000454528372287
8.8192726062307116	0.9999512748305448
8.8226441332330410	1.0000449528783264
8.8260302016223964	0.9999539892856101
8.8294314323901109	1.0000430968124912
8.8328522253970974	0.9999568930260192
8.8362944573149029	1.0000401336093747
8.8397642787211659	0.9999606863708248
8.8432662047118988	1.0000356991473700
8.8468103228106862	0.9999662573621930
8.8504072833593721	1.0000287132646362
8.8540775161331453	0.9999753127425280
8.8578503767503349	1.0000171710142360
8.8617862432956223	0.9999862392466551
8.8660314824416364	1.0000504984406653
8.8729180288344480	0.9998614142365163
8.8773630098316474	0.9999911999301894
8.8811356362269045	0.9999294099440561
8.8846567330656789	1.0000292085271600
8.8880962379696182	0.9999456598267837
8.8915123623347263	1.0000385840482582
8.8949319296476510	0.9999532273102985
8.8983636956990981	1.0000396111198178
8.9018160972436640	0.9999581602527036
8.9052930096554697	1.0000372076379553
8.9088026380017773	0.9999631930075162
8.9123518988076320	1.0000321929360301
8.9159547401321824	0.9999702882760846
8.9196282119396084	1.0000234191945623
8.9234049876236643	0.9999817703002745
8.9273417879575039	1.0000126634788888
8.9315885346408912	0.9999483221123597
8.9384888542515455	1.0001344171906927
8.9430397759743663	1.0000119094545099
8.9469452009259758	1.0000602135987720
8.9506193501942750	0.9999788564090876
8.9542345938681045	1.0000399191004585
8.9578641076254470	0.9999751019798011
8.9615493092768279	1.0000259253917216
8.9653312134143341	0.9999832116693594
8.9692703778599085	1.0000134375610743
8.9735178331096694	0.9999486679783982
8.9804075070785636	1.0001365976685985
8.9848934957481621	1.0000091778816631
8.9887105134762830	1.0000665683288774
8.9922784953061008	0.9999722134347769
8.9957645350815785	1.0000498614753512
8.9992315379630696	0.9999635521650100
9.0027048654953763	1.0000417653683387
9.0061984369615917	0.9999634816009595
9.0097201869214327	1.0000357507064908
9.0132810718222380	0.9999675408487346
9.0168921504709267	1.0000284825673313
9.0205737602353189	0.9999758316642289
9.0243550892806113	1.0000171118290586
9.0282961118477729	0.9999862773922709
9.0325427454004075	1.0000506993621088
9.0394443679348377	0.9998644967434946
9.0439904029717759	0.9999873618532795
9.0478879496388167	0.9999378224058888
9.0515450830289659	1.0000214432888299
9.0551352357634904	0.9999567204400167
9.0587242959051757	1.0000269632343417
9.0623503053546592	0.9999683669919555
9.0660384526258042	1.0000216872945289
9.0698249701367537	0.9999811501041503
9.0737673212508021	1.0000122655086079
9.0780156443580520	0.9999479357519292
9.0849556833086886	1.0001266753262559
9.0897767220555572	1.0000227887959068
9.0941163467916084	1.0000373795803972
9.0984994922930778	0.9999557351007445
9.1054987634677502	1.0001412105355538
9.1101257309312409	1.0000153515878827
9.1140772699170771	1.0000601690807689
9.1177821569228747	0.9999804480937966
9.1214202083378524	1.0000393707973738
9.1250674777649330	0.9999758763385023
9.1287665044260908	1.0000256080802798
9.1325585070080582	0.9999834335042184
9.1365037852235833	1.0000134785190884
9.1407529002103853	0.9999484801190174
9.1476834682175330	1.0001286580031665
9.1524421478598761	1.0000202450694489
9.1566575668227639	1.0000406563592290
9.1607633773299728	0.9999972284211653
9.1650680183175570	1.0000584536186377
9.1720016763538528	0.9998643121021898
9.1765443404088405	0.9999892448817294
9.1804112254483581	0.9999351748686128
9.1840183092076408	1.0000254394860169
9.1875380637507771	0.9999509830343801
9.1910309760807465	1.0000344242737631
9.1945253824489974	0.9999580207219243
9.1980310645037200	1.0000353583592310
9.2015574643710245	0.9999627006095375
9.2051097283378400	1.0000327971107417
9.2086980980612871	0.9999679290460414
9.2123328067121619	1.0000271111216164
9.2160338072897261	0.9999761573617473
9.2198296500240016	1.0000167109234119
9.2237795804321205	0.9999861827402324
9.2280286158787526	1.0000509670907511
9.2349427717342767	0.9998672651088305
9.2395873465907830	0.9999838673464166
9.2436136968128899	0.9999459535485727
9.2474210414734852	1.0000132664514874
9.2511929632552548	0.9999691321999321
9.2550176661080332	1.0000127437234909
9.2589795154247376	0.9999839864078625
9.2632324808648665	1.0000500185841050
9.2701602704234425	0.9998688893112402
9.2748801347676508	0.9999806211100862
9.2790216896122093	0.9999533502426015
9.2829913434017062	1.0000044163359141
9.2870095653173852	0.9999791107200460
9.2912819094901575	1.0000482535578763
9.2982311086299028	0.9998690036671920
9.3030104900885124	0.9999779801657644
9.3072432365644087	0.9999582918439577
9.3113574246339255	1.0000016922560997
9.3156657926290567	0.9999402353603298
9.3226507465302824	1.0001247215918692
9.3275600894239297	1.0000226977322741
9.3321381550513607	1.0000802719574717
9.3392811245480054	0.9998674532534652
9.3441211872659018	0.9999821943128209
9.3483130733768736	0.9999543662757151
9.3523036741372714	1.0000049807379199
9.3563303776847828	0.9999793726246905
9.3606056015583547	1.0000485208770586
9.3675657227700206	0.9998707147845616
9.3724087144787021	0.9999755292399765
9.3767636264526786	0.9999613189157651
9.3811497583053303	1.0000434791309911
9.3881466623053527	0.9998573653508012
9.3927636477149559	0.9999847380457951
9.3966876819306240	0.9999358493229632
9.4003380074896157	1.0000231094038106
9.4038906588100222	0.9999519605209158
9.4074069320133304	1.0000335724433169
9.4109145195837467	0.9999579302159560
9.4144212386935333	1.0000362386727515
9.4179334690449288	0.9999606210862795
9.4214518914889531	1.0000363238067980
9.4249802393131308	0.9999624465855015
9.4285190351226298	1.0000352065908833
9.4320727412057632	0.9999644804330324
9.4356435016480820	1.0000330071527126
9.4392382614791082	0.9999675316962541
9.4428629660823535	1.0000291162971173
9.4465305846735408	0.9999728316462121
9.4502570396414427	1.0000219070977174
9.4540735757305221	0.9999825107513401
9.4580347672538458	1.0000127471580422
9.4622881274597628	0.9999475160104436
9.4691940424586107	1.0001322645298265
9.4738325871805813	1.0000138141264314
9.4778275726491792	1.0000560415313429
9.4815753490701287	0.9999806470998639
9.4852437452030838	1.0000382265191463
9.4889022735187716	0.9999744327934871
9.4925856561194397	1.0000282053551208
9.4963220177514263	0.9999784754600740
9.5001430994978335	1.0000170736053746
9.5041081268835228	0.9999865545785663
9.5083613435274330	1.0000516784065390
9.5152860835007953	0.9998699916639285
9.5200338673176184	0.9999805096983192
9.5242037799706161	0.9999544074956987
9.5281953980359688	1.0000043662627955
9.5322270463658185	0.9999792338141904
9.5365030906060770	1.0000487789458623
9.5434275781143540	0.9998649898851102
9.5480738577970286	0.9999845527264379
9.5520706027388353	0.9999421643347458
9.5558112907151909	1.0000187960976856
9.5594672582095725	0.9999593596249879
9.5631028196416317	1.0000262242995968
9.5667525950462746	0.9999679564054327
9.5704350816836445	1.0000243015667096
9.5741735756426181	0.9999765281163037
9.5779969531324731	1.0000158825630068
9.5819637068177173	0.9999859438289280
9.5862173252122851	1.0000514316572624
9.5931419227045733	0.9998699576195279
9.5978937053886213	0.9999804189876805
9.6020675182261250	0.9999545032514220
9.6060620962195298	1.0000043389205069
9.6100955432803250	0.9999792378795636
9.6143720868760578	1.0000488426524965
9.6213279045202018	0.9998709245058878
9.6261882289879335	0.9999755959976413
9.6305560951441578	0.9999614272261681
9.6349457409306538	1.0000439921689412
9.6419499831305497	0.9998593199082413
9.6466429450117381	0.9999825317399054
9.6506596257534536	0.9999413438638535
9.6544085205111614	1.0000182441385086
9.6580678187437634	0.9999590957441858
9.6617044820632962	1.0000260962567826
9.6653543347734683	0.9999678447773971
9.6690364067290009	1.0000242929899694
9.6727743153958627	0.9999764829249227
9.6765971342654069	1.0000158866505471
9.6805635114791322	0.9999859430374390
9.6848170327588363	1.0000514199398718
9.6917363661998159	0.9998689491885687
9.6964519746988902	0.9999819318699875
9.7005666382148448	0.9999507103909218
9.7044732343545306	1.0000088541973964
9.7083648727155172	0.9999756357754335
9.7123558463904374	1.0000092768099782
9.7166197127652438	0.9999452977241974
9.7235479664006537	1.0001287429602292
9.7283016212668247	1.0000181833560746
9.7324722058619990	1.0000444200244687
9.7364653942858812	0.9999944896483903
9.7404962756730598	1.0000196581631979
9.7447734048112498	0.9999501001760686
9.7517065546289388	1.0001319416824097
9.7564299436019812	1.0000175838701255
9.7605436297406740	1.0000487174221040
9.7644493212113055	0.9999901927620134
9.7683380859130793	1.0000234545337989
9.7723286448843769	0.9999897240041241
9.7765911312555875	1.0000536227857362
9.7834942068022634	0.9998651348431498
9.7880661060926624	0.9999881834477350
9.7919661910436062	0.9999364731843212
9.7955950588564225	1.0000253716547209
9.7991215364429554	0.9999504098170848
9.8026046866188299	1.0000362825159734
9.8060713438320217	0.9999550427285453
9.8095292397957277	1.0000397413789361
9.8129847688728695	0.9999567152554586
9.8164387465325067	1.0000406811633473
9.8198948555937466	0.9999576308961006
9.8233534245678094	1.0000404669474505
9.8268182570348568	0.9999586840443233
9.8302903217847550	1.0000393903653368
9.8337743278812759	0.9999603602173579
9.8372725321306476	1.0000373136128800
9.8407914387189752	0.9999631370791225
9.8443358587439178	1.0000337525948075
9.8479161521720506	0.9999678068976895
9.8515431190065268	1.0000276060934532
9.8552372361871594	0.9999760219559224
9.8590276528729568	1.0000168646953262
9.8629741735436767	0.9999862180186477
9.8672223042393643	1.0000508642795114
9.8741468081505150	0.9998690400399927
9.8788503976134141	0.9999810412319222
9.8829762700939412	0.9999529400122986
9.8869338988586613	1.0000045495893912
9.8909447898762810	0.9999790968618385
9.8952151312645444	1.0000479966104470
9.9021823917235174	0.9998720652161667
9.9070735647955246	0.9999749001822695
9.9116480867296275	0.9999186192350759
9.9187477305485547	1.0001395312063135
9.9232811573790620	1.0000053993555020
9.9270539701913663	1.0000716704916817
9.9305393973443401	0.9999656318566199
9.9339215136411898	1.0000580193626731
9.9372674015757756	0.9999546952197521
9.9406019257974556	1.0000523076935821
9.9439365620853177	0.9999518910144315
9.9472749906396416	1.0000493735033864
9.9506217133992756	0.9999519677667021
9.9539777437026977	1.0000471129847810
9.9573471379558267	0.9999534510225609
9.9607310994405829	1.0000445995021316
9.9641344548602877	0.9999560147563418
9.9675595697586470	1.0000412825664322
9.9710130001190649	0.9999598485892407
9.9744996598418876	1.0000365400306719
9.9780299744931025	0.9999656431820720
9.9816149340517732	1.0000292193198945
9.9852752778231650	0.9999750159557206
9.9890407113434616	1.0000173211786854
9.9929720328551976	0.9999862582548660
9.9972160535623349	1.0000503500743150
