            0		            0
0.009369624448102		            0
0.01656962343966		            0
0.02998249633529		            0
0.0450487104331		            0
0.0653588631088		            0
0.08778243423026		            0
0.1021629676694		            0
0.1165247600788		            0
0.1324008778024		            0
0.1498896894989		            0
0.1677168921323		            0
0.1845010146091		            0
0.2000622885617		            0
0.2152237103083		            0
0.2309155191173		            0
0.2474862722874		            0
0.2645224082779		            0
0.2812840988701		            0
0.2974088969595		            0
0.313128621682		            0
0.3289372152063		            0
0.3451561669891		            0
0.3617210626359		            0
0.3782962870103		            0
0.3946018389946		            0
0.4106344455462		            0
0.4266078875751		            0
0.442736759421		            0
0.4590691998593		            0
0.4754801418595		            0
0.4918048678676		            0
0.5079814306957		            0
0.5240790168304		            0
0.5402146407672		            0
0.5564507977987		            0
0.5727568677073		            0
0.5890518057992		            0
0.605279597867		            0
0.6214492710565		            0
0.637614054232		            0
0.6538198562708		            0
0.6700702740318		            0
0.6863322294954		            0
0.7025698634474		            0
0.7187738971239		            0
0.7349635993715		            0
0.7511655058065		            0
0.7673907849447		            0
0.783629472126		            0
0.7998627230545		            0
0.816079709915		            0
0.8322846681294		            0
0.8484903997058		            0
0.8647063125746		            0
0.880931608974		            0
0.8971580158604		            0
0.9133779165496		            0
0.9295903299396		            0
0.9458003172605		            0
0.9620137205339		            0
0.9782323282729		            0
0.9944532964028		            0
1.010672354988		            0
1.026887531612		            0
1.043100243759		            0
1.059313489332		            0
1.07552911632		            0
1.091746600571		4.977812143283e-101
1.107963939956		7.960774328271e-93
1.124179569386		2.015562661687e-86
1.14039351504		5.91018525003e-81
1.156607056518		4.047258272901e-76
1.17282144273		9.296496421614e-72
1.189036909662		8.931474971366e-68
1.205252695868		4.162483357949e-64
1.221467860972		1.046743501445e-60
1.237682072037		1.53929521101e-57
1.253895747949		1.41007648942e-54
1.270109570598		8.467722683777e-52
1.286323888424		3.476500241951e-49
1.302538507662		1.010753898206e-46
1.318752958481		2.144359269377e-44
1.334966929343		3.407311735774e-42
1.351180481335		4.149200465955e-40
1.367393926507		3.951939123555e-38
1.38360752401		2.997775758298e-36
1.399821288428		1.840191450076e-34
1.416035023825		9.270698790145e-33
1.43224852869		3.881041046588e-31
1.448461751811		1.365086572062e-29
1.46467480832		4.073844264613e-28
1.480887846164		1.040536189615e-26
1.497100927768		2.292299627025e-25
 1.5133139894		4.385727997948e-24
1.529526924055		7.333011306918e-23
1.545739667257		1.077691272319e-21
1.561952244959		1.399634486218e-20
1.578164725603		1.6145005356e-19
1.59437716096		1.661995983467e-18
1.610589539349		1.533671764534e-17
1.626801811183		1.274034997386e-16
1.643013927066		9.565799594565e-16
1.659225879218		6.51658011319e-15
1.675437689385		4.042701137271e-14
1.691649385972		2.291928524544e-13
1.707860969934		1.191408840304e-12
1.724072418236		5.696889783957e-12
1.740283696863		2.513389422135e-11
1.756494786522		1.026132621302e-10
1.772705684145		3.887750770658e-10
1.788916395908		1.37065572431e-09
1.805126918595		4.508487545183e-09
1.821337235398		1.387069994074e-08
1.837547319004		4.001112177328e-08
1.853757143944		1.084647914417e-07
1.869966691675		2.769470269508e-07
1.886175949091		6.674872758336e-07
1.902384900739		1.521704695185e-06
1.918593523133		3.287956651439e-06
1.934801785166		6.746258548097e-06
1.951009651915		1.316865331865e-05
1.967217089798		2.449801046896e-05
1.983424065874		4.350819022103e-05
1.999630546217		7.388772348981e-05
2.015836490796		0.0001201753323826
2.032041853817		0.000187478580192
2.048246583213		0.0002809333133331
2.064450624719		0.000404913364707
2.080653920857		0.0005620664970638
2.09685641192		0.0007523205846442
2.113058032139		0.000972049046567
2.129258710258		0.001213599279829
2.145458367878		0.00146535584974
2.161656921969		0.001712446799399
2.17785428419		0.001938095615701
2.194050362114		0.002125499219019
2.210245057668		0.00225996701151
2.226438267155		0.002330942868461
2.242629880995		0.00233348483765
2.258819784289		0.002268861006344
2.275007858306		0.00214412752523
2.291193980297		0.001970819433033
2.307378025527		0.001763107999077
2.323559866132		0.001535853789944
2.339739373276		0.001302932745197
2.355916416934		0.001076052160827
2.372090869336		0.0008641188811951
2.388262605228		0.0006730934128693
2.404431504887		0.0005062087343591
2.420597454156		0.0003644131447344
2.436760347271		0.0002469164789873
2.452920087608		0.0001517436125806
2.469076589973		7.623252540778e-05
2.485229783313		1.744068623108e-05
2.501379610077		-2.755356565784e-05
2.517526028625		-6.145042042424e-05
2.533669013541		-8.661538685798e-05
2.549808557302		-0.0001050340042142
2.56594466976		-0.0001183146382874
2.582077378137		-0.0001277211038319
2.598206726477		-0.0001342206152957
2.614332774389		-0.0001385364819087
2.630455596579		-0.0001411986403759
2.64657528122		-0.0001425882743185
2.662691929321		-0.0001429748715359
2.678805650688		-0.000142545739425
2.694916562908		-0.0001414285141502
2.711024790281		-0.000139707857775
2.727130462242		-0.0001374375372598
2.743233711768		-0.000134648960656
2.759334672994		-0.0001313571192411
2.775433479722		-0.0001275646124975
2.791530263962		-0.0001232643365244
2.807625155368		-0.0001184412053467
2.823718280593		-0.0001130732217048
2.839809762677		-0.0001071320912258
2.855899721131		-0.0001005834799313
2.871988270047		-9.338712659073e-05
2.888075517335		-8.549674029828e-05
2.904161565623		-7.685967260359e-05
2.920246513335		-6.741643979263e-05
2.936330454928		-5.710016709973e-05
2.952413480649		-4.583595857667e-05
2.968495676056		-3.354019504658e-05
2.984577122163		-2.011970413535e-05
3.000657896103		-5.470776673777e-06
3.016738072112		1.052201829794e-05
3.03281772224		2.798729229761e-05
3.048896916709		4.706878411471e-05
3.06497572404		6.79282407958e-05
3.081054212041		9.075017130569e-05
3.09713244736		0.0001157496762243
3.113210495389		0.0001431860280309
3.129288422045		0.0001733865448884
3.145366295176		0.0002067878298207
3.161444185178		0.0002440066572571
3.177522164946		0.0002859614802492
3.19360030986		0.0003340803849039
3.209678698337		0.0003906565945389
3.225757412976		0.0004594557633698
3.241836541855		0.0005467530756118
3.25791617957		0.0006631043126278
3.273996427918		0.0008263703167113
3.290077396506		0.001066880459861
3.306159203814		0.001436240870763
3.322241979343		0.002022335481297
3.338325862373		0.0029747939398
3.354411004587		0.004548002247964
3.370497572748		0.007173051154786
3.386585750832		0.01157609022456
3.402675741477		0.01896723508808
3.418767767309		0.03132559031537
3.434862072864		0.05178307568622
 3.4509589274		0.08501446565042
3.467058628273		0.1372859083134
3.483161504343		0.2153520790186
3.499267919125		0.3231036842677
3.515378273649		0.4561761991971
3.531493011437		0.5987853145484
3.547612616438		0.7290499830922
3.563737615927		0.8307552433973
3.579868582036		0.9001612319953
3.596006128714		0.9429706945577
3.612150900548		0.9676976863507
3.628303549502		0.9815029980684
3.644464692963		0.9891476508129
3.660634841315		0.9934288846679
3.67681427413		0.9958866561763
3.693002834967		0.9973452186055
3.709199576938		0.9982440462573
3.72540219871		0.9988200617241
3.741606185354		0.9992034129572
3.757803589321		0.9994671369385
3.773981573804		0.9996530349306
3.790121349545		0.9997853667228
3.806199059562		0.9998783842763
3.822190867645		0.999940919142
3.838082988881		0.9999795422649
3.853882237911		1.000000447821
3.869618025943		1.000009704434
3.885330620228		1.000012397705
3.901052120495		1.000011955658
3.916793858692		1.000010268527
3.932548867578		1.000008244178
3.948305593415		1.000006302707
3.964060700665		1.000004638485
3.97982150801		1.000003318041
3.995598567705		1.000002324929
4.011396585674		1.000001601218
4.027211509317		1.000001082215
4.043035105398		1.000000714194
4.058862012488		1.000000457196
4.074693137281		1.000000281437
4.090533360651		1.000000163896
4.106386500059		1.000000086823
4.12225211596		1.000000037149
4.138126393662		1.000000005748
4.154005629236		0.999999986429
4.169889016143		0.999999974995
4.185778611692		0.9999999685797
4.201677042054		0.9999999652626
4.217585222427		0.9999999638186
4.233501926028		0.9999999635103
4.249425202433		0.9999999639032
4.265354154929		0.9999999647256
4.281289576232		0.9999999657883
4.297233146178		0.9999999669546
4.313186111085		0.9999999681333
4.329148608695		0.9999999692724
4.345120063971		0.9999999703442
4.361100138542		0.9999999713295
4.377089366958		0.9999999722084
4.393089026756		0.9999999729604
4.409100489161		0.9999999735696
4.425124663007		0.9999999740285
4.441161942901		0.9999999743366
4.457212568922		0.9999999744963
4.473276953992		0.9999999745103
4.489355579645		0.9999999743832
4.50544836989		0.9999999741271
4.52155369913		0.9999999737721
4.537667152032		0.9999999733787
4.553779910078		0.9999999730555
4.569876567314		0.999999972981
4.58593286415		0.999999973416
4.601915765618		0.9999999746637
4.617790601887		0.9999999769188
4.63353794528		0.9999999800492
4.649171909706		0.9999999835456
4.66474152658		0.9999999868008
4.680307149472		0.9999999894544
4.695907981246		0.9999999914742
4.711546373801		0.9999999930119
4.727199647008		0.9999999942374
4.742846728467		0.9999999952534
4.758486527833		0.9999999960952
4.774135473777		0.9999999967729
4.789810787327		0.9999999973061
4.805516013251		0.9999999977301
4.821240153966		0.9999999980826
4.836968665975		0.9999999983904
4.852695262371		0.9999999986647
4.868424816884		0.9999999989068
4.884166735295		0.9999999991162
4.899925982423		0.9999999992947
4.915699433039		0.9999999994464
4.931479482849		0.9999999995742
4.94726064563		0.9999999996802
4.963043236596		0.9999999997653
4.97883171304		0.9999999998313
4.994630027967		0.9999999998808
5.010438305833		0.9999999999169
5.026253265357		0.9999999999427
5.042071342154		0.9999999999605
5.057891481021		0.9999999999727
5.073715403804		0.9999999999807
5.089545614276		0.999999999986
5.105383176672		0.9999999999894
5.121227099835		0.9999999999915
5.137075520522		0.9999999999929
5.152927393237		0.9999999999938
5.168783228367		0.9999999999944
5.184644463919		0.9999999999949
5.200512236858		0.9999999999952
5.216386658928		0.9999999999956
5.232267087117		0.999999999996
5.248152985512		0.9999999999964
5.264044574334		0.9999999999969
5.279942784586		0.9999999999973
5.295848686558		0.9999999999977
5.311762951002		0.9999999999981
5.327685767183		0.9999999999984
5.343617188842		0.9999999999986
5.359557530344		0.9999999999988
5.375507449562		0.9999999999989
5.391467647437		0.9999999999991
5.407438390543		0.9999999999991
5.423419091704		0.9999999999992
5.439407972472		0.9999999999993
5.455401577926		0.9999999999994
5.471393829679		0.9999999999995
5.487374488904		0.9999999999995
5.503327402003		0.9999999999995
5.519229800772		0.9999999999996
5.535055069138		0.9999999999996
5.550781332949		0.9999999999996
5.566404211574		0.9999999999996
5.581944956651		0.9999999999996
5.597444114608		0.9999999999997
5.612941946344		0.9999999999997
5.628459542691		0.9999999999998
5.643994611817		0.9999999999998
5.659533314899		0.9999999999998
5.675066711656		0.9999999999998
5.690598522124		0.9999999999999
5.706140249731		0.9999999999999
5.721700493953		0.9999999999999
5.737278403466		0.9999999999999
5.752865846126		0.9999999999999
5.768454950825		0.9999999999999
5.784043946503		0.9999999999999
5.799636942297		0.9999999999999
5.815239031224		0.9999999999999
5.83085158058		            1
5.846471455854		            1
5.862094046183		            1
5.877716919406		            1
5.893341038024		            1
5.908969030754		            1
5.92460248436		            1
5.940240622827		            1
5.955881166069		            1
5.971522252001		            1
5.987163669071		            1
6.002806538031		            1
6.018451999643		            1
6.034100156186		            1
6.049750067784		            1
6.065400601046		            1
6.081051280727		            1
6.096702457377		            1
6.11235478742		            1
6.128008576824		            1
6.143663542507		            1
6.159319101455		            1
6.174974851984		            1
6.190630821866		            1
6.206287328232		            1
6.221944636766		            1
6.23760273287		            1
6.253261366767		            1
6.268920283108		            1
6.284579413025		            1
6.300238882139		            1
6.315898862967		            1
6.331559420389		            1
6.347220475613		            1
6.36288189441		            1
6.378543604314		            1
6.394205640627		            1
6.409868097794		            1
6.425531043447		            1
6.441194471668		            1
6.456858324463		            1
6.472522551663		            1
6.48818715325		            1
6.503852173311		            1
6.519517659765		            1
6.535183628841		            1
 6.5508500619		            1
6.566516930856		            1
6.582184226164		            1
6.59785196431		            1
6.613520172983		            1
6.62918886954		            1
6.644858051895		            1
6.660527706824		            1
6.676197825618		            1
6.691868413251		            1
6.707539485235		            1
 6.7232110576		            1
6.738883140314		            1
6.754555740399		            1
6.770228873245		            1
6.785902576737		            1
6.801576924987		            1
 6.8172520472		            1
6.832928165008		            1
6.848605667669		            1
6.864285256117		            1
6.879968217798		            1
6.895656973034		            1
6.911356177774		            1
6.927074711087		            1
6.94282825481		            1
6.958640414582		            1
6.974537936347		            1
6.990537116266		            1
7.006629342348		            1
7.022780992327		            1
 7.0389518448		            1
7.055118017619		            1
7.071281014172		            1
7.087457601602		            1
7.103661445515		            1
7.119892040725		            1
7.136137923722		            1
7.152388595087		            1
7.168643580913		            1
7.18491174818		            1
7.201203139384		            1
7.217521308249		            1
7.233862259833		            1
7.250219600695		            1
7.266590575012		            1
7.282977869932		            1
7.29938645972		            1
7.315818931793		            1
7.332273354006		            1
7.34874491165		            1
7.365229251061		            1
7.381724436795		            1
7.398230117745		            1
7.414745049484		            1
7.43126528918		            1
7.447784455854		            1
7.464295552257		            1
7.480792775101		            1
7.497272083316		            1
7.513730581804		            1
7.530165834904		            1
7.546575935263		            1
7.562960259899		            1
7.579320109975		            1
7.595658506871		            1
7.611979130004		            1
7.628285044499		            1
7.644577941558		            1
7.660858129903		            1
7.677124948742		            1
7.693377083708		            1
7.709612537194		            1
7.725828429213		            1
7.742021017654		            1
  7.758186179		            1
7.774320256754		            1
7.790420936535		            1
7.80648779983		            1
7.822522396417		            1
7.838527902002		            1
7.854508556208		            1
7.870469086803		            1
7.88641425707		            1
7.902348584096		            1
7.918276207697		            1
7.934200860026		            1
7.950125886312		            1
7.966054294497		            1
7.981988814857		            1
7.997931959241		            1
8.013886115031		            1
8.029853631095		            1
8.045836883255		            1
8.061838316242		            1
8.077860473131		            1
8.093906021089		            1
8.109977779582		            1
8.126078741862		            1
8.142212076483		            1
8.158381090298		            1
8.174589135015		            1
8.190839407537		            1
8.207134544266		            1
8.223475786773		            1
8.239861264533		            1
8.256282536236		            1
8.272718003859		            1
8.289122289319		            1
8.305416232557		            1
8.32149770642		            1
8.337299522826		            1
8.352862264684		            1
8.368332194069		            1
8.383867941178		            1
8.399541172596		            1
8.41531428964		            1
8.431103331026		            1
8.446864609178		            1
8.462630253823		            1
8.47847413477		            1
8.494450117299		            1
8.510556557636		            1
8.526749219259		            1
8.542981278426		            1
8.559226061916		            1
8.575452210044		            1
8.591565674407		            1
8.60740368188		            1
8.622870849083		            1
8.638082109622		            1
8.653295270752		            1
8.668707105623		            1
8.684320345146		            1
8.699981934953		            1
8.715542942269		            1
8.730987421356		            1
8.746425127072		            1
 8.7619845576		            1
8.777712753772		            1
8.793556664266		            1
8.809426125455		            1
8.825274177882		            1
8.841125056714		            1
8.857036308535		            1
8.873036891052		            1
8.889091304591		            1
8.905108797874		            1
8.920981877646		            1
8.936633342072		            1
8.952063878291		            1
8.967370194997		            1
8.982694131607		            1
8.998133042671		            1
9.013688275205		            1
9.029290817408		            1
9.044874940285		            1
9.060433252705		            1
9.07601248343		            1
9.091666333615		            1
9.10741197665		            1
9.123223688482		            1
9.139061824459		            1
9.154907537032		            1
9.170774020776		            1
9.186689750916		            1
9.20267275171		            1
9.218718335265		            1
9.234807737677		            1
9.250926979391		            1
9.267078829942		            1
9.283279339584		            1
9.299544661735		            1
9.315880717822		            1
9.332283835116		            1
9.348750183393		            1
9.365285176775		            1
9.381905753689		            1
9.398636013149		            1
9.415502961265		            1
9.432539529331		            1
9.449797349458		            1
9.467359880057		            1
9.485251758915		            1
9.502589082993		            1
9.517845816695		            1
9.531760713166		            1
9.546138275339		            1
9.562204910852		            1
9.579877960062		            1
9.597838430896		            1
9.614796967734		            1
9.630659664127		            1
9.646314839062		            1
9.662698546017		            1
9.680078323303		            1
9.697941639787		            1
9.715513977611		            1
9.732482937948		            1
9.749183151934		            1
9.766198199128		            1
9.78384869256		            1
9.801991454463		            1
9.820209702273		            1
9.838194924348		            1
9.855927278962		            1
9.87342948816		            1
9.890389453456		            1
9.906473894565		            1
9.921945588688		            1
9.937506586135		            1
9.953718374445		            1
9.97061348533		            1
9.987735835718		            1
           10		            1
