0.0000000000000000	0.0000000000000000
5.4408803378750834	0.0010000000000000
5.4503856887007949	0.0013277068813248
5.4550144727469494	0.0013546882690966
5.4591377922482458	0.0015194518684501
5.4631763725493885	0.0016264561757151
5.4672512767015213	0.0018394247671353
5.4713889675836178	0.0020365096043035
5.4755792074487220	0.0023280368347539
5.4798143947340430	0.0026280554894334
5.4840758076363052	0.0030268082443845
5.4883626222183377	0.0034531020272908
5.4926594150881050	0.0039912803480460
5.4969747555800135	0.0045793731743569
5.5012938878545059	0.0052995413230917
5.5056329902353456	0.0060999304341296
5.5099738159973342	0.0070607339879629
5.5143392398135473	0.0081431680887234
5.5187039141987997	0.0094249504109878
5.5230981765778697	0.0108839331366066
5.5274866208926143	0.0125948365854538
5.5319093281376910	0.0145565316714289
5.5363180882072491	0.0168395883225577
5.5407657547886293	0.0194700367862116
5.5451879289804742	0.0225108765373432
5.5496526955073469	0.0260231078536652
5.5540748700919815	0.0300539188646449
5.5585382796386753	0.0347053110693637
5.5629324297402256	0.0399927729262040
5.5673547998368766	0.0460556900486938
5.5716698666254461	0.0528561099426196
5.5759860163915302	0.0605519755141640
5.5801547311926996	0.0690435000101003
5.5842960313267103	0.0784878403939332
5.5882695724471620	0.0887577014886021
5.5922061229809810	0.1000076787108197
5.5959858735333219	0.1121405157889366
5.5997376438530981	0.1252960757548841
5.6033630790186537	0.1394438968804672
5.6069704948877108	0.1546573807408825
5.6104879110254720	0.1710118875168855
5.6139864960107424	0.1884231160176569
5.6174340890706551	0.2071566431454327
5.6208506885598712	0.2268467672456263
5.6242601312791436	0.2480826348204022
5.6276184640270230	0.2700657822819013
5.6310192670590293	0.2938646479449181
5.6343443836198945	0.3180890974161963
5.6377648677719190	0.3444194597574332
5.6410835912483206	0.3707481612053187
5.6445476433347883	0.3994186118150480
5.6478852387114857	0.4275726454086354
5.6514065896438099	0.4581337812928916
5.6547825189758161	0.4876235664021654
5.6583607092301591	0.5193012272206146
5.6617864206250186	0.5494012468733938
5.6654077601334212	0.5811386927878662
5.6688867925895732	0.6109420574850261
5.6725303521941104	0.6415724050798537
5.6760596782862347	0.6701179102187995
5.6797057680730845	0.6986009902272203
5.6832788889209169	0.7250377195685530
5.6869177334457053	0.7506564674676366
5.6905319238355450	0.7743988290044483
5.6941722764678975	0.7968437054654951
5.6978396893866519	0.8176516219527354
5.7015132213953992	0.8369599172231539
5.7052651027111958	0.8548738330097710
5.7090287783332450	0.8712983589782990
5.7129423131627970	0.8866184918770864
5.7169519730789276	0.9007150102095741
5.7213583715315419	0.9143006807306878
5.7263536006340487	0.9281362401054848
5.7324033011557001	0.9413069783473875
5.7411954746641172	0.9574114850338801
5.7468748603587532	0.9650951757804058
5.7517346649833812	0.9707439748947282
5.7603406129809454	0.9782542464025983
5.7632716921299902	0.9807314396533205
5.7663423803763205	0.9826690191789436
5.7696049562136418	0.9847412750348667
5.7730764522293354	0.9865237290835580
5.7766626636323490	0.9882599856266074
5.7803509881355373	0.9897132396150730
5.7841001412868192	0.9910922351204166
5.7879525550218140	0.9922419665267210
5.7919317209236452	0.9933281590528423
5.7962019601189985	0.9942276048272654
5.8020231261592441	0.9956691808579603
5.8080850877525938	0.9960997455749534
5.8198945246819109	0.9981312120078623
5.8328987563736217	0.9987341992302391
5.8361177933063217	0.9987042735660941
5.8394451310512805	0.9989273256213761
5.8429483764126671	0.9989835268321098
5.8466270552003738	0.9991425506994914
5.8504504850275429	0.9992123693071551
5.8543642183362410	0.9993348219415709
5.8583102235526230	0.9993671624277627
5.8621773139671820	0.9994851026001175
5.8658685192459670	0.9994672711539700
5.8693478429720471	0.9996142031777628
5.8726643674665624	0.9995502164334710
5.8758958013754476	0.9997114531115415
5.8791090149695346	0.9996358417555035
5.8823461281861853	0.9997846269670339
5.8856321454540810	0.9997182381959679
5.8889776657244806	0.9998441020514059
5.8923883546405653	0.9997896197247327
5.8958626207055866	0.9998926155265186
5.8993991245944084	0.9998466579432085
5.9029915013543253	0.9999305958260745
5.9066356881305104	0.9998891972041826
5.9103233173470002	0.9999588723397235
5.9140494029455795	0.9999190251973500
5.9178050738870800	0.9999790269296935
5.9215853688033526	0.9999388010010176
5.9253817303937764	0.9999930396259080
5.9291896271912776	0.9999512081105673
5.9330011446711630	1.0000028571609527
5.9368124598909233	0.9999585180900199
5.9406168717590804	1.0000100020251066
5.9444123822002020	0.9999626218832021
5.9481952571966099	1.0000152274432206
5.9519677689878341	0.9999653374484175
5.9557319886842235	1.0000183162495813
5.9594975132199943	0.9999686897564826
5.9632755925215948	1.0000180627725728
5.9670879513894679	0.9999751685339051
5.9709643473752321	1.0000124506108092
5.9749630567079954	0.9999837130339740
5.9792256783336990	1.0000509104123163
5.9861162509345069	0.9998641125540313
5.9907179318820916	0.9999873347086184
5.9946412375201739	0.9999373610263566
5.9982882471745596	1.0000246038174030
6.0018357181539583	0.9999527452171955
6.0053506586125458	1.0000338395823756
6.0088676324056900	0.9999604102011339
6.0124023707901477	1.0000336952039968
6.0159707450053910	0.9999670562585954
6.0195858664506634	1.0000284068373126
6.0232696679244029	0.9999762036469608
6.0270520681960171	1.0000176401690843
6.0309936211034216	0.9999868970264113
6.0352404143433311	1.0000513573996708
6.0421921196944384	0.9998745095924728
6.0470723864588871	0.9999760317295229
6.0516435344863204	0.9999195792010313
6.0587751924723596	1.0001342949526422
6.0635024451173898	1.0000135446202993
6.0675383787910242	1.0000538119448912
6.0713346329681617	0.9999847521670608
6.0750889415508835	1.0000305480331366
6.0788998724419914	0.9999860213053621
6.0828512950781706	1.0000150495226743
6.0871027617262063	0.9999493300294062
6.0940455424709397	1.0001273847099361
6.0988658699595284	1.0000231068742333
6.1032044122285134	1.0000375846903133
6.1075872994913691	0.9999559087837482
6.1145802025492930	1.0001425550499232
6.1191630361896685	1.0000137686081811
6.1230564388797939	1.0000640664812694
6.1266940573790807	0.9999766442088066
6.1302528404069356	1.0000451194898676
6.1338024884117974	0.9999693950863997
6.1373750634126321	1.0000345678272606
6.1409930024930857	0.9999724483856243
6.1446772070663567	1.0000241001699315
6.1484613456315342	0.9999824232887332
6.1524025326452119	1.0000129631297840
6.1566504663591699	0.9999483300141053
6.1635656126968650	1.0001315150823098
6.1682184971419112	1.0000159338793682
6.1722659937886917	1.0000508322451267
6.1761187742686392	0.9999891682464910
6.1799690580810092	1.0000242493750893
6.1839364440736615	0.9999899040542036
6.1881925692401829	1.0000529243353125
6.1951230776182635	0.9998693023396005
6.1998208927388401	0.9999814014769164
6.2039396234225110	0.9999528053738372
6.2078915552179579	1.0000046525877837
6.2118989374053841	0.9999791069280995
6.2161683226613889	1.0000478764361651
6.2231029237538813	0.9998657815833674
6.2277615843664957	0.9999823059744080
6.2318125520837162	0.9999477271632379
6.2356649872877723	1.0000095758047705
6.2395161668656414	0.9999745626387347
6.2434824938804265	1.0000089660509959
6.2477396306632045	0.9999459761421441
6.2546916799205432	1.0001252650051298
6.2596926276776994	0.9999727844606179
6.2671469729738876	1.0001675827108660
6.2720588796642831	1.0000253648478139
6.2761690216849280	1.0000593661063599
6.2799937889306152	0.9999878479561265
6.2837594661308396	1.0000320903848547
6.2875747468240402	0.9999867927202400
6.2915278821705005	1.0000154170979372
6.2957799194072459	0.9999494485986258
6.3026924271670026	1.0001331938114619
6.3073079200025175	1.0000145848227660
6.3112990034151562	1.0000547099443631
6.3150768896872558	0.9999849396329641
6.3188232389590429	1.0000306995014854
6.3226304602960992	0.9999859827251306
6.3265802051819264	1.0000149688802511
6.3308311336136072	0.9999492751601459
6.3377640135510314	1.0001291609667822
6.3425151889642022	1.0000203131008005
6.3467231156807999	1.0000409152290548
6.3508240854898164	0.9999973290838424
6.3551274312721890	1.0000583377962917
6.3621162954761763	0.9998743379453284
6.3670136770748389	0.9999761332799283
6.3715903432909693	0.9999191874447172
6.3787302254153717	1.0001333168378070
6.3834922439991804	1.0000146350712260
6.3875788407095424	1.0000502073249695
6.3914440548714531	0.9999886461663789
6.3952973230019152	1.0000241108766970
6.3992649907557064	0.9999897933412244
6.4035213934438762	1.0000528390038892
6.4104450337068499	0.9998677985392733
6.4150912610064905	0.9999834181850163
6.4191326625351639	0.9999479264072123
6.4229781054084736	1.0000099733742784
6.4268243657839195	0.9999746114221462
6.4307877972369232	1.0000090296462909
6.4350441329996722	0.9999461120388836
6.4419721442651445	1.0001299226865998
6.4466641621237999	1.0000174143268612
6.4507742955473759	1.0000464017914796
6.4547213348811159	0.9999942381793446
6.4587242294593237	1.0000198388102643
6.4629936432096633	0.9999511397788722
6.4699588387435991	1.0001271113860808
6.4748473547213212	1.0000242914811659
6.4794194551508317	1.0000806220017995
6.4865368293567558	0.9998631638689467
6.4912009331048246	0.9999882107522076
6.4951490192146659	0.9999395868883673
6.4988352286710098	1.0000207192439838
6.5024535451030134	0.9999591280647675
6.5060807494469159	1.0000241546787862
6.5097643187789043	0.9999729888728123
6.5135430581367766	1.0000158225022224
6.5174816229468489	0.9999855191274983
6.5217276844317418	1.0000501886545476
6.5286719802262558	0.9998720764786599
6.5334821738263704	0.9999760142220053
6.5378163662523994	0.9999614709957074
6.5421967027081438	1.0000429092905918
6.5491947777673607	0.9998569469930115
6.5537854684599122	0.9999844271164346
6.5577006547742469	0.9999368033265118
6.5613709044068420	1.0000196541131323
6.5649804894230748	0.9999581154812336
6.5686021424022458	1.0000238543999298
6.5722819488512920	0.9999726331118469
6.5760581118073675	1.0000157161097312
6.5799951793327365	0.9999854399434087
6.5842408228266391	1.0000500945223398
6.5911472652483232	0.9998648784670298
6.5957078510926088	0.9999862383979689
6.5996344199559838	0.9999403354978091
6.6033375716506946	1.0000178623219265
6.6069968693459673	0.9999624757075600
6.6106887792191555	1.0000192212377743
6.6144707602584409	0.9999792740703776
6.6184082883062620	1.0000113931921888
6.6226556454214967	0.9999477306356194
6.6295594428473681	1.0001338814985219
6.6341201278896156	1.0000124509392228
6.6380436953416906	1.0000586132565044
6.6417458745957587	0.9999809455922150
6.6454027892934500	1.0000364817290652
6.6490943551703596	0.9999796530133191
6.6528745943468044	1.0000196554818124
6.6568125226364927	0.9999875217920222
6.6610587265568881	1.0000511477238323
6.6679704171232315	0.9998660991874555
6.6725594709188263	0.9999851446990404
6.6765276590472746	0.9999433557850308
6.6802850275806636	1.0000145417531590
6.6840169712440023	0.9999677291443959
6.6878122615365134	1.0000130734937183
6.6917562934214052	0.9999839264548044
6.6960044123622460	1.0000493637127132
6.7029129282763904	0.9998644293216559
6.7074702856197774	0.9999861722804256
6.7113930313362644	0.9999400501939831
6.7150928598001842	1.0000179042552217
6.7187494902448606	0.9999623285180695
6.7224393480213145	1.0000192443997322
6.7262198602595751	0.9999792262208580
6.7301565093711178	1.0000113761761209
6.7344036269235694	0.9999477497345044
6.7413352797259716	1.0001286783518699
6.7460730451122739	1.0000199265941689
6.7502695853962109	1.0000410170348355
6.7543636272293410	0.9999973440402112
6.7586650667921475	1.0000581203584529
6.7656552980915459	0.9998743300401598
6.7705475322342732	0.9999760391588699
6.7751228475754832	0.9999193301962324
6.7822624664769240	1.0001336666886491
6.7870072808987576	1.0000143747286376
6.7910766611076117	1.0000508863370923
6.7949280318591079	0.9999884184508847
6.7987713118471618	1.0000243525630559
6.8027330110330357	0.9999898543738363
6.8069877841195767	1.0000526658587774
6.8139471700918071	0.9998742623623301
6.8188247967395021	0.9999756297545264
6.8233954160873029	0.9999193106184101
6.8305397039321978	1.0001321636482285
6.8353304376810202	1.0000162348297850
6.8394732057709975	1.0000460931960313
6.8434290650389089	0.9999938017128394
6.8474335238175090	1.0000197113166274
6.8517038501706224	0.9999511458704130
6.8585843052811439	1.0001433735393257
6.8629220713662669	1.0000038579364940
6.8665614382567366	1.0000794538420488
6.8699495164249402	0.9999623531986572
6.8732548358174883	1.0000634143203460
6.8765375218777862	0.9999517529521195
6.8798198531051789	1.0000556712325579
6.8831126569738572	0.9999499930243716
6.8864198966740355	1.0000508861542052
6.8897469060394458	0.9999516081668531
6.8930959482707754	1.0000466328464166
6.8964728400013540	0.9999551349374698
6.8998812074330145	1.0000416702762749
6.9033293287247650	0.9999604987594578
6.9068246506378399	1.0000349288832884
6.9103815906851640	0.9999685969119111
6.9140179025975899	1.0000246661352552
6.9177670652843970	0.9999813017328556
6.9216870881263404	1.0000126504612918
6.9259293218796634	0.9999489015701756
6.9328605404308989	1.0001293856449172
6.9375716841358361	1.0000198352800291
6.9417446905969173	1.0000416534576333
6.9458241998545516	0.9999975843067835
6.9501217031931333	1.0000577646605671
6.9570451396559463	0.9998613750676230
6.9614780364145226	0.9999918196252556
6.9652428865168767	0.9999302982024368
6.9687778167755319	1.0000265295505359
6.9722607142481685	0.9999509060667319
6.9757575731141834	1.0000306403596528
6.9793062335005018	0.9999650410416039
6.9829322563229610	1.0000234424741312
6.9866728512196170	0.9999801974456635
6.9905873524079603	1.0000121450210311
6.9948281825601413	0.9999488442258709
7.0017719772426448	1.0001272245185056
7.0065530481763894	1.0000228988694204
7.0108638838090354	1.0000376487014837
7.0152392725118018	0.9999568572300066
7.0222150071145011	1.0001468193221699
7.0266456737190284	1.0000097710992004
7.0303861910759524	1.0000725475911847
7.0338963126402518	0.9999723668003392
7.0373552836677469	1.0000500621789770
7.0408331341487562	0.9999678674232588
7.0443646890776055	1.0000348467097648
7.0479786840117571	0.9999752464094438
7.0517090837982810	1.0000190034962395
7.0556188892611376	0.9999868377612012
7.0598572187619242	1.0000498782039351
7.0667923381681117	0.9998693394839412
7.0714776553343706	0.9999793167340542
7.0756309753038407	0.9999568121650412
7.0796969313889919	1.0000011934259678
7.0839920860076244	0.9999415293650195
7.0905631061835663	1.0002017772313743
7.0936472743046748	0.9999397372092963
7.0962974907096967	1.0001596223341043
7.0989214766011086	0.9999161586015826
7.1015992889038513	1.0001200749132384
7.1043417073850712	0.9999148808962152
7.1071428146255169	1.0000975642063783
7.1099968677557364	0.9999181745090702
7.1128961859975073	1.0000844919768010
7.1158373241595223	0.9999228162200346
7.1188147542180937	1.0000760259318664
7.1218272119160764	0.9999276600530118
7.1248707614456981	1.0000697843634323
7.1279455585687055	0.9999323593760437
7.1310488033144797	1.0000645992442563
7.1341816734429715	0.9999369154634379
7.1373423158125258	1.0000598434831085
7.1405328167382702	0.9999414811646544
7.1437523041212483	1.0000551029610190
7.1470039102367284	0.9999463014548603
7.1502880487251899	1.0000499985158096
7.1536093951093127	0.9999517403578755
7.1569704607073383	1.0000440371154198
7.1603787468421247	0.9999584068329916
7.1638409729990542	1.0000363705710529
7.1673710605095486	0.9999674929830654
7.1709864270061265	1.0000252905008720
7.1747204475136099	0.9999809972760867
7.1786314070560406	1.0000126141073353
7.1828711988819185	0.9999491936823266
7.1896686210820517	1.0001548049752567
7.1936344331231084	0.9999883872539075
7.1969296497516817	1.0001043145161319
7.2000268884854819	0.9999460112293103
7.2030786248765359	1.0000839209492101
7.2061319970935642	0.9999365596383126
7.2092006159800928	1.0000727713959925
7.2122896867116539	0.9999354410617560
7.2153986357930266	1.0000663530986202
7.2185288896639106	0.9999370261896561
7.2216786238346646	1.0000619575953349
7.2248493778102949	0.9999395813049617
7.2280395827105668	1.0000583299378638
7.2312512748392654	0.9999425657744109
7.2344834034643490	1.0000548749359413
7.2377386183106145	0.9999458890131152
7.2410165936091326	1.0000512359086533
7.2443208367092149	0.9999496731062532
7.2476521381219561	1.0000470856628687
7.2510154180410034	0.9999542128179181
7.2544134401563474	1.0000419718216558
7.2578538479621919	0.9999600737532732
7.2613434995360731	1.0000350768329211
7.2648963578760739	0.9999684181679178
7.2685298035942987	1.0000247104468662
7.2722770530315426	0.9999812475593010
7.2761959733611157	1.0000126301507257
7.2804379001070547	0.9999489240575486
7.2873205409369390	1.0001385428152587
7.2917307483074207	1.0000073164713565
7.2954788942155107	1.0000699086973841
7.2989985333343794	0.9999713914045589
7.3024590497064628	1.0000501293808053
7.3059255347175247	0.9999656757174480
7.3094277725088492	1.0000378110216415
7.3129872592925782	0.9999702816667529
7.3166248228124084	1.0000255809532774
7.3203745975658467	0.9999818212132765
7.3242949730566282	1.0000129244132416
7.3285372865007972	0.9999490300961367
7.3354802644681687	1.0001272112237365
7.3402708040484663	1.0000229364986088
7.3445884353860791	1.0000376127344932
7.3489656421637202	0.9999566058881626
7.3560146802257362	1.0001331304349628
7.3609265789534470	1.0000262791981358
7.3655072198703273	1.0000814048442597
7.3726772491701036	0.9998699384239577
7.3775835380483024	0.9999778588844506
7.3819461655785350	0.9999619041160166
7.3863370845142251	1.0000431646541845
7.3933352828148680	0.9998540677674537
7.3978354715130559	0.9999871192516431
7.4016478332165594	0.9999305887810280
7.4052187995179404	1.0000240948031527
7.4087313192176856	0.9999519419894248
7.4122531295536742	1.0000292798583035
7.4158227249723074	0.9999657936930214
7.4194656002952666	1.0000228483291669
7.4232186836569749	0.9999804149830043
7.4271407439355341	1.0000121544667919
7.4313835956128926	0.9999485899911801
7.4382830392954933	1.0001352234165592
7.4427964162099816	1.0000114015565580
7.4466724694515589	1.0000610275045958
7.4503345093389948	0.9999797712363658
7.4539589857936113	1.0000379331953346
7.4576252459866925	0.9999790800091884
7.4613871514289887	1.0000200892927769
7.4653140542415546	0.9999876075568753
7.4695572787934195	1.0000508083160493
7.4764186564501980	0.9998561817857498
7.4806952737097179	0.9999976116024203
7.4842856905312471	0.9999169015673519
7.4876329097979806	1.0000388203984694
7.4909039350130957	0.9999329347860315
7.4941517616535078	1.0000496673099530
7.4973986370690948	0.9999401623111910
7.5006490840964295	1.0000524360221619
7.5039073618127388	0.9999436101675887
7.5071722190072370	1.0000526801698102
7.5104455284556160	0.9999455457776369
7.5137254488065244	1.0000520964782278
7.5170135389663137	0.9999468879164357
7.5203079752571274	1.0000512509163024
7.5236103052407834	0.9999479923160769
7.5269187847389700	1.0000503297050389
7.5302350082417879	0.9999490021849989
7.5335573215775007	1.0000493837007811
7.5368873922256157	0.9999499858067153
7.5402236734489909	1.0000484117467767
7.5435679352438916	0.9999509895625006
7.5469187715025772	1.0000473876077591
7.5502780997718153	0.9999520604176205
7.5536447112406400	1.0000462654343856
7.5570207439997770	0.9999532592410852
7.5604052815762000	1.0000449748991014
7.5638008051886736	0.9999546745069198
7.5672068543537625	1.0000434074812461
7.5706264697626793	0.9999564435150318
7.5740599441307230	1.0000413887404878
7.5775112900554449	0.9999587922848127
7.5809821336297221	1.0000386200680766
7.5844783401615361	0.9999621213789981
7.5880041580859121	1.0000345464681450
7.5915694168518728	0.9999672195792780
7.5951844822692589	1.0000280159034696
7.5988694824438339	0.9999757691636327
7.6026533756577281	1.0000169723651720
7.6065959854531719	0.9999862252028507
7.6108430420572271	1.0000507296631778
7.6177943814040221	0.9998739161040121
7.6226758499200251	0.9999755082957520
7.6272472933420765	0.9999190568252827
7.6343849129752623	1.0001327776673090
7.6391540952424037	1.0000147345398220
7.6432502922650896	1.0000497218792486
7.6471242018761041	0.9999887946846114
7.6509841449763858	1.0000239339610770
7.6549559196301784	0.9999897501609033
7.6592134256404538	1.0000529646493033
7.6661621020505848	0.9998727034930804
7.6709856462785702	0.9999763691130225
7.6753283527672300	0.9999616919456669
7.6797110826545625	1.0000432979541687
7.6867579142717704	0.9998661440092015
7.6916858193359765	0.9999731897488160
7.6962723707883596	0.9999174315120873
7.7034434688170359	1.0001285872531034
7.7085243363649383	0.9999714009728666
7.7160465508201552	1.0001694246941328
7.7209633755877967	1.0000250563628577
7.7250540254876459	1.0000615356277667
7.7288415724168464	0.9999853162766230
7.7325488712304864	1.0000367209132019
7.7362730942478031	0.9999812348063161
7.7400749755584837	1.0000198074428648
7.7440253730619393	0.9999877799236119
7.7482750543993273	1.0000517344831568
7.7552088386825329	0.9998708597991527
7.7599671795408733	0.9999789027436864
7.7641849623623633	0.9999584771179943
7.7682906221970649	1.0000018368026289
7.7725965621690589	0.9999405860860520
7.7795828975958408	1.0001247714320685
7.7844864160272715	1.0000228378300862
7.7890629476774080	1.0000801319955310
7.7962000314634672	0.9998660889577629
7.8009822531468549	0.9999840507117238
7.8050914766603867	0.9999496092170109
7.8089731498191508	1.0000100608553466
7.8128399728433475	0.9999751860287865
7.8168142928225182	1.0000092869398336
7.8210737986827601	0.9999459542394581
7.8279730546752244	1.0001352068581462
7.8324949294280968	1.0000096468127750
7.8363438089228676	1.0000649862928566
7.8399335708050613	0.9999723938942251
7.8434295125178135	1.0000499753904148
7.8468926406572006	0.9999621120338564
7.8503453483905155	1.0000443529800480
7.8537973623056612	0.9999592419286883
7.8572507632988495	1.0000420459883825
7.8607082435890954	0.9999586520692249
7.8641688975196864	1.0000409025299004
7.8676345506285452	0.9999588270207231
7.8711039136781054	1.0000401244343178
7.8745788363391602	0.9999593067832865
7.8780581127627816	1.0000394007158846
7.8815438127597996	0.9999599824580506
7.8850349994767042	1.0000385701229899
7.8885341328225778	0.9999608899315597
7.8920407713628240	1.0000374837203045
7.8955580611485798	0.9999621665767349
7.8990864676566552	1.0000359237490941
7.9026304124161761	0.9999640863283664
7.9061921245051900	1.0000335022123807
7.9097786135408672	0.9999671862766653
7.9133959335279922	1.0000294431337537
7.9170571553276794	0.9999726075084496
7.9207783370975173	1.0000220650480325
7.9245908855165696	0.9999824447102932
7.9285496167010097	1.0000127420161762
7.9328023070959208	0.9999475991656370
7.9397094467497578	1.0001321464993378
7.9443504337746713	1.0000140958858821
7.9483527299006882	1.0000553432645831
7.9521140868499698	0.9999817502172359
7.9558045624044427	1.0000363778171304
7.9594973952717929	0.9999770699229312
7.9632337338397674	1.0000242353449615
7.9670537715458352	0.9999837595974397
7.9710162445204782	1.0000134321594312
7.9752700382412343	0.9999478557503142
7.9821993699438636	1.0001280970047635
7.9869899710719743	1.0000204290542198
7.9912344305636314	1.0000399767533403
7.9953585011468533	0.9999969712906762
7.9996681273100281	1.0000589304289467
8.0066094557936793	0.9998664608731587
8.0112368325590158	0.9999869554677011
8.0151968000556693	0.9999402437085253
8.0188900076191185	1.0000220080616617
8.0224870475585934	0.9999553066375906
8.0260483907613533	1.0000314353109132
8.0296020390297596	0.9999609593001821
8.0331566535164356	1.0000335147449819
8.0367197734448457	0.9999638643345246
8.0402936526968762	1.0000328841277486
8.0438842542999112	0.9999664907479667
8.0474952548655523	1.0000304636914952
8.0511358919331570	0.9999703271830124
8.0548156323014517	1.0000255763741834
8.0585535991705051	0.9999772928249778
8.0623772764724180	1.0000162649418245
8.0663443524109226	0.9999861595379107
8.0705980494131708	1.0000515614918872
8.0775047214465836	0.9998666825659284
8.0821407997875454	0.9999854632900332
8.0861289580216944	0.9999419835087038
8.0898581945594277	1.0000198701752332
8.0934966976370362	0.9999579880725737
8.0971057193392806	1.0000284054723918
8.1007157037483317	0.9999647990428878
8.1043389851732783	1.0000288490272469
8.1079886647235089	0.9999699396370819
8.1116753929419083	1.0000249610236069
8.1154188617063152	0.9999772232608660
8.1192465801177445	1.0000160792019654
8.1232161384847217	0.9999860876696446
8.1274705126428142	1.0000516100067254
8.1343791196526478	0.9998671433534644
8.1390331806891236	0.9999848546216814
8.1430450714138036	0.9999434355053380
8.1468019472410624	1.0000183755260430
8.1504732667153768	0.9999602553218270
8.1541228478062244	1.0000257397949974
8.1577851007046007	0.9999685301164293
8.1614783696778765	1.0000239613213855
8.1652257554752623	0.9999768019562699
8.1690558644603914	1.0000157817008348
8.1730267838697550	0.9999859392678161
8.1772815393324283	1.0000515759156856
8.1841868893081990	0.9998665425690091
8.1888221319420147	0.9999856998528753
8.1928045734873525	0.9999413631197727
8.1965221976186644	1.0000208423346104
8.2001420556567997	0.9999564172218042
8.2037237219946988	1.0000305188967729
8.2072951187216869	0.9999617912281002
8.2108649991779803	1.0000328472148290
8.2144410739075742	0.9999644297986477
8.2180257787086770	1.0000324362377842
8.2216252860559926	0.9999668420653515
8.2252434833217958	1.0000301929438207
8.2288898289723846	0.9999705192088746
8.2325739944168816	1.0000254379994697
8.2363152853665262	0.9999773700879696
8.2401413101854128	1.0000162255922780
8.2441097901536811	0.9999861521652790
8.2483638799299008	1.0000516052094368
8.2552830932184609	0.9998690924008468
8.2600042222613101	0.9999818656702782
8.2641245395380381	0.9999509261588202
8.2680358040749269	1.0000087830543329
8.2719308918580161	0.9999757122939641
8.2759239621030307	1.0000092953731821
8.2801884067443030	0.9999452344304637
8.2871231624371564	1.0001274379644927
8.2919257275982510	1.0000201638858270
8.2961794874656558	1.0000396401294580
8.3003091173312527	0.9999968156765658
8.3046202994319742	1.0000590295724581
8.3115966299431676	0.9998731210895394
8.3164684296036313	0.9999769109979422
8.3208406257803276	0.9999620496650020
8.3252317741930586	1.0000443733284161
8.3322341930296862	0.9998588737122126
8.3369094948912981	0.9999832323441756
8.3409012273667127	0.9999398050491900
8.3446209694600064	1.0000197852934023
8.3482469767384888	0.9999569178430243
8.3518452068269013	1.0000284102652168
8.3554495495601273	0.9999648660345527
8.3590758446644617	1.0000278314150435
8.3627419200873394	0.9999718574694785
8.3664656483500703	1.0000215779640231
8.3702795751597403	0.9999822037573475
8.3742389766028520	1.0000126093651167
8.3784918872370771	0.9999475103624669
8.3853922121932065	1.0001333921113509
8.3899908570505310	1.0000124320612158
8.3939341542249135	1.0000591218816417
8.3976252869197694	0.9999778903970362
8.4012327789141512	1.0000419978974866
8.4048247641079445	0.9999707417951873
8.4084331298580999	1.0000327867676433
8.4120806030402182	0.9999733188753386
8.4157881825289618	1.0000233151105613
8.4195894798108544	0.9999826514004263
8.4235410690139858	1.0000129485656288
8.4277918440573441	0.9999479571528193
8.4346806037020983	1.0001359936589913
8.4391908513602072	1.0000093980854146
8.4430255108664944	1.0000659779574925
8.4466010489405345	0.9999718395965591
8.4500853471726121	1.0000504442424165
8.4535422758514471	0.9999623336347114
8.4569976904733029	1.0000433621434024
8.4604655301705733	0.9999613851104390
8.4639531359054541	1.0000383590696547
8.4674699556457469	0.9999643098363744
8.4710240699348720	1.0000325519785316
8.4746300190202710	0.9999706478756690
8.4783054477920246	1.0000235396892110
8.4820833836073835	0.9999818703598888
8.4860208182482850	1.0000127105260948
8.4902677493950094	0.9999483238779797
8.4971980184214182	1.0001287781756252
8.5019425799709598	1.0000200717477616
8.5061451622384325	1.0000409279614846
8.5102429186089950	0.9999973203984489
8.5145453783136631	1.0000582327115728
8.5214879991906933	0.9998656392659363
8.5260696820629569	0.9999869345098187
8.5300040452344739	0.9999407359914843
8.5337093833409909	1.0000181563024426
8.5373686189187747	0.9999625467255533
8.5410597078912573	1.0000193448838939
8.5448407726045392	0.9999792914288566
8.5487776668260924	1.0000114141842966
8.5530248654346757	0.9999477657862020
8.5599563891984118	1.0001287190304349
8.5646933220582575	1.0000199196379205
8.5688889579251732	1.0000410465723424
8.5729823916036842	0.9999973560130455
8.5772836745632706	1.0000581075067327
8.5842649965901678	0.9998726459484567
8.5890893308419187	0.9999767532751719
8.5934269455092611	0.9999617500215481
8.5978087128213012	1.0000430126704931
8.6048231947217371	0.9998594267028498
8.6094973845601803	0.9999808276880292
8.6135368864961368	0.9999455985994926
8.6173722758685294	1.0000094676376345
8.6212086711231191	0.9999738526160324
8.6251654916294722	1.0000087195313576
8.6294201371289390	0.9999461975281507
8.6362978144619600	1.0001396650585881
8.6406681962157190	1.0000044929186074
8.6443522911162507	1.0000753068750388
8.6477886419139374	0.9999650412894098
8.6511443125552532	1.0000591799688923
8.6544793713295078	0.9999552467978280
8.6578161159849483	1.0000514475638136
8.6611652734394475	0.9999538793752782
8.6645307452226614	1.0000466558843992
8.6679178522624394	0.9999557080930769
8.6713291044971523	1.0000423350682222
8.6747708405035038	0.9999594630172236
8.6782477922003256	1.0000370951309483
8.6817701481785186	0.9999653652279203
8.6853487366756408	1.0000294855134471
8.6890041519928740	0.9999748855874196
8.6927660429910230	1.0000173895569930
8.6966952406945754	0.9999862634863803
8.7009386845130336	1.0000502757298870
8.7078384274873599	0.9998635688295112
8.7123475648960955	0.9999880222946771
8.7162125925033145	0.9999365437651034
8.7198498103173652	1.0000212870018077
8.7234354887552783	0.9999574961144763
8.7270390669546316	1.0000246075621348
8.7307051501141171	0.9999722980119524
8.7344714884528827	1.0000159135017994
8.7384026699794326	0.9999854617000857
8.7426467147034455	1.0000498962041997
8.7495718697727050	0.9998681221343364
8.7542376014156975	0.9999814474738274
8.7583272304298614	0.9999516759650267
8.7622577676162887	1.0000046648068146
8.7662524286539298	0.9999789615771038
8.7705183053605094	1.0000473710986182
8.7774396800543943	0.9998627616033680
8.7819904919505394	0.9999859435629352
8.7859021625908529	0.9999391081785549
8.7895913525064380	1.0000180877666249
8.7932389896707406	0.9999618375659145
8.7969217021996560	1.0000193624701883
8.8006969995161697	0.9999790799477116
8.8046305008777477	1.0000113398547485
8.8088767669803154	0.9999478407111896
8.8157799253139153	1.0001341674427171
8.8203283707794213	1.0000121821228862
8.8242399180537152	1.0000591848710367
8.8279321958067172	0.9999806692227441
8.8315812956802286	1.0000368138695270
8.8352668811096482	0.9999795214311458
8.8390428432051102	1.0000197512588882
8.8429782129070098	0.9999875389530517
8.8472237204697368	1.0000510664596824
8.8541256422541004	0.9998641518381589
8.8586492530060941	0.9999877345997541
8.8625292719423392	0.9999373987712400
8.8661797177091639	1.0000208442080196
8.8697766739057933	0.9999580767566325
8.8733896522434801	1.0000243067149650
8.8770632648671395	0.9999725639812603
8.8808351661619156	1.0000158310879412
8.8847697222656308	0.9999854639349551
8.8890146763551048	1.0000500150537555
8.8958954946017901	0.9998599658003863
8.9002991883777138	0.9999926975542244
8.9040239239323089	0.9999260548709153
8.9074959757028012	1.0000320081063894
8.9108843529519532	0.9999417351963290
8.9142454238488824	1.0000423657003512
8.9176040132129124	0.9999485217289025
8.9209666888917596	1.0000446730874388
8.9243393421892527	0.9999520655919678
8.9277225110682625	1.0000442123552549
8.9311199117364346	0.9999547031707167
8.9345320459051560	1.0000424385794981
8.9379631884219854	0.9999575004006125
8.9414151137229201	1.0000395910793418
8.9448938687767416	0.9999611614188104
8.9484038725238602	1.0000352980769127
8.9519551264068458	0.9999665788889205
8.9555581860165461	1.0000284739529568
8.9592333842696679	0.9999754649372457
8.9630099480944221	1.0000171026947542
8.9669480752121142	0.9999862336654162
8.9711939231751163	1.0000505752918121
8.9780786471386129	0.9998611821106539
8.9825176933439419	0.9999916060180317
8.9862799475310027	0.9999284914044191
8.9897866041580947	1.0000303316100616
8.9932071407075789	0.9999440044089146
8.9965990040778454	1.0000405286470802
8.9999879845358954	0.9999506865732426
9.0033815455128643	1.0000426316114008
9.0067864321805562	0.9999543771716075
9.0102041862290640	1.0000417903394745
9.0136396892053909	0.9999574756297545
9.0170949700035976	1.0000393146166331
9.0205763010128912	0.9999611950273559
9.0240882397086288	1.0000351818099094
9.0276409274612668	0.9999666063505854
9.0312450227857859	1.0000284298657542
9.0349209514823521	0.9999754767225327
9.0386980036127955	1.0000170924382548
9.0426364136248392	0.9999862321224783
9.0468823409252597	1.0000505849094290
9.0537577268340321	0.9998594465652796
9.0581437969506258	0.9999938048356225
9.0618421832678404	0.9999238976921251
9.0652816999649541	1.0000343889917040
9.0686315225190448	0.9999384904726478
9.0719477151466066	1.0000458214978964
9.0752546649475487	0.9999443296145503
9.0785584640008548	1.0000492094931508
9.0818644732368110	0.9999468375911439
9.0851724876325441	1.0000499506756722
9.0884852916981629	0.9999482118152765
9.0918020315259938	1.0000496568768495
9.0951252269976983	0.9999493277564380
9.0984541300989612	1.0000488306052076
9.1017914003814191	0.9999505462610078
9.1051365645925966	1.0000475946512759
9.1084925961220975	0.9999520589429103
9.1118594613382982	1.0000459127551877
9.1152406699335113	0.9999540343817844
9.1186369209065870	1.0000436418663614
9.1220526675429792	0.9999567031925085
9.1254899269705589	1.0000405026120411
9.1289549568208983	0.9999604600010920
9.1324523985527168	1.0000359551931863
9.1359924415441043	0.9999660796870028
9.1395858449533307	1.0000288638224453
9.1432531362965772	0.9999752235406174
9.1470237823471283	1.0000172139019745
9.1509582915091023	0.9999862427484567
9.1552031668042613	1.0000504518306808
9.1620809037317006	0.9998596978738461
9.1664724977420047	0.9999933135437347
9.1701821963222461	0.9999249982224478
9.1736383143896010	1.0000329936007220
9.1770101962238115	0.9999405061368933
9.1803543186419354	1.0000434886433913
9.1836956275455588	0.9999472876778494
9.1870408521055342	1.0000458237308167
9.1903960905084556	0.9999508934578522
9.1937620736695891	1.0000453083828373
9.1971427279659714	0.9999536431509114
9.2005387322751542	1.0000434151422459
9.2039545482822902	0.9999565968709382
9.2073921045874147	1.0000403974533976
9.2108576049733220	0.9999604536410244
9.2143556145965189	1.0000358948552417
9.2178962663055390	0.9999660993197791
9.2214902598124500	1.0000288300695512
9.2251580748722866	0.9999752377005457
9.2289291318468347	1.0000172040649891
9.2328638976573743	0.9999862415618528
9.2371088406798290	1.0000504606529355
9.2439937891649731	0.9998610614166946
9.2484272391148430	0.9999915916714970
9.2521872392780757	0.9999286087915563
9.2556964687848495	1.0000297826474782
9.2591249510418265	0.9999449266399896
9.2625307847789280	1.0000391472577623
9.2659407208103239	0.9999526215306038
9.2693634973301222	1.0000401053632217
9.2728075833940693	0.9999576834951915
9.2762768938735150	1.0000375995387665
9.2797796854542565	0.9999628496373435
9.2833229352539988	1.0000324596762724
9.2869206522387024	0.9999700861369734
9.2905899634432707	1.0000235457330644
9.2943636388165416	0.9999817128426932
9.2982985492384849	1.0000126584674891
9.3025447860550070	0.9999483854038426
9.3094442556515524	1.0001346630159040
9.3139860227085016	1.0000116702630357
9.3178817420912576	1.0000607247486986
9.3215472515538238	0.9999785568116899
9.3251551047213894	1.0000402824985521
9.3287784432859340	0.9999749040523017
9.3324586919475276	1.0000260956664719
9.3362369271737666	0.9999831580248494
9.3401738623681592	1.0000134390925797
9.3444207143857820	0.9999487461924299
9.3513081603351633	1.0001371170882167
9.3557765141041767	1.0000086161642243
9.3595742533459152	1.0000677386870680
9.3631242257171152	0.9999713969721308
9.3665937376192012	1.0000508999083639
9.3700455359683215	0.9999627826257763
9.3735048976240360	1.0000425775734325
9.3769857276410971	0.9999628514364018
9.3804960223729523	1.0000363321501340
9.3840468151041865	0.9999671039628258
9.3876492784222254	1.0000288248748135
9.3913238746977150	0.9999756225125688
9.3950999710991248	1.0000172098483302
9.3990377968689920	0.9999862863695543
9.4032835684875646	1.0000505910985928
9.4101835496881971	0.9998640351348550
9.4147126406361270	0.9999878257491580
9.4185919619781604	0.9999368308813955
9.4222325778508171	1.0000220629192460
9.4258082357138733	0.9999559555924248
9.4293847666795934	1.0000274365889492
9.4330001885332706	0.9999679224916713
9.4366797655945120	1.0000219205013974
9.4404599008996950	0.9999810202465983
9.4443983578935153	1.0000122477261044
9.4486456286780722	0.9999480621860162
9.4555862137149571	1.0001267471449804
9.4604017524571358	1.0000228060900402
9.4647373806306501	1.0000374155828622
9.4691194456753109	0.9999558904947492
9.4761171035313101	1.0001416885362058
9.4807256885781719	1.0000149179333735
9.4846575049801665	1.0000611956424625
9.4883447283181592	0.9999798568068230
9.4919676051733912	1.0000401105274872
9.4956021459671813	0.9999754764266603
9.4992909260430789	1.0000259577833945
9.5030753132165593	0.9999833240919255
9.5070159522812112	1.0000134816557793
9.5112638098721778	0.9999486428543961
9.5181946357031286	1.0001288204295882
9.5229443643152756	1.0000201858340851
9.5271517030050941	1.0000408493113597
9.5312524646313683	0.9999972993908133
9.5355557323224769	1.0000583219077552
9.5424853351985313	0.9998633600182638
9.5469937414592998	0.9999903000479092
9.5508226059581585	0.9999329240332550
9.5543937501366898	1.0000270567617260
9.5578801040926358	0.9999489130747078
9.5613418956712302	1.0000360116334022
9.5648072626360978	0.9999563260932520
9.5682859853062450	1.0000367317652579
9.5717876030671256	0.9999613984987866
9.5753174437712936	1.0000338449818984
9.5788859536892961	0.9999670471529625
9.5825036211663885	1.0000277511182269
9.5861906842777280	0.9999757347269221
9.5899760812952053	1.0000168949232422
9.5939196069859065	0.9999861964159161
9.5981669105872900	1.0000507477398570
9.6050799739185084	0.9998667518513236
9.6097028934904785	0.9999843088790431
9.6137065617253956	0.9999449397350095
9.6174943662512664	1.0000137458042189
9.6212506150058061	0.9999685852527430
9.6250637547431186	1.0000128695739843
9.6290185825198389	0.9999839632031723
9.6332696340197792	1.0000497612031776
9.6401973722406549	0.9998685498610764
9.6449007145303334	0.9999808266562554
9.6490260488478370	0.9999528077370203
9.6529833259652200	1.0000044822801872
9.6569940403565830	0.9999790586077340
9.6612643217190914	1.0000479693283861
9.6682140011104281	0.9998687596045055
9.6729797459722775	0.9999780552038418
9.6772001439695554	0.9999579969735135
9.6813066016699221	1.0000015785832799
9.6856128587546948	0.9999404302190086
9.6925993723736212	1.0001247163761495
9.6975028083849484	1.0000228005823659
9.7020793252790281	1.0000801058679971
9.7092225080476595	0.9998671320969158
9.7140452815324103	0.9999823767110897
9.7182199012868580	0.9999538064598513
9.7221972971165318	1.0000050495128718
9.7262159959338526	0.9999793189013654
9.7304890167425402	1.0000482191862048
9.7374502574650919	0.9998705713693029
9.7422826020641047	0.9999754789439069
9.7466297502990802	0.9999612415782773
9.7510137781548689	1.0000431675900694
9.7580055637892986	0.9998560584461570
9.7625744005110828	0.9999860928748837
9.7664439307300839	0.9999326552742337
9.7700418510714861	1.0000254254616661
9.7735448801101867	0.9999488671513971
9.7770138491898049	1.0000360391184955
9.7804760168015541	0.9999551802250525
9.7839390415997567	1.0000386255260714
9.7874092818543375	0.9999581972553568
9.7908875289386330	1.0000385063318997
9.7943776526953990	0.9999603529647206
9.7978803816296374	1.0000370936925038
9.8014003767716993	0.9999627549846261
9.8049400360849948	1.0000345180545100
9.8085065489394943	0.9999662349141045
9.8121061619204468	1.0000301702346961
9.8157521555945060	0.9999720374541536
9.8194608543690602	1.0000224238404425
9.8232640084528082	0.9999822795301109
9.8272169605657282	1.0000127265979084
9.8314680791989524	0.9999477936129219
9.8383718094373247	1.0001330490641125
9.8429783869542895	1.0000130534818918
9.8469383635091479	1.0000577964470501
9.8506539868240992	0.9999795438424484
9.8542939527891988	1.0000396163023810
9.8579277315084273	0.9999735592849258
9.8615900724781440	1.0000290335542044
9.8653092639993663	0.9999780317269560
9.8691174588335357	1.0000173205255449
9.8730745520696725	0.9999865890479538
9.8773256094097377	1.0000514161544631
9.8842505695276763	0.9998696609398121
9.8889807592969863	0.9999807144204096
9.8931332659940470	0.9999538475910136
9.8971115093871731	1.0000044349079722
9.9011349959988504	0.9999791813380489
9.9054087872753041	1.0000484718000451
9.9123314349470117	0.9998642848641818
9.9169487948194170	0.9999852165940247
9.9209139550375234	0.9999405725998639
9.9246256704435964	1.0000198014135848
9.9282559068929075	0.9999580617000677
9.9318688404594440	1.0000270789076859
9.9354989509251617	0.9999670992966964
9.9391647423078240	1.0000248480948437
9.9428896453184308	0.9999761185345684
9.9467028317487625	1.0000160391701325
9.9506633131974951	0.9999859505881920
9.9549152194041550	1.0000512132762447
9.9618400984918942	0.9998697131438951
9.9665786338321993	0.9999805629968633
9.9707394071237534	0.9999540877897312
9.9747239988541399	1.0000043865042358
9.9787513586193484	0.9999791979639623
9.9830262174320481	1.0000486131222308
9.9899829530028423	0.9998708298795106
9.9948355387138346	0.9999755543268213
9.9991977247828423	0.9999613722706542
