0.0000000000000000	0.0000000000000000
5.4913717608292254	0.0010000000000000
5.4978240890110479	0.0009201867365448
5.5036149233882830	0.0011873454671720
5.5129445081830060	0.0011606860593235
5.5177570997078087	0.0015825965598502
5.5217647441504214	0.0017999206581076
5.5256963646856283	0.0021379906616228
5.5297061503766010	0.0024342018335490
5.5338062961694829	0.0028287138577617
5.5379974014447910	0.0032354992107725
5.5422433762649899	0.0037462009455685
5.5465416553950018	0.0042982624365538
5.5508649669534398	0.0049728608475987
5.5552209512193063	0.0057222490753998
5.5595849547719220	0.0066215586716342
5.5639754042827798	0.0076360841385941
5.5683651256883886	0.0088381856504750
5.5727819248222090	0.0102078168455227
5.5771907504977616	0.0118154462504797
5.5816287809472094	0.0136585046726349
5.5860484467541918	0.0158049926553168
5.5904971791739024	0.0182723883146440
5.5949103045922062	0.0211235465211291
5.5993458361925388	0.0243954304750705
5.6037180383301033	0.0281396729186329
5.6080948519628171	0.0324041961045414
5.6123698804274600	0.0372216639867856
5.6166220335208861	0.0426337552952281
5.6207343857963128	0.0486570999448810
5.6248023891750725	0.0553158591601431
5.6287134514858570	0.0626364949430441
5.6325817417085533	0.0706327924583084
5.6363031373208541	0.0793665588547710
5.6400018613641389	0.0888517405004386
5.6435779340443863	0.0991840772021405
5.6471537574733883	0.1103791157989949
5.6506340752088553	0.1225569845228900
5.6541291294781715	0.1357219291749366
5.6575566805785353	0.1500301090252825
5.6610043203805125	0.1654366565233445
5.6644153671316770	0.1821799827481418
5.6678410630115064	0.2000821529256682
5.6712654048351308	0.2195531116838810
5.6746866288755431	0.2401372550017863
5.6781459577965316	0.2625520961528990
5.6815715131794802	0.2858642583722956
5.6850771266838063	0.3112678420542706
5.6885077502780090	0.3371378088965685
5.6920590923822898	0.3652987758607585
5.6954902891077017	0.3932954674073474
5.6990756831342981	0.4236377169639450
5.7025025460311651	0.4530900970423204
5.7061036279147865	0.4847197058173059
5.7095264153521983	0.5148117707629783
5.7131265135107370	0.5466653687010204
5.7165549300843130	0.5765680007171062
5.7201480506729654	0.6076211930939117
5.7236024471503093	0.6365975928379400
5.7271990437439459	0.6660287069643512
5.7307113259628366	0.6934989232679039
5.7343428940248442	0.7207708717098349
5.7379587372550889	0.7463316916854246
5.7416739976496229	0.7711330902028529
5.7454490208535729	0.7944935642687126
5.7493272537814812	0.8167434928864388
5.7533366876767973	0.8377260755329459
5.7574121694205749	0.8571263017303432
5.7616224490274535	0.8751280232678480
5.7658457150129170	0.8912453563835021
5.7701993418033934	0.9058772341751911
5.7745867720486581	0.9188871041678762
5.7835081335420409	0.9401871165861785
5.7880374359299074	0.9490861348992572
5.7924455562127317	0.9564770099168596
5.7967129132942965	0.9626204720341920
5.8010450823540625	0.9680080630050105
5.8053950366569680	0.9726960941001612
5.8158067939421274	0.9810580339794458
5.8196609070976839	0.9838589724422980
5.8230226770921245	0.9856137456338289
5.8267251840573877	0.9875170972816311
5.8307603287936072	0.9892149309500069
5.8349835608055196	0.9907746724674428
5.8393005574671522	0.9921692184031935
5.8488219161061279	0.9947166932458682
5.8522748719507529	0.9951552033757251
5.8552411411889969	0.9958055925783087
5.8582945641968260	0.9961098794925404
5.8615923364668649	0.9966234351060063
5.8652546548204434	0.9970051783296843
5.8694320915788598	0.9974937347262770
5.8758979674271243	0.9978061021049041
5.8798143730735770	0.9982482980404267
5.8831609996246055	0.9983549525734825
5.8864212473517199	0.9986593388737501
5.8897215617128067	0.9987246612544237
5.8930664318149741	0.9989669394025098
5.8964430118473796	0.9990033413692829
5.8998252966597349	0.9992087282390452
5.9032026808107423	0.9992125301629490
5.9065666557696774	0.9993942002980047
5.9099238260445350	0.9993728039872982
5.9132799195051504	0.9995348441906315
5.9166479009110526	0.9994999686056851
5.9200350594248441	0.9996424871358272
5.9234514419688891	0.9996031320543193
5.9269004412726591	0.9997265037805303
5.9303873650152044	0.9996872139773757
5.9339117368278531	0.9997931801309012
5.9374753348535965	0.9997553204818098
5.9410750741264708	0.9998464952487065
5.9447105744437430	0.9998098001513167
5.9483771759770496	0.9998890638195862
5.9520732331184556	0.9998526224304621
5.9557931566146864	0.9999227887816520
5.9595345967057174	0.9998855464631445
5.9632915321314410	0.9999492121108066
5.9670614676967828	0.9999102344118759
5.9708386742144075	0.9999696261086571
5.9746214898638810	0.9999283635389560
5.9784058332165140	0.9999850043880971
5.9821926384109378	0.9999417606489972
5.9859817141540805	0.9999958153585582
5.9897793977306382	0.9999525766727456
5.9935930720575978	1.0000017244154422
5.9974401036835587	0.9999636326143821
6.0013457740649372	1.0000013398093195
6.0053636620968049	0.9999747152274936
6.0096314729975946	1.0000440700429012
6.0165268307387469	0.9998602471628687
6.0212051551900343	0.9999808746084242
6.0252104853897510	0.9999372389185326
6.0289283912885283	1.0000186950495715
6.0325335781078424	0.9999524338769259
6.0360943095880026	1.0000294226324660
6.0396469711120657	0.9999595680917268
6.0432090941617735	1.0000306059763011
6.0467981281121483	0.9999659663244355
6.0504285569660423	1.0000263349677081
6.0541233929186022	0.9999750969048924
6.0579133375979710	1.0000163388080776
6.0618593019185250	0.9999858918094402
6.0661073326301604	1.0000506921436478
6.0730580710238051	0.9998739406866087
6.0779414008868571	0.9999756676543332
6.0825133766013515	0.9999191866888008
6.0896442595456470	1.0001340804586669
6.0943761197272650	1.0000134690036795
6.0984156884885179	1.0000536369795392
6.1022142372310153	0.9999847444559088
6.1059698941056295	1.0000305154564249
6.1097815882910229	0.9999860456649490
6.1137334061870634	1.0000150883283245
6.1179849941358135	0.9999493699929325
6.1249276948395233	1.0001274548455972
6.1297481479476010	1.0000231707271476
6.1340867494050704	1.0000376480157331
6.1384696584969394	0.9999559674287947
6.1454624309560586	1.0001426333373016
6.1500445427347534	1.0000137968304497
6.1539371254331234	1.0000641562364159
6.1575740015974363	0.9999766572506134
6.1611321545102227	1.0000451883274204
6.1646812825236275	0.9999694082218514
6.1682534376201694	1.0000346146919545
6.1718710455775527	0.9999724632075166
6.1755549981404254	1.0000241296353214
6.1793389573188398	0.9999824395132978
6.1832800371587568	1.0000129791410755
6.1875279413987547	0.9999483471426919
6.1944431054764948	1.0001315262838144
6.1990958658956847	1.0000159412971934
6.2031432684753511	1.0000508415102884
6.2069959924000084	0.9999891736787944
6.2108462451833502	1.0000242544804241
6.2148136154446032	0.9999899078912451
6.2190697357335205	1.0000529267664142
6.2260002590038512	0.9998693068227323
6.2306981488277735	0.9999814009445578
6.2348169699289882	0.9999528099071165
6.2387689795441146	1.0000046525408894
6.2427764113990367	0.9999791077214986
6.2470458097617314	1.0000478786742251
6.2539804392794975	0.9998657896898655
6.2586393955185171	0.9999822996880043
6.2626906876373614	0.9999477412141976
6.2665434047016273	1.0000095702078227
6.2703947991556062	0.9999745678959338
6.2743612579624122	1.0000089672917922
6.2786184302155235	0.9999459722762818
6.2855704397511394	1.0001252668081146
6.2905713998089494	0.9999727816270229
6.2980257905173573	1.0001675683978823
6.3029383170535755	1.0000253742670304
6.3070491509348718	1.0000593338372994
6.3108745299654379	0.9999878625531750
6.3146407040725467	1.0000320721260194
6.3184563541016150	0.9999867966000794
6.3224097137987707	1.0000154162221955
6.3266618119235742	0.9999494404441250
6.3335743883588496	1.0001331708082200
6.3381907849946879	1.0000146047502334
6.3421828259278117	1.0000546655325979
6.3459615449299998	0.9999849611552150
6.3497085657254715	1.0000306754703217
6.3535162841422741	0.9999859884404053
6.3574663305396450	1.0000149679715307
6.3617173408575338	0.9999492643264033
6.3686502085464065	1.0001291497764004
6.3734019800254762	1.0000203171787960
6.3776104461687995	1.0000409022384884
6.3817117532526719	0.9999973243469505
6.3860151905863676	1.0000583466036284
6.3930039812286967	0.9998743377856421
6.3979016263391699	0.9999761377227495
6.4024783614333236	0.9999191796850467
6.4096182719333097	1.0001332955324838
6.4143813036077963	1.0000146514627293
6.4184689422296008	1.0000501658048382
6.4223350135853590	0.9999886610925214
6.4261889104108318	1.0000240958114262
6.4301569570088546	0.9999897896384965
6.4344134627392560	1.0000528500979042
6.4413371507020623	0.9998678236543792
6.4459844974801586	0.9999833979121590
6.4500270328045621	0.9999479726129303
6.4538734044859041	1.0000099572067240
6.4577203460297739	0.9999746281359190
6.4616841876702669	1.0000090339633760
6.4659406350936237	0.9999461004144936
6.4728686636974029	1.0001299029846709
6.4775616615692675	1.0000174278065603
6.4816727466402186	1.0000463697195661
6.4856205060697958	0.9999942424647390
6.4896238343344823	1.0000198359669468
6.4938933671202133	0.9999511237282590
6.5008584743581617	1.0001271098728184
6.5057473236128276	1.0000242849432328
6.5103195110012413	1.0000806310060342
6.5174370212928361	0.9998632077289851
6.5221029430694806	0.9999881693402215
6.5260529511029617	0.9999396844595706
6.5297408439318714	1.0000206632871644
6.5333605780894102	0.9999591965717110
6.5369889507239778	1.0000241181283360
6.5406734482670910	0.9999730205829168
6.5444528701982385	1.0000158127790879
6.5483918487004980	0.9999855196018894
6.5526380222050982	1.0000502034879863
6.5595822539475392	0.9998720841805304
6.5643930225571996	0.9999760163175163
6.5687276303168058	0.9999614750911273
6.5731080789725427	1.0000429259112549
6.5801062785370705	0.9998569897081669
6.5846986261194633	0.9999843898803469
6.5886155193694984	0.9999368918067679
6.5922872408024284	1.0000196069846532
6.5958980501182305	0.9999581754090170
6.5995207016316000	1.0000238241599231
6.6032012948462411	0.9999726603336984
6.6069780330074401	1.0000157082353829
6.6109154480768719	0.9999854405006157
6.6151611858096659	1.0000501070531853
6.6220676965628451	0.9998649078677171
6.6266294578518430	0.9999862124361553
6.6305572098136185	0.9999403930186406
6.6342613572833971	1.0000178339254520
6.6379214565541202	0.9999625103301628
6.6416139889606081	1.0000192073899417
6.6453964203626272	0.9999792843825619
6.6493342191132747	1.0000113952369460
6.6535816498009881	0.9999477223605336
6.6604854927424277	1.0001338614665389
6.6650470141179934	1.0000124690659848
6.6689714098303146	1.0000585736080332
6.6726742763004978	0.9999809647048772
6.6763317366232311	1.0000364583851391
6.6800237220027165	0.9999796621436119
6.6838042622075067	1.0000196486172399
6.6877423709064407	0.9999875204556571
6.6919886239092667	1.0000511533327834
6.6989003260985713	0.9998661093610123
6.7034898416378876	0.9999851361422943
6.7074584750283988	0.9999433753282244
6.7112162003506119	1.0000145339154134
6.7149484138103563	0.9999677387004096
6.7187438948410767	1.0000130717445661
6.7226880398540310	0.9999839270130016
6.7269361898632267	1.0000493679337790
6.7338447094745435	0.9998644351120740
6.7384023247647766	0.9999861676902638
6.7423253094031050	0.9999400610600082
6.7460253232216703	1.0000178999643476
6.7496820920078919	0.9999623342529665
6.7533720506141641	1.0000192425768202
6.7571526324988733	0.9999792278498161
6.7610893225372113	1.0000113765524419
6.7653364513951750	0.9999477485259768
6.7722680990758208	1.0001286777278700
6.7770059188342131	1.0000199268346022
6.7812025043481672	1.0000410159975770
6.7852965732609896	0.9999973436387252
6.7895980203573414	1.0000581210420389
6.7965882460660083	0.9998743299276376
6.8014804986526514	0.9999760394425372
6.8060558189526930	0.9999193296439040
6.8131954319107804	1.0001336666297529
6.8179402664607975	1.0000143746563854
6.8220096596093134	1.0000508860444510
6.8258610361216032	0.9999884183009744
6.8297043179388535	1.0000243525143415
6.8336660175527424	0.9999898543289190
6.8379207908873667	1.0000526658401989
6.8448801770394194	0.9998742622970609
6.8497578024035448	0.9999756297152362
6.8543284215006466	0.9999193106487391
6.8614727072461870	1.0001321641229610
6.8662634231380846	1.0000162345099808
6.8704061717805889	1.0000460938913895
6.8743620153514104	0.9999938015757180
6.8783664644189670	1.0000197113638127
6.8826367881650725	0.9999511462208045
6.8895184878079201	1.0001431425765090
6.8938630711402276	1.0000041308918568
6.8975099422385986	1.0000789160094974
6.9009051843975033	0.9999627564223711
6.9042172977920480	1.0000628982721647
6.9075064676119249	0.9999521646999581
6.9107949999293110	1.0000552219159098
6.9140937076989095	0.9999503733388079
6.9174065300844170	1.0000505094556191
6.9207387666172790	0.9999519337515657
6.9240926534922043	1.0000463316989174
6.9274739782202612	0.9999553924446267
6.9308863472423097	1.0000414468927796
6.9343380168661088	0.9999606813755580
6.9378364170084987	1.0000347843436725
6.9413959472938664	0.9999687017274654
6.9450343367582690	1.0000246001702229
6.9487850309355652	0.9999813308483386
6.9527059795149757	1.0000126527579745
6.9569484617151618	0.9999488706094027
6.9638796466672082	1.0001293498145725
6.9685926709663510	1.0000198501466988
6.9727673381192279	1.0000416121988411
6.9768478690580640	0.9999975697782291
6.9811456488128378	1.0000577910969684
6.9880698676249358	0.9998615603112958
6.9925091117823435	0.9999916301910848
6.9962803548825621	0.9999306706094950
6.9998207692103254	1.0000263143747112
7.0033082690028348	0.9999511677825615
7.0068089604179153	1.0000304909137485
7.0103607577699583	0.9999651823669754
7.0139892522379705	1.0000233738271989
7.0177316472783673	0.9999802372086328
7.0216472297624293	1.0000121506241040
7.0258883499748155	0.9999488095915560
7.0328320024131132	1.0001272031252071
7.0376146208448187	1.0000228955433612
7.0419265580625936	1.0000376382595140
7.0463022428637334	0.9999568143997918
7.0532788107561730	1.0001466175726994
7.0577162271974307	1.0000099611336311
7.0614633484938185	1.0000721548119447
7.0649789906724845	0.9999725756354370
7.0684424920411404	1.0000497982245775
7.0719240506205177	0.9999680083059252
7.0754585959206668	1.0000347087118768
7.0790749223024507	0.9999753097378840
7.0828070052192729	1.0000189651005071
7.0867178175125254	0.9999868322094571
7.0909564165624452	1.0000499107488436
7.0978914850831050	0.9998693770884505
7.1025788003670662	0.9999793003811894
7.1067338493344465	0.9999568560704588
7.1108008552708526	1.0000012090456463
7.1150962942019413	0.9999415032403274
7.1216668761166302	1.0002018151902545
7.1247506260725535	0.9999396771475300
7.1274000968273512	1.0001597330652228
7.1300231858008898	0.9999160632039145
7.1327000177318798	1.0001201948654141
7.1354414138478415	0.9999147815321762
7.1382414829036804	1.0000976751237154
7.1410945025542718	0.9999180799977365
7.1439928053650856	1.0000845898305497
7.1469329564586648	0.9999227302667165
7.1499094342506639	1.0000761106628766
7.1529209796069049	0.9999275841879264
7.1559636595920155	1.0000698568254405
7.1590376325214073	0.9999322939952904
7.1621400994846400	1.0000646603554233
7.1652722395068267	0.9999368603990207
7.1684321995975537	1.0000598940491148
7.1716220666869281	0.9999414360054752
7.1748409684011918	1.0000551436684313
7.1780920373233545	0.9999462657139029
7.1813756866762741	1.0000500299529818
7.1846965922003232	0.9999517135522372
7.1880572648663117	1.0000440597892337
7.1914652063256099	0.9999583885199207
7.1949271360869300	1.0000363849205727
7.1984569762019435	0.9999674827710183
7.2020721456008481	1.0000252969707526
7.2058060216577067	0.9999809945388972
7.2097168942867214	1.0000126139699350
7.2139566628752565	0.9999491966610421
7.2207526809585643	1.0001550697466000
7.2247121056597479	0.9999880985330117
7.2280017294454924	1.0001047645191754
7.2310944131275203	0.9999457421024910
7.2341422886188349	1.0000842623173012
7.2371922725754585	0.9999363290990531
7.2402578487682971	1.0000730300924374
7.2433441533950313	0.9999352428484082
7.2464505689361545	1.0000665559662743
7.2495784934418994	0.9999368575398869
7.2527260801830566	1.0000621206680491
7.2558948530441594	0.9999394396104181
7.2590832291566922	1.0000584624259030
7.2622932351759450	0.9999424484115310
7.2655238108903237	1.0000549822491276
7.2687775999120143	0.9999457936660190
7.2720542699266142	1.0000513213667237
7.2753573244926768	0.9999495979069992
7.2786875496654613	1.0000471514027538
7.2820498635137607	0.9999541563372010
7.2854470269462892	1.0000420192719579
7.2888866827579113	0.9999600349387909
7.2923756880386614	1.0000351069691897
7.2959280067273582	0.9999683962799572
7.2995610219544123	1.0000247240548377
7.3033079552086422	0.9999812415140216
7.3072266847844674	1.0000126296606771
7.3114685603224023	0.9999489304247811
7.3183510279809445	1.0001385839593375
7.3227598804756200	1.0000072741726986
7.3265066480685315	1.0000699916124791
7.3300250845786543	0.9999713413394791
7.3334845699859237	1.0000501911892814
7.3369501720173016	0.9999656373662741
7.3404516606825085	1.0000378489924431
7.3440105251549888	0.9999702589739377
7.3476475934623107	1.0000255979012440
7.3513970046630535	0.9999818151289857
7.3553171608801096	1.0000129243311586
7.3595594153823347	0.9999490376833770
7.3665024227094111	1.0001272157229337
7.3712926480612202	1.0000229373358780
7.3756100545271188	1.0000376148912411
7.3799872007930007	0.9999566146579802
7.3870362883782539	1.0001331315842195
7.3919480074991943	1.0000262829817128
7.3965286018479048	1.0000814001660436
7.4036986709337356	0.9998699345323017
7.4086046426693812	0.9999778574584884
7.4129670399656522	0.9999619018548914
7.4173578969123444	1.0000431555388392
7.4243559362097828	0.9998540278873042
7.4288547365936566	0.9999871570912102
7.4326656776270879	0.9999305066462976
7.4362354110877122	1.0000241414696260
7.4397468855869606	0.9999518830641396
7.4432678171478024	1.0000293134380165
7.4468366868346392	0.9999657613066177
7.4504789857773384	1.0000228641126288
7.4542316465747351	0.9999804057505245
7.4581534518683661	1.0000121531358825
7.4623962350268904	0.9999485981589080
7.4692955716562137	1.0001352549433700
7.4738077873416522	1.0000113719814481
7.4776826611845841	1.0000610884360099
7.4813436958257906	0.9999797397540328
7.4849673534845866	1.0000379703371316
7.4886329712735833	0.9999790646529227
7.4923944098271873	1.0000201003142324
7.4963210317868567	0.9999876095640269
7.5005641807785617	1.0000507995255004
7.5074245187539974	0.9998559746759786
7.5116951000530952	0.9999978495906213
7.5152792828033732	0.9999164531745509
7.5186208015359020	1.0000391401347746
7.5218865489069016	0.9999325217002435
7.5251293752772810	1.0000499952206336
7.5283714401762714	0.9999397930791356
7.5316172140920541	1.0000527596999227
7.5348709328763537	0.9999432716723901
7.5381313272743284	1.0000529940837557
7.5414002638902318	0.9999452292749423
7.5446758924899404	1.0000523982350655
7.5479597705784371	0.9999465887320812
7.5512500690691509	1.0000515396792446
7.5545483364152997	0.9999477081953390
7.5578528252558197	1.0000506051361906
7.5611651327652138	0.9999487322885163
7.5644836034910350	1.0000496453943457
7.5678099092776483	0.9999497302130522
7.5711425039150404	1.0000486589634203
7.5744831634204521	0.9999507490425231
7.5778304839998700	1.0000476191596368
7.5811863908674848	0.9999518363353939
7.5845496793038931	1.0000464796425430
7.5879224966795320	0.9999530535032355
7.5913039323546201	1.0000451695925041
7.5946964783463500	0.9999544895186609
7.5980996816682813	1.0000435800316467
7.6015165951043535	0.9999562821233066
7.6049475206224146	1.0000415361512214
7.6083964831060884	0.9999586577598818
7.6118651211701271	1.0000387391240091
7.6153593117111198	0.9999620171158453
7.6188833176058779	1.0000346336762680
7.6224469818224998	0.9999671490481201
7.6260606872598649	1.0000280678026523
7.6297445809263564	0.9999757354917689
7.6335276484232875	1.0000169870020525
7.6374697534145364	0.9999862261446583
7.6417166736677400	1.0000507122121562
7.6486681361169202	0.9998739149647422
7.6535491947618297	0.9999755008139606
7.6581205311286817	0.9999190687012864
7.6652581256723744	1.0001328077845424
7.6700258304822881	1.0000147114676761
7.6741205149048106	1.0000497812118649
7.6779931837454116	0.9999887735551474
7.6818522181420388	1.0000239554675654
7.6858234451506959	0.9999897554750713
7.6900808018319955	1.0000529485661012
7.6970295558713948	0.9998726948571611
7.7018523574093614	0.9999763667129489
7.7061945248398063	0.9999616869895874
7.7105771089103161	1.0000432765655560
7.7176240695869422	0.9998661418435449
7.7225515420729254	0.9999731806797095
7.7271379802517295	0.9999174432644760
7.7343092682040151	1.0001285803859155
7.7393900927753903	0.9999714135601346
7.7469122290783119	1.0001694692630108
7.7518270219379968	1.0000250274121556
7.7559154626409672	1.0000616417462997
7.7597010718936508	0.9999852647408349
7.7634067656367662	1.0000367903513028
7.7671297114985487	0.9999812069458989
7.7709306527187012	1.0000198287609310
7.7748804787515953	0.9999877840556936
7.7791300050840952	1.0000517165384128
7.7860638310783843	0.9998708415682250
7.7908210954766179	0.9999789097562586
7.7950379073611105	0.9999584541463991
7.7991429609850398	1.0000018280595824
7.8034487355334905	0.9999406014078597
7.8104351925630668	1.0001247710553933
7.8153382482354630	1.0000228458282852
7.8199146586762147	1.0000801189794943
7.8270517100431407	0.9998660552869023
7.8318322965131211	0.9999840751732663
7.8359398315032704	0.9999495430948586
7.8398201144188313	1.0000100839298303
7.8436859156975984	0.9999751616580767
7.8476596191820729	1.0000092805314458
7.8519189565538063	0.9999459717201888
7.8588177153916545	1.0001353243752125
7.8633353921045659	1.0000095139635747
7.8671795414691372	1.0000652714656229
7.8707647315916507	0.9999721783034422
7.8742563052302854	1.0000502578754997
7.8777152138706139	0.9999618782753472
7.8811638077002479	1.0000446149245470
7.8846117858867286	0.9999590057986829
7.8880612205479093	1.0000422915995884
7.8915147982041427	0.9999584206053296
7.8949716163093537	1.0000411347531608
7.8984335016065401	0.9999586042432500
7.9018991717958942	1.0000403438009169
7.9053704808127208	0.9999590955923666
7.9088462320740476	1.0000396061067343
7.9123285021966865	0.9999597856408416
7.9158163659755569	1.0000387592365814
7.9193122928802708	0.9999607107105667
7.9228158558060926	1.0000376532437256
7.9263302134140394	0.9999620088969980
7.9298558484302317	1.0000360694060357
7.9333971982745828	0.9999639549786307
7.9369565123846701	1.0000336188082328
7.9405408199202263	0.9999670868822603
7.9441561990743379	1.0000295246589765
7.9478157457296890	0.9999725463692278
7.9515355502285239	1.0000221051721245
7.9553470594874014	0.9999824269296174
7.9593051503268288	1.0000127405133035
7.9635576664463983	0.9999476208268061
7.9704646629804916	1.0001322025388530
7.9751033159550735	1.0000140432257723
7.9791030652362940	1.0000554664148713
7.9828621025105875	0.9999816763710939
7.9865505586859893	1.0000364695025512
7.9902416786792729	0.9999770182831141
7.9939766240216503	1.0000242800092702
7.9977956158505439	0.9999837449796244
8.0017574459385781	1.0000134322281338
8.0060110641196651	0.9999478781828984
8.0129404463741665	1.0001281165312599
8.0177298825497019	1.0000204226881186
8.0219732745522450	1.0000400011599431
8.0260966702484140	0.9999969806495048
8.0304061117369763	1.0000589126766026
8.0373471985974820	0.9998663890989464
8.0419716356572124	0.9999870331372621
8.0459282757198167	0.9999400651632868
8.0496182961735290	1.0000221377199974
8.0532123485503853	0.9999551369992258
8.0567708845858821	1.0000315686988392
8.0603218842955240	0.9999608140405390
8.0638740015072798	1.0000336376271299
8.0674347759347569	0.9999637433638876
8.0710064698977817	1.0000329886893122
8.0745950569273468	0.9999663952857982
8.0782042288418889	1.0000305438325479
8.0818432392309933	0.9999702606410160
8.0855215759122654	1.0000256262508413
8.0892583865261454	0.9999772599748864
8.0930811900244812	1.0000162796396874
8.0970477256578022	0.9999861608608979
8.1013012753066782	1.0000515430579144
8.1082078244316449	0.9998666338249936
8.1128418710944015	0.9999855118285766
8.1168277704755791	0.9999418688318953
8.1205548924186477	1.0000199474432008
8.1241914716711676	0.9999578875374574
8.1277987505967797	1.0000284779813589
8.1314071611535272	0.9999647230321588
8.1350290345439298	1.0000289063294705
8.1386774747760580	0.9999698884349162
8.1423631415229654	1.0000249970475754
8.1461057404594879	0.9999771983416812
8.1499328034075624	1.0000160897435268
8.1539019568285056	0.9999860884802306
8.1581562202731543	1.0000515961019520
8.1650647793956335	0.9998671152200285
8.1697175910757931	0.9999848808365510
8.1737281366775427	0.9999433715031101
8.1774837997234222	1.0000184144724629
8.1811540629265416	0.9999602048776661
8.1848027332442648	1.0000257719645655
8.1884642089588446	0.9999684978274171
8.1921568282294199	1.0000239814929246
8.1959036912421102	0.9999767867799300
8.1997334109191531	1.0000157874418134
8.2037040911391532	0.9999859395391386
8.2079587808844181	1.0000515676104342
8.2148642054678565	0.9998665454227319
8.2194993758246380	0.9999856907804368
8.2234819465630018	0.9999413812942253
8.2271999164866045	1.0000208122612799
8.2308203196599177	0.9999564591507533
8.2344027098317802	1.0000304697227720
8.2379749886279559	0.9999618493280401
8.2415458838617024	1.0000327855141380
8.2451230772496427	0.9999644955848801
8.2487089698859251	1.0000323709102015
8.2523096967001273	0.9999669057503886
8.2559291028260890	1.0000301346712845
8.2595766031438007	0.9999705698398460
8.2632618221231002	1.0000253981165754
8.2670040175802040	0.9999773969413832
8.2708307449265916	1.0000162133225283
8.2747996649703381	0.9999861510502058
8.2790538737840382	1.0000516202609706
8.2859731374324035	0.9998691235314551
8.2906956730172059	0.9999818413462502
8.2948175110010673	0.9999509855134634
8.2987300894253622	1.0000087600343865
8.3026261798571070	0.9999757350620612
8.3066198690344617	1.0000093012418607
8.3108844827213719	0.9999452163823571
8.3178192064268899	1.0001274182576467
8.3226229618647327	1.0000201715490720
8.3268778343644119	1.0000396152379858
8.3310081752979102	0.9999968062669977
8.3353195513564167	1.0000590486226555
8.3422957802843616	0.9998731315472353
8.3471685571745269	0.9999769148600448
8.3515414791356424	0.9999620557239223
8.3559328245571756	1.0000444018624068
8.3629356823281746	0.9998589887331887
8.3676154212440927	0.9999831154273242
8.3716124200062847	0.9999400914119413
8.3753373689986610	1.0000195763591129
8.3789683386669491	0.9999571906349971
8.3825712326591617	1.0000282052822360
8.3861798971411599	0.9999650779496392
8.3898101075712166	1.0000276739238250
8.3934796153830131	0.9999719897898688
8.3972062008546047	1.0000214974264510
8.4010223014192356	0.9999822434032587
8.4049830479937881	1.0000126139445380
8.4092363239084751	0.9999474657599599
8.4161372857164611	1.0001332113412458
8.4207428669229145	1.0000126181680702
8.4246939893419377	1.0000587044112730
8.4283925187723838	0.9999781749340511
8.4320067483013563	1.0000416400495293
8.4356047883546434	0.9999709889132135
8.4392184994113677	1.0000325431680528
8.4428705646234992	0.9999734780850792
8.4465819048965027	1.0000231978351219
8.4503860302247773	0.9999826971690979
8.4543393562966838	1.0000129508939206
8.4585906030502187	0.9999478977732411
8.4654805527216777	1.0001356913727526
8.4700015864652727	1.0000097201265801
8.4738480302651222	1.0000652877134879
8.4774344763901102	0.9999723150923924
8.4809286419487631	1.0000498388032382
8.4843945025705789	0.9999627769888824
8.4878579948901454	1.0000428938705024
8.4913331089501263	0.9999617482057116
8.4948271993389675	1.0000380195082768
8.4983497243132025	0.9999645726372043
8.5019087583806421	1.0000323334468237
8.5055188351841409	0.9999708013739049
8.5091975739482901	1.0000234386450999
8.5129779564491326	0.9999819131269597
8.5169168774653432	1.0000127134293140
8.5211642113941384	0.9999482734746576
8.5280943791223063	1.0001287301146655
8.5328416880254245	1.0000200894099911
8.5370467170551709	1.0000408692428271
8.5411459905888467	0.9999972986859169
8.5454488637625374	1.0000582718880613
8.5523918042191447	0.9998657578867721
8.5569785052534844	0.9999868223833608
8.5609179516345151	0.9999409810687838
8.5646275867768171	1.0000180317612593
8.5682902933636029	0.9999626960563461
8.5719840851743356	1.0000192837689246
8.5757671086655947	0.9999793359536489
8.5797051810617120	1.0000114228271344
8.5839526996478579	0.9999477296345474
8.5908841473996862	1.0001286833103868
8.5956232081067476	1.0000199342105893
8.5998207239579934	1.0000410016160195
8.6039153178947174	0.9999973396012679
8.6082169170685940	1.0000581375632152
8.6151980795170982	0.9998726613088335
8.6200239147765867	0.9999767576011530
8.6243626062396128	0.9999617598360565
8.6287446651208199	1.0000430551653681
8.6357592132847518	0.9998594894241541
8.6404362153162300	0.9999807861079654
8.6444784662238430	0.9999457115721904
8.6483160357965687	1.0000094341564012
8.6521539919192971	0.9999738926680187
8.6561117401654482	1.0000087305310370
8.6603666392268170	0.9999461720156285
8.6672446879968330	1.0001395597697598
8.6716187818207970	1.0000045990432025
8.6753063070556102	1.0000751048250631
8.6787453642608270	0.9999651456209446
8.6821031317614459	1.0000590493550079
8.6854398177279908	0.9999553171348919
8.6887778229761103	1.0000513741117794
8.6921279481206923	0.9999539215406734
8.6954941518061268	1.0000466179760021
8.6988818006688220	0.9999557301374347
8.7022934435241179	1.0000423178673408
8.7057354515994465	0.9999594724776183
8.7092125849934767	1.0000370888964742
8.7127350561876060	0.9999653681513082
8.7163137131578061	1.0000294840499253
8.7199691663784833	0.9999748860910056
8.7237310769877840	1.0000173894335846
8.7276602842642816	0.9999862635027652
8.7319037311482877	1.0000502760770702
8.7388034035983839	0.9998635557450805
8.7433121348248299	0.9999880362579702
8.7471766851364325	0.9999365157468721
8.7508134422102763	1.0000213060289374
8.7543987003963828	0.9999574740459493
8.7580019108147216	1.0000246208307200
8.7616676891403564	0.9999722871649898
8.7654337974993854	1.0000159172281695
8.7693648382226748	0.9999854616578175
8.7736088453277308	1.0000498912123692
8.7805339859459970	0.9998681124026688
8.7851992949138236	0.9999814538546897
8.7892885082524295	0.9999516612825807
8.7932187288413832	1.0000046668136189
8.7972131987502600	0.9999789602093697
8.8014790234680493	1.0000473638532354
8.8084003021725295	0.9998627349603563
8.8129501462280402	0.9999859681443269
8.8168607952463756	0.9999390553890332
8.8205490872373744	1.0000181163584925
8.8241959741988314	0.9999618038423711
8.8278780871656402	1.0000193770496966
8.8316529424684393	0.9999790697170089
8.8355861760467658	1.0000113379673032
8.8398323700316457	0.9999478489828473
8.8467354142803813	1.0001342006273817
8.8512826127595261	1.0000121506627682
8.8551928577737531	1.0000592510682345
8.8588840002026235	0.9999806335486275
8.8625321587835320	1.0000368557034343
8.8662169954810981	0.9999795033982586
8.8699924077772945	1.0000197638565362
8.8739274446056093	0.9999875411990162
8.8781728624844032	1.0000510559536429
8.8850746254417778	0.9998641066325349
8.8895965751572295	0.9999877789259756
8.8934748539255803	0.9999373059572689
8.8971237664192024	1.0000208978339147
8.9007194202323081	0.9999580118767636
8.9043313175879764	1.0000243415402856
8.9080040670528629	0.9999725339245293
8.9117753319273838	1.0000158403729678
8.9157095021663473	0.9999854635028104
8.9199543521223834	1.0000500012296569
8.9268347213574373	0.9998598630664617
8.9312350877079218	0.9999928094854761
8.9349563218865740	0.9999258302067594
8.9384251932016845	1.0000321618616614
8.9418106982803316	0.9999415384773898
8.9451691454106808	1.0000425128474584
8.9485253186570475	0.9999483614991399
8.9518857601185520	1.0000448038966152
8.9552563503316129	0.9999519357489554
8.9586376178569882	1.0000443231456804
8.9620332753503398	0.9999545992464309
8.9654438188897636	1.0000425282191707
8.9688735210110195	0.9999574197479894
8.9723241518831713	1.0000396596306165
8.9758017562969705	0.9999611025043006
8.9793107513731343	1.0000353459851705
8.9828611370059459	0.9999665408190045
8.9864634698071573	1.0000285014739665
8.9901380855184723	0.9999754473121996
8.9939142193160375	1.0000171103273512
8.9978520851066346	0.9999862341672364
9.0020978623898404	1.0000505662902317
9.0089825160413639	0.9998611564197156
9.0134206146779920	0.9999916299130357
9.0171819830452264	0.9999284429249996
9.0206879491616689	1.0000303545585623
9.0241079715721106	0.9999439760683009
9.0274994656643859	1.0000405406172241
9.0308881964201451	0.9999506752781155
9.0342816066108611	1.0000426340058421
9.0376864246662656	0.9999543768316304
9.0411041764629729	1.0000417861254021
9.0445397292976448	0.9999574812983765
9.0479950983803459	1.0000393071045806
9.0514765434851086	0.9999612027721552
9.0549886102279373	1.0000351740809494
9.0585414292243964	0.9999666131002755
9.0621456490593868	1.0000284244150281
9.0658216866526846	0.9999754803170086
9.0695988237193941	1.0000170907713835
9.0735372866367339	0.9999862319834594
9.0777832279805200	1.0000505867123226
9.0846588835428328	0.9998594997088359
9.0890465851768383	0.9999937426422491
9.0927467901389321	0.9999240226120585
9.0961880538950854	1.0000342938738231
9.0995395403554991	0.9999386128411160
9.1028573286649603	1.0000457216048455
9.1061658141801622	0.9999444399478815
9.1094710910811809	1.0000491130950755
9.1127785162772845	0.9999469356072993
9.1160878816170055	1.0000498621545779
9.1194019667020925	0.9999482976980245
9.1227199154692613	1.0000495785035595
9.1260442448994485	0.9999494016746191
9.1293742067646768	1.0000487632712141
9.1327124597710494	0.9999506085469781
9.1360585320574597	1.0000475383917915
9.1394153976983912	0.9999521101524411
9.1427830255042757	1.0000458671102523
9.1461649268071952	0.9999540752427695
9.1495618035541408	1.0000436061301765
9.1529781111046304	0.9999567345041780
9.1564158694962074	1.0000404760098389
9.1598813385554312	0.9999604825068162
9.1633791617554881	1.0000359370150820
9.1669195303440194	0.9999660940080516
9.1705132042778654	1.0000288535682593
9.1741807110918092	0.9999752301019152
9.1779515154304399	1.0000172111049130
9.1818861204942603	0.9999862425920223
9.1861310217201986	1.0000504551579916
9.1930087667106903	0.9998597039911574
9.1974005989178398	0.9999933089600282
9.2011104845864704	0.9999250068747153
9.2045667119131327	1.0000329931187355
9.2079386366261478	0.9999405062279444
9.2112827482047770	1.0000434934164317
9.2146240024183754	0.9999472816590683
9.2179691368624272	1.0000458322412982
9.2213242569781553	0.9999508839602023
9.2246901003825226	1.0000453189534324
9.2280705996987251	0.9999536322346237
9.2314664395435777	1.0000434261664348
9.2348820870656780	0.9999565861870319
9.2383194757871649	1.0000404075151896
9.2417848141330445	0.9999604445278047
9.2452826715508998	1.0000359027896430
9.2488231847273230	0.9999660928202594
9.2524170571099695	1.0000288349803357
9.2560847719462824	0.9999752345405263
9.2598557534172983	1.0000172054831862
9.2637904729509017	0.9999862416706289
9.2680354035707548	1.0000504590724713
9.2749202562882544	0.9998610412071081
9.2793530576794439	0.9999916144491576
9.2831123383407554	0.9999285623984373
9.2866208832508867	1.0000298166041610
9.2900487226015436	0.9999448833330288
9.2934539504968487	1.0000391810190059
9.2968633151009428	0.9999525852260652
9.3002855549233292	1.0000401352547637
9.3037291420181809	0.9999576546537717
9.3071979945196297	1.0000376233736001
9.3107003729313220	0.9999628287530419
9.3142432586065773	1.0000324759486356
9.3178406646512126	0.9999700738140558
9.3215097231197994	1.0000235534612081
9.3252832100654661	0.9999817093414584
9.3292180056226783	1.0000126581673834
9.3334642114746558	0.9999483892539681
9.3403636268266670	1.0001346784530605
9.3449048231103955	1.0000116552217126
9.3487999377503481	1.0000607567544091
9.3524649091263203	0.9999785380567592
9.3560723021728105	1.0000403052205018
9.3596952564192115	0.9999748916912571
9.3633751969585308	1.0000261062983014
9.3671532040554730	0.9999831546821182
9.3710900007048359	1.0000134391929847
9.3753368152515648	0.9999487510561336
9.3822241164408720	1.0001371505521337
9.3866913426430667	1.0000085799733087
9.3904878548834674	1.0000678136375618
9.3940366854194579	0.9999713449672998
9.3975051527888596	1.0000509659512775
9.4009559929968294	0.9999627339433228
9.4044144769124909	1.0000426289106252
9.4078945081504592	0.9999628117922984
9.4114040864271615	1.0000363686925779
9.4149542493266480	0.9999670766135105
9.4185561760414860	1.0000288462828983
9.4222303362444180	0.9999756094746309
9.4260061077752813	1.0000172159607996
9.4299437352797320	0.9999862869277686
9.4341894534669279	1.0000505843863587
9.4410893290289213	0.9998640057873154
9.4456173510649233	0.9999878552552617
9.4494955280233270	0.9999367682373971
9.4531351107684252	1.0000221018467057
9.4567098648831820	0.9999559076053719
9.4602856167505411	1.0000274661213298
9.4639003817714791	0.9999678947590622
9.4675794282255730	1.0000219349765547
9.4713591690630157	0.9999810121713435
9.4752973856695171	1.0000122466223669
9.4795445915336067	0.9999480699867779
9.4864852100925123	1.0001267516120214
9.4913004087999102	1.0000228071343704
9.4956357902875510	1.0000374178171250
9.5000177886747910	0.9999559000884634
9.5070153420454062	1.0001417189250021
9.5116227687296018	1.0000148902953299
9.5155533480081722	1.0000612605161501
9.5192394675526870	0.9999798196499514
9.5228613990162270	1.0000401569576545
9.5264951488024554	0.9999754514811366
9.5301832935006345	1.0000259796216666
9.5339672093255619	0.9999833173092119
9.5379075616591145	1.0000134818768338
9.5421553415932934	0.9999486529248818
9.5490861826765681	1.0001288306040421
9.5538353551854733	1.0000201820886399
9.5580421931284789	1.0000408613365386
9.5621426424273714	0.9999973037953773
9.5664458252181408	1.0000583137746342
9.5733751438110346	0.9998632949648188
9.5778812532974520	0.9999903723704328
9.5817075823855316	0.9999327715348427
9.5852763390858975	1.0000271659404798
9.5887604800571662	0.9999487737265602
9.5922202140853035	1.0000361180536694
9.5956836649676482	0.9999562126455026
9.5991606124439794	1.0000368233091548
9.6026606018696654	0.9999613118627618
9.6061889724719673	1.0000339144071182
9.6097561832793623	0.9999669888611635
9.6133727385236760	1.0000277932560866
9.6170588939805395	0.9999757069695216
9.6208436121536529	1.0000169069786513
9.6247867223386230	0.9999861972922486
9.6290339137263796	1.0000507335090487
9.6359468986172683	0.9998667171137818
9.6405683743660173	0.9999843388865667
9.6445705368252650	0.9999448717287994
9.6483570488377772	1.0000137778171792
9.6521122639267940	0.9999685488219275
9.6559246429494454	1.0000128778983497
9.6598790097016369	0.9999839616219920
9.6641299356876686	1.0000497442807250
9.6710576670513184	0.9998685268939678
9.6757599072216198	0.9999808406763318
9.6798841635019848	0.9999527713639854
9.6838406206081125	1.0000044867045554
9.6878508387266713	0.9999790551001920
9.6921209838786915	1.0000479505183182
9.6990706929417545	0.9998687430772057
9.7038355271277847	0.9999780604125330
9.7080551032429323	0.9999579771810423
9.7121610477227946	1.0000015710114896
9.7164671648193881	0.9999404431277353
9.7234537815362412	1.0001247160822679
9.7283568250866583	1.0000228073890052
9.7329332392288883	1.0000800948422048
9.7400764320385225	0.9998671100700431
9.7448980374122289	0.9999823893610232
9.7490714952967252	0.9999537684249284
9.7530480055429791	1.0000050541842138
9.7570661688422486	0.9999793152340000
9.7613390424316062	1.0000481989792018
9.7683003569082185	0.9998705615649912
9.7731319853580167	0.9999754756743480
9.7774786128485314	0.9999612363453867
9.7818624997509609	1.0000431466878390
9.7888538551979085	0.9998559549966328
9.7934189827521703	0.9999862020567476
9.7972843267560989	0.9999324031055327
9.8008782238127470	1.0000256093615716
9.8043774368194754	0.9999486223238397
9.8078427587736350	1.0000362351368968
9.8113014148080726	0.9999549616198830
9.8147610526303222	1.0000388157047235
9.8182280305168099	0.9999580039792469
9.8217031501484247	1.0000386805398429
9.8251902937198938	0.9999601858221518
9.8286902073773774	1.0000372443383183
9.8322075691633195	0.9999626173524063
9.8357447981509800	1.0000346384499779
9.8393091038907059	0.9999661317766600
9.8429067572787172	1.0000302538988983
9.8465510636621119	0.9999719745993407
9.8502583788502189	1.0000224646449400
9.8540604919566572	0.9999822613317702
9.8580128042794222	1.0000127250378938
9.8622637491938576	0.9999478151861783
9.8691672738993024	1.0001331168014465
9.8737711660478222	1.0000129870619336
9.8777282030934526	1.0000579469382225
9.8814411253812544	0.9999794487628378
9.8850787001726133	1.0000397354767072
9.8887103948096371	0.9999734842856330
9.8923709625991751	1.0000291044894882
9.8960887071094614	0.9999779937926492
9.8998958166558619	1.0000173416207061
9.9038522425654776	0.9999865919556580
9.9081031186905353	1.0000513941051450
9.9150280890934219	0.9998696314570632
9.9197567501426036	0.9999807329211000
9.9239077460343541	0.9999537983915343
9.9278848300667377	1.0000044410546611
9.9319076102634565	0.9999791767347085
9.9361812069113249	1.0000484451953693
9.9431036421672729	0.9998642138064087
9.9477181855849164	0.9999852852746208
9.9516802419071926	0.9999404117493558
9.9553890808713934	1.0000199056044692
9.9590167347727157	0.9999579280484399
9.9626273735380941	1.0000271685991784
9.9662554712467628	0.9999670096518672
9.9699195410246499	1.0000249059390829
9.9736430349325271	0.9999760753827934
9.9774551614860467	1.0000160558100564
9.9814149901657299	0.9999859513068217
9.9856667187219692	1.0000511905479446
9.9925916151409186	0.9998696851881026
9.9973286920032560	0.9999805798613096
