0.0000000000000000	0.0000000000000000
0.4132953584079173	0.0010000000000000
0.4322368849546873	0.0020230810096430
0.4368027122948477	0.0024130617365825
0.4411682689084905	0.0029415120200854
0.4458481785726823	0.0035413857132265
0.4508651201587718	0.0049545926252593
0.4552704690275747	0.0059362670836698
0.4594844245538812	0.0072678088071569
0.4637104044575591	0.0089053952925230
0.4680129545084518	0.0109253576016303
0.4724724893096652	0.0134397791847801
0.4769834410554906	0.0165087546050028
0.4815990302139309	0.0202502057974341
0.4862615087752450	0.0248227632452555
0.4910024486410103	0.0304322759009652
0.4955250414000353	0.0366975462163851
0.4999755428129414	0.0438999225194038
0.5041039562342730	0.0517492970402650
0.5080576813062453	0.0602580554971365
0.5117453969188599	0.0694144982053389
0.5153685688412217	0.0793413879770994
0.5188585878574073	0.0902205094309519
0.5223816923694666	0.1022059151223690
0.5258415373845560	0.1154433488727938
0.5293580242373319	0.1300542810046859
0.5328359245798080	0.1461336255263671
0.5363532140702220	0.1636978091198547
0.5398504825340446	0.1829204325595614
0.5433513872279485	0.2035467243209368
0.5468613564602075	0.2260447738366460
0.5503293935036134	0.2496410009696386
0.5538488196045752	0.2753647644968528
0.5572768844849936	0.3016575498419178
0.5608080045759227	0.3303565891630439
0.5642019570852731	0.3589330562750925
0.5677523719797665	0.3901497899458830
0.5711319014441234	0.4205075627815371
0.5747134575044256	0.4535827412136777
0.5781093468684325	0.4851494176081846
0.5817344775069705	0.5192200250655522
0.5851809265456699	0.5513105562946924
0.5888564631224215	0.5853072738869495
0.5923811848289944	0.6170652936498412
0.5961042835693352	0.6497817687725813
0.5997212685109046	0.6802020902283553
0.6034811375879509	0.7104788624857705
0.6071888642316896	0.7385527446972064
0.6109737094581721	0.7655097927876245
0.6147608185644698	0.7904446329327340
0.6185687241302686	0.8136466585019201
0.6224317863164816	0.8350668127784784
0.6262846092558405	0.8545415717751409
0.6302328976855004	0.8724440673887732
0.6341441759570022	0.8883940938890306
0.6381659231362860	0.9029155100533764
0.6421426845635523	0.9156744904058184
0.6462186837016468	0.9271208523957968
0.6501977417990192	0.9369786901194722
0.6541937486826692	0.9455568043582440
0.6580400365328712	0.9528555734326236
0.6618606651674902	0.9590918521355135
0.6655734341571385	0.9644945917230435
0.6693291812475670	0.9691653372556309
0.6731067932557652	0.9733471570591130
0.6770786632610747	0.9770857316745534
0.6813342804704984	0.9806035016430864
0.6890084201394658	0.9854209018840021
0.6927914785714270	0.9875688721360681
0.6961577718935831	0.9890101774908210
0.6994528338115928	0.9904524601390573
0.7027997245255931	0.9915484177458772
0.7061920451187537	0.9926896337096325
0.7096721646544900	0.9935651276012052
0.7132200393070108	0.9944716594625734
0.7168662754585601	0.9951692828136013
0.7206180879432642	0.9958769510912316
0.7245474681483686	0.9964461547642668
0.7287805800574035	0.9970614741163558
0.7357892015814550	0.9976147133342399
0.7404331942702103	0.9981113775799222
0.7445114312636424	0.9983646596591498
0.7484390203850236	0.9986507937788003
0.7524372393018262	0.9988277290174975
0.7567029496220997	0.9990792906648714
0.7636522785710240	0.9991338060264192
0.7684375509393969	0.9993745020316523
0.7725972246819385	0.9994356187145769
0.7764639353243958	0.9995792490632296
0.7801836913447145	0.9995815794186939
0.7838209518889326	0.9997033214873038
0.7874301012354438	0.9996823601155392
0.7910486973388187	0.9997847567819045
0.7947079983872104	0.9997623277574303
0.7984188281263234	0.9998459104501254
0.8021832242035567	0.9998275476535992
0.8059897275111431	0.9998992932169333
0.8098269202817552	0.9998799351979160
0.8136850572081245	0.9999433670098695
0.8175703905987736	0.9999227794788674
0.8215039468443015	0.9999727605891193
0.8255391709523966	0.9999581539695829
0.8298117946854429	1.0000388985426616
0.8366012274480599	0.9998498969729109
0.8413372738326593	0.9999718957864469
0.8454742289551500	0.9999459259164055
0.8495138598338773	0.9999906900534892
0.8538048521137980	0.9999286940330139
0.8607295719859008	1.0001184675387231
0.8654271344520779	1.0000072288660247
0.8696608202543338	1.0000249324412056
0.8740186648030280	0.9999524692996555
0.8811268106477129	1.0001456014365653
0.8862919968899218	0.9998181819957886
0.8912660231529630	1.0001342731091527
0.8961079981709915	1.0000433392907224
0.9002515422942616	1.0000190090344663
0.9039988780071654	0.9999307807613306
0.9076420064975872	0.9999988790459244
0.9113352098411469	0.9999660767299925
0.9152022506199575	1.0000201580499735
0.9191968238455783	1.0000203380990902
0.9233972781428993	1.0000963674522714
0.9276786528135592	1.0000682568170718
0.9333207301603098	1.0003156340550849
0.9384487839689282	1.0000362472503350
0.9475205754236533	1.0002237361616164
0.9506998557673280	0.9999501580606570
0.9541734633902889	1.0000042881637954
0.9581058980717020	0.9999105923761101
0.9623467517653655	0.9999633715965073
0.9673581999642483	0.9996498457638552
0.9751712576971842	1.0002592516276918
0.9791593580095134	1.0000605058219085
0.9823272870021543	1.0001891732647399
0.9854424568991882	1.0000330094555385
0.9886553878826588	1.0001199751305219
0.9920215656906824	1.0000224925451944
0.9955746171977297	1.0000629411128545
0.9993798207139334	1.0000151115041256
1.0035846387637839	1.0000652118482081
1.0103823573108548	0.9998510822831737
1.0143255621799216	1.0000096974827879
1.0176673959329670	0.9999018771106207
1.0208647984855426	1.0000390991377135
1.0240581138593343	0.9999258606297262
1.0272826570715843	1.0000423955879214
1.0305507593443968	0.9999391878154478
1.0338615830503524	1.0000400342008584
1.0372171857093275	0.9999480175800627
1.0406167068892513	1.0000358314180426
1.0440647870833641	0.9999559082900201
1.0475655982469581	1.0000299847264749
1.0511308592555939	0.9999652337271276
1.0547760840179758	1.0000209130714746
1.0585328967182135	0.9999785383130653
1.0624578585039763	1.0000101445643750
1.0667013506032641	0.9999466141231093
1.0736334109096162	1.0001273708108500
1.0783626364222192	1.0000187463262948
1.0825527398022976	1.0000401511340413
1.0866431138071557	0.9999965477343407
1.0909435054268808	1.0000573144294174
1.0978881315235003	0.9998652124589301
1.1024687039079102	0.9999860034486330
1.1064125056437810	0.9999416705128915
1.1101431238533193	1.0000153052396494
1.1138509976904722	0.9999665802510924
1.1176274966301720	1.0000131405110870
1.1215598859408302	0.9999837052631945
1.1258049208648160	1.0000487660860611
1.1326170846360704	0.9998457150771795
1.1366445172632749	1.0000049843197427
1.1400368383315442	0.9999059236321451
1.1432759035332511	1.0000376513749956
1.1465342405538856	0.9999381073430452
1.1498733744430272	1.0000340739050482
1.1533337052529888	0.9999639955600993
1.1569519353728401	1.0000182191399456
1.1607952201933087	0.9999852600906937
1.1650160107901666	1.0000467494439378
1.1717856097770287	0.9998347908926054
1.1755255963470916	1.0000158484402875
1.1787162536316549	0.9998924155292973
1.1818166559240368	1.0000439366354714
1.1849656442881402	0.9999292515013869
1.1882019696036104	1.0000407979209749
1.1915481991849479	0.9999548630319239
1.1950209109469088	1.0000277393383099
1.1986532627814517	0.9999776117305088
1.2025040324230258	1.0000118866517405
1.2067279327462319	0.9999510232307449
1.2135796515697226	1.0001475572687164
1.2177069804213239	0.9999996963065720
1.2212200225776668	1.0000829117955206
1.2245786432153423	0.9999680533738747
1.2279440052343700	1.0000536072751722
1.2313769185965375	0.9999690847244533
1.2349116134657028	1.0000318037728784
1.2385858408685493	0.9999818962382887
1.2424610319723766	1.0000137668312430
1.2466912743053737	0.9999511183971560
1.2535719760336539	1.0001413255890041
1.2578869902183181	1.0000064274551699
1.2615762125160097	1.0000712247637642
1.2650880654000511	0.9999752888981212
1.2685955713412482	1.0000436099132952
1.2721731152664919	0.9999771196162801
1.2758721163998936	1.0000217608714825
1.2797617367690393	0.9999879814489977
1.2839949567103894	1.0000497223424643
1.2908559627115905	0.9998544661722479
1.2950660200628186	0.9999977921848902
1.2986334605771883	0.9999183924422179
1.3020112546106311	1.0000324259453002
1.3053687511348977	0.9999433901261381
1.3087648271107666	1.0000344814530435
1.3122332292238046	0.9999612471229419
1.3157972780926481	1.0000251450718445
1.3194934189742202	0.9999791711015109
1.3233814721249006	1.0000120084054143
1.3276152307632145	0.9999497036409076
1.3345475138617007	1.0001305931064561
1.3391932087392671	1.0000192590422081
1.3433097293936127	1.0000431054105163
1.3473549849022575	0.9999981010972144
1.3516432410115167	1.0000569141698361
1.3585606014132303	0.9998589427059679
1.3628992498558123	0.9999938143453192
1.3665890478495866	0.9999269507616872
1.3700793416082719	1.0000266270396159
1.3735462031295735	0.9999514318675701
1.3770553492375177	1.0000276665242371
1.3806486715830999	0.9999696952396661
1.3843627757594803	1.0000166833825173
1.3882627988396936	0.9999854213092066
1.3924984458917185	1.0000487881066986
1.3994006730558077	0.9998623416369349
1.4038575346086710	0.9999886211815781
1.4076827155841967	0.9999349662160214
1.4112966296630758	1.0000213139210068
1.4148712497113574	0.9999572130021641
1.4184715923320248	1.0000243108445173
1.4221387261127423	0.9999723843087642
1.4259076110199334	1.0000157686483415
1.4298408344812705	0.9999854234731713
1.4340853248203769	1.0000499454591076
1.4410143350771467	0.9998689965726555
1.4457112056860362	0.9999807745082703
1.4498352073039704	0.9999529304730321
1.4537939620246274	1.0000043790941249
1.4578062808825007	0.9999790221818737
1.4620768695016610	1.0000479901046406
1.4689986703076254	0.9998636707872683
1.4735902811197050	0.9999857300154712
1.4775286176014220	0.9999391722225939
1.4812170695337434	1.0000203988988239
1.4848296722122643	0.9999574353672915
1.4884337735201332	1.0000265581836296
1.4920691124335117	0.9999685185669948
1.4957625661678815	1.0000215691919214
1.4995518759755819	0.9999811091797084
1.5034956072276437	1.0000122005957877
1.5077443703835309	0.9999478172553019
1.5146131885847978	1.0001399415032850
1.5189915787198456	1.0000051976143904
1.5226899179103219	1.0000736570948494
1.5261530186294772	0.9999679783647724
1.5295558641278935	1.0000539112047531
1.5329668753865060	0.9999626726180766
1.5364181823878309	1.0000404838239716
1.5399331019763980	0.9999683899082535
1.5435339920984772	1.0000268205128471
1.5472563346134200	0.9999812658247424
1.5511600555699785	1.0000128645819402
1.5553979449555924	0.9999495649319207
1.5623555734671313	1.0001252061614712
1.5673508777443794	0.9999738543526319
1.5748278597052345	1.0001657365639529
1.5797981169264936	1.0000299704686868
1.5840558219375160	1.0000478530313377
1.5881590553691591	1.0000002169526265
1.5924662959204032	1.0000589701030420
1.5994377877400465	0.9998676325220697
1.6040618033540690	0.9999832302658128
1.6080992594643819	0.9999500161922419
1.6119882493538273	1.0000052008730755
1.6159575320927366	0.9999789006389226
1.6202165813045242	1.0000464593987144
1.6271467890908664	0.9998632243528696
1.6316971405437610	0.9999842554756980
1.6356426467512546	0.9999433166920668
1.6394113205095615	1.0000110151045856
1.6432024274892143	0.9999730455169172
1.6471330572776908	1.0000085959391665
1.6513804882525973	0.9999470086543165
1.6583423881856831	1.0001248520177672
1.6632005372585279	1.0000238190261193
1.6677643528766832	1.0000794107216329
1.6749272848678571	0.9998696374610822
1.6798095081644118	0.9999776748767374
1.6841563275012770	0.9999617462787588
1.6885428877184181	1.0000425963379629
1.6956065362866748	0.9998653946665617
1.7006396400210158	1.0000226712478173
1.7081488760513284	0.9998305962232238
1.7131714900557984	0.9999651803282458
1.7174745405764507	0.9999461141803676
1.7216040711780027	0.9999881421136756
1.7259193719956309	0.9999192214734759
1.7313640307889191	1.0003505505452563
1.7366194153064092	0.9998147307896690
1.7398373659449875	1.0001166542121604
1.7430941058221596	0.9999875690671709
1.7464403511517410	1.0000872743030946
1.7499686556932414	1.0000200328416977
1.7537525763684112	1.0000493831941020
1.7579640177385458	0.9999911092664214
1.7656757099456719	1.0000660538468755
1.7755615060461014	0.9996714350900701
1.7793165035673939	0.9998757725727865
1.7832251870817570	0.9998464813328853
1.7873248705000060	0.9999567986233041
1.7911322644687035	0.9999550825370396
1.7947513619724811	1.0000451026746642
1.7982407910300720	0.9999606125369278
1.8015932752243542	1.0000668441790921
1.8048317074247415	0.9999439672359840
1.8080026264631341	1.0000662380342733
1.8111640941502289	0.9999384243233551
1.8143555490778100	1.0000518893394090
1.8176029167833088	0.9999417561084228
1.8209158886330044	1.0000367172286442
1.8243008296211567	0.9999483201950577
1.8277594140576880	1.0000249348029646
1.8312985774554087	0.9999578437585455
1.8349291782624952	1.0000144342717434
1.8386782415934755	0.9999723425443806
1.8425994664001470	1.0000048824223033
1.8468417082681379	0.9999426004947712
1.8537944013750112	1.0001212775227994
1.8586650291123750	1.0000213440072383
1.8632317790702067	1.0000785819574147
1.8703227684327504	0.9998581584090448
1.8747977234960427	0.9999956928685567
1.8785210716201715	0.9999260358064340
1.8819716587695523	1.0000355882789529
1.8853371421496021	0.9999425400988610
1.8886806849284925	1.0000452253802077
1.8920297609403174	0.9999508746089069
1.8953917786225714	1.0000465728883567
1.8987725051028479	0.9999557597906611
1.9021714979266138	1.0000453761467065
1.9055908546582077	0.9999591209671880
1.9090287422037335	1.0000434392758799
1.9124864504258889	0.9999617252491447
1.9159619401086478	1.0000413354581645
1.9194565048804517	0.9999639210640503
1.9229683760505629	1.0000391698939399
1.9264993562933512	0.9999659566313011
1.9300484266635418	1.0000368223945861
1.9336185093386247	0.9999681324508215
1.9372101681832281	1.0000339653399404
1.9408287236219177	0.9999709766264552
1.9444783672623553	1.0000298707496555
1.9481703016970224	0.9999756312744109
1.9519185701773816	1.0000228565990026
1.9557525483898246	0.9999842925364042
1.9597247868256880	1.0000140620248745
1.9639811135603673	0.9999482395767400
1.9710008211622618	1.0001110500972623
1.9756515009676927	0.9999907214706476
1.9795755240772244	1.0000525348302507
1.9830487082629626	0.9999348834946800
1.9862213134229976	1.0000761782941949
1.9892180772207930	0.9999167386195652
1.9921433983492598	1.0000879073053797
1.9950710405762522	0.9999273466075778
1.9980430232942898	1.0000834338591782
2.0010839265812166	0.9999455735114902
2.0042016190789473	1.0000732090410187
2.0074004417889686	0.9999601369106434
2.0106762764190416	1.0000616277700847
2.0140270356872043	0.9999687725847091
2.0174454394052383	1.0000503226750093
2.0209280460494963	0.9999729090670004
2.0244677774965738	1.0000402406261903
2.0280620211643701	0.9999747935018666
2.0317056865475007	1.0000317659237612
2.0353991821728696	0.9999765094410640
2.0391425893609698	1.0000242941514179
2.0429453777047355	0.9999804430958644
2.0468249208809519	1.0000156768042965
2.0508288064735303	0.9999864748544748
2.0550922232555160	1.0000536460806633
2.0622951616499998	0.9999277049383077
2.0671787606427543	0.9999847638361906
2.0762305480967949	0.9998459930540349
2.0815911828715490	1.0002794179871299
2.0865505196547192	1.0001236431343989
2.0910897724400352	1.0001101474908833
2.0958055564538260	0.9997785326382479
2.1006171202706003	1.0000647849874438
2.1050699815588199	0.9999048003552597
2.1094879053945861	0.9998961248220924
2.1153332462545147	0.9997223413378593
2.1204319116463783	1.0000808916747905
2.1268388954060495	0.9998195216249145
2.1324425866966399	1.0003634274972193
2.1360623971053982	0.9999573592087793
2.1396115300614031	1.0000170417792869
2.1431182854460320	0.9999074430278466
2.1466327071135742	0.9999798420948161
2.1501266964591665	0.9999012678122930
2.1535920656296534	0.9999914888531395
2.1570476329581232	0.9999163912729583
2.1605323748529948	0.9999998243334575
2.1640910982368347	0.9999425815761546
2.1677728341946483	0.9999969949430005
2.1716512079916903	0.9999690327782847
2.1758818411126781	1.0000344973841220
2.1828569360564369	0.9998612352437717
2.1875665390424146	0.9999695125707366
2.1917430159655060	0.9999485719515684
2.1957649206443572	0.9999986582413442
2.1998232532341015	0.9999792805565748
2.2041050921948111	1.0000572691639511
2.2101682423407452	0.9997368379131413
2.2170866764951702	1.0001394134397201
2.2264669209947123	1.0003074155475336
2.2302221104557520	1.0001149334011272
2.2345964994861252	1.0000828885744077
2.2428888428930800	0.9999117759368989
2.2477927872194199	0.9999628152091929
2.2522691002916626	1.0000012008186061
2.2565053380380644	1.0000494207218482
2.2607011292368080	1.0000263416107975
2.2650026372344807	1.0001086478072510
2.2714032243965989	0.9998679391003336
2.2876776944020980	0.9996446646182950
2.2906626800239502	0.9999562547256464
2.2937031304608615	0.9998342573628709
2.2969534194811407	0.9999657934471159
2.3004413117612228	0.9999244765148413
2.3041943887779830	0.9999746010562454
2.3081352843005445	0.9999778275601517
2.3123762468548574	1.0000589652727241
2.3200706531285991	0.9999434359592047
2.3306002384194504	1.0002254660496530
2.3350185871825628	0.9999939204279609
2.3383305799963385	1.0000988410758616
2.3414973556492455	0.9999427188568343
2.3447274544493801	1.0000342582078710
2.3480559212594150	0.9999287296767680
2.3514786360816080	1.0000029146240008
2.3549826480488698	0.9999278417959478
2.3585552317881726	0.9999926761533251
2.3621860672885502	0.9999347722367553
2.3658663959697823	0.9999929906137225
2.3695913915263831	0.9999451239924632
2.3733570485447637	0.9999969487724024
2.3771653008685765	0.9999565220899977
2.3810211696496593	0.9999998295665073
2.3849434658609807	0.9999693968038422
2.3889730373210907	1.0000009343846725
2.3932448674127262	0.9999357897951042
2.3995573733905347	1.0002300932361881
2.4047276482740041	0.9999295990048829
2.4097335314060646	1.0002878678659906
2.4134191576944581	0.9999561138213990
2.4179586528956931	1.0000625093076954
2.4226963087520414	0.9999284917014866
2.4309610235641008	1.0000647750738303
2.4350983590365254	0.9999414659986378
2.4395177219961242	1.0000264154614935
2.4454167001470108	0.9998033334389430
2.4883545564923786	0.9995115774881558
2.5026561947702795	1.0003252114997105
2.5084278217328975	1.0000899218692738
2.5125400281732877	1.0001284500074368
2.5162894232737054	1.0000557707990172
2.5198911872682355	1.0001361845188390
2.5233526639054369	1.0000429403007660
2.5266899194012318	1.0001474223570832
2.5299566326685925	1.0000316995390517
2.5332076930759961	1.0001367392645826
2.5364897454942228	1.0000272703286883
2.5398267303783211	1.0001148645848448
2.5432346619764647	1.0000243566172182
2.5467165568163228	1.0000926209273846
2.5502751230182752	1.0000211150379992
2.5539070123202361	1.0000738024500577
2.5576130393737504	1.0000182504130921
2.5613939853021841	1.0000576212898897
2.5652646975939173	1.0000179604248081
2.5692633612361164	1.0000434434332148
2.5735262286611817	0.9999732945060761
2.5798453261404544	1.0002590239212930
2.5850112937536101	0.9999563864303056
2.5900146481130988	1.0003143298516737
2.5935784173713028	0.9999558880551752
2.5981230707356651	1.0000461509626186
2.6028611836525011	0.9998757029100078
2.6102449728466732	1.0000447902178935
2.6151390046739871	0.9999597099074443
2.6196147236943106	1.0000070900398217
2.6239935300120103	0.9999936286769554
2.6315878269252599	1.0001507709625943
2.6363140220664389	1.0001276739103884
2.6407124702736602	1.0001007536315281
2.6476289313095585	0.9998781762140181
2.6509394971831104	1.0000592940805109
2.6541460782277251	0.9999419697404612
2.6575463354074276	1.0000105798405496
2.6612561642123418	0.9999544791047787
2.6654324568531553	0.9999746807650282
2.6724234664692581	0.9997182568007861
2.6774952504686929	0.9999154109927673
2.6857153401686427	0.9999642951188235
2.6947533486926152	1.0002586071990753
2.6976304823216051	0.9999906504134630
2.7007500922228780	1.0001134400748424
2.7041469354346557	1.0000224170246761
2.7077979906897869	1.0000675166855293
2.7116664408545619	1.0000543173848540
2.7159003289039987	1.0001208042660370
2.7229194913781911	0.9998615342892802
2.7278550336264451	1.0000384045321127
2.7320222788998034	1.0000351222022703
2.7361119749898259	1.0000276504181502
2.7403660625283823	0.9999604056058308
2.7446644637221933	0.9999493594942113
2.7520568599378401	0.9997670623108573
2.7549405194809333	1.0000261038771345
2.7579222219387414	0.9998801821261044
2.7610338409533148	1.0000217424189095
2.7642556725860681	0.9999193246813910
2.7675570730546739	1.0000236473139357
2.7709205651964361	0.9999359799866616
2.7743305564856913	1.0000247885425750
2.7777810140292831	0.9999459687772797
2.7812668909091141	1.0000250991521060
2.7847905188973989	0.9999546939864132
2.7883553577603557	1.0000236260000832
2.7919730275262480	0.9999647383261108
2.7956593115366859	1.0000182650095690
2.7994459159550265	0.9999784884156494
2.8033888130578775	1.0000103195350143
2.8076371895803098	0.9999467039445418
2.8145452864720020	1.0001322690727645
2.8191603633373910	1.0000139933051289
2.8231414278069327	1.0000564340774751
2.8268899168715111	0.9999823196510639
2.8305745365554222	1.0000370806248688
2.8342664043222183	0.9999779719206058
2.8380045657968691	1.0000248095839026
2.8418273274695367	0.9999845311483855
2.8457918615661302	1.0000140792894014
2.8500461428519741	0.9999483640004412
2.8569712315019724	1.0001292203372412
2.8617383489810648	1.0000192696686208
2.8659280271988266	1.0000441699902287
2.8699386468249024	0.9999950347628114
2.8739809941606440	1.0000198930025170
2.8782611611866460	0.9999498929581411
2.8852022405579136	1.0001300257003647
2.8900077405983153	1.0000199842193127
2.8942314360735919	1.0000434071799720
2.8982676727522017	0.9999953173443583
2.9023256636137833	1.0000200510624537
2.9066101934438064	0.9999497340001150
2.9135202829528786	1.0001360209101169
2.9180903753023424	1.0000100820683107
2.9219726744243104	1.0000629512378478
2.9255874641710813	0.9999728529587787
2.9291166702387246	1.0000449117413541
2.9326395836669197	0.9999667451793472
2.9361989196501987	1.0000317531898049
2.9398295004430093	0.9999731313197582
2.9435694338533214	1.0000162851284677
2.9474842581578824	0.9999839517409734
2.9517240944474885	1.0000467510636273
2.9586506755526458	0.9998636073643230
2.9631931673583605	0.9999839651615264
2.9671179947434383	0.9999389503275202
2.9708275483325455	1.0000157510673036
2.9744898735122405	0.9999599782973846
2.9781680442153564	1.0000198693554203
2.9819008567832257	0.9999730105021434
2.9857201807377369	1.0000134091421924
2.9896847052214883	0.9999840193083223
2.9939375846255478	1.0000499221829240
3.0008044998868497	0.9998585212671128
3.0053762487914040	0.9999812131304546
3.0092913231188438	0.9999323943813720
3.0129812879548701	1.0000095334584076
3.0166471242052304	0.9999560128229650
3.0203884349394645	1.0000041267241782
3.0242985236993762	0.9999731485652725
3.0285378634792903	1.0000367078791921
3.0350998207351134	0.9997867823253869
3.0382236204079351	1.0000406207015045
3.0409434797197221	0.9998377265014983
3.0436577062295531	1.0000607498771703
3.0464491791719870	0.9998827804643734
3.0493234270559326	1.0000605174367698
3.0522769331731867	0.9999095413935994
3.0552986338533410	1.0000572068539790
3.0583831020983219	0.9999265383415296
3.0615219989792193	1.0000537656286743
3.0647122417306050	0.9999389026628897
3.0679481162550526	1.0000509736415812
3.0712284141070887	0.9999489730670195
3.0745493443251259	1.0000487228588490
3.0779113836466236	0.9999577938063801
3.0813126974466396	1.0000464576307122
3.0847560401378260	0.9999660202587155
3.0882426561174952	1.0000432726589206
3.0917796712065342	0.9999745374891846
3.0953749461909306	1.0000376589057041
3.0990465620739553	0.9999851642400133
3.1028217577284987	1.0000272179210377
3.1067594615549501	0.9999965777501753
3.1110050705070629	1.0000609055513012
3.1179266214159536	0.9998779725217869
3.1225879997054515	0.9999920197876464
3.1266512190748208	0.9999577007833790
3.1305178264827012	1.0000176274439605
3.1343812100954080	0.9999825826534430
3.1383553646385316	1.0000160061599457
3.1426145648930723	0.9999519472327633
3.1495440423582024	1.0001341345236161
3.1542706310589388	1.0000222028173527
3.1584160309498746	1.0000488648895687
3.1623906856739237	0.9999975784255845
3.1664105022720381	1.0000224164610956
3.1706845337315874	0.9999527442104188
3.1776175879284208	1.0001340198160555
3.1823177358888852	1.0000185498279877
3.1864080807994615	1.0000506530522519
3.1902946855287677	0.9999907542462361
3.1941694403900356	1.0000244718681024
3.1981515163162673	0.9999903660358146
3.2024116685424051	1.0000538152601246
3.2093614599853653	0.9998738446197015
3.2143620530670445	1.0000266304818575
3.2218160498079134	0.9998319952303830
3.2267430323933914	0.9999737902441980
3.2308676086587105	0.9999401378328482
3.2346986752149989	1.0000113176775560
3.2384681053605400	0.9999670177179939
3.2422831449535092	1.0000123231806530
3.2462371718229504	0.9999836422196705
3.2504882845719290	1.0000495606461373
3.2573901722907972	0.9998633542841138
3.2619183075285840	0.9999869955087510
3.2658116787959761	0.9999392318046674
3.2694976483350224	1.0000169326707975
3.2731685016728647	0.9999654251354165
3.2769171576410496	1.0000138357299924
3.2808326328099340	0.9999839602366279
3.2850731786050611	1.0000484392339859
3.2920084216433159	0.9998681216844880
3.2966690721849590	0.9999795063400376
3.3007982491476566	0.9999561160337421
3.3048488216085548	1.0000010143749960
3.3091399639492738	0.9999419913281361
3.3161369217546550	1.0001249157751722
3.3209966410571967	1.0000236776173808
3.3255619004270560	1.0000790186328024
3.3326813368548294	0.9998604815993833
3.3372329741567968	0.9999885464538235
3.3411117631479508	0.9999396311154829
3.3448087738067946	1.0000135710813072
3.3485428652101574	0.9999717604635462
3.3524385238716374	1.0000084984941502
3.3566768475965461	0.9999482343024050
3.3635832687126492	1.0001371283295224
3.3680017001974987	1.0000109190204272
3.3718248912971220	1.0000606577196387
3.3755022756306570	0.9999860653255627
3.3792284272214839	1.0000276510237114
3.3831226765511264	0.9999908261921460
3.3873590641653539	1.0000509520781526
3.3942889188495453	0.9998662030452187
3.3988273751145535	0.9999837713018768
3.4028014572971506	0.9999479030227885
3.4066492119310694	1.0000053389380819
3.4105955222206910	0.9999787712727057
3.4148481435862315	1.0000457543939467
3.4218242176761513	0.9998712592528645
3.4266698818631656	0.9999731148826156
3.4312325890449342	0.9999183681879774
3.4386926829187168	1.0000761243033471
3.4434237605268718	0.9999656937535366
3.4473891197255617	1.0000179441763080
3.4508910582539989	0.9999262945917480
3.4541918920348484	1.0000522615610268
3.4574837356163437	0.9999617876318926
3.4608765473496375	1.0000506465693875
3.4644421795485592	0.9999976434107015
3.4682493648385537	1.0000374702386228
3.4724645996764831	0.9999874885376572
3.4795455050019490	1.0001801623723088
3.4847479108857038	0.9997143956425807
3.4887455534703289	1.0000017633303635
3.4932908845795043	0.9998646658390843
3.4975204742969543	1.0000419996168677
3.5017953386240044	1.0000553212753975
3.5060484938131342	1.0000180283270537
3.5103243999250227	1.0000061034958450
3.5146800154005136	1.0000352481210268
3.5252559553570140	0.9998732853756284
3.5293315262746501	0.9999944024520582
3.5331583216556077	0.9999527580353627
3.5370703507693388	0.9999765821522429
3.5413248176061232	0.9999093348592896
3.5480790224637349	1.0001676580942818
3.5521005324134549	1.0000285560159075
3.5557223722736624	1.0000837264099585
3.5593529949769245	1.0000027532010458
3.5630544905345247	1.0000405466207665
3.5668078357697834	0.9999804072278193
3.5705848912501064	1.0000223242585844
3.5743750279963717	0.9999702157777001
3.5781823550585545	1.0000142016999793
3.5820238229906511	0.9999719583659028
3.5859259051772998	1.0000068761169438
3.5899413325893215	0.9999772903728033
3.5942086514442964	1.0000428214018586
3.6011838074095648	0.9998651288703415
3.6061189397935891	1.0000103103996871
3.6107165209984071	0.9999698719461810
3.6178101453934191	1.0001788646286232
3.6215616409003299	0.9999931950048282
3.6248603640107380	1.0000868919707051
3.6281604244734331	0.9999672637208216
3.6315886778899680	1.0000334464077341
3.6351911716518477	0.9999748126611944
3.6390256730928061	1.0000086848384666
3.6432447414264097	0.9999523812489799
3.6505564228678242	1.0000770592631245
3.6568807583624419	0.9996472217751793
3.6787142702628648	0.9998310267751861
3.6825652364801948	1.0000136236287460
3.6862377198051179	0.9999735612998836
3.6904492266419293	1.0000282947043728
3.6978977105065431	0.9998789116158233
3.7017040459507582	1.0000233607862157
3.7053310200653433	0.9999774629477263
3.7091251948456545	1.0000325037676714
3.7133314693944248	0.9999911800046432
3.7209694538982472	1.0000492220290695
3.7256702992640633	0.9999216801911558
3.7304540471657108	1.0001877419487779
3.7352582729027564	0.9998524581426043
3.7398985295136331	0.9999195865969007
3.7441191910312863	0.9999588191072903
3.7481084876201143	1.0000352972015794
3.7521353974357705	1.0000369386966530
3.7563883249421730	1.0001395183638540
3.7619346567181924	0.9997903495171998
3.7683106287987918	1.0002633365595965
3.7742394250028952	0.9996968916865836
3.7840337021147814	1.0004072817611749
3.7880224741836548	1.0001397632338527
3.7914045968248828	1.0002031784680461
3.7948979420371725	1.0000843286035503
3.7985911739195286	1.0000845531739257
3.8024862836544169	0.9999974483393681
3.8065833841372450	1.0000250139676725
3.8108557815961097	1.0000088537729295
3.8183943838534429	1.0000572920544424
3.8226992389844656	0.9999204755666842
3.8269140682052036	0.9999097248357472
3.8312212044671048	0.9999499478433629
3.8408424727854982	1.0002690904319118
3.8451307658306981	1.0000768287073523
3.8496509754713637	1.0000977049245072
3.8551240722695561	0.9998516345677234
3.8814743522031918	1.0007079209977121
3.8861294867481400	1.0003134761996073
3.8907422781246415	1.0001943530261255
3.8952252521159192	1.0001400253805641
3.9061289270229391	1.0003846997100938
3.9097121319793637	1.0000832134437896
3.9134396074846101	1.0000935054557176
3.9172035908263880	1.0000149339405189
3.9210193117033696	1.0000381395693105
3.9249050804765155	0.9999930097231560
3.9289137683351067	1.0000170808388147
3.9331774645835016	0.9999484557836129
3.9397607243839032	1.0001954018119616
3.9449955639715601	0.9997079289671391
3.9492051092986840	0.9999238704047297
3.9537390620623554	0.9999080575428584
3.9584654555112819	1.0002863030078839
3.9632790322707683	1.0001033569743349
3.9680933456355700	1.0003120971736592
3.9729236859011028	0.9999342905425095
3.9777695407119049	0.9999493282508033
3.9845649736681579	0.9996604356814397
3.9874006268069029	0.9999424127194951
3.9902247064886716	0.9997763502987170
3.9932105668393083	0.9999495796312391
3.9963453800001059	0.9998503271410999
3.9995976552875172	0.9999742809915100
4.0029479515138151	0.9999020820037158
4.0063830093973554	0.9999977720358680
4.0098987420626235	0.9999410177424718
4.0134899469729746	1.0000144399510440
4.0171544569806823	0.9999685287750051
4.0208846948255710	1.0000250418417596
4.0246756251912537	0.9999857913671054
4.0285171786132441	1.0000312519137675
4.0324042228582542	0.9999959910321812
4.0363282163302969	1.0000350954810380
4.0402862160325457	1.0000028228111346
4.0442717610027632	1.0000380691354258
4.0482817074956783	1.0000072122135013
4.0523071443404364	1.0000402424311339
4.0563402703536058	1.0000076907665865
4.0603668415054353	1.0000410799995316
4.0643767692128812	1.0000038342552893
4.0683599564786110	1.0000395129544626
4.0723203590564161	0.9999987282153721
4.0762713719904102	1.0000331180547068
4.0802477568526108	0.9999975041214827
4.0843050760286150	1.0000231625532414
4.0885860373692386	0.9999515642817149
4.0954967497770314	1.0001307150862322
4.1004650990162883	1.0000252838817099
4.1050589528389825	1.0000853830824912
4.1120806497933131	0.9998541398897036
4.1166353558317503	0.9999916868214506
4.1203980129955839	0.9999233421283769
4.1238830575401959	1.0000264193354556
4.1273121271207529	0.9999441896906269
4.1307741403368849	1.0000257906863999
4.1343227112728327	0.9999629245608883
4.1380012972474187	1.0000122346381899
4.1418793059944257	0.9999799819770423
4.1461093564015199	1.0000423466545347
4.1530495737930506	0.9998623364113608
4.1575337178453173	0.9999805056938100
4.1614525702986729	0.9999380103413475
4.1652194175097916	1.0000031689719706
4.1689995280661769	0.9999624501132228
4.1728556158500023	1.0000045504104293
4.1768398392936881	0.9999760124009267
4.1811011276371062	1.0000304802651567
4.1886688392436371	0.9999009087069998
4.1929813924034036	0.9999179531642075
4.1973789708691651	0.9998755580610523
4.2049964485074085	1.0000770762910369
4.2094955128641098	1.0000247183613360
4.2137055468915063	1.0000076825770490
4.2177473543094015	0.9999587927676826
4.2216551789482635	0.9999977581177116
4.2254514572558826	0.9999354739192974
4.2291683015550916	0.9999964258976808
4.2328382777312754	0.9999396136810835
4.2364935988590098	1.0000094816994969
4.2401750299790750	0.9999646256171467
4.2439384896515531	1.0000176670546181
4.2478633288824836	0.9999938261171210
4.2521068907013415	1.0000626779854136
4.2588782671403100	0.9998513945022173
4.2624370288929176	1.0000476539507928
4.2655672532899249	0.9999219402243639
4.2686907928617703	1.0000658305529435
4.2719039563897852	0.9999617602932562
4.2752010834146441	1.0000650420953681
4.2785572213918579	0.9999726634730099
4.2819355943636950	1.0000650830757201
4.2853111774120212	0.9999692307876515
4.2886676705605469	1.0000653202690599
4.2920082485511299	0.9999644731205488
4.2953442538198461	1.0000613479767451
4.2986975739450752	0.9999653233540329
4.3020894670183099	1.0000515106995518
4.3055464853536529	0.9999729263758301
4.3090957043963245	1.0000360286876746
4.3127778218133050	0.9999870792515939
4.3166567621487850	1.0000188923752176
4.3208882770762598	0.9999557881623228
4.3278235972075159	1.0001349998301028
4.3324413632899139	1.0000219059191766
4.3365346987149627	1.0000457816531667
4.3405661812940073	0.9999995844704516
4.3448507279772084	1.0000570032658895
4.3518231431881249	0.9998677581045891
4.3564789771982255	0.9999803159978813
4.3605466110051250	0.9999469358430101
4.3644144433575143	1.0000087985113968
4.3682368825655713	0.9999668954478029
4.3720581245557533	1.0000167135726168
4.3758897958226779	0.9999737966837660
4.3797239781827431	1.0000213221877285
4.3835538184867398	0.9999758989437130
4.3873716820612954	1.0000248354540724
4.3911807078584379	0.9999775757890976
4.3949895592592529	1.0000251236297850
4.3988211887838000	0.9999826548899402
4.4027083311082711	1.0000194341544146
4.4067126400033967	0.9999906398955836
4.4109769791101661	1.0000582210493014
4.4178110794560146	0.9998619711494270
4.4226270282954356	0.9999732575887321
4.4268603507460780	0.9999501128530135
4.4309646066076702	0.9999950532548316
4.4352723353011729	0.9999376553643124
4.4424719915892386	1.0000989338788639
4.4509563628879638	0.9998006844035291
4.4558142904353311	0.9999240609584445
4.4604060909066687	0.9998877178160532
4.4678974291729077	1.0001408924056068
4.4720498747214252	1.0000214384483987
4.4759524985209911	1.0000610710696420
4.4802233369412381	0.9999775083753697
4.4862311634220688	1.0002302723981307
4.4956172707880473	0.9998666468620250
4.4998895953868789	1.0000937254767965
4.5036828809504073	1.0000306575265163
4.5075591931564407	1.0000288378749833
4.5116788203607294	0.9999401513930622
4.5159424411259534	0.9998998292817890
4.5239665347521045	0.9997765216581748
4.5270823396617326	0.9999946371028015
4.5304073094237047	0.9999121204792524
4.5338678477726413	1.0000010044597576
4.5373829926103708	0.9999314681061043
4.5408843522675948	1.0000097201821754
4.5443753255395523	0.9999319819398184
4.5478522796353200	1.0000102762960730
4.5513178980855455	0.9999265039246790
4.5547889428224746	1.0000063696286683
4.5582772288515159	0.9999286597532877
4.5617872470528642	1.0000051176047691
4.5653231207040692	0.9999354572133254
4.5688855820609602	1.0000074311939038
4.5724783555359849	0.9999459285850515
4.5761052041887540	1.0000113085639515
4.5797765506526469	0.9999599228819697
4.5835072320988717	1.0000131304115092
4.5873272678104673	0.9999783429424419
4.5912908206848639	1.0000126642184546
4.5955447608131132	0.9999511983503028
4.6024858187243876	1.0001339942748586
4.6073883881434519	1.0000343709981216
4.6119636361115424	1.0000934763062743
4.6190768745342634	0.9998775947156715
4.6238001412324108	0.9999995834095436
4.6278296530709024	0.9999588611155642
4.6316336082193885	1.0000246793335963
4.6354376577377181	0.9999855202454663
4.6393726499078820	1.0000200610806400
4.6436218627842374	0.9999572776520428
4.6505709040813326	1.0001362551156641
4.6553252407158547	1.0000302064709543
4.6596147679506030	1.0000443965205097
4.6639847832017329	0.9999634631528244
4.6710400398613281	1.0001380853652353
4.6759244299696077	1.0000308173666221
4.6804982281829499	1.0000841062209389
4.6876873661189880	0.9998742795207575
4.6927626087479641	1.0000299121271983
4.7001431229261330	0.9998090999201762
4.7043313834293778	0.9999921483366042
4.7077406283264489	0.9998973177072749
4.7109874848367523	1.0000312883084448
4.7142795403756965	0.9999409422962411
4.7176896563796875	1.0000259094504456
4.7212718070254205	0.9999738160008497
4.7250915807941967	1.0000108192746762
4.7293079090313856	0.9999519184844492
4.7362380855718413	1.0001348767561382
4.7407168856415574	1.0000177602703910
4.7446970186385036	1.0000473595435617
4.7486624674684004	0.9999996202919086
4.7529294946710783	1.0000550660539687
4.7599367740217255	0.9998724106498470
4.7647347191041609	0.9999712482993581
4.7692858706794778	0.9999163061797299
4.7762634519991849	1.0001566089975167
4.7804626864745687	1.0000061617338749
4.7840162459398519	1.0000830059789205
4.7874755892779834	0.9999868826591055
4.7910485198246517	1.0000388945142935
4.7948543020701742	0.9999977959786229
4.7990678308121817	1.0000536847814330
4.8058580474980435	0.9998394877806747
4.8096170101303395	1.0000140993305615
4.8128574154255599	0.9998984085391907
4.8160204637481341	1.0000383048925858
4.8192281922184970	0.9999308140048462
4.8225001000741745	1.0000386989801493
4.8258342124593572	0.9999455947738819
4.8292142205574029	1.0000371333066134
4.8326257157627728	0.9999504880413421
4.8360502651159019	1.0000378487696953
4.8394746614731972	0.9999502731268456
4.8428854568055044	1.0000410306757552
4.8462765144109117	0.9999480170237953
4.8496431477784130	1.0000450705024588
4.8529879255869055	0.9999460724732088
4.8563135798386767	1.0000481064498346
4.8596280015785753	0.9999458494286025
4.8629369259242194	1.0000491201147079
4.8662494655690205	0.9999476766848637
4.8695713279464909	1.0000479746629720
4.8729111459888017	0.9999513104153301
4.8762741898864865	1.0000448250461436
4.8796692344301418	0.9999565772503145
4.8831027112661012	1.0000395670148221
4.8865861426775776	0.9999638539521524
4.8901312874681153	1.0000313566862373
4.8937595002104075	0.9999745897968007
4.8975011700923288	1.0000183854441100
4.9014180895420827	0.9999868929711341
4.9056582440371264	1.0000504119930222
4.9125567928953213	0.9998631615971600
4.9170320774615970	0.9999890354024398
4.9208664582426431	0.9999353111190927
4.9244805356291925	1.0000220157137782
4.9280494278949032	0.9999568161859218
4.9316410225612310	1.0000248813082442
4.9352987274971252	0.9999719672648075
4.9390594692111840	1.0000158577024612
4.9429874229906146	0.9999852971793227
4.9472305654358220	1.0000495916562866
4.9541658479144326	0.9998696823762203
4.9588909234531648	0.9999786340002262
4.9630797338321813	0.9999574286346548
4.9671676116256442	1.0000012709645185
4.9714686753920461	0.9999407697447101
4.9784010096584872	1.0001351972478925
4.9829124137215324	1.0000090281320393
4.9867514094215259	1.0000647462995917
4.9903424872795989	0.9999732489433112
4.9938531143979406	1.0000480463377384
4.9973448930004301	0.9999647337439188
5.0008407459221118	1.0000406265926944
5.0043511363765187	0.9999637438245130
5.0078791978075996	1.0000363864387269
5.0114292323905714	0.9999653176322516
5.0150026717313052	1.0000328615413590
5.0186050568030378	0.9999683686293342
5.0222407794834316	1.0000285594961236
5.0259210378170511	0.9999735055720753
5.0296599512841444	1.0000215202490519
5.0334869685673178	0.9999827512793127
5.0374549444244314	1.0000127940749743
5.0417100931451166	0.9999473117510240
5.0486188069983546	1.0001314155638974
5.0532911027699825	1.0000144847612524
5.0573207728438003	1.0000547251541327
5.0610935315365051	0.9999807178281771
5.0647712918989445	1.0000389225534794
5.0684175411724368	0.9999719810243476
5.0720586772660763	1.0000327252046712
5.0757100298111162	0.9999710806671304
5.0793812985964966	1.0000281837824299
5.0830867301886968	0.9999745092072166
5.0868429575389991	1.0000213777761839
5.0906812928609062	0.9999830109218837
5.0946557691838130	1.0000128779675843
5.0989127954567648	0.9999471362082799
5.1057965586805638	1.0001358878112370
5.1103260318876442	1.0000094166152442
5.1141718389779944	1.0000655418339215
5.1177548970739579	0.9999724040030902
5.1212518540511356	1.0000487557296276
5.1247360089922926	0.9999655041713318
5.1282436026978315	1.0000378897412552
5.1318012209180255	0.9999698453496781
5.1354335581273611	1.0000258702345233
5.1391777163647641	0.9999816772794569
5.1430942134271866	1.0000129390852917
5.1473355913813785	0.9999491938533339
5.1542015763223192	1.0001419456732075
5.1585126061005768	1.0000035953384185
5.1621514955197094	1.0000775535826492
5.1655634065627538	0.9999653324271469
5.1689134664287186	1.0000586996764393
5.1722593397328271	0.9999572694084403
5.1756213965523754	1.0000489021265435
5.1790086042987031	0.9999572817613491
5.1824232935469485	1.0000427796322717
5.1858693127823567	0.9999600504769862
5.1893480184292313	1.0000376524133909
5.1928650378743315	0.9999644306387756
5.1964252317706903	1.0000317875720477
5.2000404592776270	0.9999710766679568
5.2037259387305985	1.0000230622961439
5.2075126340135833	0.9999820091481453
5.2114557672790989	1.0000126844038444
5.2157041671372575	0.9999480949465613
5.2226225550420056	1.0001306710439202
5.2273020510270767	1.0000165144840762
5.2313802243215157	1.0000494324168474
5.2352606605152276	0.9999897041342848
5.2391325352323683	1.0000236790387371
5.2431133425528449	0.9999897343219587
5.2473730611044749	1.0000532756576739
5.2543118518921039	0.9998714297682070
5.2590967657271115	0.9999787405513930
5.2633383085454897	0.9999589828065555
5.2674589123874176	1.0000019736071502
5.2717689109860775	0.9999401228881237
5.2787459482729249	1.0001258494784906
5.2836118214785754	1.0000220258887333
5.2879775865457139	1.0000369201341619
5.2923682649853721	0.9999547522841964
5.2993616483111117	1.0001416366001021
5.3039842554905228	1.0000139028813095
5.3079062579652634	1.0000632275774095
5.3115543131823895	0.9999757047480916
5.3151059453201031	1.0000464155006705
5.3186320681083927	0.9999668696787823
5.3221650444719213	1.0000377750619052
5.3257260962494861	0.9999681659129925
5.3293320665962236	1.0000294758049235
5.3330065739603612	0.9999758255177658
5.3367812831325319	1.0000174379445896
5.3407178775334545	0.9999863785808987
5.3449633983644658	1.0000505923307619
5.3518161817723255	0.9998551174056949
5.3560764632787432	0.9999977214148145
5.3596591534197700	0.9999175442101627
5.3630209053122044	1.0000355220042445
5.3663388474972002	0.9999393130403634
5.3696759906558080	1.0000396787979695
5.3730663842304160	0.9999549908422942
5.3765295238103095	1.0000325073955469
5.3800909656686251	0.9999706038282493
5.3837831784391357	1.0000181664081638
5.3876703126997478	0.9999860448003306
5.3919025658794828	1.0000487010394257
5.3987629808179687	0.9998540984152307
5.4029703995852731	0.9999981372663785
5.4065277966557739	0.9999168308040338
5.4098828661875178	1.0000351685307198
5.4131982079520755	0.9999384890981420
5.4165237359183500	1.0000417245315829
5.4198805561159515	0.9999503739050669
5.4232732671013970	1.0000403112091767
5.4267076113840389	0.9999582606199693
5.4301856073026666	1.0000358316478137
5.4337148947223932	0.9999655837534079
5.4373035139417434	1.0000286843616035
5.4409696695199328	0.9999752309977346
5.4447408160404347	1.0000171597201291
5.4486760133594379	0.9999862601934746
5.4529209917476136	1.0000505112251958
5.4598560433053223	0.9998705806078408
5.4646038120936149	0.9999787544148903
5.4688138430143374	0.9999582385477096
5.4729151571432348	1.0000017084776232
5.4772198287925615	0.9999406422614193
5.4841705057646770	1.0001314354016739
5.4888213123813108	1.0000139201165223
5.4928337003126240	1.0000540819517230
5.4966152035553373	0.9999833367205416
5.5003403979602004	1.0000334244613924
5.5040882173973857	0.9999809855582743
5.5079109022646326	1.0000186720285553
5.5118749508738540	0.9999873123757385
5.5161281868139094	1.0000519324058121
5.5230610743726745	0.9998712626952659
5.5278496954324003	0.9999785534740725
5.5320955821468489	0.9999590043146335
5.5362190580323514	1.0000019548363979
5.5405298423783860	0.9999399936712708
5.5475060638728069	1.0001258203008265
5.5523742706036678	1.0000219614132644
5.5567416055947314	1.0000368505157886
5.5611327401581070	0.9999546256734468
5.5681449898271067	1.0001380640117137
5.5728924472630359	1.0000188727422727
5.5769999101550027	1.0000505614200170
5.5808900841910951	0.9999900813181696
5.5847636205867941	1.0000240265797711
5.5887438902252207	0.9999898294421096
5.5930037254339622	1.0000532348143893
5.5999046539391930	0.9998640343116424
5.6044347562314663	0.9999889436500504
5.6082964593262243	0.9999348270094763
5.6118994669463200	1.0000256497480020
5.6154136506200167	0.9999504345416781
5.6188974933131952	1.0000353820711034
5.6223770235121888	0.9999567076713017
5.6258591851864228	1.0000376949114678
5.6293499349327192	0.9999598459385672
5.6328501720600155	1.0000374347740779
5.6363645996172780	0.9999624271339267
5.6398957308164093	1.0000355169974031
5.6434512882196852	0.9999659902600150
5.6470383816634584	1.0000314266105796
5.6506714479423508	0.9999720927582885
5.6543681191981161	1.0000235534714494
5.6581614954941237	0.9999828635370006
5.6621082336028641	1.0000135367295828
5.6663577111603978	0.9999488677206277
5.6732659142377129	1.0001334114171418
5.6778913477628761	1.0000151731038809
5.6818836713128578	1.0000565631739882
5.6856429429804001	0.9999832950302883
5.6893377215198031	1.0000370879912013
5.6930389335138880	0.9999787826601078
5.6967852573901734	1.0000250221832256
5.7006144573212358	0.9999851371556163
5.7045830514902356	1.0000146019831286
5.7088384214330210	0.9999487429945924
5.7157518820054891	1.0001316639452329
5.7204852596384415	1.0000196487768149
5.7246301454157775	1.0000474832493731
5.7286001288727881	0.9999963756720558
5.7326158377997212	1.0000220536616620
5.7368889868937893	0.9999532705567108
5.7437910855688443	1.0001417990772854
5.7482569572538251	1.0000124492065230
5.7520629331653446	1.0000687325296356
5.7556530163988304	0.9999798715592584
5.7592122636961669	1.0000442452590379
5.7628240907685697	0.9999806262670525
5.7665450978683577	1.0000241675624946
5.7704471133101158	0.9999908124123577
5.7746837563394049	1.0000529638571065
5.7815666064333158	0.9998616090365243
5.7859081897128029	0.9999950356166850
5.7896151597656020	0.9999307488018753
5.7931325953375552	1.0000260526432494
5.7966411214737690	0.9999570022987300
5.8002151807521347	1.0000234798110677
5.8039118113562704	0.9999780995328559
5.8077982733527387	1.0000115029915289
5.8120319728797227	0.9999493026559435
5.8188738189329063	1.0001469374198140
5.8230044562794445	0.9999973689304161
5.8265042449670306	1.0000827254128932
5.8298413821660731	0.9999642768037535
5.8331827390653155	1.0000528804739945
5.8365925658519915	0.9999652775024430
5.8401073304321933	1.0000297664796343
5.8437663615907427	0.9999785024465297
5.8476323608783707	1.0000105207521728
5.8518602367240398	0.9999480620057589
5.8587291952374789	1.0001405309005265
5.8629629358347506	0.9999993754685377
5.8665588033099274	1.0000753378722389
5.8699619679339463	0.9999638610070638
5.8733285888814750	1.0000532188265139
5.8767092059381856	0.9999575810656653
5.8801189927680477	1.0000421402641695
5.8835624079689222	0.9999582977396596
5.8870376596792502	1.0000362147021757
5.8905441737705813	0.9999607326909401
5.8940783756756314	1.0000326184387907
5.8976398371274197	0.9999634236450301
5.9012255221705203	1.0000300487743232
5.9048362448636906	0.9999661308136022
5.9084706283615178	1.0000276970657962
5.9121320680744907	0.9999692286542102
5.9158229608430348	1.0000246181956769
5.9195527285159617	0.9999738223822670
5.9233336496204840	1.0000190211358955
5.9271931545245682	0.9999821347393200
5.9311814904181475	1.0000118255625561
5.9354421922092140	0.9999457331077363
5.9423497891442780	1.0001299784550972
5.9470623249637384	1.0000143579381366
5.9511294107080728	1.0000528826593178
5.9549284299479446	0.9999804618078110
5.9586197989526495	1.0000385296336354
5.9622662048915060	0.9999706163688885
5.9658922401105103	1.0000343053882437
5.9695098557679458	0.9999676483990434
5.9731230506027426	1.0000328598692136
5.9767368001192427	0.9999670745668242
5.9803526417436883	1.0000318685487302
5.9839755989247818	0.9999677899221427
5.9876082533131525	1.0000303017917134
5.9912578039716626	0.9999698583536951
5.9949302573790160	1.0000272319238641
5.9986384774710322	0.9999742199723066
6.0023980053372137	1.0000209736240160
6.0062393885263869	0.9999829040853671
6.0102158960864660	1.0000127716179517
6.0144734553553842	0.9999469872209008
6.0213809815529968	1.0001312651255660
6.0260638164240143	1.0000145341998008
6.0301023581865909	1.0000543842227676
6.0338808352891116	0.9999806650154024
6.0375606954281702	1.0000390175847444
6.0412040468204484	0.9999713035646238
6.0448343604813326	1.0000339566930925
6.0484620319428073	0.9999686412299579
6.0520891240497896	1.0000321660722165
6.0557182780651688	0.9999679276675869
6.0593482420168030	1.0000314752915247
6.0629807013972901	0.9999678126577298
6.0666140927250627	1.0000311209315416
6.0702502475828002	0.9999679316798555
6.0738878299423087	1.0000308051775380
6.0775289917276609	0.9999682182036933
6.0811727091494170	1.0000303881186565
6.0848214678557335	0.9999686941405049
6.0884745796884365	1.0000297797116171
6.0921349287226398	0.9999694220336290
6.0958023271818380	1.0000288724781439
6.0994804007297558	0.9999705433893524
6.1031700898905346	1.0000274360718933
6.1068768730982663	0.9999724225296791
6.1106047188234438	1.0000248753065064
6.1143642864156815	0.9999760270617541
6.1181685686326057	1.0000196468563876
6.1220452578299236	0.9999834361687787
6.1260441299903778	1.0000127744759149
6.1303077839580808	0.9999461702658641
6.1371888116051743	1.0001351131269893
6.1417537843286620	1.0000087441661185
6.1456082794658426	1.0000670607537165
6.1491593350205616	0.9999672002741481
6.1525787935781757	1.0000569195868141
6.1559359334558206	0.9999535367573306
6.1592612088087488	1.0000538286019161
6.1625721691943935	0.9999493138763786
6.1658780918790468	1.0000518325004595
6.1691883213905871	0.9999492392764284
6.1725078211214717	1.0000492933303273
6.1758438385121810	0.9999514366371521
6.1792000623851528	1.0000457847190707
6.1825833799836971	0.9999552290231305
6.1859979524158923	1.0000410459257556
6.1894522583484326	0.9999606781463962
6.1929536497192217	1.0000344347953800
6.1965162932702347	0.9999687065037532
6.2001575871342895	1.0000243478537829
6.2039106350872766	0.9999812426525765
6.2078330649177911	1.0000125218203200
6.2120759326046260	0.9999486899205822
6.2189726662006537	1.0001356262522143
6.2234713734642684	1.0000101951610501
6.2273171294720768	1.0000639675431826
6.2309255759656512	0.9999748414061034
6.2344604259293694	1.0000462727941841
6.2379815499175049	0.9999667119203248
6.2415109663185486	1.0000383804084387
6.2450585623532460	0.9999660022989886
6.2486271454590527	1.0000338639829474
6.2522210533912901	0.9999678479519338
6.2558422252830752	1.0000300076833775
6.2594975839834257	0.9999714216133294
6.2631942764104762	1.0000248940624210
6.2669489728000460	0.9999779313367715
6.2707867618727491	1.0000160368648681
6.2747630003164376	0.9999861767045666
6.2790191179745003	1.0000519258334142
6.2852996219312818	0.9997537705149623
6.2904615741137544	1.0000439111956831
6.2954641073687476	0.9996695833451305
6.2989768725623776	1.0000248465642756
6.3035643820105038	0.9997736134407168
6.3068785303999588	1.0000686821834461
6.3103677342353874	1.0000138648871353
6.3139633064687306	1.0000847929204260
6.3177973797252234	1.0000492719254328
6.3220152462965515	1.0001050508322455
6.3285034142824150	0.9998545716916032
6.3322542538405653	1.0000297754584970
6.3354298782885516	0.9998990459407184
6.3385279332225917	1.0000458323297572
6.3416853668981714	0.9999296655665368
6.3449274796431956	1.0000390575717550
6.3482574641922920	0.9999470038556623
6.3516665577942790	1.0000318693620953
6.3551503121637527	0.9999584775824575
6.3587032215182981	1.0000264721582026
6.3623277793610482	0.9999692192483023
6.3660307633355515	1.0000208788828384
6.3698355666486250	0.9999829332622614
6.3737912927870770	1.0000149520658475
6.3780427773937864	0.9999516197586984
6.3848240986865603	1.0001616064934580
6.3896881004026991	1.0000528426100699
6.3939118838627351	1.0000721345408154
6.3978805199148967	0.9999952534727191
6.4017492605608677	1.0000213213645872
6.4055845838553269	0.9999595730593044
6.4094132760243507	0.9999980861339351
6.4132600139505644	0.9999550431928778
6.4171594827150100	0.9999946638217404
6.4211706390140382	0.9999726424118502
6.4254375446483483	1.0000489888234088
6.4323642686838882	0.9998835748473132
6.4372360221246110	0.9999949091894672
6.4416128611879637	0.9999831568627257
6.4460052847449294	1.0000646405679019
6.4530929212837496	0.9998840290224796
6.4576469854052503	1.0000063349947481
6.4615385239786844	0.9999534886256131
6.4651849448061069	1.0000348921455169
6.4687682615379112	0.9999664762274737
6.4723632600249195	1.0000307770291290
6.4760187198327719	0.9999730048318564
6.4797757949593544	1.0000121903635861
6.4837005974662869	0.9999750385378897
6.4879433215113940	1.0000301048038038
6.4948444942356369	0.9998225762948596
6.5003007913114290	1.0003854608604550
6.5059198924152044	0.9998311175562506
6.5100940462864667	0.9999600884032556
6.5143231820102772	0.9999173774556543
6.5186450174460866	0.9999678443412882
6.5247506682844802	0.9997872417212550
6.5292797219921210	0.9999337163291732
6.5333939032762576	0.9999281230271742
6.5377167678898394	1.0000231178257146
6.5443565167945543	0.9997960449382151
6.5478492549113154	1.0000063811100184
6.5509483990187496	0.9998825646830040
6.5540828596457077	1.0000269564221180
6.5573432751035980	0.9999377493022436
6.5607371959033287	1.0000272791593756
6.5642703230086150	0.9999687627547931
6.5679545207580077	1.0000189500850116
6.5718404437140938	0.9999888001484900
6.5760714619668459	1.0000524387568812
6.5830071565240464	0.9998727901195237
6.5876435209460027	0.9999863395947720
6.5916995716525566	0.9999531315928156
6.5955714698183767	1.0000124537349666
6.5994442872025845	0.9999786124064545
6.6034257921391699	1.0000121546948895
6.6076866810812858	0.9999482267958922
6.6146178911958522	1.0001304798262600
6.6193789450999017	1.0000203761800730
6.6235610006055579	1.0000456620296139
6.6275651442475576	0.9999961448075594
6.6316033536287700	1.0000209952796060
6.6358823980645605	0.9999510343376357
6.6428270511649803	1.0001303821085750
6.6476475079705439	1.0000220057629285
6.6519150914478438	1.0000406340101009
6.6560529615620210	0.9999976539326432
6.6603664619406899	1.0000599861445119
6.6673477141483586	0.9998748578158055
6.6722728229624328	0.9999771082176298
6.6768567954119789	0.9999188279894877
6.6837961451384134	1.0001665538462226
6.6989396973861224	1.0003590128828146
6.7025241805361180	1.0001007499559869
6.7059327767313182	1.0001419115742738
6.7094824864717495	1.0000284536153183
6.7132379816387591	1.0000329288126550
6.7171796087830247	0.9999956082761936
6.7214262282936321	1.0000721839880531
6.7268818834758637	0.9996701458472155
6.7321169027980883	1.0002102536992745
6.7356278610718272	0.9999779527095020
6.7388851499957090	1.0001125691514305
6.7421895322805563	1.0000024216944128
6.7456743784819784	1.0000624524457202
6.7494367974519109	1.0000172127108196
6.7536389724622170	1.0000650530838318
6.7603538859941299	0.9998211764021232
6.7655865730330405	1.0003430416935892
6.7691535025959952	1.0000339599459227
6.7736879424357452	1.0001031913986711
6.7784205395932737	0.9998184168530495
6.7832311843346487	1.0001551019179791
6.7875796455150370	1.0000369961332711
6.7918683334274679	0.9999716863871420
6.7961889869083283	0.9999233388866117
6.8043098435906124	1.0001482584015389
6.8081668832205846	1.0000608834386757
6.8119665023095468	1.0001248662498194
6.8159204789063628	1.0000891701658270
6.8199850099713037	1.0000663779120778
6.8242666942698147	0.9999675023467708
6.8317672969500300	1.0000964858856567
6.8370125891668838	0.9996174002036247
6.8406035563024545	1.0000031204896089
6.8444522523216218	0.9999780280734981
6.8480234509268358	1.0000850659334293
6.8514526449876012	0.9999948465081669
6.8548570288795361	1.0000811058056018
6.8583190752873469	0.9999992048385286
6.8618785298070648	1.0000560086026207
6.8655743143730348	1.0000034732526701
6.8694627110129911	1.0000304061645766
6.8736964263820504	0.9999631597392038
6.8806100497904694	1.0001424869575943
6.8851325254938338	1.0000183596286141
6.8890336585643723	1.0000635668842899
6.8927273694135529	0.9999846398792106
6.8963837826436700	1.0000388905926954
6.9000783645978450	0.9999818179781843
6.9038623893058251	1.0000209739665884
6.9078030398557901	0.9999885298632707
6.9120498958278862	1.0000519344932608
6.9189845572298996	0.9998709558134512
6.9237308907251203	0.9999790322516454
6.9279385573747421	0.9999582240300672
6.9320381105197590	1.0000016436315780
6.9363423494275382	0.9999405706746769
6.9432907659463048	1.0001317666260092
6.9479235735484739	1.0000135049316448
6.9519213367020347	1.0000539653219922
6.9557017368463256	0.9999844192949005
6.9594489221754978	1.0000303054993556
6.9632563626828397	0.9999856446937961
6.9672061301989050	1.0000146782233528
6.9714570827292555	0.9999490138392292
6.9783490446472696	1.0001366189182443
6.9828413058264767	1.0000097528123593
6.9866744584749210	1.0000644802104559
6.9902767568547670	0.9999756417884135
6.9938252051464112	1.0000433366758190
6.9973954542696575	0.9999727515189076
7.0010311588586474	1.0000275507193823
7.0047755392635356	0.9999824374783531
7.0086917244604034	1.0000132900317849
7.0129330481653440	0.9999493228568866
7.0197802021941209	1.0001455024942472
7.0239897520287631	0.9999999207809913
7.0275330242644420	1.0000833488419434
7.0308726945106441	0.9999629590688874
7.0341777852393195	1.0000600838823044
7.0375105899737145	0.9999592905894970
7.0408991802702081	1.0000438033879910
7.0443644182748510	0.9999665152882400
7.0479272371121873	1.0000281187051274
7.0516224218223948	0.9999807141141032
7.0555100671525723	1.0000127569031338
7.0597436528210462	0.9999499932474746
7.0666293984937516	1.0001393095506137
7.0709970056128002	1.0000075295856210
7.0747339687026232	1.0000681987609239
7.0782834759940867	0.9999761738180305
7.0818201035740289	1.0000418332347616
7.0854196926330033	0.9999773441496241
7.0891343023637585	1.0000210493870676
7.0930331418023336	0.9999876153251784
7.0972688164952897	1.0000497262586099
7.1041643301736821	0.9998610907998872
7.1085752362851373	0.9999905324424442
7.1123424002552857	0.9999305884926137
7.1158875772501666	1.0000257311269463
7.1193754528577236	0.9999498986157911
7.1228594363775146	1.0000331326207073
7.1263623808596819	0.9999590591820461
7.1298891655856131	1.0000332858421093
7.1334444676065516	0.9999643507998568
7.1370281956713315	1.0000310907056340
7.1406445634232023	0.9999686448589029
7.1442962379987298	1.0000273666511861
7.1479928742379686	0.9999739638170855
7.1517469443022046	1.0000208777686830
7.1555863247190752	0.9999828776593076
7.1595622144969271	1.0000127523262095
7.1638194800237720	0.9999470101582121
7.1707344456058202	1.0001298522786277
7.1754670292905054	1.0000163957619190
7.1795776100905275	1.0000501617824697
7.1834444975266223	0.9999853355746999
7.1872320242711591	1.0000321582209879
7.1910108519261904	0.9999798129106362
7.1948195812471480	1.0000221032077050
7.1986953782527152	0.9999846678284261
7.2026926902781447	1.0000135756009061
7.2069560060027946	0.9999467738058192
7.2138768636818291	1.0001282162030416
7.2186930561642280	1.0000192767355784
7.2229284169452814	1.0000426814844146
7.2269725985093141	0.9999949479408918
7.2310350347998966	1.0000196468670861
7.2353209215460321	0.9999490703605144
7.2422738819339383	1.0001270088060235
7.2472075155044298	1.0000233909645426
7.2517915205654067	1.0000817929186123
7.2588935113342528	0.9998630905055450
7.2635868616214152	0.9999900359564817
7.2675209260849272	0.9999363638588263
7.2711434883574189	1.0000275731189565
7.2746491682172927	0.9999494352556144
7.2781109638525541	1.0000375217876889
7.2815639349059031	0.9999553822392668
7.2850211700235201	1.0000390207309415
7.2884924729277838	0.9999592836096231
7.2919806022924831	1.0000376891213691
7.2954900041330841	0.9999625091934904
7.2990207163471901	1.0000354301303931
7.3025754803944007	0.9999654368343318
7.3061534420021559	1.0000328935733203
7.3097570801833083	0.9999682541382350
7.3133859819250677	1.0000301159454135
7.3170440516601607	0.9999713470395466
7.3207336718106530	1.0000265512546855
7.3244639167225269	0.9999757461308222
7.3282463922118675	1.0000205875610408
7.3321077496746216	0.9999836593764051
7.3360974314586960	1.0000131241006971
7.3403584683212850	0.9999467871680703
7.3472609682604118	1.0001316420094257
7.3519433665708274	1.0000136583346853
7.3559638957875793	1.0000562747863724
7.3597047496030292	0.9999776558355192
7.3633290845142607	1.0000428114823849
7.3669028071736298	0.9999668696791199
7.3704551786359476	1.0000380925266013
7.3740044851376947	0.9999647240849883
7.3775630014645017	1.0000342096616381
7.3811461340832158	0.9999675085480556
7.3847690964481298	1.0000278889823535
7.3884559819660414	0.9999753673735762
7.3922390614775377	1.0000166925258325
7.3961805399193770	0.9999858445606928
7.4004274251099034	1.0000502951227634
7.4073086754437716	0.9998602389597520
7.4117342910540813	0.9999909071570159
7.4154983751432946	0.9999299443220487
7.4190370907540819	1.0000253487421316
7.4225327751912307	0.9999523107236928
7.4260579025398590	1.0000273397597532
7.4296594018090927	0.9999697295297336
7.4333773988835219	1.0000165666344196
7.4372791940269973	0.9999853216080795
7.4415154344963135	1.0000487599068806
7.4483946289196590	0.9998579746201656
7.4527236124899865	0.9999936805721713
7.4563990238793734	0.9999245787730642
7.4598561665248155	1.0000302446820661
7.4632608432300280	0.9999445641611370
7.4666658122825069	1.0000375666523817
7.4700930953267006	0.9999546005861287
7.4735466504711709	1.0000374892674617
7.4770298632726222	0.9999603058301297
7.4805406718458594	1.0000354138170020
7.4840801051199231	0.9999641669374042
7.4876458344892658	1.0000328503816789
7.4912393204712702	0.9999673230790440
7.4948594373024964	1.0000300269353133
7.4985096748637323	0.9999705746472199
7.5021922286509248	1.0000264147909710
7.5059161648026018	0.9999751340669778
7.5096932381205681	1.0000203849684597
7.5135503612142251	0.9999832776842985
7.5175373681818609	1.0000128562691635
7.5217976737276340	0.9999466790580297
7.5289906687465820	1.0000763810303921
7.5336915553157375	0.9999789529761410
7.5377826918552264	0.9999982642546232
7.5418704132395975	0.9999934599852157
7.5461309155325083	0.9999967012651847
7.5504046190917018	0.9999059026009630
7.5557008003715671	1.0002558368550194
7.5934041496437041	1.0000629916333292
7.5967795914606580	0.9998894525097789
7.5998802306036852	1.0000486633285466
7.6030642198716771	0.9999360874795684
7.6063652899377621	1.0000378840751238
7.6097742825297283	0.9999590860031170
7.6132805079421209	1.0000312657187798
7.6168900915806743	0.9999750965860589
7.6206234483757544	1.0000198641398468
7.6245369795381253	0.9999887190208588
7.6287757950402444	1.0000521769936344
7.6357328439433880	0.9998757955825320
7.6405936786246684	0.9999765054052320
7.6451596001334003	0.9999204786617546
7.6523262447887710	1.0001290205806335
7.6572240611707629	1.0000210745585887
7.6615810343271535	1.0000366557451492
7.6659714508172554	0.9999552438210558
7.6729688509130520	1.0001434536294143
7.6774822414347241	1.0000110528450319
7.6813098083937295	1.0000656862023118
7.6849025147318830	0.9999749075045619
7.6884431643157214	1.0000428547762459
7.6920079811026350	0.9999715155502955
7.6956402461648281	1.0000263441501502
7.6993825395194904	0.9999810075301391
7.7032976072614874	1.0000118228631443
7.7075385975339863	0.9999478860463813
7.7144482224867765	1.0001324590071683
7.7189749640446399	1.0000102779975346
7.7228815960106321	1.0000557985701621
7.7265918006267977	0.9999806336841968
7.7302868768706947	1.0000296657467644
7.7340577426396138	0.9999826484124265
7.7379859362521639	1.0000119811227577
7.7422309551728592	0.9999468933639147
7.7491525814879774	1.0001289668023075
7.7537841997324142	1.0000124495559122
7.7578038187339295	1.0000502971110898
7.7616069346616783	0.9999819773447425
7.7653560008646725	1.0000303176613790
7.7691157915255626	0.9999776318696019
7.7729185844189690	1.0000197699435114
7.7767951455010547	0.9999829273660159
7.7807945657005551	1.0000119504351457
7.7850581389358195	0.9999453335257406
7.7919240703525681	1.0001372176811048
7.7968267345766593	1.0000319374778979
7.8011312307660239	1.0000584138116053
7.8051982309588652	1.0000109917436468
7.8091908530471228	1.0000470664383931
7.8131925698254685	1.0000215605772338
7.8172637054465639	1.0000659273196391
7.8215492588923246	1.0000272812145472
7.8291903187219436	1.0001641566770723
7.8335512681794173	1.0000770518182625
7.8379475280349595	1.0000903122755824
7.8440631501436533	0.9999106163026177
7.8490757529376012	1.0002034762701670
7.8542358906366632	0.9997710525359135
7.8635654074436347	1.0002618609740406
7.8688707428629936	0.9999963424487803
7.8736639388876046	1.0000484528877580
7.8784668256968473	0.9996426950094665
7.8824436210261828	0.9999281443664085
7.8869380022338733	1.0000613427526526
7.8949293617766001	1.0002475605820982
7.9000131295646208	0.9998963217084226
7.9049491400525191	1.0001186455795354
7.9098325307572015	0.9999042682285189
7.9146978124584777	1.0002581434578761
7.9188611280699028	1.0000130190118974
7.9233696153967355	1.0000827338954041
7.9280844093598661	0.9998807226353132
7.9350038307051056	1.0000274159764837
7.9395401091138771	0.9999636290943099
7.9437014312448060	0.9999796997222591
7.9480237002169698	0.9998761622084920
7.9539266221111733	1.0001845192176049
7.9663363692695075	1.0003847690035486
7.9935937762924825	1.0000352250199696
8.0034508447998842	0.9995349890799200
8.0065711297775302	0.9998720429849933
8.0096196034603206	0.9997715786591682
8.0128279418554609	0.9999318681154428
8.0162060280313021	0.9998825021665577
8.0197328995722703	0.9999712932839504
8.0234195717042276	0.9999423258810413
8.0273056759274937	0.9999866367917003
8.0315384696253513	0.9999327259966991
8.0384977116570919	1.0001146243420727
8.0433433122559777	1.0000165058839803
8.0479028133007464	1.0000729446686933
8.0550548919177594	0.9998626308170461
8.0598174065587695	0.9999771664476671
8.0639814960407730	0.9999528808891283
8.0680432433519584	0.9999977552702305
8.0723385108825205	0.9999383093946898
8.0791246266739094	1.0001604222835190
8.0829042172350327	0.9999805766501024
8.0861051277922655	1.0001033489076081
8.0892159547163676	0.9999541815280865
8.0923852713204329	1.0000646031278118
8.0956642741213560	0.9999613453084663
8.0990818397572291	1.0000354951653021
8.1026733185210098	0.9999793136071666
8.1065001866671462	1.0000130071019737
8.1107178225026537	0.9999522848357217
8.1176248661118233	1.0001386906550060
8.1219954074663896	1.0000127822811264
8.1258201647271147	1.0000581844460856
8.1295644908282512	0.9999941377342970
8.1334500417498816	1.0000222052267094
8.1376876182531426	0.9999570918681345
8.1445051953317638	1.0001613085277250
8.1483869560264672	0.9999919711365306
8.1516821894357854	1.0001017244760038
8.1548548939440018	0.9999599869483758
8.1580469528484052	1.0000698753427060
8.1613021558715033	0.9999593418047302
8.1646371136461440	1.0000491597965990
8.1680653597641957	0.9999679737181764
8.1716030309847216	1.0000314350131911
8.1752818148118820	0.9999828670910470
8.1791601775190479	1.0000150749759964
8.1833912074496045	0.9999525445023737
8.1902889862741901	1.0001395160860942
8.1947076572726196	1.0000119574839887
8.1985121429299763	1.0000651053554543
8.2021411699664810	0.9999829459963961
8.2057750026450478	1.0000364500421093
8.2095026419523247	0.9999866446718544
8.2134053450220854	1.0000165817034044
8.2176434669063418	0.9999522945723119
8.2245536193599023	1.0001366225865735
8.2290636815886113	1.0000144430345455
8.2329716688192285	1.0000578895095151
8.2367134334492746	0.9999881855174033
8.2404841354828520	1.0000271897359065
8.2444042436115659	0.9999912156846416
8.2486475679769491	1.0000522925326336
8.2556151999618343	0.9998749088365662
8.2604616768883830	0.9999756953962982
8.2650241911665656	0.9999207460272174
8.2722063381385116	1.0001278944428420
8.2771506638671948	1.0000228758560836
8.2817428819158838	1.0000793894522719
8.2889019576743799	0.9998633362699465
8.2935766109130178	0.9999845208024397
8.2976023403900534	0.9999484746579655
8.3014670926069751	1.0000058061913222
8.3054184440663743	0.9999788130830221
8.3096732021764765	1.0000456187231863
8.3165880328569610	0.9998587240584639
8.3209923702969295	0.9999876049475177
8.3247961994910913	0.9999363002425523
8.3284529341957700	1.0000129794337393
8.3321643689406173	0.9999704273681351
8.3360481946534808	1.0000076576587558
8.3402831744517503	0.9999478712704426
8.3472198246879667	1.0001310528657861
8.3517961159355600	1.0000173797474521
8.3558524285445248	1.0000437479643376
8.3598614684560086	0.9999975792957009
8.3641401210936852	1.0000548736364665
8.3711106319690884	0.9998661121432662
8.3756358980660153	0.9999846303346300
8.3795957131412298	0.9999481302404768
8.3834339847049915	1.0000061881563975
8.3873749709377705	0.9999794151321600
8.3916261338196936	1.0000456576555972
8.3985796071821515	0.9998646762870720
8.4033597110919178	0.9999658653040143
8.4076616432598819	0.9999473048328602
8.4118185007259658	0.9999615698007084
8.4160979300913414	0.9998826170116690
8.4204158873901847	0.9999006046134453
8.4273189005182036	0.9998695841251193
8.4339622504549556	1.0001744332178775
8.4441476413887333	0.9996339332414923
8.4472492953612424	0.9999209319431133
8.4505419793919767	0.9998479647613479
8.4540322437923958	0.9999570075055243
8.4576827253804314	0.9999412416443755
8.4614655964792291	1.0000064111306728
8.4654144222802810	1.0000009977103639
8.4696420772663128	1.0000870580362859
8.4760535127042083	0.9998594595086441
8.4801265137014710	1.0000334410690022
8.4834089514773705	0.9999104266267091
8.4864708195841665	1.0000726027910321
8.4895005237679548	0.9999297582083722
8.4925493470041626	1.0000743827417911
8.4956358048565477	0.9999405439532446
8.4987616947550233	1.0000683246327178
8.5019311041034591	0.9999472439340242
8.5051437051056009	1.0000603171555793
8.5084039125020343	0.9999534998346973
8.5117134527329021	1.0000518956260405
8.5150791929925784	0.9999611293459362
8.5185069700547995	1.0000428623879329
8.5220098890924998	0.9999715769206928
8.5256046231232538	1.0000314651596536
8.5293240226244293	0.9999867571671384
8.5332263301893434	1.0000192019422047
8.5374637762016459	0.9999567034607727
8.5443643366674795	1.0001439981160454
8.5488476627933032	1.0000191935516918
8.5526920722593971	1.0000720597724182
8.5563145451487532	0.9999855224277465
8.5598770938477049	1.0000527415259897
8.5634382101388358	0.9999784387820809
8.5670187572791630	1.0000433597090990
8.5706277868558729	0.9999780678632675
8.5742671028572506	1.0000374354708768
8.5779403411550224	0.9999796556231009
8.5816487693381394	1.0000322048481505
8.5853997018718538	0.9999826812344701
8.5892024434448313	1.0000254175989107
8.5930810641560189	0.9999889287200445
8.5970820614266046	1.0000176131243745
8.6013461313529618	0.9999503719440309
8.6082551694921392	1.0001331261041642
8.6130136409876776	1.0000188339013365
8.6171323782977645	1.0000537767146580
8.6209797936049011	0.9999849417645256
8.6247170952634775	1.0000385175359414
8.6284126694656020	0.9999758280379567
8.6321006750391405	1.0000316980673429
8.6358072893644113	0.9999764421196192
8.6395570557294565	1.0000237476072174
8.6433868301164747	0.9999843529444773
8.6473549844479223	1.0000141778828027
8.6516104703862293	0.9999484592855067
8.6585515523975065	1.0001263585800395
8.6634544306639398	1.0000242041591381
8.6680299479844720	1.0000817993094251
8.6751370977182400	0.9998638759689409
8.6798535812255952	0.9999863244909881
8.6838743586427647	0.9999452227990999
8.6876709790406501	1.0000120222627791
8.6914697574446009	0.9999732323887023
8.6954017054570869	1.0000087133024940
8.6996500676894346	0.9999471350040467
8.7066169253138472	1.0001249331439195
8.7116141267160074	0.9999746847823926
8.7186485519743009	1.0002376997791169
8.7240150495768756	0.9998981507341228
8.7291106260256033	1.0002591755287573
8.7329531792740589	0.9999607762041042
8.7374584441951626	0.9999748424612487
8.7421751283717999	0.9996314151258265
8.7469828141744355	0.9998892854659404
8.7517972502383543	0.9998001705719081
8.7571246199774642	1.0002724224468327
8.7643872215469152	0.9998127274692720
8.7805339854943174	0.9997706583962995
8.7859969267459679	1.0001227566334567
8.7911417380368881	0.9998235694996580
8.7961421031207490	0.9999848067485011
8.8033220372395871	1.0000430017464683
8.8074355969308922	1.0001110548132897
8.8111104094515422	1.0000046564383158
8.8146032352066506	1.0000672048114978
8.8180579950680986	0.9999624469080474
8.8215471680005351	1.0000217160422433
8.8251193752665564	0.9999489642865336
8.8288174289248094	0.9999900119522969
8.8327066413365714	0.9999555825239834
8.8369402166193609	1.0000190233882464
8.8438178417028031	0.9998329425635428
8.8481080987372316	0.9999743776559832
8.8517565799933351	0.9999070500371259
8.8552054389747532	1.0000153648011361
8.8586244631110134	0.9999363355551318
8.8620736151741788	1.0000235060476392
8.8655867249945857	0.9999569420167200
8.8691868102389115	1.0000192984483109
8.8729095225333410	0.9999765460300575
8.8768135529792627	1.0000100636312608
8.8810515423516865	0.9999481630623075
8.8879229946774831	1.0001412350829826
8.8922426353443242	1.0000044037994911
8.8958932630198149	1.0000773769659161
8.8993146935868932	0.9999662782615322
8.9026694803054358	1.0000595205144163
8.9060141886117403	0.9999575278577728
8.9093688435789478	1.0000506388685229
8.9127426986278913	0.9999568098096411
8.9161387761313939	1.0000450359438189
8.9195620035232217	0.9999591206364624
8.9230150262365839	1.0000399570249818
8.9265049508070486	0.9999634477337749
8.9300381975798064	1.0000336870868609
8.9336282050799802	0.9999704530329298
8.9372917712213535	1.0000241950658610
8.9410614055205144	0.9999820325984083
8.9449939248224535	1.0000129620286800
8.9492395015413422	0.9999487114900663
8.9561617726800975	1.0001306560620715
8.9608424187414268	1.0000177348412524
8.9649440332720047	1.0000468853750224
8.9688854678083825	0.9999944010096148
8.9728852155799768	1.0000199947720445
8.9771537271419888	0.9999513623445544
8.9840715274997915	1.0001361889394262
8.9886341662240508	1.0000129166846576
8.9925475826435850	1.0000603822288410
8.9962281954887615	0.9999794284050101
8.9998491616729197	1.0000398669289798
9.0034837281296447	0.9999754710652129
9.0071731994348720	1.0000259360523904
9.0109583763991772	0.9999834131393127
9.0148995645002579	1.0000135811496911
9.0191475601179381	0.9999487400171970
9.0260198427872123	1.0001399008174625
9.0304092218503360	1.0000054194340360
9.0341095576617576	1.0000747970030492
9.0375566728154961	0.9999655378446819
9.0409190521868634	1.0000590124615754
9.0442583767755025	0.9999555494982770
9.0475982380657065	1.0000513766223209
9.0509503036335808	0.9999542201638435
9.0543191057891779	1.0000465044849796
9.0577103158469896	0.9999561593144659
9.0611265514938584	1.0000420810128761
9.0645740551018843	0.9999599744162091
9.0680573032489455	1.0000368194936740
9.0715861217307534	0.9999658214039366
9.0751709028323901	1.0000293065651087
9.0788317888308132	0.9999751704119064
9.0825979715061163	1.0000173932808776
9.0865298438862894	0.9999863401909475
9.0907739926501261	1.0000504426027688
9.0976562321501504	0.9998604899815604
9.1020685223216695	0.9999923267494008
9.1058065385604436	0.9999273318062499
9.1092968139988422	1.0000305691125837
9.1127104038815858	0.9999442082601365
9.1161065787347635	1.0000392557416502
9.1195139098547173	0.9999530572324334
9.1229436976262939	1.0000387999636160
9.1264079547185410	0.9999600654677115
9.1299154732646315	1.0000337917714333
9.1334816807237491	0.9999685484708369
9.1371247988622741	1.0000242542992765
9.1408787084532008	0.9999812524066364
9.1448015144925652	1.0000125732246108
9.1490445161855476	0.9999487494765925
9.1559960617467482	1.0001253898891393
9.1609931587129783	0.9999733797137939
9.1684222477654487	1.0001722086847831
9.1731502352827565	1.0000209325262046
9.1770407234523930	1.0000723281714621
9.1806415182607832	0.9999779416943990
9.1841734550874854	1.0000467006585394
9.1877256501515596	0.9999732564993561
9.1913462530919432	1.0000288414753549
9.1950794883181306	0.9999827118544707
9.1989890053408008	1.0000135812859900
9.2032285183854654	0.9999497519652323
9.2100738268627378	1.0001462883563517
9.2142612350851305	0.9999990104929871
9.2177801568885247	1.0000856238987068
9.2210911013620933	0.9999606421984409
9.2243585601274560	1.0000640228657287
9.2276401100659733	0.9999546906131637
9.2309582260447574	1.0000504830688162
9.2343263066906633	0.9999583127843440
9.2377536362043884	1.0000393281243414
9.2412545893905307	0.9999669774873187
9.2448469531652435	1.0000264353017259
9.2485641981845550	0.9999808828093322
9.2524651236042832	1.0000127020513285
9.2567022246304482	0.9999495852772394
9.2635655818642952	1.0001430015753132
9.2678357245387915	1.0000023212394176
9.2714383130651985	1.0000798559320074
9.2748199153386963	0.9999638265518122
9.2781425523889602	1.0000607779788462
9.2814616137467780	0.9999555486587883
9.2847961849513485	1.0000509571903573
9.2881547215894038	0.9999553811849039
9.2915395354832864	1.0000448225061118
9.2949548559802562	0.9999581624564021
9.2984026739682761	1.0000395153318564
9.3018894667916783	0.9999628280427514
9.3054210975696297	1.0000332191542658
9.3090104940445251	0.9999700431761681
9.3126740338237877	1.0000238178618130
9.3164438756299681	0.9999817401807931
9.3203765864459580	1.0000127140856205
9.3246222007732147	0.9999485061303937
9.3315533734084930	1.0001288271779583
9.3362935831019787	1.0000201105323496
9.3404929347976218	1.0000410325358216
9.3445888804236361	0.9999973874427399
9.3488908118933871	1.0000582267979421
9.3558197879808365	0.9998631076316875
9.3603161453513799	0.9999904055967817
9.3641380606165221	0.9999330607504678
9.3677124641127243	1.0000259526834405
9.3712161702730672	0.9999511979726791
9.3747143656932703	1.0000322138624611
9.3782422502347984	0.9999623169900577
9.3818196909343854	1.0000281269158162
9.3854718893696596	0.9999738174900134
9.3892303693062509	1.0000169934732637
9.3931572795518417	0.9999860150498083
9.3974001367845474	1.0000500666997498
9.4042927384091524	0.9998620314450568
9.4087527551955876	0.9999900216384878
9.4125540579164699	0.9999318976906362
9.4161148438081561	1.0000263308559403
9.4196036369921892	0.9999495024169457
9.4230772542062802	1.0000346590690572
9.4265608722616356	0.9999576059459833
9.4300609825632087	1.0000354075655251
9.4335832486519884	0.9999622416092521
9.4371280964075677	1.0000336745275324
9.4406996218637076	0.9999659548490776
9.4442995862651404	1.0000305527353213
9.4479352874092157	0.9999703255887986
9.4516142847178024	1.0000253956306029
9.4553538942963744	0.9999773813168145
9.4591799728553880	1.0000161490967845
9.4631488713987455	0.9999861074792562
9.4674029978151335	1.0000515777276591
9.4743182720020513	0.9998683809790030
9.4790161496698939	0.9999829122617410
9.4830969832818965	0.9999481482675583
9.4869497956660886	1.0000122515986487
9.4907570293485239	0.9999702312088983
9.4946071677101269	1.0000124507641845
9.4985843148238018	0.9999839832473882
9.5028415130438315	1.0000505230106882
9.5097371562767599	0.9998634930196890
9.5142861993148706	0.9999881248148064
9.5181660408402919	0.9999356558763342
9.5217878721555991	1.0000241407199095
9.5253285958291674	0.9999529287272688
9.5288556593104925	1.0000310561578343
9.5324062249606030	0.9999632570100113
9.5360014432576392	1.0000274716994011
9.5396672538160523	0.9999741857727023
9.5434354892159163	1.0000167818111088
9.5473682308077770	0.9999859595270328
9.5516126757061031	1.0000502220554284
9.5585464534784546	0.9998699946211058
9.5632765119190264	0.9999788860416017
9.5674689862893381	0.9999577270835368
9.5715588941190592	1.0000015019797448
9.5758605538701200	0.9999408938530165
9.5827928725515044	1.0001352844386902
9.5873077936977786	1.0000094799092698
9.5911557818619375	1.0000637470867639
9.5947659124206144	0.9999752966893652
9.5983118330452033	1.0000444169764271
9.6018635864804800	0.9999703528693917
9.6054562539716155	1.0000318611777215
9.6091187793512169	0.9999764230784427
9.6128846641539099	1.0000181112683819
9.6168158710472333	0.9999866406336465
9.6210599381956659	1.0000504994537072
9.6279458415273496	0.9998610389462129
9.6323759997203133	0.9999914230156441
9.6361370716438337	0.9999289160570949
9.6396522602836008	1.0000290492741393
9.6430909767481889	0.9999457858275033
9.6465102933882818	1.0000380832646014
9.6499355184094959	0.9999535731964305
9.6533733629051692	1.0000392760632590
9.6568295460330553	0.9999579818916456
9.6603043237612010	1.0000379304718585
9.6638010506525287	0.9999613259558341
9.6673199970331734	1.0000354618235603
9.6708655543728153	0.9999647550027566
9.6744402091126549	1.0000318983947947
9.6780520041555871	0.9999693216988922
9.6817093749739165	1.0000262615658280
9.6854305206514084	0.9999768558681644
9.6892423137551837	1.0000164269536911
9.6932022826358448	0.9999861572157507
9.6974539973414000	1.0000513033952563
9.7043687836744308	0.9998678880091597
9.7090414581082012	0.9999836090175435
9.7130909728688426	0.9999463491157679
9.7169056294274867	1.0000144514810805
9.7206604413006712	0.9999665186051222
9.7244302696091225	1.0000173712040854
9.7282706886773003	0.9999805347574861
9.7322440755836066	1.0000116262159866
9.7365011571711761	0.9999466096832031
9.7434438929996983	1.0001249867069151
9.7483506468484524	1.0000230497205316
9.7529270002758004	1.0000808707784496
9.7600562011063943	0.9998669920817113
9.7648827212005713	0.9999840757039551
9.7690255679877467	0.9999498726607492
9.7729120054578384	1.0000123430881183
9.7767402608468235	0.9999710951640809
9.7806043335711621	1.0000125574655987
9.7845895797096940	0.9999841633226267
9.7888490514093398	1.0000509175931476
9.7957829894834418	0.9998710550520974
9.8005934915629620	0.9999783237553636
9.8048586020778057	0.9999594314085155
9.8089940308571606	1.0000022136963675
9.8133081324290909	0.9999398313011110
9.8202889305681236	1.0001247324948714
9.8252148117576628	1.0000223542243449
9.8297972119512700	1.0000806099826371
9.8372507282382582	0.9999232171243787
9.8420055110110969	1.0000282143705452
9.8464907577842098	1.0000115426458678
9.8535121915403501	1.0000556604450859
9.8585833657321249	0.9996510707936287
9.8635235146384979	0.9999551726133939
9.8684326917587839	0.9999685089503360
9.8768595425800285	1.0003256988556226
9.8821578575811486	0.9998631178909156
9.8858628608553474	1.0000881058226578
9.8895179296248319	1.0000331028382174
9.8931857129038612	1.0000920767158654
9.8969440765680439	1.0000405669796337
9.9008051598019282	1.0000622787947582
9.9048058474408620	1.0000202160468781
9.9090657734529319	1.0000759634827152
9.9159147391116260	0.9998763988504676
9.9308623711715960	1.0002833783414367
9.9450448862035667	1.0005118663982959
9.9505103544302393	1.0001588665448500
9.9556546995788846	1.0003567352977438
9.9606531015421247	1.0000172312624818
9.9655487991000360	1.0001573646708111
9.9704157622068887	0.9997713691386086
9.9752788310812086	0.9998511854134768
9.9817712185276957	0.9997022361382943
9.9857014858150048	0.9998956118925528
9.9894875169689943	0.9999074981086588
9.9937300504744186	1.0000179809389143
