0.0000000000000000	0.0000000000000000
0.0072703850693671	0.0010000000000000
0.0113644538292619	0.0067075140639244
0.0185939990082304	0.0426333335948916
0.0213987756659746	0.0689742597044289
0.0255127018570178	0.1214077921270374
0.0293306760582106	0.1826457391927267
0.0348934988045853	0.2889865973701004
0.0422621949489070	0.4440190128459820
0.0457610108905919	0.5167760800628350
0.0494055911140127	0.5884478770413665
0.0627885325811544	0.7965269991402075
0.0656329473205539	0.8281763123733956
0.0692729376101871	0.8625479575509829
0.0727074121588644	0.8895787894087314
0.0768529515081505	0.9158628589235105
0.0805937831806805	0.9346917166929035
0.0847770787567812	0.9510849634037173
0.0884066808029997	0.9622296313319899
0.0921168679571303	0.9710096740208892
0.0954975433370965	0.9774331553524939
0.0990641219777429	0.9826007823340501
0.1025642902258020	0.9866693555729771
0.1063210407559660	0.9899259658531904
0.1101601722150705	0.9925071817307015
0.1144552829797818	0.9945343583952665
0.1195321761637914	0.9966906968334771
0.1265445746724612	0.9978174216506601
0.1497222325432803	1.0002149508096299
0.1534507431535128	0.9998389322436956
0.1576552849975805	0.9998852691304059
0.1620003985172072	0.9998570528516959
0.1666379454538592	1.0002952678904615
0.1699145614302313	0.9998940782693109
0.1733323228511302	0.9999960404122494
0.1767228445515644	0.9998865777614597
0.1802340975293196	0.9999610608354186
0.1839696430975988	0.9999351742760633
0.1878765497238682	0.9999737449437014
0.1920031281083707	0.9999239030931329
0.1962835218583137	0.9998723764654834
0.2050403180679548	0.9995717399865555
0.2081405629295165	0.9998968935625456
0.2113813846209148	0.9998474538720905
0.2146746415158738	1.0000222351074477
0.2179949262146301	0.9999708041645665
0.2213676682617746	1.0000844440555781
0.2248401783148933	1.0000256037614734
0.2284560808675849	1.0000867528871435
0.2322999022706344	1.0000628544968784
0.2365166564466608	1.0001468091734487
0.2419295839533468	0.9997604847534317
0.2501305661474649	1.0000700977752268
0.2553618644062348	0.9999130828805091
0.2598824695532015	0.9999079909474313
0.2642892875556966	0.9999298133914699
0.2729396843068464	1.0003123192675658
0.2762489570017867	1.0001340548756654
0.2797985925675907	1.0001812145113578
0.2836004439494126	1.0001195073818787
0.2875839889671380	1.0001164788817667
0.2916750564463795	1.0000714660110488
0.2958085710958999	1.0000799093181088
0.2999500666774014	1.0000375912795427
0.3040892888134618	1.0000553289731657
0.3082615954850907	1.0000270148162014
0.3125720983005538	1.0001132589850192
0.3181450149177194	0.9997442195681275
0.3265742106401568	1.0000446430760246
0.3314000303123286	0.9999785942541285
0.3360036749671230	1.0000791890651475
0.3438648957388783	0.9999072971490807
0.3475411115578898	1.0000788934538105
0.3510078546274892	1.0000030554692894
0.3545845141627230	1.0000728417775357
0.3583985647769461	1.0000467428299138
0.3626098772543452	1.0001275351791141
0.3680337506310415	0.9997406748681236
0.3762437966691771	1.0000321092381641
0.3818460863903438	0.9999383703338488
0.3966061189265843	1.0004885220299329
0.4004096598144484	1.0002011927491103
0.4038123395046312	1.0002429417530292
0.4074561827323492	1.0001452695327442
0.4116385256559809	1.0001733362755489
0.4173523593758371	0.9997973994277204
0.4264363637816901	1.0000896035811464
0.4314993120027668	1.0000111290575442
0.4361719272709053	1.0001511329132016
0.4409434646996161	0.9997411918037866
0.4465243217895043	1.0001727314890623
0.4528583074716530	0.9998439722388625
0.4774994673033948	0.9996517850421498
0.4806122134085454	0.9999943463393709
0.4837380055229185	0.9998920273479787
0.4869026161181121	1.0000716713276816
0.4901204220713673	0.9999929474376267
0.4934235727234248	1.0001053844167906
0.4968563268872859	1.0000364002667186
0.5004508455052619	1.0000941738405584
0.5042835079417042	1.0000668120042628
0.5084973441802835	1.0001482264166812
0.5139065908290144	0.9997597485503826
0.5221011399787820	1.0000660339139780
0.5273358878926296	0.9999063313555178
0.5318588175272952	0.9998978687568075
0.5362661596258168	0.9999154459613017
0.5449142073515975	1.0002872859611391
0.5483463651673424	1.0001419295857366
0.5519926781589963	1.0001795785689171
0.5562201068764148	1.0000466901214342
0.5615503776603801	1.0003265544359063
0.5668834985410693	0.9997506642770054
0.5706169020225915	1.0000551176868420
0.5743490642885760	1.0000053124114534
0.5779885972443390	1.0000860567245697
0.5817711667573198	1.0000495852883839
0.5856979072350456	1.0000678619007981
0.5898366570954712	0.9999967069164689
0.5941205404587210	0.9999224334697637
0.6039988859976191	0.9997413565769342
0.6084597787770565	0.9999558350682515
0.6129638885205022	0.9998975059967563
0.6176793103011494	1.0001292553030701
0.6236496225228454	0.9998551740352540
0.6298011717645060	1.0003771634661194
0.6357174471563111	0.9998615071988310
0.6410208881006221	1.0001184953051652
0.6460884851202023	0.9999961493384970
0.6543903464997604	1.0000616423412036
0.6586971705342465	1.0000090359758138
0.6631212513192120	1.0000458103889023
0.6716780939592349	0.9999603271368697
0.6772228614213813	1.0003437305710166
0.6829160961461163	0.9997553959711516
0.6881257139303116	0.9999757667558532
0.6931491648956551	0.9998699487099907
0.7003974962689788	1.0001881596825946
0.7119604207288914	1.0003711351796041
0.7162267616783787	1.0002206738805031
0.7203350472823729	1.0002170775266006
0.7245254653762057	1.0001152698035192
0.7286023614444823	1.0000315418408674
0.7325517386181024	0.9999350227879331
0.7363781309254992	0.9999667969536838
0.7401187474189163	0.9999050289538893
0.7438547066305251	0.9999602185839298
0.7476509821117989	0.9999222844113923
0.7515959005753499	0.9999506666964724
0.7558440863783368	0.9998678604293558
0.7611896039780822	1.0002678386507653
0.7690895251107589	0.9999671229482827
0.7742543130496380	1.0000276076966319
0.7789630210473932	0.9998924197518527
0.7861927582606772	1.0001078156788226
0.7899819647103811	0.9999245696181269
0.7933902000284304	1.0000083345014721
0.7968667669686608	0.9999259662028236
0.8005084742425370	0.9999795016704122
0.8043685030921257	0.9999597670119021
0.8085919300301619	1.0000490492824572
0.8143372397293365	0.9997221962203526
0.8233651283250442	1.0000484562990257
0.8286023386547108	1.0000065361058235
0.8332936007097044	1.0001667704754487
0.8380488356534901	0.9997566307331964
0.8413974115617275	1.0000717748735306
0.8458526477571945	0.9999319022559994
0.8505530614705767	1.0000325537096928
0.8588495409538967	0.9998248214437251
0.8620127894955598	1.0000501205485843
0.8656172499179434	0.9999087727909354
0.8695315885625006	0.9998858343987310
0.8737625685006954	0.9998514254970223
0.8806934191651868	1.0002396094582571
0.8883875134553413	0.9998488472380065
0.8923170252705959	1.0000577239813540
0.8956477225832921	0.9999627577111787
0.8990709861623817	1.0000598812395918
0.9027597599795930	1.0000257911044836
0.9066337297666202	1.0000548754943870
0.9107409980383618	0.9999895101292887
0.9150150689508618	0.9999221659266896
0.9237881951248760	0.9995967429046740
0.9268455744744906	0.9999227687471124
0.9300796995645700	0.9998670378603990
0.9333876823992100	1.0000333970405486
0.9367332698061769	0.9999818413212160
0.9401304952694978	1.0000894756993921
0.9436248697838306	1.0000301601577224
0.9472567149600167	1.0000881009224845
0.9511098987558807	1.0000632205982747
0.9553291691629709	1.0001466886018033
0.9607360683488912	0.9997590065874802
0.9689179642347434	1.0000672416044480
0.9741637071053093	0.9999091639201243
0.9786929896411717	0.9999018451617929
0.9831018543562745	0.9999206141391391
0.9917421953346408	1.0002971207289977
0.9951324927014947	1.0001394635248355
0.9987586735130297	1.0001736936150416
1.0029839111367185	1.0000367300077904
1.0082657845412719	1.0003261629112539
1.0136015718171305	0.9997526526853938
1.0173591126988875	1.0000498857421989
1.0211185168544274	1.0000055956541043
1.0247826355740295	1.0000834731309511
1.0285821069115775	1.0000485530421819
1.0325194965011029	1.0000664511462021
1.0366647928432817	0.9999956383948375
1.0409504219555572	0.9999217436216441
1.0508812837936328	0.9997485377215575
1.0554191057847893	0.9999480162430811
1.0599255736468565	0.9998789697772468
1.0646418875746249	1.0000941479948373
1.0714423330973795	0.9999334038676883
1.0813404559326463	1.0001098674529549
1.0915960844091441	0.9999033442183065
1.0967622741992882	0.9999454047203942
1.1054000403595767	0.9999954724154914
1.1101377460018085	1.0000257199017661
1.1174392059890885	0.9999985349940139
1.1222746249485569	1.0000940987136091
1.1310636371056373	0.9999135589442220
1.1396685215154778	1.0001484668051628
1.1576051841325727	1.0000750397608500
1.1956210858208820	1.0002491257756763
1.2052444754644880	0.9996544975391374
1.2166087924808524	0.9996187950546178
1.2200020550092292	0.9998666511062400
1.2234280256831183	0.9998332323184217
1.2271231065700459	0.9999133324225101
1.2313150251327170	0.9998727085685208
1.2372405307213510	1.0002144880593566
1.2464034914563322	0.9998731232453288
1.2503216699649740	0.9999786200358562
1.2547790487179362	0.9999330924681935
1.2629889131561836	1.0001329715774023
1.2659812170911948	0.9998933765731203
1.2691895848457699	1.0000027224481505
1.2726536542576179	0.9999276696421139
1.2764132012824254	0.9999571647318930
1.2806123307691142	0.9998799846502363
1.2860849440629780	1.0002600660589767
1.2943723513189598	0.9999644947907338
1.2992734901891301	1.0000219524498275
1.3039176634206133	0.9999067646119925
1.3113808648705536	1.0001170112654112
1.3148316165853815	0.9999131274004068
1.3181073738737528	1.0000054068442497
1.3215520367589380	0.9999206267427218
1.3252667850503035	0.9999533606049803
1.3291589093796476	0.9999316684008140
1.3332801435061428	0.9999956275369347
1.3375509268005752	1.0000589307930778
1.3462453950414250	1.0003757403049682
1.3497723084609745	1.0001683047258036
1.3535617149798262	1.0002143946287301
1.3575958573390876	1.0001415255748340
1.3618284998198922	1.0000480702026913
1.3661025927483603	0.9999095593743546
1.3734624212643838	0.9999152136184852
1.3780858512684573	0.9998375419187904
1.3828830205815386	1.0001065648871823
1.3881341194273340	0.9997296154318911
1.4112591474215710	0.9998545273212635
1.4212998135419459	1.0004529457493085
1.4267958479508613	1.0000990864202373
1.4316030649940208	1.0000137543232492
1.4374857075465532	0.9997264849198236
1.4491758401989827	1.0003628417705643
1.4595385590937848	1.0002750332660275
1.4642436420675848	1.0002265398267818
1.4687430340565484	1.0002413828552061
1.4729145410680129	1.0001658797355710
1.4769524905165010	1.0000922473299703
1.4808982972451312	0.9999825141379072
1.4847182828694123	0.9999997851942625
1.4884368986870873	0.9999215904300781
1.4921366808595411	0.9999706847649240
1.4958952976406035	0.9999229658504207
1.4998151387057761	0.9999477707670879
1.5040567281993333	0.9998631000009691
1.5094451344754192	1.0002544142609506
1.5175631999715189	0.9999512109169785
1.5231823031134493	1.0000455028942934
1.5404809038387202	0.9995651236461509
1.5660225239258874	1.0000674672542873
1.5695962867317370	1.0002541839002423
1.5729946928355614	1.0000552580228219
1.5763812010726803	1.0000915682300893
1.5797022932541727	0.9999329107959927
1.5829884526614313	1.0000068398401001
1.5863126849507976	0.9998942868392799
1.5897463708443795	0.9999631254945215
1.5933373727482834	0.9999043322469306
1.5971652249727231	0.9999318196694353
1.6013809502411738	0.9998508632389731
1.6067913799146492	1.0002398457050723
1.6149976940932012	0.9999339001017743
1.6202259458743373	1.0000940193592929
1.6247460234732238	1.0001026764511893
1.6291511273070871	1.0000851467363372
1.6378035233388897	0.9997141150952008
1.6412408246166503	0.9998571498493568
1.6448919683442649	0.9998186299352911
1.6491197642111257	0.9999506475598192
1.6544544095453382	0.9996716481934719
1.6597859691365824	1.0002453661647339
1.6635666259774355	0.9999466976699054
1.6672881266486310	0.9999960693077798
1.6709094971417306	0.9999115461737687
1.6746757266296288	0.9999490657011054
1.6785930579777526	0.9999301856279432
1.6827243060472297	1.0000019263779996
1.6870072657638038	1.0000770137610460
1.6968905675476722	1.0002582084417806
1.7013398037865008	1.0000423492162922
1.7058415720005617	1.0001006958812630
1.7105572927746477	0.9998688832312617
1.7165097446822233	1.0001455948799762
1.7225638601774187	0.9996149843606924
1.7285494236734527	1.0001311259743699
1.7338626625486204	0.9998632361249301
1.7388088714771757	0.9999939404146545
1.7434241339056507	1.0000236219890439
1.7510323078989929	1.0002320985874182
1.7563756213553019	0.9997217487615573
1.7606522420112107	0.9999732312459142
1.7651716453082318	0.9999671027728093
1.7699001190928958	1.0002404786925423
1.7746981347057884	0.9997792131712450
1.7779160751616629	1.0000309877346651
1.7815429914258409	0.9999453614410369
1.7854919139732073	0.9999788876839191
1.7897405959771802	0.9999625002069301
1.7973909274099329	1.0001100679055250
1.8021283573213951	1.0000881223651041
1.8065315022487738	1.0000625555261580
1.8137207259212544	0.9998770862651635
1.8174908717786009	0.9999960250141902
1.8211559065328873	0.9999577152699425
1.8248799691146755	1.0000219648057678
1.8286502185749716	0.9999827796353501
1.8324587884406116	1.0000262363375578
1.8363024991617645	0.9999846964024677
1.8401986463869839	1.0000240056497243
1.8442127557042287	1.0000052891674154
1.8484729524633063	1.0001006162759467
1.8537317511759985	0.9996992590289961
1.8612737917722211	1.0000349599254053
1.8664235371970832	0.9999948377645537
1.8710893035068021	1.0001361579720021
1.8781034997061794	0.9998919017247965
1.8823215526765198	1.0000489762465010
1.8859430130562629	0.9999819410859523
1.8895268846971633	1.0000527641450687
1.8932300293269799	1.0000069060636432
1.8971189425310329	1.0000260631348046
1.9013369359178869	0.9999368365543114
1.9070062620757886	1.0002733757163285
1.9159705231635056	0.9999480761154338
1.9213070236185776	0.9999862533617764
1.9259964142457922	0.9998177871837489
1.9307332175572305	1.0002177309472213
1.9342239392529517	0.9999412211598402
1.9386425467240178	1.0000884371919012
1.9432471322271943	0.9999865421523529
1.9476064388082928	0.9999366270934419
1.9519068132644597	0.9999252734084251
1.9562660615221179	0.9999945336039393
1.9649206610258674	0.9999212221435319
1.9692432605695440	0.9999787378157036
1.9736996646391327	0.9998806629656736
1.9799933454325314	1.0000882914545257
1.9843628941865774	0.9999338290598723
1.9880644617947132	0.9999942701706919
1.9916885825986885	0.9999227505192624
1.9954776929124689	0.9999539866638724
1.9994069568309749	0.9999320742868395
2.0035421250729621	1.0000001625434574
2.0078207970536566	1.0000661306994150
2.0165324550998349	1.0003938241416279
2.0196840895490076	1.0000863764113377
2.0229551877045906	1.0001342266532824
2.0262808243293646	0.9999685547160887
2.0296290469860061	1.0000197140851408
2.0330212712867346	0.9999103322765713
2.0365073649160950	0.9999670506387972
2.0401315844672561	0.9999098125009205
2.0439751435298406	0.9999336630609764
2.0481782943635718	0.9998513485215291
2.0535027735417470	1.0002426601081873
2.0615736220609162	0.9999307202541026
2.0668706706722877	1.0000853270528158
2.0714631769575966	1.0000937416476885
2.0759004407342498	1.0000779797092314
2.0846274546820376	0.9996844013648711
2.0879507062853646	0.9998589174261300
2.0915046096528873	0.9998161934548229
2.0953041719520114	0.9998776160063586
2.0992834037806665	0.9998828048082157
2.1033655018766044	0.9999266656849294
2.1074912168942292	0.9999181579173626
2.1116203563555938	0.9999591885559788
2.1157529892071185	0.9999439474126842
2.1199190800966736	0.9999716965882064
2.1242109531883151	0.9998825559798028
2.1296860539738649	1.0002591068733990
2.1380345755514987	0.9999552487006393
2.1429703880131123	1.0000258651675464
2.1475942489558530	0.9999205701259083
2.1553733287619834	1.0000873332966114
2.1591604734535097	0.9999229527234826
2.1626711259983966	0.9999941907461889
2.1662636045618582	0.9999282682691846
2.1700803652742064	0.9999513161876880
2.1742792158434820	0.9998703143367631
2.1796233596075671	1.0002611355777089
2.1877353409460603	0.9999656698188026
2.1933011053290428	1.0000765719301155
2.2068752023609988	0.9995617048679744
2.2116881949647182	0.9998292421461329
2.2153810145134676	0.9997893454165382
2.2191236651697350	0.9998751400933558
2.2233510337537425	0.9998355333667648
2.2291560208284191	1.0002067082408661
2.2383937836846775	0.9999073363309336
2.2433489264005524	0.9999919403376517
2.2480076224234242	0.9998579129079086
2.2529372661915992	1.0002437638813972
2.2584770871337407	0.9998162335183536
2.2644839520179647	1.0001685986857616
2.3026040932554714	1.0000777979405249
2.3059226005573090	0.9998606456131260
2.3090943305520812	0.9999855885723166
2.3124868183639724	0.9999002851473459
2.3161956170230540	0.9999339712897510
2.3203851983200687	0.9998593562155720
2.3259300983553746	1.0002313770611380
2.3344976737476277	0.9999235397535965
2.3394237906442927	1.0000914547239299
2.3437957359840631	1.0000897587243578
2.3481315462474797	1.0000742769216768
2.3524644456988448	0.9999995192811856
2.3604343500391178	1.0000280641908101
2.3641538790562207	0.9999117966047821
2.3685042616323764	0.9999995614146541
2.3743683247779406	0.9997436311305613
2.3797641141219898	1.0003009171924104
2.3868009999467463	0.9996780427978312
2.3980408168414185	0.9997133153809514
2.4024113488599705	0.9999272672876498
2.4065977444633995	1.0000104796465221
2.4109357072231949	1.0000873323682382
2.4191526241707257	0.9998727812164204
2.4240429019193792	0.9999916164069664
2.4289184613586792	0.9997581992841128
2.4339020202765571	1.0001837347517133
2.4394355563138537	0.9996878290344158
2.4446042895756146	0.9998107014781071
2.4518851103340622	0.9999800535268708
2.4618403643430478	1.0002368203513676
2.4658816048918584	1.0000773941738508
2.4694120798698651	1.0001223997620774
2.4727849725052367	0.9999793132913065
2.4761344071611044	1.0000451072993795
2.4795415512659549	0.9999474327604208
2.4830615685945148	1.0000031242933933
2.4867246986906588	0.9999460200031803
2.4905970712954804	0.9999665450451283
2.4948215115415140	0.9998778230377130
2.5001370991638301	1.0002747879206519
2.5080534956868878	0.9999612603903689
2.5131481410201113	1.0000179642162632
2.5178024150612481	0.9998823957511996
2.5248783641378063	1.0001036052316941
2.5287673227278962	0.9999295409064771
2.5322164292044769	1.0000090347209492
2.5357100096029841	0.9999273947053492
2.5393593588608527	0.9999804312963735
2.5432227432944936	0.9999605887024449
2.5474467811081301	1.0000499369162192
2.5531886740139567	0.9997223104721316
2.5622087416109598	1.0000478019003356
2.5674665957010787	1.0000090737985594
2.5721603846627721	1.0001722777280497
2.5769164972973329	0.9997634201254406
2.5803215326713280	1.0000640273126220
2.5847740038545490	0.9999145625039259
2.5894044071761848	1.0000163214521831
2.5937688629341218	1.0000620668762481
2.5980660905998723	1.0000755957964165
2.6024321563313073	1.0000105500967615
2.6112401567906391	1.0000855355485241
2.6154627486780062	1.0000207158089960
2.6199031662899550	1.0001160069927959
2.6262220990077658	0.9999130072478185
2.6304768298061165	1.0000665241706641
2.6341285679486428	1.0000035153777413
2.6377277048839174	1.0000775523887375
2.6415086977051465	1.0000429952937873
2.6454322530430927	1.0000657966356594
2.6495662701704141	0.9999981269345450
2.6538489325651260	0.9999301336697272
2.6626070104292983	0.9996017353623620
2.6657109882006025	0.9999176930601729
2.6689654426489047	0.9998662376616625
2.6722809248384229	1.0000328119366488
2.6756255186546771	0.9999814454733787
2.6790192734205887	1.0000898810265504
2.6825076236741250	1.0000304068867425
2.6861343211530784	1.0000891364325106
2.6899842572787649	1.0000642753415305
2.6942026392033984	1.0001476488704932
2.6996121113968097	0.9997602791269049
2.7078021476081275	1.0000689968923451
2.7130417339930966	0.9999114284820182
2.7175673806983336	0.9999051989363651
2.7219753858612439	0.9999254767446486
2.7306201734106730	1.0003051250728447
2.7339689807973406	1.0001368261442241
2.7375770037572811	1.0001693874741870
2.7417997889849528	1.0000299263220314
2.7470453636699843	1.0003263183931250
2.7523821478818764	0.9997560973067054
2.7561822539649392	1.0000447119705616
2.7599574442705026	1.0000048605974927
2.7636299777884137	1.0000826050599232
2.7674338163251071	1.0000482808914299
2.7713735049095725	1.0000662345974325
2.7755200382668783	0.9999953566936446
2.7798061890667576	0.9999212284020508
2.7897846136926181	0.9997539845127622
2.7943742043831890	0.9999424919220370
2.7988821886612061	0.9998650447879722
2.8035990965789419	1.0000673662129307
2.8103973466332866	0.9998821442568260
2.8139569534381739	1.0000765012631454
2.8174617255662957	1.0000139598073723
2.8211676757829762	1.0000644183660836
2.8251544500474597	0.9999850742839547
2.8293460847469913	0.9999159821949085
2.8336417310461455	0.9998339325749684
2.8411307271573811	1.0000783946962399
2.8515378634981077	0.9998452357552516
2.8566989950468136	1.0000263206967068
2.8613150775805405	1.0000121751687931
2.8662466110293212	1.0004192374423797
2.8716174809614081	0.9997277863067302
2.8749063578058096	0.9999808591398494
2.8787225985140736	0.9998207388551126
2.8824854029838543	0.9998807717307548
2.8864527891229055	0.9999427705698360
2.8907091480946998	1.0001013903453710
2.8967444122088608	0.9998586905382814
2.9085048754731462	0.9996385370373054
2.9169121889725309	1.0001931223989173
2.9232412076735210	1.0000234363723044
2.9363780942100584	1.0005462055433398
2.9578138145511113	0.9998892402408606
2.9629355184118475	0.9996169311653867
2.9678796958434215	1.0000234086909416
2.9724889258550280	1.0000234990007384
2.9769537616101918	1.0000667076987761
2.9848203773782713	0.9999687229547615
2.9884590995454836	1.0000434078964120
2.9927970277212208	0.9999867618334399
3.0009725385616233	1.0001154832772299
3.0043833231024908	0.9999333501209106
3.0078170341981405	1.0000107822688358
3.0114135121554915	0.9999457337346886
3.0152466376538878	0.9999689762028119
3.0194631878558233	0.9998854358934451
3.0248637108790390	1.0002707433416582
3.0330002883559852	0.9999761129585287
3.0386014057914106	1.0000776862596086
3.0527776429155953	0.9995380411654293
3.0570629126494717	0.9998097272951412
3.0605693134100469	0.9997719226934406
3.0641319546554824	0.9998897126152141
3.0679233659601861	0.9998989977901203
3.0721179265870258	1.0000040184086152
3.0779540036277173	0.9997138267035270
3.0872980931193594	1.0000626167613536
3.0921793622038245	0.9999846718078266
3.0968062737692921	1.0001108278711723
3.1023105433464910	0.9998233759489622
3.1076880085511958	1.0003619990236321
3.1127509704684764	1.0002177093657467
3.1176968276299513	1.0004386134408665
3.1225899128601813	0.9999948533561355
3.1274709978614759	0.9998820691579691
3.1365939841770625	0.9995935854187927
3.1409922162087209	0.9998698129683505
3.1454777499783404	0.9999591116902250
3.1512776777989351	1.0002249555257494
3.1598259493602403	0.9997273833686219
3.1634622336688873	0.9999435478528139
3.1669837957825036	0.9998953145873106
3.1706891646201028	0.9999680013670135
3.1746684534729437	0.9999128357552766
3.1788543873630877	0.9998675312657457
3.1831421705201599	0.9998048188477202
3.1903066408553147	1.0001242139487143
3.1934750034318919	0.9999595094144887
3.1966726441038325	1.0001134833080718
3.1999727669533553	1.0000251732442236
3.2033784664423437	1.0001111346862288
3.2069035947141771	1.0000423618082532
3.2105494177165412	1.0000884333865157
3.2143251172509029	1.0000365854386795
3.2182682964768721	1.0000483883781719
3.2225140975220503	0.9999526948707598
3.2282287748806029	1.0002806794556169
3.2371559960114924	0.9999494604714828
3.2423159857869144	1.0000228664676614
3.2470043053103810	0.9998858859638386
3.2523486973709281	1.0002008721940110
3.2578168893104626	0.9996479603822418
3.2629083814038555	0.9997847046102273
3.2678772984309377	0.9995533233996136
3.2727880218163317	0.9999891054811713
3.2776874686270387	1.0000976472996983
3.2866072502353574	1.0004170146803701
3.2910034007986662	1.0001356595543394
3.2946241721486831	1.0001445780047371
3.2980636057096535	0.9999918420840213
3.3015093697695508	1.0000407157688087
3.3050196953611284	0.9999523268540274
3.3086314368808241	1.0000015692740540
3.3123658921631178	0.9999522370437240
3.3162821113410637	0.9999731610371524
3.3205208239247415	0.9998853281908715
3.3259000429063366	1.0002745297842650
3.3339866767316928	0.9999777499245307
3.3396059749642983	1.0000875348358269
3.3533926184149006	0.9995504428123094
3.3580604492663122	0.9998216123647770
3.3616827826812981	0.9997867678790101
3.3652875064053855	0.9998997357254712
3.3690967247430539	0.9999037018419419
3.3733081622016452	1.0000080573953380
3.3792230055227912	0.9997196574722826
3.3886734826994585	1.0000662759635781
3.3934815116053971	0.9999859649351133
3.3981087882839582	1.0001119794494007
3.4036974708304926	0.9998291668473720
3.4091239389847230	1.0003645837949280
3.4142010563989564	1.0002073000711889
3.4191600483859252	1.0004119344605449
3.4240675617839549	0.9999464123562284
3.4288550289892306	0.9998382663738968
3.4333359442375797	0.9997551470329590
3.4408508309270931	0.9999942583032367
3.4447792978812055	0.9999638343806724
3.4483552190480715	1.0000719004488794
3.4518865331319648	1.0000106581545811
3.4554566927416865	1.0000759242693418
3.4591112264590920	1.0000210761691921
3.4628725659922290	1.0000601531879945
3.4668022704433645	1.0000373683408275
3.4710337663988140	1.0001228555833037
3.4763574792004293	0.9997270758783702
3.4844046399834001	1.0000262651193781
3.4899774171422173	0.9999011316212117
3.5022014976229805	1.0004368153324084
3.5103740873460576	1.0003747721666487
3.5150597170486053	1.0001858618669603
3.5193471877269134	1.0001486925149172
3.5237172545487891	1.0000111652862123
3.5296653733970462	1.0003049244814806
3.5391856632619865	0.9999318765124453
3.5440426682545767	1.0000136978389873
3.5486750450747175	0.9998892702930018
3.5542478721550950	1.0001688821418342
3.5596335802243941	0.9996318856619542
3.5647163972892408	0.9997823959868523
3.5696932075010555	0.9995645573217462
3.5746175934349251	1.0000126713896857
3.5794857104741302	1.0001300839101250
3.5886474756088806	1.0004014699525094
3.5930670916009797	1.0001294853681981
3.5975639688110594	1.0000515576105553
3.6028949826813013	0.9997030861913989
3.6112273942525244	1.0002761545110617
3.6151531565954551	1.0000727638435087
3.6187425519562493	1.0001169668056753
3.6224676442453725	1.0000410466882923
3.6264407424508502	1.0000952874156559
3.6306227872600947	1.0001428574138946
3.6348948483232681	1.0002049005933253
3.6423591811679352	0.9999479921289834
3.6459812336935364	1.0000352399052299
3.6491705860722967	0.9998605835465684
3.6523107740487504	0.9999753817488403
3.6555435943290258	0.9998676432618506
3.6589278331075863	0.9999492536178129
3.6624825867082982	0.9998999802965103
3.6661923270703953	0.9999573450176411
3.6700974241030573	0.9999463812938411
3.6743300620896382	1.0000423979985944
3.6800518089804592	0.9997167606043119
3.6890083953307125	1.0000468721380973
3.6942213010605145	0.9999897044243825
3.6989092778132697	1.0001396600845658
3.7039132648161210	0.9997695543497943
3.7094145877673110	1.0002808757256620
3.7145197131722840	1.0000539874728969
3.7194919271836668	1.0001393247784387
3.7274108198475422	0.9998583588453845
3.7321209917454095	0.9998658361517314
3.7366512648522243	0.9998353826336316
3.7449308287559746	1.0000945463841797
3.7498377109494943	0.9999995162894458
3.7547142705647252	1.0002696334025218
3.7595636378349022	0.9998789183006879
3.7636649052864977	1.0000127511984547
3.7680838650846558	0.9998623031479005
3.7727609615112061	0.9999998980067515
3.7802490770008252	0.9998618436526481
3.7846102973851279	0.9999418232600877
3.7887631374283375	0.9999390608338714
3.7925634392658503	1.0000363527555396
3.7960294357266506	0.9999633557100626
3.7993035180376857	1.0000964520979434
3.8025457182354039	0.9999980790530738
3.8058564783986082	1.0000941972494291
3.8093090334092854	1.0000244416115129
3.8129245431277239	1.0000754333837540
3.8167555934821973	1.0000451235903256
3.8207216276880458	1.0000607105636998
3.8248882978622758	0.9999958899687456
3.8291721746261063	0.9999333897840285
3.8378223001766703	0.9995998958211493
3.8408882200531038	0.9999340683256138
3.8441229249418818	0.9998768544931443
3.8474595774358220	1.0000333740597005
3.8508573691006198	0.9999858882952415
3.8543103150052378	1.0000830960258200
3.8578540414042335	1.0000290132549556
3.8615211693163181	1.0000804206884186
3.8653941987350611	1.0000567699110898
3.8696107831988269	1.0001431333934978
3.8749675564822850	0.9997516806365327
3.8831308774991382	1.0000623779183451
3.8886015323768719	0.9999474789161981
3.8933421123032876	1.0000764564926417
3.8986248922458682	0.9997778274651922
3.9040553273578875	1.0003340111345851
3.9091498923134762	1.0001542706273734
3.9141277908454688	1.0002859409642042
3.9196945295623626	0.9997611184705825
3.9283227400493566	1.0000869324632362
3.9340865773961724	0.9999232910384558
3.9389606127985193	1.0000206047740827
3.9457759729743440	0.9998795249478362
3.9672612854994762	0.9995789924179272
3.9737708982018587	1.0002735436701347
3.9839016197852635	0.9998128469089634
3.9902287351927765	0.9999864965742546
3.9952605077318664	0.9998357782456695
4.0006988018165277	1.0001999407121500
4.0062498380511240	0.9996823677023797
4.0114009473873775	0.9998927124148563
4.0164027067432020	0.9997628165825164
4.0218574868222001	1.0002720470528896
4.0292182746696446	0.9998844061246051
4.0445748576999607	0.9997027538481642
4.0499220840283368	0.9999424259800264
4.0550151584659613	0.9997194338076750
4.0599939861509808	1.0001034646961280
4.0644298515734443	0.9999600034848715
4.0682364913741047	0.9999980619599068
4.0721539419359480	0.9999739520983488
4.0762890437364812	1.0000453325402290
4.0804749429833214	1.0000900190321644
4.0847323908064608	1.0000549330775856
4.0890651162900786	0.9998956913997594
4.0950844611848707	1.0001497211886197
4.1160299900729029	1.0003210998920324
4.1216796491103400	0.9998205727845181
4.1257649049827547	0.9999803926737272
4.1298689306882377	0.9999005363282192
4.1340886054312964	0.9998554787376104
4.1383942471100852	0.9998085013255736
4.1449345198159291	1.0002229166442751
4.1506362090756221	0.9997817291025322
4.1565385777638104	1.0003385766927488
4.1618403575490408	1.0001244931195596
4.1669094058629463	1.0002729230709126
4.1718883287640116	0.9997177411031197
4.1775430539273080	1.0001809308041181
4.1870108356484117	0.9996098835662095
4.1935793379626496	0.9999391844110662
4.1984779404873054	0.9999867786672456
4.2027564463352549	1.0000568825707445
4.2068036295312758	1.0000244692891413
4.2107649039803547	1.0000640321517258
4.2147975517989575	1.0000401133314272
4.2190663068500784	1.0001304125311203
4.2243361373491330	0.9997237406651525
4.2320293821127235	1.0000510273780399
4.2452548139847828	1.0004148770542671
4.2493533559761998	1.0001835139748527
4.2528042119653593	1.0002402557073080
4.2562584005402728	1.0001160935701130
4.2598411376904899	1.0001418632476871
4.2635733681117491	1.0000692081807978
4.2674926806850033	1.0000693013359732
4.2717309623474691	0.9999666485880838
4.2774642672012089	1.0002856146716796
4.2864346897892096	0.9999511854622299
4.2915835364907924	1.0000190667412940
4.2962681997926051	0.9998793184382323
4.3015416148459700	1.0002065816382684
4.3070162847050346	0.9996651425347062
4.3121096577408693	0.9998245176158352
4.3170797118989244	0.9996286896909583
4.3219903565707698	1.0001149326136349
4.3262860346228011	1.0001048624798388
4.3305482994924835	1.0001767486028583
4.3346857763491924	1.0001765195036978
4.3388936856599365	1.0000950633951997
4.3432085817335766	0.9999023294772765
4.3486900056091571	1.0001941539583910
4.3670794283893066	1.0002027604253998
4.3710653721183004	1.0000247386652470
4.3749306366794656	1.0001194882068505
4.3789561285298815	1.0001272478604943
4.3831723077797822	1.0001685923201484
4.3873723160281521	1.0001570198572582
4.3915120495625901	1.0000935481105377
4.3955598022471154	0.9999795250533609
4.3994092204255271	0.9999967690997281
4.4030958865600001	0.9999089942826375
4.4067397326182824	0.9999619358019691
4.4104459938570928	0.9999090777771985
4.4143320901926186	0.9999349156193752
4.4185651105458144	0.9998519199610306
4.4239692234020165	1.0002420991252512
4.4321429727191664	0.9999347248860319
4.4374017341555572	1.0000938814082811
4.4419389894329502	1.0001031648745622
4.4463482469335469	1.0000869677831496
4.4549809290668243	0.9997152792521748
4.4584357587783332	0.9998563113963905
4.4620929514164560	0.9998191853586609
4.4663223654047517	0.9999518720173800
4.4716629776126515	0.9996732904410350
4.4769953953813317	1.0002504908405523
4.4807055503954540	0.9999420797268529
4.4844362014080357	0.9999931670024158
4.4880818219684535	0.9999137694072561
4.4918684563081319	0.9999500316025428
4.4957996777253726	0.9999320682680799
4.4999399204820083	1.0000030023004249
4.5042253112814929	1.0000768725517548
4.5140763448924508	1.0002604309795244
4.5185231562062427	1.0000421063887497
4.5230252557601096	1.0000965562132853
4.5277411241771865	0.9998581019269528
4.5334330767463671	1.0001666246629162
4.5388964229390325	0.9995947230348325
4.5425374147665805	0.9999372901123438
4.5465964842334587	0.9999624469206075
4.5508449091303662	1.0000443804934165
4.5551171430169672	1.0001187906077607
4.5594064369746308	1.0001010141984377
4.5702520554986377	0.9996747243679204
4.5739546724395836	0.9999405014984000
4.5778131737190284	0.9999061678340778
4.5818893289283844	0.9999511905068229
4.5861463492789039	0.9999439526108690
4.5903040639656441	0.9999430210022237
4.5945249232641832	0.9999649532837140
4.5988594369686115	1.0000304242202902
4.6073750357689329	0.9998067327600435
4.6108186269200662	0.9999695880575924
4.6144519903134062	0.9999136450411711
4.6185804667080221	0.9999653443747162
4.6228008790281985	0.9999058450996422
4.6273613413826222	1.0002603069419380
4.6320820904037721	1.0001448476328936
4.6392757266322029	0.9999705446936797
4.6437645687028137	0.9999377466771963
4.6481670415924734	0.9999734148033069
4.6565973337578246	0.9998244662263652
4.6603514481577806	0.9999931246006158
4.6642596432947743	0.9999047683972756
4.6681547832809143	0.9999145541849745
4.6721672630168252	0.9998996328560146
4.6764009867790248	0.9999122511398206
4.6806893546213733	0.9998350203499011
4.6856174748573780	1.0002720531845521
4.6917257361677089	0.9997167062598730
4.6976352705145583	1.0002724158229430
4.7038485263600425	0.9996693229057478
4.7080996077809738	0.9999566901875313
4.7123400902758492	1.0000040670216706
4.7165398231338251	1.0000292928015282
4.7208658122807847	1.0000099051886677
4.7293875202855684	1.0001774262572798
4.7329974056437543	1.0000026025683837
4.7368354496326504	1.0001103345059688
4.7404838613711444	1.0000367487620143
4.7443401725978935	1.0000236443808559
4.7485712535920488	0.9999639625229770
4.7574393719293342	1.0000422048274542
4.7655173174906622	0.9999050045101786
4.7696647328197521	1.0000632067186410
4.7731793020483630	0.9999763877797654
4.7765945473062290	1.0000693895843236
4.7801283983863030	1.0000004634843385
4.7839105595125337	1.0000210618824135
4.7881192462476037	0.9999288057855640
4.7938300672503784	1.0002513058581601
4.8028682758004040	0.9998440535746547
4.8074533636709651	0.9999696158099342
4.8116498267479173	0.9998822183442079
4.8155230727768075	0.9999177353883457
4.8195095735935807	0.9998930472018160
4.8236250152128841	0.9999032145508810
4.8278208589242340	0.9999272259088025
4.8320780168942541	0.9999923293021247
4.8364176163673811	0.9999542630100369
4.8435069714053620	1.0001961054906436
4.8487119103308132	0.9998494700343993
4.8537043576485193	1.0001266151804338
4.8586126509630896	0.9999862480738637
4.8644001244616595	1.0002816840498125
4.8731549983648970	0.9997109965741013
4.8784862101945734	0.9998363984829618
4.8830500061939759	0.9998848452036491
4.8874635482486157	0.9999800704034688
4.8949044910660682	0.9998442009264633
4.9037714284739184	1.0003499347048002
4.9076497715086482	1.0001327880473332
4.9121336669646976	1.0001000106831330
4.9198024871319666	0.9998077588889164
4.9227868626761220	1.0000460742991155
4.9259699765547333	0.9999363191759962
4.9294257925870140	1.0000169146074340
4.9331816596961513	0.9999925484371542
4.9373792304392774	1.0000720167709725
4.9432572268594352	0.9997556850865624
4.9526423839086684	1.0000836163682958
4.9573950765347528	0.9999790008643538
4.9620288538763111	1.0000893691155623
4.9680684326539790	0.9998821515508199
4.9735775759498715	1.0004434335753163
4.9805395380075055	0.9997789944663967
4.9939029208216752	0.9997397861153724
4.9979237347732033	0.9998242768807072
5.0020138163301056	0.9997813057148531
5.0063337426722976	0.9998720047061628
5.0133277274712826	0.9999398997768409
5.0183224541683700	1.0003410723452055
5.0232168006800295	1.0000118675579905
5.0278499499417162	1.0000028638716523
5.0320981367171909	0.9999825201720588
5.0362975425561816	0.9999951668721894
5.0406039894857182	0.9999431542490095
5.0449303476619338	0.9998999064586159
5.0541074876233516	0.9996935222182916
5.0589028434029419	0.9998776578530235
5.0633860898818766	0.9999958959795143
5.0676157797124635	1.0000725485286863
5.0716609324100883	1.0000432944041715
5.0755961246383725	1.0000885111801938
5.0795853006452134	1.0000629628500750
5.0836412911242537	1.0000777029725583
5.0878506607129204	1.0000120823432848
5.0921529738128468	0.9999513406495573
5.1008308499964334	0.9996293584032394
5.1044062353260022	0.9998323404024446
5.1082191971426703	0.9997921429185285
5.1122641512189020	0.9998677180715609
5.1165033983363744	0.9999660303877940
5.1207752147136203	1.0001088506095932
5.1276037340505551	1.0000137701655725
5.1344715483994605	1.0002907964308208
5.1792281337346822	1.0002545561618659
5.1858725282140590	0.9997537037299017
5.2077422029941003	1.0000143993327515
5.2127929955407666	1.0000035515378234
5.2220437226101302	0.9996579630412645
5.2255153467752935	0.9998650187919482
5.2291672217549667	0.9998783479306177
5.2333978986234442	1.0000059664834542
5.2404357037733886	0.9998842203386817
5.2440718197677274	1.0000707059240947
5.2474623796643254	0.9999933771312804
5.2509677614200143	1.0000755653961575
5.2547190619682187	1.0000443556003946
5.2586334220155360	1.0000688018189106
5.2627660138639127	1.0000035484526084
5.2670474423303162	0.9999385007992631
5.2757949107238042	0.9996197865908035
5.2792849991525603	0.9998338388513606
5.2830642005795472	0.9997867838746289
5.2870914674233234	0.9998617468703190
5.2913266706573250	0.9999529048238833
5.2956127473554186	1.0000927808557412
5.3030085962422904	1.0000792659825855
5.3111326268294778	1.0002286742478506
5.3161268291325952	1.0000876077466740
5.3202818210235288	1.0000834735835593
5.3240396906076697	0.9999892027155013
5.3277296103799072	1.0000344550726701
5.3315506739014866	0.9999988885731721
5.3355032043300596	1.0000206414208270
5.3396485330006618	0.9999632965081949
5.3439151305099486	0.9999039634030686
5.3531615374445760	0.9996717550902445
5.3571710667180072	0.9999776824294601
5.3616601496080403	1.0000367144824114
5.3672749518312450	1.0002864643199434
5.3781788382780364	0.9996507790880577
5.3904110427283758	0.9997345940477586
5.3946806724190459	0.9997984695429000
5.3988815781229196	0.9997572479513496
5.4028098027798812	0.9998565718615637
5.4066837157354541	0.9999139700118097
5.4105088490733202	1.0000231002240609
5.4142544660917000	1.0000008831505465
5.4179337408085262	1.0000792343252303
5.4216176561797278	1.0000292779728668
5.4253692471422141	1.0000766998957102
5.4292879419758124	1.0000517554432526
5.4335274995755185	1.0001362835140970
5.4389178014635222	0.9997451581807572
5.4470333776591762	1.0000478117980609
5.4526540830542602	0.9999531949994656
5.4700191763421593	1.0004247654312541
5.4933718598169641	0.9999970655826740
5.4977990952503095	0.9998588647368162
5.5016710537882538	0.9999546952858864
5.5053478680090082	0.9999487342300353
5.5088764176517975	1.0000766456821106
5.5122915219544568	1.0000137857280984
5.5156892825131445	1.0001116914194688
5.5191634269638232	1.0000444051797055
5.5227728409876660	1.0000986785125490
5.5266013482379499	1.0000715280398975
5.5307986635296809	1.0001504131939849
5.5361167435147571	0.9997565889038053
5.5441658638430136	1.0000641988510313
5.5494765501970420	0.9999067564120537
5.5540780255584723	0.9998937217169439
5.5585201747833901	0.9999042620832969
5.5672404389726218	1.0002852355709950
5.5707110641089992	1.0001491301083134
5.5743698508601636	1.0001840642660764
5.5785847522616407	1.0000517654775669
5.5838623706771831	1.0003297074309097
5.5891301349497189	0.9997601154896451
5.5929393569280714	1.0000491963480549
5.5966909722612970	1.0000083841597736
5.6003334616608269	1.0000888974015578
5.6041077716677412	1.0000542305125792
5.6080276738815602	1.0000691898303977
5.6121581458449290	0.9999994245869737
5.6164192740460344	0.9999294764839258
5.6259614213443445	0.9997480862489714
5.6305272003529012	0.9999508145297864
5.6350438915726473	0.9999032712421618
5.6397722015082694	1.0001468397710558
5.6453038856881079	0.9998279585083164
5.6507585436452210	1.0004005872594910
5.6544599029764386	1.0000740562592370
5.6585337683035419	1.0000437847842529
5.6627913588813295	0.9999625613369767
5.6670857743721621	0.9998814165869139
5.6713820417684211	0.9998886478867824
5.6820193009903903	1.0003205870377134
5.6858076573621856	1.0000659705442299
5.6896997653300065	1.0000939950181376
5.6937960541706190	1.0000487754444396
5.6980642171791320	1.0000518548993480
5.7022565796256961	1.0000582665264210
5.7065020595475318	1.0000375005319448
5.7108457873809000	0.9999681127487581
5.7193285414591077	1.0001859583869026
5.7228389666659165	1.0000330959100938
5.7264985745845083	1.0000869175734444
5.7306176335352239	1.0000300866381189
5.7348321882743853	1.0000847381881039
5.7393771993011242	0.9997146110911017
5.7432914053928421	0.9999971458255603
5.7477280240746982	0.9999873015874229
5.7524132512651240	1.0002530488356784
5.7571950681375865	0.9998003854964124
5.7605302590739615	1.0000324070219371
5.7643063759296123	0.9999274795779085
5.7683481744773770	0.9999332184627259
5.7726010902240450	0.9999508043547267
5.7768984411678614	1.0000114676241658
5.7845010838632600	0.9999135934869020
5.7880496637506802	1.0000588315533041
5.7915484718174151	0.9999826950227880
5.7951856239637740	1.0000328384107147
5.7990387020806606	1.0000013606453420
5.8032288240488148	1.0000749569173932
5.8100132500065058	0.9999394288485570
5.8342315775692510	1.0004134402305969
5.8415746880366344	0.9998620355691634
5.8501821130139939	1.0003483553616592
5.8614447201484952	1.0001468200578565
5.8665195621032886	0.9999872410016137
5.8771602781727950	1.0003187236745994
5.8824812189829707	1.0001625795255069
5.8870574080126161	1.0001342262146238
5.8915031379321237	1.0001397940780443
5.9021723253201497	1.0002638519629445
5.9153685929210535	1.0003005415954509
5.9220612078190626	0.9997511891124070
5.9294675179305196	1.0003370479629687
5.9553846593998330	1.0001697191778565
5.9611608399532781	0.9998267975411311
5.9700340819329485	1.0001134577505277
5.9745156592044593	0.9999566469729598
5.9785977941921971	1.0000445249134060
5.9827363872688482	1.0000793993072610
5.9870185126184365	1.0001305815766692
5.9911139612404067	1.0000832003942479
5.9950606678501197	1.0000478023786139
5.9988473850511790	0.9999372044656618
6.0024619161691906	0.9999834634477612
6.0059899503643903	0.9998941231529822
6.0095431592787216	0.9999578111629621
6.0132024389649539	0.9999062180679169
6.0170654987315517	0.9999345678118523
6.0212918539887346	0.9998535295023037
6.0266888728807109	1.0002454706313004
6.0348500290421843	0.9999422729054538
6.0403829283582642	1.0000454896678264
6.0451370754186593	0.9999057296751308
6.0501986239380017	1.0002470526527418
6.0557008314258907	0.9997163625411366
6.0608353779057413	0.9999803447000692
6.0654745946190403	0.9998875284621953
6.0692988134525550	0.9999609669250036
6.0731845849506723	0.9999455426037901
6.0772704948959237	1.0000211332582576
6.0815218585393307	1.0000944946886630
6.0910048604631131	1.0002436811487299
6.0958022712675692	1.0000669873414720
6.0998883770140910	1.0000224810912572
6.1035341769330369	0.9998940194722644
6.1070491072711315	0.9999545471285740
6.1106271761281512	0.9998868413794662
6.1144100422412500	0.9999238569825269
6.1183414507284377	0.9999056903167820
6.1224810524856341	0.9999754360837633
6.1267664871818690	1.0000426822941555
6.1355174169607958	1.0003593468452843
6.1390069592807164	1.0001404251383510
6.1427836492704460	1.0001809752764423
6.1468109232670214	1.0000963722634908
6.1510442188947483	0.9999925663072035
6.1553310331030158	0.9998370038000793
6.1609133016399493	1.0001629603426272
6.1661738843701812	0.9997519701377042
6.1711941497642151	0.9999049890261492
6.1770951178774505	0.9997341420530645
6.1872593777287106	1.0002832104916985
6.1929592127522755	1.0000679881383709
6.1970804252397071	1.0000957345295951
6.2005865979049570	0.9999640657207083
6.2040121752341477	1.0000345094874923
6.2075580886715791	0.9999609708586700
6.2113285132371230	0.9999897230741336
6.2152565049788953	0.9999629825480426
6.2193943857949181	1.0000260414853224
6.2236795547445212	1.0000915135776143
6.2326253368434354	1.0003960883006024
6.2419163492217375	0.9996455926883294
6.2458926390783418	0.9998854370174749
6.2491634579633297	0.9997814519200404
6.2525086710638913	0.9999064891001320
6.2560291375680563	0.9998678392138340
6.2597249968076234	0.9999375001602677
6.2636257719646782	0.9999338945497783
6.2678578657586881	1.0000337334523304
6.2736124470123924	0.9997167486301278
6.2826329361268094	1.0000515689101792
6.2877172717148033	0.9999763083839011
6.2923917990958573	1.0001095994291782
6.2978323999794723	0.9998090109878006
6.3032867372189303	1.0003646862435951
6.3083752392272361	1.0002369381056759
6.3133406966304868	1.0004838230063402
6.3182516963170787	1.0000718194751059
6.3231488315944109	0.9999961944080162
6.3305638311244179	0.9995425388945377
6.3570868845897479	0.9998299529592549
6.3643183611835115	1.0003412003799930
6.3744502639812897	0.9996432834271209
6.3802163137706476	0.9997856573097726
6.3846166012106114	0.9998426919431116
6.3890693285219786	1.0000119132219094
6.3961166665549740	0.9998684390525853
6.3999168647231279	1.0000544163517362
6.4033515862561252	0.9999833731316738
6.4068353493140551	1.0000697101027489
6.4104789025859086	1.0000188702352255
6.4143367753342551	1.0000402251317340
6.4185614712206167	0.9999516856852468
6.4243050242363910	1.0002786940143282
6.4333402530638404	0.9999505683743831
6.4385447076673410	0.9999985099024890
6.4432329909956128	0.9998430418826185
6.4480515701834618	1.0002435624379817
6.4535839618160704	0.9997602879126529
6.4586956215369016	1.0000517288439159
6.4630918762688099	0.9999136275165710
6.4669062102085393	0.9999655387664512
6.4708044263222506	0.9999437043678736
6.4749153757969964	1.0000209407300171
6.4791921547394127	1.0001017715171263
6.4896165122481939	1.0001658424419833
6.4931332475163215	0.9999693661250731
6.4967023448149455	1.0000152300667497
6.5003819481966199	0.9999463928761215
6.5041595185726404	0.9999834754219058
6.5080267898037816	0.9999450741341788
6.5120292477669892	0.9999658416889849
6.5162898648859962	0.9998763203159445
6.5216342327368944	1.0002687805081516
6.5295872020795862	0.9999649878897788
6.5415482107852272	0.9996133190330176
6.5462201066504520	0.9998198489124199
6.5499497882392390	0.9997786540637142
6.5535228355553885	0.9998880833119559
6.5571768028454187	0.9998595795235652
6.5610307298217334	0.9999059195319765
6.5652560123900514	0.9998377381294480
6.5706847958893349	1.0002328339448308
6.5789200461117670	0.9999333956076334
6.5841308457576204	1.0000970639996118
6.5886410388014909	1.0001083607387979
6.5930436308993894	1.0000933715358158
6.6017044724564453	0.9997307458596751
6.6052748644614168	0.9998337165410490
6.6096498614522714	0.9997966470677121
6.6169187213358986	1.0001110684367012
6.6199573423169236	0.9998796743197585
6.6230398991134871	1.0000118437941836
6.6263473359120724	0.9999183623364669
6.6298897785797726	0.9999827042679643
6.6336965119312703	0.9999654030854472
6.6379053996393687	1.0000598805898941
6.6432544951026040	0.9996779264930679
6.6508596470771559	1.0000239973895162
6.6558331814446587	0.9999996599036653
6.6604816180292525	1.0001312291886981
6.6676386525084359	0.9998771647958549
6.6716093858520624	1.0000430692181537
6.6751118104429681	0.9999710940344773
6.6786453467294091	1.0000477746512455
6.6823246531256233	1.0000009320664220
6.6862016558237869	1.0000205754781410
6.6904225797911172	0.9999347094843170
6.6961117308018387	1.0002701741547622
6.7051215272155176	0.9999457602810713
6.7104258533878767	0.9999845529564817
6.7151070842987846	0.9998175621085068
6.7198413094447584	1.0002193200611882
6.7233088310134903	0.9999385778177501
6.7277370646246357	1.0000888272588300
6.7323715059016669	0.9999872986320142
6.7367508329470045	0.9999384381279541
6.7410670604544514	0.9999239194426467
6.7454352704929397	0.9999922893262009
6.7541871633402106	0.9999167605397595
6.7584637597551938	0.9999761969863036
6.7629151206554488	0.9998789503403163
6.7692363081361311	1.0000863342608699
6.7735268645253610	0.9999317042276478
6.7771812744848061	0.9999960882119318
6.7807820340644831	0.9999249300280061
6.7845613086311225	0.9999586623293468
6.7884852220544323	0.9999346482892979
6.7926185042581961	1.0000016514057752
6.7968984143943647	1.0000677034168894
6.8056244484473698	1.0003955429971747
6.8087567035707419	1.0000841181951283
6.8120199870811282	1.0001335652989858
6.8153421511264609	0.9999677024241534
6.8186897767293271	1.0000188263756531
6.8220828401939473	0.9999094634876313
6.8255702075130316	0.9999657032902591
6.8291966007419225	0.9999084553528514
6.8330440614507291	0.9999350796602373
6.8372585227162874	0.9998515290101774
6.8426410650791079	1.0002409120142925
6.8508923751351150	0.9999256877175497
6.8560886024906349	1.0000849156764766
6.8606132166207372	1.0000937319008683
6.8650161415110098	1.0000727206020981
6.8736618632967126	0.9996943413595930
6.8770155194202189	0.9998623699589126
6.8805877621583544	0.9998171195362666
6.8844011669949801	0.9998780970308885
6.8883914715173038	0.9998812925874432
6.8924818261721761	0.9999268861757286
6.8966122716693290	0.9999182615560201
6.9007463812397036	0.9999611549119622
6.9048799437867947	0.9999433977494071
6.9090462546179321	0.9999719124649313
6.9133565139136310	0.9998860149398358
6.9189315762208548	1.0002548240366818
6.9273877835553677	0.9999552126588760
6.9322058706105221	1.0000219240987493
6.9368097240947826	0.9999219467514876
6.9446795926142642	1.0000922410402444
6.9483378784921266	0.9999190334192757
6.9517947202161974	0.9999958160940143
6.9553674132955017	0.9999256885727208
6.9591781049594816	0.9999519428253751
6.9633898601869255	0.9998712794408189
6.9688101721636819	1.0002584146977735
6.9770191165009194	0.9999665568046205
6.9826193130879632	1.0000602070637210
6.9974436943567770	0.9995090755831114
7.0012052331659085	0.9997978380325271
7.0045973318968926	0.9997552345033165
7.0082363605335765	0.9998532008125158
7.0124190199623095	0.9998254458708086
7.0181309170105592	1.0002016699671050
7.0272190896649294	0.9999084922935090
7.0322533515087429	0.9999929211145067
7.0369242713540814	0.9998570976065766
7.0418308598403359	1.0002451005018462
7.0473816089285393	0.9998068209848701
7.0530519468078197	1.0001803790661217
7.0633592987333929	0.9995468194710010
7.0678155286259141	0.9998992754742545
7.0717691071583868	0.9999343119241501
7.0758229278896225	1.0000603928643055
7.0797386842846137	1.0000217237607869
7.0835345942022849	1.0000217923152985
7.0871803837547285	0.9999100990326018
7.0906731348348755	0.9999732804197399
7.0941111385526892	0.9998782761641603
7.0976024070341968	0.9999488351962360
7.1012219013527211	0.9998957720256024
7.1050628986945412	0.9999260226980491
7.1092830098191735	0.9998468475216673
7.1146909366213080	1.0002381553697939
7.1228889081962192	0.9999333014056696
7.1281254250942014	1.0000937654815589
7.1326499423320220	1.0001029402302313
7.1370561339833802	1.0000860580904540
7.1457039855786109	0.9997154598199551
7.1491509177914301	0.9998565904975848
7.1528060914531837	0.9998180911102832
7.1570345839923881	0.9999499076049642
7.1623720189408626	0.9996714976230073
7.1677032643893934	1.0002454461559331
7.1714815119359088	0.9999462407329711
7.1752016412271837	0.9999959709184203
7.1788222834614857	0.9999114112689736
7.1825881603319832	0.9999489806013868
7.1865053367057223	0.9999301122253941
7.1906365274705601	1.0000018483529725
7.1949195226142093	1.0000769316626392
7.2047973859489192	1.0002589018582042
7.2092400988139671	1.0000416938042807
7.2137417124113110	1.0000989939431160
7.2184573891804122	0.9998655230882924
7.2243372856915515	1.0001516290961754
7.2300766804561398	0.9995929122847454
7.2361020994797718	1.0001083299713944
7.2414322541312535	0.9998184771245680
7.2456646129559914	1.0000840095049499
7.2502525117377363	1.0001173864981494
7.2545844943503788	1.0001344565026429
7.2592313640815620	0.9996708415190336
7.2632732707839605	0.9998753974326645
7.2675085880614478	0.9999704636551155
7.2716692826036118	1.0000237294946255
7.2757993435702097	1.0000111255480195
7.2799591453526666	1.0000319370003929
7.2842702716187011	0.9999332773475819
7.2904277651704454	1.0001821252523659
7.3024214142361359	0.9996428283390415
7.3072103210057158	0.9999048269987578
7.3110554309230702	0.9998857247999275
7.3144652478542209	1.0000365017140551
7.3177825647027763	0.9999542034397487
7.3211727037095518	1.0000480441209290
7.3247267197380985	0.9999893040423726
7.3285126291763998	1.0000185733738551
7.3324546687692846	0.9999891356505578
7.3366019619909384	1.0000434908089766
7.3408895837285826	1.0000958950438787
7.3496186245052746	1.0003952949198260
7.3531287590591985	1.0001777731217942
7.3569139995917698	1.0002183930635691
7.3609458794393996	1.0001398332793099
7.3651821031900200	1.0000461109278229
7.3694695240890162	0.9999052822529039
7.3767656913064563	0.9999410620490773
7.3844709814872642	0.9997306431125971
7.3893438392081841	0.9999027526245947
7.3935553205086508	0.9999343209475156
7.3974492867305930	1.0000192779342201
7.4012760352582188	0.9999835063905765
7.4052138943182637	1.0000082301570610
7.4094650915835487	0.9999162086744192
7.4148623662530291	1.0003004106860125
7.4226673333026536	0.9999603058966293
7.4276123900148763	0.9999949055770579
7.4322619241323391	0.9998731294948698
7.4396316609418482	1.0001099532444637
7.4435862235964256	0.9999484884325114
7.4471274235657736	1.0000151423366150
7.4507247983694453	0.9999445469984715
7.4545381534677659	0.9999669208774070
7.4587377076201058	0.9998845543100466
7.4640984169426856	1.0002721150899128
7.4720432805002224	0.9999687471812995
7.4771028857985193	1.0000267999525774
7.4817751223236533	0.9998945576228759
7.4890891444895500	1.0001115352522074
7.4928089898806531	0.9999270705341404
7.4962028446258016	1.0000082506425487
7.4996992838274981	0.9999254177675738
7.5034406002273037	0.9999580443043820
7.5073494698838701	0.9999334591395652
7.5114769015360041	0.9999990858045205
7.5157581800455855	1.0000648565068477
7.5245071331500561	1.0003853189203156
7.5277923818025361	1.0001149034308603
7.5311345404313830	1.0001468159099638
7.5344740108463872	0.9999739036463128
7.5377901437516703	1.0000259177235276
7.5411368302578223	0.9999061386095224
7.5445748067536478	0.9999676912184740
7.5481630521482561	0.9999032477825998
7.5519884661514336	0.9999278306595070
7.5562019704546683	0.9998449708667517
7.5616305209346670	1.0002295990624819
7.5698875254854299	0.9999158556895070
7.5750786140009723	1.0000683789045890
7.5795767947710075	1.0000649920436508
7.5839768639924010	1.0000315683487173
7.5926687647625668	0.9996250163730208
7.5990993432822505	1.0001360106482484
7.6152361736562781	1.0000038267894980
7.6204195933089567	0.9995958869370477
7.6240332424869210	1.0000416245463788
7.6279914602679009	1.0000494081397091
7.6320542194821348	1.0000824599263602
7.6363139047997386	1.0000635738319041
7.6406122976204909	1.0000574668783084
7.6488096460764492	0.9999120669133537
7.6534112104608889	0.9999947808090407
7.6576836709065077	1.0000010060108662
7.6616937649143564	1.0000472707659231
7.6655443331750623	0.9999865338034929
7.6693565198877316	1.0000283079471899
7.6732843520326002	0.9999992440433136
7.6773004684821862	1.0000234010240168
7.6814899293106009	0.9999689612589148
7.6857890847022157	0.9999223735559011
7.6944960685653960	0.9996427467755367
7.6980407605799241	0.9998705462258991
7.7018419628150232	0.9998524012487873
7.7058813730468065	0.9999559712299764
7.7100030999820897	1.0000371191067126
7.7141943298555828	1.0000774884295789
7.7185289585677150	1.0000478842530629
7.7272636336019724	1.0003090931720120
7.7373321095820895	0.9996045347572803
7.7549271716650070	1.0000141921605770
7.7592001396782617	1.0000876427700891
7.7634646689006033	1.0001104433986356
7.7677900434737062	1.0001242408400501
7.7761308301536571	0.9998696305399364
7.7799217042887383	0.9999683607432919
7.7841405869678741	0.9999131842017042
7.7884567166864240	0.9999279521505076
7.7957642122554125	0.9998504619911495
7.8000984443660517	0.9999078602361997
7.8040831441277794	0.9998848035289036
7.8078797818103913	0.9999625366874189
7.8115812292502165	0.9999204632598303
7.8153051060296876	0.9999830679128392
7.8192032717655273	0.9999747807500633
7.8234332528626238	1.0000749327035383
7.8291171956818104	0.9997533274291762
7.8381844349152603	1.0001778433538668
7.8428153512061733	1.0000567801576379
7.8472570776689121	1.0000864324181573
7.8516631567287272	1.0000411476629913
7.8591453946786132	1.0000445496205848
7.8635537736645063	0.9999298537459405
7.8678333321219727	0.9999617689699584
7.8718887658408665	0.9999941170545978
7.8758200885423930	1.0000597043405550
7.8796793844134694	1.0000274144235437
7.8835130687330883	1.0000724487910206
7.8873841180561470	1.0000301279863961
7.8913706094008820	1.0000436445774252
7.8956204066624025	0.9999418626944018
7.9010845044833333	1.0003021941910950
7.9095198873405215	0.9999572043202722
7.9145994351706959	1.0001099421677968
7.9190544945788739	1.0001086906438921
7.9234337582779242	1.0000800897012601
7.9277630982712397	0.9999948249634482
7.9355355013532742	1.0000310379277073
7.9393634285323600	0.9999218725931165
7.9437279447964428	1.0000112957670839
7.9498637354498429	0.9997832962486001
7.9575908715966808	1.0001631393012000
7.9632402248907734	0.9998494317766030
7.9704655210503166	1.0001692176624055
7.9755969378558893	1.0000370127453562
7.9800228587598898	1.0001149566134644
7.9840162305901545	1.0000592555293804
7.9880652237313710	1.0000395985759192
7.9922750532832803	1.0000137285186863
7.9965489669316190	0.9999918443663632
8.0008930001650036	0.9998944182932116
8.0085878024462751	1.0000366927834636
8.0160115190475274	0.9998237936781520
8.0205485144602306	0.9999668602061764
8.0246159654465252	0.9999426317894538
8.0287483708243101	0.9999782716207223
8.0330356268537617	0.9999583601890601
8.0411072571804088	1.0000619174957226
8.0458803428412491	0.9999160824527442
8.0506929186828504	1.0001093692336345
8.0571076125482932	0.9998954461044374
8.0625286893151511	1.0004287125490705
8.0662719104364502	1.0000317628709527
8.0699623058007219	1.0000797136028570
8.0738405232193156	1.0000298979246116
8.0779631023103011	1.0000799130700948
8.0821004479916994	1.0001058606756499
8.0863220861396794	1.0000585523200691
8.0906207345038048	0.9998981123554185
8.0967877261806009	1.0001126825447928
8.1070927088364346	0.9996404034087767
8.1106929129830441	0.9998892090104541
8.1149459674116944	0.9999119369822643
8.1192603631729678	1.0000731186818452
8.1238752019695610	0.9998377940094501
8.1286387913701805	1.0001119644920538
8.1334715353917364	0.9999437127102375
8.1382940684519447	1.0002971830701142
8.1425277039731991	1.0000503942343399
8.1469859995310525	0.9999000070512549
8.1548082367612924	0.9996729985929720
8.1585064247845391	0.9998365346312207
8.1623410366923768	0.9998997471029702
8.1665995443192791	1.0000619109409004
8.1728995592938443	0.9998507357541755
8.1771219982632228	1.0000147725037276
8.1807353718541442	0.9999536961351919
8.1843019790395939	1.0000358002263494
8.1879874560316832	0.9999898958421184
8.1918664822256577	1.0000151447176837
8.1960968674532886	0.9999309712244594
8.2018367846501299	1.0002660535736854
8.2108573116033057	0.9999488630846295
8.2161756261227037	0.9999776800441654
8.2207805002884413	0.9999268199087338
8.2250574277176600	0.9999534803624780
8.2291353158787803	0.9999073837755565
8.2330970703911586	0.9999540873961670
8.2370296739310263	0.9999202451315998
8.2410481811179501	0.9999477265405846
8.2453182741629956	0.9998626816563960
8.2506977253942875	1.0002574302197704
8.2587604784298634	0.9999567315033044
8.2643876982663222	1.0000656637270011
8.2790349180381266	0.9995485386748045
8.2832574011497009	0.9998142743187629
8.2867777658353212	0.9997691428061432
8.2904640033250327	0.9998594899972891
8.2946735138425947	0.9998241106641427
8.3004693757660259	1.0001953821357252
8.3096883629697125	0.9998929795879964
8.3141289785835735	1.0000972853534280
8.3182593281528963	1.0000789704960218
8.3224571971350141	1.0000787639139599
8.3267599939229289	1.0000250305833298
8.3352204052159102	0.9999906588515322
8.3399520675325913	0.9999203902442180
8.3440675807110605	0.9999483469113929
8.3478075303402015	0.9998738028191064
8.3513981205331405	0.9999505253756621
8.3550104088382930	0.9999028273957909
8.3587202038992459	0.9999640713776397
8.3626113986549253	0.9999569908250530
8.3668267637753342	1.0000585209528583
8.3720490479474705	0.9996674194561593
8.3794752590314854	1.0000165599314674
8.3846033080066142	0.9999913196061386
8.3892815693128426	1.0001383003475668
8.3962720068265106	0.9998817240466422
8.4004776864719499	1.0000407856796012
8.4040890976421441	0.9999739179074895
8.4076686860745209	1.0000493357507716
8.4113699185913617	1.0000011397872923
8.4152602150799645	1.0000229000118166
8.4194933289124823	0.9999362910028458
8.4252405194135207	1.0002677411814087
8.4342668352423669	0.9999477477746112
8.4395490709906280	0.9999822673498574
8.4442491147710506	0.9998163680156372
8.4490066912707888	1.0002266128609123
8.4524455147881348	0.9999383087937566
8.4568919531477729	1.0000913941990963
8.4615017805132009	0.9999861717937305
8.4658554664103089	0.9999380171167452
8.4701488589202665	0.9999240662890834
8.4745118479786488	0.9999887474404084
8.4833091426114446	0.9999149036290527
8.4875387013224746	0.9999784811660124
8.4919809615360489	0.9998830160577026
8.4982962250911296	1.0000864852122384
8.5025695346931656	0.9999334108789071
8.5062315810409839	0.9999956061453672
8.5098367683404952	0.9999221044212158
8.5136192648812159	0.9999566383692149
8.5175448943809648	0.9999339352542292
8.5216786171782211	1.0000015933187369
8.5259626141274047	1.0000696167923124
8.5347185568866220	1.0003979603411128
8.5378251159776912	1.0000822974138082
8.5410792534361626	1.0001335141998910
8.5443961186970920	0.9999668804308246
8.5477402802772424	1.0000181451728054
8.5511348785108030	0.9999096059031074
8.5546223695487544	0.9999690632247746
8.5582498982790867	0.9999102848776422
8.5620989714659572	0.9999351305009807
8.5663185050490114	0.9998517232702899
8.5717246698498339	1.0002392921416130
8.5799135492451661	0.9999301503556327
8.5851542394974611	1.0000871963461249
8.5896827494799304	1.0000930539150843
8.5940898427739825	1.0000722870838019
8.6027333563108161	0.9996908735908145
8.6060639319100272	0.9998638702138419
8.6096272373116811	0.9998177481375895
8.6134361213472879	0.9998789469807083
8.6174246372679271	0.9998820347403170
8.6215151574857174	0.9999274203907046
8.6256470525355571	0.9999188068814894
8.6297831801867435	0.9999614914025255
8.6339187158407178	0.9999437223899957
8.6380864505383101	0.9999721456277041
8.6423971806988273	0.9998861649294519
8.6479721008915682	1.0002549632897142
8.6564260740912609	0.9999552165090982
8.6612448057115650	1.0000218559146374
8.6658488822760997	0.9999218577082325
8.6737188839355852	1.0000922308767393
8.6773789437562723	0.9999191902159225
8.6808368016532764	0.9999958650068002
8.6844100837382179	0.9999257851941514
8.6882210915540092	0.9999520235115369
8.6924329372050675	0.9998713453560883
8.6978532393037202	1.0002584752163135
8.7060620277885405	0.9999666190190049
8.7116622462394684	1.0000603130245063
8.7264823068676556	0.9995092360496207
8.7302472473848489	0.9997978522044908
8.7336403246562035	0.9997553256187194
8.7372797029101665	0.9998532634613426
8.7414624571016244	0.9998254831619853
8.7471742567381927	1.0002017210312046
8.7562621673085363	0.9999085465873128
8.7612974315632055	0.9999927983984314
8.7659684683765242	0.9998568447192702
8.7708710213049734	1.0002454982558484
8.7764227016564931	0.9998074076664959
8.7821091134732789	1.0001799147238608
8.7925255059028071	0.9995397129814226
8.7969077064955474	0.9998981166960933
8.8008344777650986	0.9999309718313645
8.8048762580893793	1.0000587551350462
8.8087856060573948	1.0000203436062949
8.8125784012639166	1.0000210205053444
8.8162230669840298	0.9999096136466342
8.8197157808326292	0.9999728954596734
8.8231541218999023	0.9998780395322246
8.8266457130848419	0.9999486300907584
8.8302654394101410	0.9998956337079437
8.8341065704838702	0.9999259170288334
8.8383267140930180	0.9998467651953240
8.8437346906374401	1.0002380841899032
8.8519327522372109	0.9999332190949941
8.8571692183247777	1.0000936573761967
8.8616937032432741	1.0001027926041259
8.8660998874526200	1.0000858571623945
8.8747477715131975	0.9997151204103171
8.8781931645333252	0.9998566604262694
8.8818476054445679	0.9998182600691536
8.8860760047352763	0.9999502078414676
8.8914117706166564	0.9996714856098063
8.8967431023784247	1.0002453219359559
8.9005230967366842	0.9999464861702979
8.9042440230706372	0.9999960073330771
8.9078651451252924	0.9999114728832650
8.9116312884605708	0.9999490076982822
8.9155486133720743	0.9999301384156298
8.9196798878149597	1.0000018738815020
8.9239629082598118	1.0000769631191651
8.9338431720860889	1.0002586140793956
8.9382885891026618	1.0000419650401027
8.9427902806576185	1.0000997074625910
8.9475059869799747	0.9998669415142043
8.9534164664117935	1.0001491040872605
8.9592907266026369	0.9996024699610179
8.9652977616000751	1.0001177331580493
8.9706201375701706	0.9998370941299770
8.9751681898490503	1.0000425369385268
8.9797698257103562	1.0000805356913243
8.9879750005732291	1.0001072361985026
8.9938462943512238	0.9996655171279657
9.0041662064753698	1.0004581006327875
9.0072804943832683	1.0001345326387430
9.0106768354354401	1.0001734605642785
9.0148818829042927	1.0000777605565605
9.0223004737518018	1.0001444111112860
9.0271398433462497	1.0000688778261513
9.0316454060649285	1.0001085060005097
9.0373302877988699	0.9997950418409169
9.0646429681973242	0.9997392698053862
9.0680771489238463	1.0000628397534881
9.0717366944045246	1.0000297250566095
9.0756683502554818	1.0001266601361494
9.0798261728189011	1.0001589304276683
9.0840997610004361	1.0001716822831956
9.0923684630681922	0.9998881873422072
9.0962117173266002	0.9999709333651398
9.1002449471176963	0.9998468837597231
9.1045199106119394	0.9998497720309243
9.1106726269375322	0.9997256263897906
9.1156356832559204	1.0000594723300527
9.1209057768873265	0.9996949491498693
9.1273274850950781	1.0002304988251707
9.1334473095593651	0.9996509476202874
9.1382870845967989	0.9998965998072528
9.1428933370421124	1.0000543991942061
9.1506960889268480	1.0002148534563298
9.1600241831578799	0.9997783710446982
9.1651949420068135	0.9998949033055807
9.1697289174656476	0.9998073967509147
9.1744444851659015	0.9999834682724376
9.1820903589986340	0.9998343124926686
9.1857628392791177	1.0000166437964952
9.1894239717321682	0.9999752436160786
9.1933403186322096	1.0000661907322388
9.1974727645124297	1.0001175494975905
9.2017331634102231	1.0001649633631038
9.2100381922972634	0.9999864018454233
9.2138292068547969	1.0001320088769354
9.2177533954305773	1.0000357928949384
9.2218694914042931	0.9999675063065134
9.2261474825151950	0.9998468837835628
9.2325359041314954	1.0000856163893381
9.2377388293720486	0.9996619612465940
9.2427665909301737	0.9997982974210775
9.2498510669757881	0.9998710553784368
9.2536716660377110	1.0000239966342266
9.2572837204098946	0.9999755694732705
9.2610359305668073	1.0000237980105349
9.2649411463851745	0.9999970427820108
9.2690586869097835	1.0000578728115472
9.2733390151490571	1.0001207640141330
9.2830096852067996	1.0003183929793689
9.2870631004756916	1.0000208565554587
9.2915531406484764	1.0000036243299653
9.2962613723708039	0.9996355147157430
9.3010588789619977	0.9998943252295635
9.3059118146284607	0.9998405085945240
9.3125685330084647	1.0002133860592868
9.3173080851130372	1.0001178148240901
9.3216019068809697	1.0001869272914983
9.3257771564890284	1.0001898486713838
9.3299701516940310	1.0001358803805034
9.3342915092301997	0.9999709299028257
9.3409111763080102	1.0001295971327622
9.3566702045464023	1.0003208086682409
9.3653681579623598	1.0003899814842296
9.3717621735080492	0.9998208465195371
9.3831433600797389	1.0002521108364411
9.3877392760053464	1.0000740838808420
9.3924446241964734	1.0001516572604647
9.3989286561357410	0.9999317487672491
9.4042899790220087	1.0004476334816670
9.4078803729488492	1.0000150457936048
9.4110944365399973	1.0001432783904116
9.4144579237691968	0.9999992017054344
9.4181496631204844	1.0000140080377067
9.4221355776810753	0.9999280927806505
9.4263377663344166	0.9998609127189980
9.4306306697572690	0.9997878877218223
9.4376218162789343	1.0001228115767349
9.4461713601495862	0.9998448490034426
9.4501158710412785	1.0000473002058199
9.4535633779755663	0.9999752872958950
9.4570742504948733	1.0000626034947433
9.4608180464024354	1.0000353204005714
9.4647219090219927	1.0000603351313597
9.4688425261019500	0.9999966192065931
9.4730899614270907	0.9999356463683052
9.4816462126654191	0.9996295992695667
9.4850324332170306	0.9998849992089076
9.4884138939819085	0.9998553669932874
9.4917797090915634	1.0000245678505366
9.4951202900478080	0.9999717372152584
9.4984810661419949	1.0000912318198378
9.5019345840131475	1.0000312728535461
9.5055318918982952	1.0000948420833347
9.5093637055598670	1.0000703900077947
9.5135790910251785	1.0001529990816178
9.5190141088384177	0.9997684273098595
9.5272758850123278	1.0000806338695616
9.5324652488365711	0.9999262572607768
9.5369591380033487	0.9999275308397065
9.5413591347039510	0.9999580568898420
9.5456799389937910	1.0000540483783289
9.5529926079862495	0.9999630678424272
9.5566121312308390	1.0000897085140235
9.5603110459430418	1.0000189245138966
9.5642465242265366	1.0000956271205592
9.5680234391408128	1.0000507732420734
9.5719704692931113	1.0000416093731439
9.5761481682071494	0.9999805491246766
9.5804102881506878	0.9999619388458287
9.5885639359784989	0.9998493981795279
9.5921086673408453	1.0000380279947436
9.5958854867765808	0.9999612627908099
9.5998933047850450	0.9999850620603871
9.6041233512464004	1.0000225455120912
9.6084103504616927	1.0001372781417928
9.6132759529248784	0.9996965484702692
9.6190866245378235	1.0001438683630559
9.6287299927725343	0.9995648191721653
9.6339165255575328	0.9998398181152585
9.6382575606773457	0.9999610060896492
9.6426429623953602	1.0001496641710803
9.6484657295519831	0.9998934924272466
9.6563002515961998	1.0002495445535065
9.6662191815858147	0.9998863969512370
9.6710332180116989	1.0000057447703736
9.6753331831783100	1.0000381797932336
9.6795345371180002	1.0000425289754435
9.6838534162267784	0.9999732367419526
9.6881717117913997	0.9999089723422793
9.6978350879352551	0.9997636737372309
9.7018207821366822	0.9999272285056009
9.7056688391780011	0.9999207664989304
9.7099348808497599	0.9999803526273826
9.7176644905555296	0.9998500923626550
9.7212133928224116	1.0000182711577035
9.7246934478803961	0.9999480453848679
9.7284183202165835	0.9999902039076505
9.7326194041602605	0.9999120543484680
9.7383616569480012	1.0002362064985815
9.7474601101672196	0.9998283025623312
9.7519905831142797	0.9999530884026341
9.7562694508976993	0.9998896209690156
9.7606507177929487	0.9999086651732830
9.7681755111125081	0.9998565757132729
9.7722956009704482	0.9999344983184147
9.7762464265921505	0.9999354194186320
9.7801865711739993	0.9999995198009607
9.7841274247288457	0.9999770933301828
9.7880539988472730	1.0000249105051302
9.7919804001230251	0.9999891563020062
9.7959304971559806	1.0000268932566510
9.7999749884984855	1.0000090860214319
9.8042488342705436	1.0001039805635297
9.8094990114513507	0.9996985649050789
9.8167879954339234	1.0000374413384880
9.8219628170242252	1.0000091411921233
9.8266609153180813	1.0001530260558886
9.8336834472583767	0.9998854941948776
9.8379941624398306	1.0000382750535901
9.8416615738881283	0.9999759697129283
9.8452769343158568	1.0000459603977230
9.8489997437679122	1.0000005468127615
9.8528991785028275	1.0000198982504784
9.8571176835458161	0.9999314621914399
9.8627305787702024	1.0002701001667786
9.8714181104058412	0.9999566604681902
9.8768676716119099	0.9999969852503865
9.8816138478906090	0.9998235655977973
9.8864025850671453	1.0002254374268706
9.8898774814473001	0.9999353141870686
9.8943298276614335	1.0000659025751031
9.8990336884591681	0.9999480819828579
9.9070050619352621	1.0001494689497792
9.9104909161982437	0.9999689682401746
9.9142208103833251	1.0000902416001614
9.9182013302207590	1.0001199296422743
9.9224383788102966	1.0001619422152981
9.9290005385484079	0.9997371459308599
9.9360329254497213	1.0001250999285356
9.9406130056395554	0.9999319890203487
9.9441865724691549	1.0000143688424399
9.9476967133798215	0.9999308385332395
9.9514127680339151	0.9999675606842545
9.9552941351891189	0.9999421398101626
9.9593950046822499	1.0000058515841606
9.9636473784823387	1.0000730661701820
9.9722534527072302	1.0003893225240477
9.9754033464281449	1.0000766864461255
9.9786709224962191	1.0001302844529236
9.9820025161150312	0.9999667427713685
9.9853658782906489	1.0000196627129434
9.9887768516319895	0.9999122527756542
9.9922807481568157	0.9999699938554396
9.9959200776222819	0.9999122361239556
9.9997760643038234	0.9999368752626099
