            0		            0
0.009369624448102		            0
0.01656962343966		            0
0.02998249633529		            0
0.0450487104331		            0
0.0653588631088		            0
0.08778243423026		            0
0.1021629676694		            0
0.1165247600788		            0
0.1324008778024		            0
0.1498896894989		            0
0.1677168921323		            0
0.1845010146091		            0
0.2000622885617		            0
0.2152237103083		            0
0.2309155191173		            0
0.2474862722874		            0
0.2645224082779		            0
0.2812840988701		            0
0.2974088969595		            0
0.313128621682		            0
0.3289372152063		            0
0.3451561669891		            0
0.3617210626359		            0
0.3782962870103		            0
0.3946018389946		            0
0.4106344455462		            0
0.4266078875751		            0
0.442736759421		            0
0.4590691998593		            0
0.4754801418595		            0
0.4918048678676		            0
0.5079814306957		            0
0.5240790168304		            0
0.5402146407672		            0
0.5564507977987		            0
0.5727568677073		            0
0.5890518057992		            0
0.605279597867		            0
0.6214492710565		            0
0.637614054232		            0
0.6538198562708		            0
0.6700702740318		            0
0.6863322294954		            0
0.7025698634474		            0
0.7187738971239		            0
0.7349635993715		            0
0.7511655058065		            0
0.7673907849447		            0
0.783629472126		            0
0.7998627230545		            0
0.816079709915		            0
0.8322846681294		            0
0.8484903997058		            0
0.8647063125746		            0
0.880931608974		            0
0.8971580158604		            0
0.9133779165496		            0
0.9295903299396		            0
0.9458003172605		            0
0.9620137205339		            0
0.9782323282729		            0
0.9944532964028		            0
1.010672354988		            0
1.026887531612		            0
1.043100243759		            0
1.059313489332		            0
1.07552911632		            0
1.091746600571		            0
1.107963939956		            0
1.124179569386		            0
1.14039351504		            0
1.156607056518		            0
1.17282144273		            0
1.189036909662		            0
1.205252695868		            0
1.221467860972		            0
1.237682072037		            0
1.253895747949		            0
1.270109570598		            0
1.286323888424		            0
1.302538507662		            0
1.318752958481		            0
1.334966929343		            0
1.351180481335		            0
1.367393926507		1.812515975803e-122
1.38360752401		1.59572044963e-114
1.399821288428		5.564889153845e-108
1.416035023825		2.90178409714e-102
1.43224852869		3.959877517651e-97
1.448461751811		1.926919383369e-92
1.46467480832		4.067641408157e-88
1.480887846164		4.26393202768e-84
1.497100927768		2.44979244032e-80
 1.5133139894		8.316687667414e-77
1.529526924055		1.770014106552e-73
1.545739667257		2.477351231e-70
1.561952244959		2.372217742253e-67
1.578164725603		1.606649096066e-64
1.59437716096		7.917991436432e-62
1.610589539349		2.909980865801e-59
1.626801811183		8.148180338468e-57
1.643013927066		1.771559229772e-54
1.659225879218		3.041683663008e-52
1.675437689385		4.187215597599e-50
1.691649385972		4.685281527728e-48
1.707860969934		4.314458605134e-46
1.724072418236		3.306578956923e-44
1.740283696863		2.130732872789e-42
1.756494786522		1.165230257398e-40
1.772705684145		5.453778039064e-39
1.788916395908		2.201519840735e-37
1.805126918595		7.718226482217e-36
1.821337235398		2.365027728384e-34
1.837547319004		6.37070444211e-33
1.853757143944		1.516583924638e-31
1.869966691675		3.206153182332e-30
1.886175949091		6.04635365285e-29
1.902384900739		1.021433751772e-27
1.918593523133		1.55178735388e-26
1.934801785166		2.127923336951e-25
1.951009651915		2.642957927042e-24
1.967217089798		2.983097507282e-23
1.983424065874		3.069388200464e-22
1.999630546217		2.887657347628e-21
2.015836490796		2.49111436352e-20
2.032041853817		1.976001618534e-19
2.048246583213		1.445001548328e-18
2.064450624719		9.766358787544e-18
2.080653920857		6.115517647896e-17
2.09685641192		3.556169504828e-16
2.113058032139		1.924661012618e-15
2.129258710258		9.715970502283e-15
2.145458367878		4.584386995364e-14
2.161656921969		2.025863583875e-13
2.17785428419		8.400650209587e-13
2.194050362114		3.274916737178e-12
2.210245057668		1.202417188029e-11
2.226438267155		4.165179756637e-11
2.242629880995		1.363535127435e-10
2.258819784289		4.225309904145e-10
2.275007858306		1.241345085859e-09
2.291193980297		3.462800526735e-09
2.307378025527		9.185460631858e-09
2.323559866132		2.3202203942e-08
2.339739373276		5.58867045028e-08
2.355916416934		1.285331859489e-07
2.372090869336		2.826231531328e-07
2.388262605228		5.948759046122e-07
2.404431504887		1.200038269072e-06
2.420597454156		2.322853457493e-06
2.436760347271		4.31916234799e-06
2.452920087608		7.723372921762e-06
2.469076589973		1.329565268502e-05
2.485229783313		2.205771341385e-05
2.501379610077		3.530208129372e-05
2.517526028625		5.455799637306e-05
2.533669013541		8.149906389186e-05
2.549808557302		0.0001177848061719
2.56594466976		0.0001648399064955
2.582077378137		0.0002235898871748
2.598206726477		0.0002941867094587
2.614332774389		0.0003757686993575
2.630455596579		0.0004663031953718
2.64657528122		0.0005625547767045
2.662691929321		0.0006602083832377
2.678805650688		0.000754154168748
2.694916562908		0.0008389175231428
2.711024790281		0.0009091892746064
2.727130462242		0.0009603872703694
2.743233711768		0.0009891655635452
2.759334672994		0.0009937867641281
2.775433479722		0.0009742929128612
2.791530263962		0.0009324456870434
2.807625155368		0.0008714526563268
2.823718280593		0.0007955367204661
2.839809762677		0.0007094312196338
2.855899721131		0.0006178863434165
2.871988270047		0.0005252550168324
2.888075517335		0.0004352004938974
2.904161565623		0.0003505373553984
2.920246513335		0.0002731936527553
2.936330454928		0.0002042678560439
2.952413480649		0.0001441489371093
2.968495676056		9.266892868088e-05
2.984577122163		4.926254118974e-05
3.000657896103		1.311534922406e-05
3.016738072112		-1.671075656627e-05
3.03281772224		-4.117996355444e-05
3.048896916709		-6.121314888378e-05
3.06497572404		-7.764395220601e-05
3.081054212041		-9.119582055515e-05
3.09713244736		-0.0001024749845566
3.113210495389		-0.0001119744167001
3.129288422045		-0.0001200845311696
3.145366295176		-0.0001271073037667
3.161444185178		-0.0001332713721253
3.177522164946		-0.0001387465096576
3.19360030986		-0.0001436565453516
3.209678698337		-0.0001480903089352
3.225757412976		-0.0001521105273455
3.241836541855		-0.0001557608102507
3.25791617957		-0.0001590709712566
3.273996427918		-0.000162060968375
3.290077396506		-0.0001647437399385
3.306159203814		-0.0001671271799356
3.322241979343		-0.0001692154541319
3.338325862373		-0.0001710098556885
3.354411004587		-0.000172509272051
3.370497572748		-0.00017371038008
3.386585750832		-0.0001746076381031
3.402675741477		-0.0001751931198257
3.418767767309		-0.0001754562114336
3.434862072864		-0.0001753831756951
 3.4509589274		-0.0001749565769156
3.467058628273		-0.0001741545551737
3.483161504343		-0.000172949932177
3.499267919125		-0.0001713091200642
3.515378273649		-0.0001691907897646
3.531493011437		-0.000166544197291
3.547612616438		-0.0001633072448314
3.563737615927		-0.0001594039902028
3.579868582036		-0.0001547415609148
3.596006128714		-0.0001492063889499
3.612150900548		-0.0001426597111256
3.628303549502		-0.0001349323517709
3.644464692963		-0.0001258190376568
3.660634841315		-0.0001150730538703
3.67681427413		-0.0001024032905293
3.693002834967		-8.747804606953e-05
3.709199576938		-6.994572426177e-05
3.72540219871		-4.949016983535e-05
3.741606185354		-2.595196902852e-05
3.757803589321		4.383770818796e-07
3.773981573804		2.867805413454e-05
3.790121349545		5.651789423849e-05
3.806199059562		8.02257693118e-05
3.822190867645		9.527038605667e-05
3.838082988881		9.837444648739e-05
3.853882237911		8.985715481218e-05
3.869618025943		7.386339166236e-05
3.885330620228		5.579989420282e-05
3.901052120495		3.934411837154e-05
3.916793858692		2.535559089983e-05
3.932548867578		1.277052733732e-05
3.948305593415		2.67369320261e-07
3.964060700665		-1.255532126602e-05
3.97982150801		-2.514999936015e-05
3.995598567705		-3.680415195584e-05
4.011396585674		-4.73300627282e-05
4.027211509317		-5.708602407506e-05
4.043035105398		-6.640129618875e-05
4.058862012488		-7.48417085359e-05
4.074693137281		-8.069141175921e-05
4.090533360651		-8.060018544138e-05
4.106386500059		-6.888259026657e-05
4.12225211596		-3.580963120303e-05
4.138126393662		3.568176226231e-05
4.154005629236		0.0001755359952697
4.169889016143		0.0004356956859573
4.185778611692		0.0009054053663588
4.201677042054		0.001737247548956
4.217585222427		0.003191113551712
4.233501926028		0.005707200852764
4.249425202433		0.01002476211586
4.265354154929		0.01736969697327
4.281289576232		0.02973474852407
4.297233146178		0.05025077777801
4.313186111085		0.08354817644241
4.329148608695		0.1357524464982
4.345120063971		0.2133196216805
4.361100138542		0.3197028439805
4.377089366958		0.4502304779942
4.393089026756		0.5894713995054
4.409100489161		0.7168233209117
4.425124663007		0.8176098066849
4.441161942901		0.8886797676988
4.457212568922		0.9349749756471
4.473276953992		0.9636771206723
4.489355579645		0.9809301293892
4.50544836989		0.9910579303027
4.52155369913		0.9968405504988
4.537667152032		0.9999953008917
4.553779910078		1.001567910278
4.569876567314		1.002192409843
4.58593286415		1.00225414386
4.601915765618		1.00199455261
4.617790601887		1.001580084876
4.63353794528		1.001137932945
4.649171909706		1.000757016757
4.66474152658		1.000475847519
4.680307149472		1.000288864174
4.695907981246		1.000170804792
4.711546373801		1.000097079209
4.727199647008		1.000050978863
4.742846728467		1.000022605405
4.758486527833		1.000005857719
4.774135473777		0.9999965148801
4.789810787327		0.9999916151735
4.805516013251		0.9999892726766
4.821240153966		0.9999884155477
4.836968665975		0.9999884503713
4.852695262371		0.9999890028979
4.868424816884		0.9999898027242
4.884166735295		0.9999906672846
4.899925982423		0.9999915033778
4.915699433039		0.9999922850904
4.931479482849		0.9999930158992
4.94726064563		0.9999936984487
4.963043236596		0.9999943253316
4.97883171304		0.9999948865218
4.994630027967		0.9999953793731
5.010438305833		0.9999958111736
5.026253265357		0.9999961941956
5.042071342154		0.9999965389984
5.057891481021		0.999996851171
5.073715403804		0.9999971326284
5.089545614276		0.9999973849019
5.105383176672		0.9999976112299
5.121227099835		0.9999978162574
5.137075520522		0.9999980043511
5.152927393237		0.9999981782518
5.168783228367		0.999998339012
5.184644463919		0.9999984869081
5.200512236858		0.9999986223722
5.216386658928		0.9999987462812
5.232267087117		0.9999988596544
5.248152985512		0.9999989632419
5.264044574334		0.9999990574067
5.279942784586		0.9999991423402
5.295848686558		0.9999992183708
5.311762951002		0.9999992861263
5.327685767183		0.9999993464887
5.343617188842		0.9999994004433
5.359557530344		0.9999994489572
5.375507449562		0.9999994929461
5.391467647437		0.9999995333005
5.407438390543		0.9999995709088
5.423419091704		0.9999996066393
5.439407972472		0.9999996412958
5.455401577926		0.9999996755847
5.471393829679		0.9999997101155
5.487374488904		0.9999997454037
5.503327402003		0.9999997817906
5.519229800772		0.9999998191853
5.535055069138		0.9999998566489
5.550781332949		0.9999998921593
5.566404211574		0.9999999231193
5.581944956651		0.9999999476033
5.597444114608		0.9999999652975
5.612941946344		0.9999999772875
5.628459542691		0.9999999851586
5.643994611817		0.9999999902935
5.659533314899		0.9999999936507
5.675066711656		0.9999999958364
5.690598522124		0.9999999972411
5.706140249731		0.9999999981323
5.721700493953		0.9999999986963
5.737278403466		0.9999999990587
5.752865846126		0.9999999992991
5.768454950825		0.999999999465
5.784043946503		0.9999999995843
5.799636942297		0.9999999996729
5.815239031224		0.9999999997406
5.83085158058		0.9999999997936
5.846471455854		0.999999999836
5.862094046183		0.9999999998704
5.877716919406		0.9999999998982
5.893341038024		0.9999999999205
5.908969030754		0.9999999999381
5.92460248436		0.9999999999518
5.940240622827		0.9999999999624
5.955881166069		0.9999999999707
5.971522252001		0.999999999977
5.987163669071		0.999999999982
6.002806538031		0.9999999999858
6.018451999643		0.9999999999888
6.034100156186		0.999999999991
6.049750067784		0.9999999999927
6.065400601046		0.999999999994
6.081051280727		0.999999999995
6.096702457377		0.9999999999957
6.11235478742		0.9999999999962
6.128008576824		0.9999999999966
6.143663542507		0.999999999997
6.159319101455		0.9999999999972
6.174974851984		0.9999999999975
6.190630821866		0.9999999999977
6.206287328232		0.9999999999979
6.221944636766		0.9999999999981
6.23760273287		0.9999999999982
6.253261366767		0.9999999999984
6.268920283108		0.9999999999985
6.284579413025		0.9999999999986
6.300238882139		0.9999999999987
6.315898862967		0.9999999999988
6.331559420389		0.9999999999989
6.347220475613		0.999999999999
6.36288189441		0.9999999999991
6.378543604314		0.9999999999992
6.394205640627		0.9999999999993
6.409868097794		0.9999999999994
6.425531043447		0.9999999999995
6.441194471668		0.9999999999996
6.456858324463		0.9999999999996
6.472522551663		0.9999999999997
6.48818715325		0.9999999999998
6.503852173311		0.9999999999998
6.519517659765		0.9999999999999
6.535183628841		0.9999999999999
 6.5508500619		0.9999999999999
6.566516930856		            1
6.582184226164		            1
6.59785196431		            1
6.613520172983		            1
6.62918886954		            1
6.644858051895		            1
6.660527706824		            1
6.676197825618		            1
6.691868413251		            1
6.707539485235		            1
 6.7232110576		            1
6.738883140314		            1
6.754555740399		            1
6.770228873245		            1
6.785902576737		            1
6.801576924987		            1
 6.8172520472		            1
6.832928165008		            1
6.848605667669		            1
6.864285256117		            1
6.879968217798		            1
6.895656973034		            1
6.911356177774		            1
6.927074711087		            1
6.94282825481		            1
6.958640414582		            1
6.974537936347		            1
6.990537116266		            1
7.006629342348		            1
7.022780992327		            1
 7.0389518448		            1
7.055118017619		            1
7.071281014172		            1
7.087457601602		0.9999999999999
7.103661445515		0.9999999999999
7.119892040725		0.9999999999999
7.136137923722		0.9999999999999
7.152388595087		0.9999999999998
7.168643580913		0.9999999999998
7.18491174818		0.9999999999998
7.201203139384		0.9999999999998
7.217521308249		0.9999999999999
7.233862259833		0.9999999999999
7.250219600695		0.9999999999999
7.266590575012		0.9999999999999
7.282977869932		0.9999999999999
7.29938645972		0.9999999999999
7.315818931793		            1
7.332273354006		            1
7.34874491165		1.000000000001
7.365229251061		1.000000000001
7.381724436795		1.000000000003
7.398230117745		1.000000000005
7.414745049484		1.000000000008
7.43126528918		1.000000000012
7.447784455854		1.000000000018
7.464295552257		1.000000000024
7.480792775101		1.000000000032
7.497272083316		1.00000000004
7.513730581804		1.000000000049
7.530165834904		1.000000000057
7.546575935263		1.000000000064
7.562960259899		1.000000000069
7.579320109975		1.000000000073
7.595658506871		1.000000000073
7.611979130004		1.00000000007
7.628285044499		1.00000000006
7.644577941558		1.000000000045
7.660858129903		1.000000000025
7.677124948742		1.000000000002
7.693377083708		0.9999999999814
7.709612537194		0.9999999999651
7.725828429213		0.9999999999558
7.742021017654		0.9999999999539
  7.758186179		0.9999999999583
7.774320256754		0.9999999999666
7.790420936535		0.9999999999764
7.80648779983		0.9999999999855
7.822522396417		0.9999999999927
7.838527902002		0.9999999999975
7.854508556208		            1
7.870469086803		1.000000000001
7.88641425707		1.000000000002
7.902348584096		1.000000000001
7.918276207697		1.000000000001
7.934200860026		1.000000000001
7.950125886312		            1
7.966054294497		            1
7.981988814857		            1
7.997931959241		            1
8.013886115031		0.9999999999999
8.029853631095		0.9999999999999
8.045836883255		            1
8.061838316242		            1
8.077860473131		            1
8.093906021089		            1
8.109977779582		            1
8.126078741862		            1
8.142212076483		            1
8.158381090298		            1
8.174589135015		            1
8.190839407537		            1
8.207134544266		            1
8.223475786773		            1
8.239861264533		            1
8.256282536236		            1
8.272718003859		            1
8.289122289319		            1
8.305416232557		            1
8.32149770642		            1
8.337299522826		            1
8.352862264684		            1
8.368332194069		            1
8.383867941178		            1
8.399541172596		            1
8.41531428964		            1
8.431103331026		            1
8.446864609178		            1
8.462630253823		            1
8.47847413477		            1
8.494450117299		            1
8.510556557636		            1
8.526749219259		            1
8.542981278426		            1
8.559226061916		            1
8.575452210044		            1
8.591565674407		            1
8.60740368188		            1
8.622870849083		            1
8.638082109622		            1
8.653295270752		            1
8.668707105623		            1
8.684320345146		            1
8.699981934953		            1
8.715542942269		            1
8.730987421356		            1
8.746425127072		            1
 8.7619845576		            1
8.777712753772		            1
8.793556664266		            1
8.809426125455		            1
8.825274177882		            1
8.841125056714		            1
8.857036308535		            1
8.873036891052		            1
8.889091304591		            1
8.905108797874		            1
8.920981877646		            1
8.936633342072		            1
8.952063878291		            1
8.967370194997		            1
8.982694131607		            1
8.998133042671		            1
9.013688275205		            1
9.029290817408		            1
9.044874940285		            1
9.060433252705		            1
9.07601248343		            1
9.091666333615		            1
9.10741197665		            1
9.123223688482		            1
9.139061824459		            1
9.154907537032		            1
9.170774020776		            1
9.186689750916		            1
9.20267275171		            1
9.218718335265		            1
9.234807737677		            1
9.250926979391		            1
9.267078829942		            1
9.283279339584		            1
9.299544661735		            1
9.315880717822		            1
9.332283835116		            1
9.348750183393		            1
9.365285176775		            1
9.381905753689		            1
9.398636013149		            1
9.415502961265		            1
9.432539529331		            1
9.449797349458		            1
9.467359880057		            1
9.485251758915		            1
9.502589082993		            1
9.517845816695		            1
9.531760713166		            1
9.546138275339		            1
9.562204910852		            1
9.579877960062		            1
9.597838430896		            1
9.614796967734		            1
9.630659664127		            1
9.646314839062		            1
9.662698546017		            1
9.680078323303		            1
9.697941639787		            1
9.715513977611		            1
9.732482937948		            1
9.749183151934		            1
9.766198199128		            1
9.78384869256		            1
9.801991454463		            1
9.820209702273		            1
9.838194924348		            1
9.855927278962		            1
9.87342948816		            1
9.890389453456		            1
9.906473894565		            1
9.921945588688		            1
9.937506586135		            1
9.953718374445		            1
9.97061348533		            1
9.987735835718		            1
           10		            1
