0.0000000000000000	0.0000000000000000
5.8568779823330583	0.0010000000000000
5.8624970655484727	0.0009313844306978
5.8665692771966684	0.0010781697444361
5.8706426115737260	0.0011148488825877
5.8749625188323025	0.0012843277162265
5.8791324395451845	0.0014089290813380
5.8832994878833968	0.0015600402438215
5.8873875085995762	0.0016736724151718
5.8912850773972751	0.0019089387956557
5.8949672627549026	0.0020120854617914
5.8984869016511290	0.0023303892646965
5.9019377168414238	0.0024746329185252
5.9053775234733976	0.0028707872996375
5.9088433237081368	0.0031109879671829
5.9123402211992166	0.0035997942216905
5.9158734607882515	0.0039633458418463
5.9194302610601035	0.0045699673439415
5.9230128744379149	0.0050767168207107
5.9266055052670188	0.0058301374011338
5.9302162646550309	0.0065068921637707
5.9338285447532826	0.0074430597952306
5.9374573298144604	0.0083292907818641
5.9410835784852454	0.0094954891518282
5.9447286747026080	0.0106459688630833
5.9483691386765036	0.0121045215848615
5.9520328783445251	0.0135919685307538
5.9556902644760052	0.0154240543954863
5.9593766554582404	0.0173430518141743
5.9630546654899907	0.0196535094138527
5.9667685971294908	0.0221261483340520
5.9704715938634543	0.0250498170293113
5.9742187936007607	0.0282333488193322
5.9779519992878081	0.0319434011182311
5.9817393411670094	0.0360403171601308
5.9855092925739486	0.0407591098898872
5.9893451101182036	0.0460298927120437
5.9931599894733232	0.0520424672472512
5.9970539471104809	0.0588203212402652
6.0009234908164037	0.0664895909999293
6.0048857731325134	0.0751946664935766
6.0088208950265019	0.0849758210890137
6.0128609401964201	0.0961240046791285
6.0168736343544227	0.1085741506752185
6.0209988527077192	0.1227721264606688
6.0251028508447719	0.1385489899026126
6.0293175275965787	0.1564622643326049
6.0335298472217316	0.1763022428878910
6.0378343890653721	0.1985784545461507
6.0421766837640334	0.2232338608709074
6.0465666898465491	0.2503582647662682
6.0510602592790050	0.2804283277406375
6.0555270640802181	0.3125158386775172
6.0601992377065104	0.3482606498633470
6.0647424630565130	0.3848965640014154
6.0695833642208177	0.4255741715721585
6.0742699735681480	0.4660913868394811
6.0792475959467041	0.5098359489210017
6.0859178847194784	0.5684339158398150
6.0889374168056571	0.5949108971840034
6.0920453148143290	0.6212977462013083
6.0955841158252637	0.6508086315090185
6.0992553299757484	0.6802076406960158
6.1032189221743591	0.7105864618717284
6.1071996330482978	0.7393297332827068
6.1112659620766454	0.7668565337834441
6.1152802107089785	0.7919836324052687
6.1192425878130692	0.8149075551550751
6.1231735806011498	0.8356380245231086
6.1270321430469510	0.8542578246850242
6.1309341656196557	0.8712236338459753
6.1347938340550181	0.8864280378746319
6.1387517928329016	0.9003224027808694
6.1426822871132378	0.9126873719415165
6.1467267561565091	0.9239027585986564
6.1507379822507176	0.9337697508899470
6.1548517694518772	0.9426009740290736
6.1589219707114928	0.9502940748187820
6.1630758857964825	0.9570885667662054
6.1671923371017678	0.9629879423718372
6.1714055733933737	0.9681715934021475
6.1757295300224424	0.9728428104375715
6.1835873781338719	0.9794578319941856
6.1917257154052754	0.9850587128607640
6.1961384483271633	0.9871751625709919
6.2006535610675817	0.9891856866874128
6.2075029632796017	0.9913643595335802
6.2120328955447048	0.9928076184116408
6.2165478608026836	0.9939185925245945
6.2208948564551934	0.9949112930538448
6.2255313288662615	0.9953513880757952
6.2289890884764505	0.9962480583630443
6.2322406093524361	0.9965755382059749
6.2354491877218576	0.9971050389999246
6.2387600000151808	0.9973557533667963
6.2421532544440232	0.9977492954151040
6.2455982710581761	0.9979342373861994
6.2490405389713670	0.9982549514821570
6.2524636127846396	0.9983710184811670
6.2558599610972303	0.9986443796233224
6.2592467288707674	0.9987125937858651
6.2626382577922026	0.9989463518223679
6.2660565560351484	0.9989894508817732
6.2695163913361105	0.9991841309194216
6.2730394538492522	0.9992185187225048
6.2766458622939965	0.9993714723144880
6.2803727401851663	0.9994119489950474
6.2842787631234245	0.9995215131618401
6.2885182242336120	0.9995307820584745
6.2954609217090676	0.9998040996701544
6.3003225533813882	0.9997570516235126
6.3048871563996851	0.9998557953201306
6.3119955262128586	0.9996896370452726
6.3166171496314973	0.9998436103937921
6.3205408293683600	0.9998153681569819
6.3242400654371735	0.9999084582053607
6.3279203138998161	0.9998714631828588
6.3316763938644058	0.9999316876479065
6.3355965913778194	0.9999130838092832
6.3398383627012489	0.9999880116754940
6.3467917665170654	0.9998246336111485
6.3515648620799654	0.9999367018773541
6.3558723316577099	0.9999278447283020
6.3602454719365635	1.0000134579858562
6.3672369463332679	0.9998324621079172
6.3717240059071667	0.9999686699976226
6.3755305236037749	0.9999143798336146
6.3790978673867178	1.0000103575573138
6.3826038556712152	0.9999387591575428
6.3861113157209468	1.0000201081792539
6.3896527739960343	0.9999535133060686
6.3932455119098108	1.0000189434508429
6.3969123870235647	0.9999670901371955
6.4006829102804002	1.0000104553525642
6.4046174492521812	0.9999805969148532
6.4088623061833507	1.0000457399722156
6.4157812686247500	0.9998638560656159
6.4204197438814470	0.9999801839534839
6.4244573989957026	0.9999452235053736
6.4283015507653749	1.0000076756485579
6.4321476399420234	0.9999727013515587
6.4361111845848757	1.0000073990120926
6.4403675121033865	0.9999447348818629
6.4472959718908287	1.0001287557970773
6.4519927378470463	1.0000166585190871
6.4561080864286904	1.0000454924396094
6.4600593855771207	0.9999936653326177
6.4640649370345917	1.0000193085447711
6.4683350627122991	0.9999506106262682
6.4752666740884370	1.0001329582217970
6.4799277862137110	1.0000163636158892
6.4839783572697005	1.0000509708083603
6.4878322327742639	0.9999891749535830
6.4916829289562594	1.0000241986874006
6.4956504544602591	0.9999898269952072
6.4999066344380765	1.0000528435480596
6.5068607715531952	0.9998736579736761
6.5118599728724664	1.0000259768737914
6.5193186289782883	0.9998316139128861
6.5242290285928703	0.9999734671371060
6.5283419122528672	0.9999396544496059
6.5321676859837572	1.0000109871338214
6.5359359540104460	0.9999668750533782
6.5397516630042158	1.0000120902759748
6.5437065313077056	0.9999834832443631
6.5479577852089337	1.0000494516823839
6.5548736821186866	0.9998659533037895
6.5594905024745591	0.9999842290697381
6.5634863202904290	0.9999444024441835
6.5672668045581641	1.0000138689816866
6.5710169482231260	0.9999683178874919
6.5748254841766061	1.0000128981058982
6.5787774945083273	0.9999839388998470
6.5830277841098033	1.0000496484061923
6.5899637849307107	0.9998699612864781
6.5947152254691037	0.9999785786372547
6.5989263789437089	0.9999580958689867
6.6030278052606848	1.0000016390033801
6.6073326056358761	0.9999406017496603
6.6143196587047006	1.0001247256081935
6.6192199185346530	1.0000228609095858
6.6237956005685144	1.0000800220210160
6.6309318784329605	0.9998657494214667
6.6357005211913842	0.9999842503289720
6.6397953400024701	0.9999490044760607
6.6436649362124660	1.0000102520177658
6.6475227824413574	0.9999749501259207
6.6514916599151181	1.0000092136588996
6.6557496859165388	0.9999460938457743
6.6626719184813901	1.0001311169373890
6.6673264495228031	1.0000156541454077
6.6713736016568630	1.0000507607042968
6.6752255589086120	0.9999890778219910
6.6790750561933887	1.0000242414433285
6.6830419270728774	0.9999898981942243
6.6872979164313655	1.0000529087507402
6.6942283464572592	0.9998692708885160
6.6989245955235610	0.9999814311864129
6.7030417460809062	0.9999527573265323
6.7069924554377609	1.0000046669884306
6.7109990925274001	0.9999791081347180
6.7152682747099162	1.0000478537861042
6.7222366009036154	0.9998720686707315
6.7271244392655678	0.9999748472850838
6.7316980827209143	0.9999187261679494
6.7388229541231466	1.0001353671749496
6.7434965353482355	1.0000110471249983
6.7474550941370195	1.0000586868137928
6.7511536306587363	0.9999786703274803
6.7547813585793639	1.0000393266815475
6.7584181085976072	0.9999750893451514
6.7621078519809430	1.0000257309212308
6.7658926746863841	0.9999832091838748
6.7698334898139718	1.0000134259159048
6.7740814129420786	0.9999486151229207
6.7810220672425006	1.0001269695420620
6.7858392501668199	1.0000229105258414
6.7901759643790385	1.0000374691195402
6.7945583308000641	0.9999558872654297
6.8015553923571312	1.0001417829953441
6.8061621088367783	1.0000148367750339
6.8100910198284046	1.0000613967694452
6.8137749230324873	0.9999797063428670
6.8173944184264688	1.0000403023353124
6.8210257668364767	0.9999753596145539
6.8247117626556912	1.0000260640105125
6.8284939776426095	0.9999832933510113
6.8324332652188176	1.0000134868329171
6.8366807631712794	0.9999486950327061
6.8435849581748194	1.0001338956355461
6.8481594421336922	1.0000129443161387
6.8520971187782260	1.0000580236087651
6.8558113051166494	0.9999813521819371
6.8594779710641962	1.0000360943399063
6.8631771653197067	0.9999798464826588
6.8669629481469201	1.0000195425749889
6.8709042186113942	0.9999875064466388
6.8751513289991770	1.0000512580056382
6.8820584814182162	0.9998654020861125
6.8866265697841298	0.9999862408820509
6.8905606289163002	0.9999407859723043
6.8942701159262869	1.0000177263823880
6.8979345404531758	0.9999627221494710
6.9016304578669416	1.0000191429511500
6.9054153500262823	0.9999793457554426
6.9093546325731543	1.0000114076346345
6.9136024656173367	0.9999476763130672
6.9205116724090416	1.0001327898788102
6.9251096682377318	1.0000138929304607
6.9290837507789629	1.0000552694867577
6.9328475423511726	0.9999844932805011
6.9365828448042741	1.0000310329983699
6.9403820394038496	0.9999858644088161
6.9443269561911176	1.0000149685122606
6.9485765687320633	0.9999494402772996
6.9554821987213673	1.0001344869302766
6.9600474313094436	1.0000128428737680
6.9639748689099497	1.0000586130952700
6.9676800702310633	0.9999811183977847
6.9713393431584061	1.0000364325985416
6.9750327076804179	0.9999797189988605
6.9788142391088472	1.0000196397212511
6.9827529406389299	0.9999875222402301
6.9869993554428742	1.0000511737034361
6.9939337894984099	0.9998704068975112
6.9986710925513496	0.9999789723837144
7.0028700434383300	0.9999579680999352
7.0069639928931231	1.0000016142194694
7.0112667419480248	0.9999408316210632
7.0182552946344581	1.0001247330816625
7.0231498972670101	1.0000229615552880
7.0277241009405778	1.0000798604167151
7.0348599534887448	0.9998653249599651
7.0396081193174389	0.9999845666240385
7.0436821166274015	0.9999481757871201
7.0475347749493853	1.0000105360142695
7.0513802854489462	0.9999746493642445
7.0553417649387393	1.0000091349561979
7.0595977727478711	0.9999463018569017
7.0665548590647118	1.0001248614277547
7.0714349461289236	1.0000234284984559
7.0760044857062967	1.0000799698046818
7.0831441322241897	0.9998667881198704
7.0879378596603138	0.9999827569827372
7.0920845892428090	0.9999529349523446
7.0960410185011282	1.0000051840081439
7.1000471211346063	0.9999792448643139
7.1043166812702783	1.0000477519495403
7.1112088442992958	0.9998571181700917
7.1155847052438261	0.9999934809965128
7.1192700482918205	0.9999227475376740
7.1227010301932498	1.0000341427625263
7.1260490143351145	0.9999386942513253
7.1293712010015060	1.0000446452487186
7.1326931961413633	0.9999460664557832
7.1360224636874259	1.0000465565104621
7.1393660489348818	0.9999504354827518
7.1427257765585663	1.0000452490258904
7.1461069380947579	0.9999542400607156
7.1495118867867529	1.0000421310741947
7.1529472774679199	0.9999587238579114
7.1564180043301944	1.0000372384029292
7.1599345395503535	0.9999649630138236
7.1635079180825878	1.0000296439209331
7.1671589647068137	0.9999747094416924
7.1709175351833991	1.0000174375450952
7.1748446952961560	0.9999862612169379
7.1790875958883342	1.0000502042123913
7.1860217562856947	0.9998699361980607
7.1907430387504121	0.9999789928929028
7.1949279362731344	0.9999575847316370
7.1990132304656784	1.0000014684394585
7.2033136251286161	0.9999410407056416
7.2102411094543868	1.0001363719673961
7.2147195132490705	1.0000084072415236
7.2185284175049507	1.0000660243115385
7.2221033658920533	0.9999739368368197
7.2256187247990704	1.0000461418897575
7.2291443706042440	0.9999693791803453
7.2327152935060193	1.0000328537380936
7.2363604521613052	0.9999759925862081
7.2401135700838415	1.0000184346439964
7.2440370495691573	0.9999867326855472
7.2482790394074463	1.0000503048867966
7.2552249634622328	0.9998720134354412
7.2600150830806838	0.9999760434407973
7.2643348820211413	0.9999613727610877
7.2687113423405147	1.0000423549968409
7.2756959455801491	0.9998538042138874
7.2801769331496624	0.9999876772354144
7.2839706275083600	0.9999294888811777
7.2875244104264230	1.0000248613627523
7.2910212303034534	0.9999510067678056
7.2945289372420348	1.0000298876018543
7.2980862573102296	0.9999652229421431
7.3017190087007577	1.0000231468186118
7.3054644894366252	0.9999802437662849
7.3093819155141633	1.0000121283585099
7.3136235338017466	0.9999487353353256
7.3205549947922623	1.0001294150118565
7.3252599413761734	1.0000197438918255
7.3294274896161840	1.0000417673156528
7.3335036506965414	0.9999976205811959
7.3378002471244130	1.0000576724762176
7.3443901089796855	0.9998006853973216
7.3475262826744370	1.0000561393844101
7.3502055263471249	0.9998413977999162
7.3528434744991111	1.0000820751581352
7.3555302674112388	0.9998795172778004
7.3582755801934780	1.0000840368325594
7.3610788602092256	0.9999014214495161
7.3639314125915254	1.0000809789954939
7.3668298955419083	0.9999142321051623
7.3697675152590234	1.0000764208661865
7.3727427136576118	0.9999225933497454
7.3757507643605669	1.0000715935435680
7.3787915098949544	0.9999288050407691
7.3818616182074637	1.0000668766244794
7.3849619456523348	0.9999339978577472
7.3880901929902389	1.0000622849241798
7.3912480735445953	0.9999387811904057
7.3944342259874629	1.0000576745247403
7.3976512697464241	0.9999435604308512
7.4008989309379034	1.0000528057810794
7.4041810448370482	0.9999487103575483
7.4074989333955292	1.0000473181209282
7.4108584576705292	0.9999547219765625
7.4142638307283564	1.0000406051608530
7.4177250458754473	0.9999624427117277
7.4212528007121215	1.0000314756617610
7.4248677718405798	0.9999735753968532
7.4286000333864823	1.0000179254934967
7.4325113583619000	0.9999862855173036
7.4367500055672746	1.0000496525345188
7.4435389878708378	0.9998420387884873
7.4474516268645816	1.0000128533891144
7.4507032573885050	0.9998910234446664
7.4537638869646683	1.0000550169166877
7.4567863210287300	0.9999122970262058
7.4598124064770390	1.0000641401060313
7.4628582935343308	0.9999241043001069
7.4659250502119070	1.0000649924524714
7.4690153083737973	0.9999309627091985
7.4721267215515521	1.0000631675090788
7.4752608056677561	0.9999356695817837
7.4784154733352182	1.0000603961888885
7.4815925201418212	0.9999395351609857
7.4847904463328749	1.0000572187795935
7.4880115592154075	0.9999431854052637
7.4912550443728820	1.0000537232816789
7.4945239129967192	0.9999469940281251
7.4978182734501342	1.0000497841126348
7.5011422208634553	0.9999512980909011
7.5044973422955454	1.0000451033261131
7.5078896627801939	0.9999565562835439
7.5113235647455232	1.0000391129016903
7.5148091211128962	0.9999635902374631
7.5183570847723349	1.0000306460914741
7.5219881072937449	0.9999740866988328
7.5257321033609212	1.0000176985223892
7.5296504922334666	0.9999862685372332
7.5338910302433257	1.0000498922998304
7.5407754442684221	0.9998601655435444
7.5451728901480726	0.9999919050043140
7.5489111377636302	0.9999283658892690
7.5524207203979445	1.0000278862661205
7.5558742024635448	0.9999483065636802
7.5593332209504434	1.0000335181409032
7.5628306093283006	0.9999608101850392
7.5663845969583541	1.0000287982021221
7.5700192691699986	0.9999732016695894
7.5737654473847504	1.0000171338295420
7.5776850856324272	0.9999859792622787
7.5819259552154010	1.0000497838673352
7.5888724993801073	0.9998718259955608
7.5936580564710070	0.9999759625610402
7.5979746415874274	0.9999613046237206
7.6023502278310326	1.0000422061937784
7.6094025549990025	0.9998660134381246
7.6143105084078586	0.9999727517585625
7.6188918409647357	0.9999179375256364
7.6260671732484946	1.0001289732968128
7.6309689168135497	1.0000211801569665
7.6353266628561407	1.0000371140995354
7.6397174867007571	0.9999559432212194
7.6467105158392341	1.0001453238487501
7.6512027764814974	1.0000115561673608
7.6550040239250228	1.0000689825844242
7.6585668052106852	0.9999745022248633
7.6620707817176168	1.0000474463449913
7.6655868677989476	0.9999694135387364
7.6691502462345271	1.0000333928560992
7.6727896677806928	0.9999759765102038
7.6765387425351603	1.0000185943445399
7.6804598185275204	0.9999867885458110
7.6847011563501528	1.0000502522375792
7.6916028501056015	0.9998636005133746
7.6961051083442920	0.9999877442382983
7.6999729677104174	0.9999374505002581
7.7036265348474480	1.0000193846972880
7.7072457216749095	0.9999607151548047
7.7109063552466015	1.0000199563570067
7.7146656618889375	0.9999787518143484
7.7185895667004711	1.0000112955860381
7.7228332389374650	0.9999481505205130
7.7296831248226754	1.0001445578834511
7.7339125372020598	0.9999993268116063
7.7374517921550030	1.0000856951397303
7.7407539742360427	0.9999574921498233
7.7439819016149452	1.0000693344633242
7.7471906256898464	0.9999465965579113
7.7503983389175550	1.0000617231468729
7.7536125137963676	0.9999438722750350
7.7568338249115207	1.0000580065950955
7.7600642510534357	0.9999437146896724
7.7633022327384351	1.0000558783513396
7.7665492174619990	0.9999444031199669
7.7698033905715116	1.0000543849137977
7.7730662283236081	0.9999453595392670
7.7763359427774983	1.0000531499750973
7.7796140906429123	0.9999463939451250
7.7828989637872636	1.0000520183106163
7.7861922071929559	0.9999474561278019
7.7894922168055611	1.0000509139420852
7.7928007421986694	0.9999485499047425
7.7961163122357187	1.0000497848536689
7.7994408133759592	0.9999497049744439
7.8027729523566274	1.0000485794530942
7.8061148078972016	0.9999509708790436
7.8094653379930792	1.0000472328441090
7.8128269064907316	0.9999524215606900
7.8161988461114431	1.0000456530593800
7.8195839659896649	0.9999541688482561
7.8229821913861013	1.0000436999498272
7.8263970695155312	0.9999563899129367
7.8298295303623586	1.0000411452383737
7.8332844444351792	0.9999593844894359
7.8367646022361681	1.0000375854901520
7.8402775342842146	0.9999637068098998
7.8438299534822269	1.0000322310747471
7.8474356028766588	0.9999705088233853
7.8511114346571391	1.0000234027486841
7.8548899982815792	0.9999818348537072
7.8588279008984552	1.0000126819429269
7.8630749420496722	0.9999482921539152
7.8700238493304022	1.0001252271119334
7.8749048800931085	1.0000236181452424
7.8794744896567668	1.0000802115547480
7.8866058217072199	0.9998658339696477
7.8913669185284681	0.9999844132966770
7.8954551074994139	0.9999488025229765
7.8993196724030001	1.0000103432453813
7.9031739959169851	0.9999748762282495
7.9071407975848427	1.0000091972445648
7.9113982504492846	0.9999461590915563
7.9183459685505593	1.0001264292057479
7.9231655296159813	1.0000226099149112
7.9275029937487238	1.0000373286467736
7.9318856310839001	0.9999558212760848
7.9389306183974870	1.0001330437984395
7.9438576687224227	1.0000259733239734
7.9484422519687996	1.0000818283511377
7.9556126865486814	0.9998709828589967
7.9606918069088799	1.0000288155485266
7.9681876099999522	0.9998282196381107
7.9731062360134031	0.9999743134426428
7.9771897113122003	0.9999367531821266
7.9809646659111744	1.0000142049011289
7.9846615532686167	0.9999618393589860
7.9883754432704768	1.0000180722331182
7.9921711044637416	0.9999791093940691
7.9961162273316280	1.0000112650246153
8.0003657531981105	0.9999474685422028
8.0072975992479414	1.0001284403460369
8.0120497724781767	1.0000200714341634
8.0162592779180155	1.0000407485344784
8.0203614062001201	0.9999972763254830
8.0246650390239740	1.0000583770484128
8.0316534062652618	0.9998743593400625
8.0365519973453665	0.9999761757073240
8.0411289743200332	0.9999191645885086
8.0482690846507818	1.0001331974003436
8.0530379895499955	1.0000147877966454
8.0571319419284304	1.0000499304260269
8.0610034241851825	0.9999887888931974
8.0648614068643223	1.0000240186912237
8.0688319496460785	0.9999897854233762
8.0730891282927146	1.0000529404115825
8.0799859579776250	0.9998629201442382
8.0844723647331076	0.9999904129271885
8.0882842335285812	0.9999316743020401
8.0918365455035328	1.0000283264492256
8.0952983207755782	0.9999466964468240
8.0987268846039662	1.0000387508149580
8.1021474318033562	0.9999524814399318
8.1055663393302417	1.0000416378442005
8.1089887451050657	0.9999549180403648
8.1124141689113340	1.0000421877797123
8.1158448607570417	0.9999561680970912
8.1192795269989606	1.0000419398911673
8.1227200703129085	0.9999570490823241
8.1261652379469886	1.0000413628690772
8.1296170451330401	0.9999578854046656
8.1330744688588883	1.0000405665107532
8.1365398244626626	0.9999588478482054
8.1400124874409823	1.0000395115294509
8.1434953045953264	0.9999600932909308
8.1469883435749537	1.0000380550199859
8.1504954007805619	0.9999618467921272
8.1540178192583177	1.0000359167799233
8.1575612123011698	0.9999645030530060
8.1611295000046766	1.0000325538137380
8.1647321976488030	0.9999688438466582
8.1683792632147600	1.0000268208854715
8.1720903649104599	0.9999765527104826
8.1758937900893240	1.0000166343796566
8.1798483728923710	0.9999862044409183
8.1840986720448576	1.0000511452918315
8.1910072701163870	0.9998664546290119
8.1956270548477477	0.9999852587430970
8.1996094523841023	0.9999425864286762
8.2033510717489708	1.0000177731931836
8.2070260635344514	0.9999617999382507
8.2107042207647147	1.0000222699853472
8.2144301926287469	0.9999743242969068
8.2182409278957778	1.0000152796683630
8.2221991570657753	0.9999854862734293
8.2264505305818503	1.0000508634613385
8.2333830870069118	0.9998708134117568
8.2381618966746561	0.9999785453040048
8.2423985015121932	0.9999587839872182
8.2465160073710901	1.0000019112861471
8.2508251808705726	0.9999402113460251
8.2577634077180271	1.0001331788625598
8.2623670266380795	1.0000112887187744
8.2662974940937186	1.0000602332426620
8.2699643597753436	0.9999757938109246
8.2735350840172810	1.0000450856523921
8.2770732616009521	0.9999663320876644
8.2806034330617102	1.0000392253373338
8.2841374365505285	0.9999643404870543
8.2876795859865524	1.0000361123407087
8.2912354613507606	0.9999651279843780
8.2948078692381504	1.0000332648386350
8.2984039026948917	0.9999677599657719
8.3020296467307340	1.0000291757534390
8.3056980921866259	0.9999729111607520
8.3094251974601256	1.0000219159395547
8.3132422054365609	0.9999825302969361
8.3172036847724975	1.0000127518740747
8.3214571236500596	0.9999475061097106
8.3283599924362619	1.0001328208641096
8.3329796317379543	1.0000129884279747
8.3369462190761201	1.0000580154308696
8.3406568223207316	0.9999783091883824
8.3442765738844926	1.0000418788625833
8.3478700757082152	0.9999698129483179
8.3514643751967252	1.0000348426502639
8.3550751146884696	0.9999695110234138
8.3587121305970253	1.0000294687586884
8.3623895346248158	0.9999736033894830
8.3661237810051734	1.0000219333420786
8.3699460774079721	0.9999827343989722
8.3739108071528090	1.0000128211105968
8.3781651312667744	0.9999474274675123
8.3850705373576915	1.0001322110876207
8.3897134569697425	1.0000137543852705
8.3937099719720170	1.0000562006684626
8.3974543942045976	0.9999800802738579
8.4011129639703661	1.0000392410282024
8.4047529060566859	0.9999727829046531
8.4084052063731711	1.0000307682467857
8.4120915851201747	0.9999747007432988
8.4158317977201076	1.0000222964138550
8.4196580574902811	0.9999830598545630
8.4236251249149685	1.0000129713820503
8.4278800950708206	0.9999474270700807
8.4347828616004286	1.0001326490997080
8.4394131305410394	1.0000130828439466
8.4433878354614524	1.0000578608310440
8.4471009432153146	0.9999779395114590
8.4507160699393413	1.0000426450039728
8.4542960608266053	0.9999683597958696
8.4578653899061802	1.0000371246149478
8.4614359409140469	0.9999661261301883
8.4650119944842146	1.0000343876356943
8.4685990951261552	0.9999666006187876
8.4721999400701140	1.0000319285684429
8.4758215206073828	0.9999688615759242
8.4794697566770019	1.0000282585797891
8.4831574599174591	0.9999735837628421
8.4869003133074017	1.0000214658840474
8.4907291738185133	0.9999827238314751
8.4946979591589677	1.0000127661933966
8.4989533957985763	0.9999472564100652
8.5058703725343410	1.0001298414157438
8.5105985930873373	1.0000171364065740
8.5147235591181794	1.0000477876509242
8.5186406754567567	0.9999902247939396
8.5225386178211853	1.0000231286458152
8.5265349720309551	0.9999896129236771
8.5307990203165556	1.0000537696442737
8.5377357076215930	0.9998716934080727
8.5425411394981161	0.9999787305382321
8.5468004354561220	0.9999594223834112
8.5509319401891180	1.0000021896792612
8.5552449869572982	0.9999399052846352
8.5622202914929435	1.0001258635564780
8.5670973741195873	1.0000220332880383
8.5714711622744471	1.0000369097586339
8.5758640721197086	0.9999544948144513
8.5828668820978429	1.0001396260797335
8.5875659907512052	1.0000163147739178
8.5915834928232790	1.0000576878481502
8.5953311703258972	0.9999802679709467
8.5989826144954549	1.0000405754750121
8.6026068137765819	0.9999716490148073
8.6062339614996333	1.0000329117484472
8.6098827858374847	0.9999719839186284
8.6135672285027063	1.0000263375520628
8.6173079538588269	0.9999778128827377
8.6211333415001654	1.0000165066714022
8.6251013430516164	0.9999862988332201
8.6293553199484840	1.0000516655243958
8.6362620172407478	0.9998667457650934
8.6409000979551607	0.9999853608612871
8.6448920760040711	0.9999423585649519
8.6486283966806372	1.0000192396219196
8.6522794773336518	0.9999591812238579
8.6559096395997877	1.0000265766706404
8.6595537542230954	0.9999677124412314
8.6632307159455131	1.0000245460763233
8.6669642388134935	0.9999763798982968
8.6707836456123104	1.0000159607675077
8.6747478826061890	0.9999859533108715
8.6790008280426676	1.0000513472467014
8.6859005994031016	0.9998651706747042
8.6904853119134593	0.9999872157039825
8.6944072160638637	0.9999379591560472
8.6980643087727660	1.0000234475089991
8.7016260828609422	0.9999531123832941
8.7051533318306262	1.0000330310739767
8.7086753491020179	0.9999593182329946
8.7122028619305762	1.0000345066717071
8.7157462044169840	0.9999634009042745
8.7193113406643388	1.0000323450342925
8.7229092723474402	0.9999682554270169
8.7265509092229614	1.0000269134049116
8.7302567852301731	0.9999762714633701
8.7340558885531969	1.0000166623296174
8.7380077078554770	0.9999861761381493
8.7422572783643577	1.0000510278768060
8.7491894604517171	0.9998707238248766
8.7539567665669544	0.9999786879245324
8.7581826777611980	0.9999585616398045
8.7622933884820657	1.0000018318607882
8.7666007193253481	0.9999403931587604
8.7735453645681662	1.0001322580347207
8.7781761286657112	1.0000130485346361
8.7821586560444960	1.0000558391943404
8.7859072386780852	0.9999820058961292
8.7896003463375720	1.0000349001156381
8.7933196536524179	0.9999802035803911
8.7971198290944681	1.0000191875630491
8.8010697336507384	0.9999874241919982
8.8053192008847621	1.0000515163513577
8.8122526511862489	0.9998707165158854
8.8170093827423219	0.9999788546283185
8.8212254940675070	0.9999583768567548
8.8253300354935860	1.0000017712630893
8.8296356850378164	0.9999405675545913
8.8366141803599714	1.0001262264646296
8.8414558628416824	1.0000221434365981
8.8458036547653265	1.0000371149914959
8.8501895043020369	0.9999554885535642
8.8572024210414213	1.0001389726964991
8.8619093966175644	1.0000185659057192
8.8659784764055445	1.0000521151024113
8.8698392627951641	0.9999898542783946
8.8736924019490822	1.0000246475427992
8.8776606934330911	0.9999901037510579
8.8819171914784576	1.0000530348541270
8.8888029714953021	0.9998608893820355
8.8932238779347781	0.9999928382473898
8.8969600300281471	0.9999267330802143
8.9004384900613456	1.0000320484490275
8.9038305447429948	0.9999420505898472
8.9071945979312908	1.0000422076052573
8.9105572499809540	0.9999490310848635
8.9139268153801954	1.0000439520559365
8.9173110009085121	0.9999532961722418
8.9207123766867564	1.0000424512313915
8.9241370432952642	0.9999572521871003
8.9275884797197609	1.0000389625311803
8.9310748754599327	0.9999622338446308
8.9346034662307687	1.0000332692878502
8.9381884916657430	0.9999696501162343
8.9418473941322389	1.0000239151807604
8.9456132605118626	0.9999815910513351
8.9495434022784082	1.0000126605169029
8.9537883571653705	0.9999485533876115
8.9606851063762392	1.0001353977405472
8.9652004773392004	1.0000109558879000
8.9690681803636227	1.0000622319366648
8.9727087256212634	0.9999776719513463
8.9762952083831333	1.0000413519676512
8.9799006885627382	0.9999743234810820
8.9835666213419803	1.0000265953297260
8.9873342644340060	0.9999830021706629
8.9912647733997311	1.0000134448430924
8.9955098901409105	0.9999489726206533
9.0024317566624745	1.0001309508365250
9.0070997791557854	1.0000174498573322
9.0111884255676351	1.0000472682121804
9.0151197173866660	0.9999942398533405
9.0191132735292481	1.0000199466375266
9.0233801079943898	0.9999515046219637
9.0302977936947695	1.0001363944020361
9.0348477659813682	1.0000128629236313
9.0387550291849887	1.0000600193653228
9.0424416776388448	0.9999806944426031
9.0460854243639215	1.0000372162502111
9.0497664596274578	0.9999794809898852
9.0535389810844205	1.0000198757773295
9.0574722370801020	0.9999875764676991
9.0617171816686781	1.0000510112950458
9.0686224633222920	0.9998646843464158
9.0731618864041419	0.9999868984460994
9.0770669588521908	0.9999393609613476
9.0807519232180578	1.0000184415157929
9.0843965088426746	0.9999618561628427
9.0880769562913244	1.0000194919803929
9.0918506272722546	0.9999790859841081
9.0957831590331253	1.0000113554384644
9.1000291609040591	0.9999478813005082
9.1069271691061928	1.0001351779243315
9.1114423705798444	1.0000108726257522
9.1153103987209665	1.0000621258155802
9.1189517479578246	0.9999776991586126
9.1225393035862972	1.0000412626524324
9.1261459416770752	0.9999743641827532
9.1298129573479354	1.0000265453314183
9.1335814763506189	0.9999830126956349
9.1375125369941976	1.0000134406957133
9.1417577981780642	0.9999489498587663
9.1486318371847997	1.0001398921360261
9.1530114234085751	1.0000052858963957
9.1567074875196770	1.0000746891432841
9.1601547122133464	0.9999656149325797
9.1635188390942801	1.0000588108967547
9.1668590175000269	0.9999552930089312
9.1701966065709897	1.0000517473497117
9.1735412289044795	0.9999531050612276
9.1768954795506250	1.0000479673634626
9.1802630851208562	0.9999537232893446
9.1836445354276535	1.0000451229943135
9.1870435256318643	0.9999556724178779
9.1904611411396200	1.0000421346465656
9.1939023277390248	0.9999587030776238
9.1973699695533391	1.0000382895641347
9.2008716667776174	0.9999631811806724
9.2044142294638078	1.0000326883752635
9.2080114872266794	0.9999701916344577
9.2116805132696609	1.0000236167600329
9.2154540078289671	0.9999817457077310
9.2193888210678256	1.0000126765462796
9.2236350282080899	0.9999483973696309
9.2305156713250334	1.0001381972604038
9.2349450339700034	1.0000069539501530
9.2386946652995476	1.0000711344048245
9.2421920321062654	0.9999681549506122
9.2456032569757109	1.0000554430300190
9.2489887236361579	0.9999580433926217
9.2523708663499029	1.0000485872337117
9.2557601486287471	0.9999560344920144
9.2591600119477828	1.0000447711781804
9.2625750677348559	0.9999569599557556
9.2660069336158060	1.0000415862771224
9.2694607082764211	0.9999595031007346
9.2729394223509196	1.0000378087096027
9.2764507358481101	0.9999636835898987
9.2800015108711698	1.0000323590148714
9.2836056008868688	0.9999704668314471
9.2872800733595113	1.0000234634719729
9.2910575758664553	0.9999818239820748
9.2949948187115652	1.0000126865334373
9.2992416841737668	0.9999483185615042
9.3061158862311544	1.0001392951143866
9.3105129480130220	1.0000054661996156
9.3142209330027690	1.0000742926044226
9.3176716784797105	0.9999651199366069
9.3210310157705951	1.0000596499097847
9.3243582534880893	0.9999537623242399
9.3276746045001087	1.0000538339643443
9.3309893611709178	0.9999503868601439
9.3343045613259630	1.0000513672231874
9.3376232005482578	0.9999496206660915
9.3409447315280705	1.0000500465422972
9.3442715094258570	0.9999498652700732
9.3476027443679666	1.0000489944105055
9.3509409063838298	0.9999506277259674
9.3542853726537416	1.0000478472862446
9.3576388915054789	0.9999517920368278
9.3610011822573611	1.0000464106897593
9.3643754284808214	0.9999533991894480
9.3677619152260352	1.0000445136960101
9.3711645447324283	0.9999555954241136
9.3745845773693564	1.0000419242322729
9.3780272099254915	0.9999586619932352
9.3814955345321938	1.0000382465593545
9.3849973654821888	0.9999631375337060
9.3885396927657840	1.0000327033845264
9.3921365129746857	0.9999701564049879
9.3958050389874366	1.0000236340310620
9.3995780906551651	0.9999817340029592
9.4035126141247236	1.0000126751430505
9.4077587473536894	0.9999484070938867
9.4146340381818643	1.0001392152743467
9.4190321016573080	1.0000057138525646
9.4227451117096077	1.0000736887498876
9.4262052917041146	0.9999660361030525
9.4295788642469898	1.0000582595762275
9.4329256649648521	0.9999555010248748
9.4362675782208534	1.0000515478563854
9.4396146299577950	0.9999531266927876
9.4429697466546401	1.0000479898423205
9.4463369448530177	0.9999536123396233
9.4497169758175108	1.0000452710399739
9.4531137754035850	0.9999554876465423
9.4565286492491474	1.0000423356708041
9.4599667472364306	0.9999584991567771
9.4634311391311279	1.0000384875628594
9.4669295936087341	0.9999630042705685
9.4704690759325363	1.0000328407023165
9.4740635537449744	0.9999700769131088
9.4777302303886586	1.0000236941672416
9.4815019295530067	0.9999817127517754
9.4854356363158860	1.0000126749649378
9.4896815478182983	0.9999484356278047
9.4965630376554646	1.0001380920228926
9.5009951750704271	1.0000071853170862
9.5047504133932268	1.0000705817534270
9.5082565508582686	0.9999689214609405
9.5116804270954614	1.0000542512113442
9.5150833692152048	0.9999595574445771
9.5184889987103851	1.0000465211079423
9.5219092274071127	0.9999586230135260
9.5253493886867258	1.0000414186058955
9.5288165913230873	0.9999611686541540
9.5323159526412446	1.0000362060682009
9.5358576821254211	0.9999663578966856
9.5394525776989543	1.0000289163783740
9.5431211042743573	0.9999753272639246
9.5468926918461445	1.0000172321251346
9.5508277772250647	0.9999862613600491
9.5550728077582114	1.0000504823870977
9.5619748271719889	0.9998642808110226
9.5665103899778376	0.9999873426470799
9.5704026810682183	0.9999379816109338
9.5740635787890955	1.0000204814519171
9.5776691165028769	0.9999584780859638
9.5812890049505661	1.0000240928252293
9.5849680060185971	0.9999727463639014
9.5887438169317214	1.0000157777145029
9.5926807265479024	0.9999854686687586
9.5969263199127077	1.0000501013641867
9.6038157039254752	0.9998616828129142
9.6082737337889625	0.9999905455242865
9.6120634468924866	0.9999306462407885
9.6156044357927950	1.0000278757612848
9.6190673588568654	0.9999475439598094
9.6225116126539376	1.0000364709908556
9.6259655806404592	0.9999559730009209
9.6294399926725749	1.0000363423256315
9.6329460446172899	0.9999623258141783
9.6364915934604358	1.0000320055042520
9.6400911061552339	0.9999699417849142
9.6437617907536222	1.0000233872822148
9.6475364752497921	0.9999816648112148
9.6514719899075594	1.0000126236000471
9.6557183929593364	0.9999483458085876
9.6626147284689008	1.0001352161397561
9.6671386014427068	1.0000108720913745
9.6710091821110922	1.0000625322377448
9.6746434671988002	0.9999765692548926
9.6782119561160904	1.0000432958896772
9.6817838239027321	0.9999712652077374
9.6853937906810099	1.0000311860289504
9.6890704778333667	0.9999768902262099
9.6928469631504974	1.0000179502877538
9.6967846472153987	0.9999866707117268
9.7010304526893858	1.0000507719564597
9.7079742600180676	0.9998722885348306
9.7127849717497128	0.9999760985960090
9.7171196165950153	0.9999615120315316
9.7215000711335335	1.0000429423101587
9.7284992049107739	0.9998571652972266
9.7330974358047406	0.9999842008813946
9.7370213212577674	0.9999372844890271
9.7406998344741904	1.0000193308314218
9.7443168689994337	0.9999584892805490
9.7479449947593544	1.0000236248041294
9.7516301469064359	0.9999728138512226
9.7554103400272769	1.0000156474605664
9.7593498781050485	0.9999854354631522
9.7635961846397716	1.0000501771365224
9.7705302298763392	0.9998701834957725
9.7752735321199360	0.9999787621949080
9.7794780251716027	0.9999580229433872
9.7835754469434679	1.0000016224473500
9.7878791382221468	0.9999407225159792
9.7948054473338395	1.0001361318543665
9.7992985889712312	1.0000080857121898
9.8031080652746905	1.0000671149614004
9.8066627998166140	0.9999710733002707
9.8101324308750986	1.0000510181784616
9.8135802438103319	0.9999621446412326
9.8170310906774532	1.0000434164247527
9.8204978982800331	0.9999615358209896
9.8239870763248955	1.0000381503650466
9.8275072208370950	0.9999645840584445
9.8310656463050847	1.0000322974246663
9.8346762130141308	0.9999708745399803
9.8383559646989411	1.0000233903959477
9.8421374056389226	0.9999819450590215
9.8460770576682286	1.0000127195015294
9.8503245714346672	0.9999482520999665
9.8572341687078158	1.0001325558612568
9.8618490918875370	1.0000143883221977
9.8658412955576900	1.0000544791058119
9.8696208680963835	0.9999849397940959
9.8733688984631129	1.0000305948970698
9.8771775077342632	0.9999859855593149
9.8811281316737638	1.0000149586240035
9.8853792924613124	0.9999492400396631
9.8923038502949741	1.0001306803202805
9.8970018066587535	1.0000179813463073
9.9011187788984767	1.0000463859288813
9.9050712857525340	0.9999943994537551
9.9090775629191370	1.0000198801640066
9.9133478892368228	0.9999510441193847
9.9202946304090052	1.0001304372868247
9.9250564015105791	1.0000208245632851
9.9292702467697218	1.0000411003305458
9.9333741832665083	0.9999974264572908
9.9376784193439267	1.0000584639658057
9.9446671174796109	0.9998743524289312
9.9495661430183766	0.9999761695445403
9.9541432421221980	0.9999191468712293
9.9612903041304310	1.0001319777596731
9.9661034404844457	1.0000165192200956
9.9702670410094463	1.0000454525060789
9.9742383580983525	0.9999938952291529
9.9782520368540251	1.0000196562524901
9.9825249062927348	0.9999508125017187
9.9894822682090183	1.0001286603800101
9.9943127016848230	1.0000234904162559
9.9986557767072313	1.0000377784638808
