0.0000000000000000	0.0000000000000000
6.0306954590080677	0.0010000000000000
6.0348717041711044	0.0008743731507507
6.0380592815752889	0.0010996310903304
6.0412532381960711	0.0010178612406229
6.0445584478048708	0.0012137144994372
6.0479686533603072	0.0012008140097246
6.0514557801444884	0.0014041537942363
6.0550009978214305	0.0014463677599027
6.0585868273670211	0.0016818535779745
6.0622067603375882	0.0017813833059737
6.0658513370075937	0.0020653861489688
6.0695208267183585	0.0022323499522638
6.0732084179918608	0.0025810638170302
6.0769181569031456	0.0028310293107645
6.0806433478889907	0.0032639047725531
6.0843910278889419	0.0036184093235695
6.0881533191008925	0.0041605823201102
6.0919403348869858	0.0046488515628998
6.0957419823063690	0.0053337359859075
6.0995719244347182	0.0059952074141738
6.1034167718849570	0.0068676846811198
6.1072945371104144	0.0077554624491702
6.1111872643313152	0.0088760088814012
6.1151184971052803	0.0100615818994753
6.1190641302276720	0.0115117375071620
6.1230548897462587	0.0130914178021972
6.1270584856180195	0.0149810852134040
6.1311150550559326	0.0170847331696881
6.1351814872716721	0.0195618635628273
6.1393102496489353	0.0223645443689951
6.1434440437905486	0.0256277676380263
6.1476513479743797	0.0293649345606327
6.1518565345801850	0.0336795092547698
6.1561484520517844	0.0386659061377342
6.1604284310371193	0.0443827782472979
6.1648102500356261	0.0510340093474782
6.1691676936400617	0.0586103852338431
6.1736428942559574	0.0674630436778353
6.1780797313072258	0.0774800272539061
6.1826480825619319	0.0891999182691477
6.1871657019896293	0.1023678963383699
6.1918203361771642	0.1177256712036829
6.1964199357056255	0.1348602007478661
6.2011434684394038	0.1546409235220068
6.2058266527085912	0.1765843959065506
6.2105887644382625	0.2014029992167772
6.2153601172824393	0.2288742805517611
6.2201257432940897	0.2589407765340046
6.2249491050908281	0.2919978893263749
6.2297590460100469	0.3274263207288480
6.2346963278441248	0.3661261189213814
6.2418430625346470	0.4255264186125932
6.2456478543665011	0.4585905730538536
6.2496861780656525	0.4940098732237643
6.2544833109401141	0.5364332608465674
6.2594363810222502	0.5795928500614267
6.2760142767145943	0.7152799871902312
6.2801141082519614	0.7444757322330565
6.2874221497508920	0.7915219601732009
6.2922904356452678	0.8194631086203825
6.2969848883333004	0.8435765320914118
6.3014243875814602	0.8639902101238333
6.3065630036493019	0.8844079583213158
6.3140796723776864	0.9104527388235494
6.3186750926744919	0.9232853287418491
6.3221933356598745	0.9321425308690968
6.3256491910095836	0.9397354442514355
6.3291064289257637	0.9466876631065204
6.3326782506318438	0.9529409946098052
6.3362597588649185	0.9586316049485023
6.3399174501644460	0.9636480168183467
6.3435538543631136	0.9681644864365213
6.3472305946955325	0.9720682611509336
6.3508704562058567	0.9755849220940915
6.3545284568314022	0.9785709755932036
6.3581472417688305	0.9812879816309786
6.3617761721412505	0.9835562268034717
6.3653766805882483	0.9856572946720282
6.3689957963654145	0.9873856133149782
6.3726119259871332	0.9890211797014782
6.3762734129569667	0.9903567465172154
6.3799764157182830	0.9916403033153762
6.3837824415781146	0.9927032526441034
6.3877299679036845	0.9937257340530465
6.3919925053880515	0.9945801489141997
6.3987785262599246	0.9959632156902801
6.4037531375191739	0.9965658826278339
6.4083453544548723	0.9971785737182309
6.4153267991897813	0.9976081752333994
6.4201247086388618	0.9981094063452088
6.4241403677625932	0.9983247630789539
6.4278803551135466	0.9986113009442426
6.4315812839838191	0.9987425457326942
6.4353466640218198	0.9989507571948940
6.4392726982651496	0.9990660435190745
6.4435162876462666	0.9992648135868900
6.4505005867057337	0.9992685631577098
6.4552607469627814	0.9994707512623396
6.4595612484707967	0.9995310661434827
6.4639323212365740	0.9996756921084863
6.4709301417505660	0.9995717093216190
6.4753496773424004	0.9997508823077090
6.4790892184319855	0.9997192328986060
6.4825967724098028	0.9998452430566661
6.4860499145238464	0.9997881425415085
6.4895104720129329	0.9998926723615131
6.4930109792392026	0.9998377635379595
6.4965688238170687	0.9999207140291102
6.5002074205067215	0.9998792440909761
6.5039568812746422	0.9999352757247473
6.5078786750974311	0.9999153486858114
6.5121201413429333	0.9999895548038018
6.5190397261164534	0.9998200008897005
6.5236409932864508	0.9999445726808132
6.5276423575672275	0.9999125155968598
6.5314576374459827	0.9999810494856671
6.5352830013867109	0.9999486818734356
6.5392342148131863	0.9999869721143800
6.5434871943987405	0.9999277523179060
6.5504152490089202	1.0001158326165518
6.5550876065870343	1.0000051087776531
6.5591800403219249	1.0000365901775152
6.5631144271946615	0.9999852320035751
6.5671099257429342	1.0000121845657344
6.5713772673124202	0.9999448445483725
6.5783088946831700	1.0001286053868115
6.5829503465850667	1.0000121059733573
6.5869825293704105	1.0000482379330196
6.5908223056503035	0.9999859984399201
6.5946631597186132	1.0000218530944096
6.5986248849162124	0.9999876600086495
6.6028794683591938	1.0000507714906501
6.6098352721177491	0.9998722616239559
6.6148339155927554	1.0000246045605905
6.6222939427729868	0.9998305233191447
6.6271936778717837	0.9999727417017631
6.6312967207452491	0.9999385869604818
6.6351151588368635	1.0000105046545680
6.6388782475776029	0.9999661894004244
6.6426904769018549	1.0000116681211757
6.6466433330502603	0.9999830913798257
6.6508940221306645	1.0000490548638801
6.6578101145021025	0.9998656622081675
6.6624241508987856	0.9999840497340372
6.6664176346556987	0.9999441370268318
6.6701964992613867	1.0000137337733803
6.6739455742899647	0.9999681497896010
6.6777534330954396	1.0000127841598772
6.6817050643474012	0.9999838365554523
6.6859552448735169	1.0000495498679074
6.6928913179189298	0.9998698970751182
6.6976424747394647	0.9999785241545601
6.7018534296815266	0.9999580466205663
6.7059547491820828	1.0000015986294208
6.7102595173772270	0.9999405717506229
6.7172465876565841	1.0001246994085127
6.7221468039791112	1.0000228410626635
6.7267224723728498	1.0000800038351179
6.7338588235858028	0.9998657477692786
6.7386278037419736	0.9999842309365070
6.7427230431604146	0.9999490146538125
6.7465930312707538	1.0000102355991394
6.7504511877786273	0.9999749512901831
6.7544202586285307	1.0000092099848741
6.7586783360968177	0.9999460836678469
6.7656006381334928	1.0001310918721329
6.7702560354101635	1.0000156694763742
6.7743041144561955	1.0000507194123740
6.7781568637182890	0.9999890912959960
6.7820069578037847	1.0000242254210296
6.7859741931619331	0.9999898934809051
6.7902302808380819	1.0000529185105458
6.7971607454674725	0.9998692929423034
6.8018580448159947	0.9999814149848834
6.8059762473364414	0.9999527929826321
6.8099277693616500	1.0000046613327478
6.8139349015095370	0.9999791110498085
6.8182042186030714	1.0000478721758015
6.8251724349767020	0.9998720704199994
6.8300606689471781	0.9999748547317232
6.8346344152232561	0.9999187148383633
6.8417595920795176	1.0001352892735342
6.8464362426763241	1.0000111250543160
6.8503982121254490	1.0000585088997946
6.8540998813181631	0.9999787825548636
6.8577303545971731	1.0000391923798602
6.8613694430699992	0.9999751666890547
6.8650610899539739	1.0000256660896676
6.8688473370145724	0.9999832308118300
6.8727890222142234	1.0000134257887547
6.8770371803369743	0.9999485848637991
6.8839777170146377	1.0001269518842395
6.8887961574616776	1.0000229064556161
6.8931337874837331	1.0000374608262110
6.8975164010337418	0.9999558517180551
6.9045139042719814	1.0001416602159916
6.9091252565228043	1.0000149496021791
6.9130591600732751	1.0000611336432528
6.9167475453392804	0.9999798591633223
6.9203708963213622	1.0000401125086471
6.9240054798760378	0.9999754625401076
6.9276940787819550	1.0000259744908582
6.9314782264694310	0.9999833214361359
6.9354186900021606	1.0000134860365344
6.9396665062389289	0.9999486538077246
6.9465710723968961	1.0001337722781436
6.9511503408043218	1.0000130573097157
6.9550930257728742	1.0000577760896345
6.9588115793411482	0.9999814842831182
6.9624818628284535	1.0000359374321810
6.9661839328229647	0.9999799139316942
6.9699718281177416	1.0000194951486541
6.9739143795359828	0.9999874978474580
6.9781618363611928	1.0000512984559946
6.9850693346042423	0.9998655258177903
6.9896423351811752	0.9999861261721019
6.9935814767581110	0.9999410355329567
6.9972953484391693	1.0000175955487050
7.0009633773590556	0.9999628782573581
7.0046621405332559	1.0000190770830670
7.0084491153578039	0.9999793928675497
7.0123896570684865	1.0000114166253016
7.0166378314097857	0.9999476374977653
7.0235472649173145	1.0001326929984693
7.0281493332658131	1.0000139774261083
7.0321275454767074	1.0000550821971368
7.0358947994167558	0.9999845777403349
7.0396328154521726	1.0000309361621029
7.0434339795057062	0.9999858854606605
7.0473800787377874	1.0000149641857796
7.0516300138672143	0.9999493974387643
7.0585359163651393	1.0001343837613415
7.0631052364233522	1.0000129343334019
7.0670368244995219	1.0000584103739425
7.0707455495044984	0.9999812203610376
7.0744076765876782	1.0000363091669571
7.0781032708381604	0.9999797693471711
7.0818864203448797	1.0000196029488275
7.0858260969703899	0.9999875153053608
7.0900727761859663	1.0000512042298992
7.0970071337405960	0.9998704363975898
7.1017462046428470	0.9999789606061186
7.1059467187587790	0.9999580055569678
7.1100416326954781	1.0000016282271533
7.1143446450849215	0.9999408072899977
7.1213330056005013	1.0001247339559904
7.1262283335987693	1.0000229492848118
7.1308027273282510	1.0000798809258917
7.1379386014267920	0.9998653724030389
7.1426891108007426	0.9999845326531758
7.1467654321281300	0.9999482675295296
7.1506199408769957	1.0000105066510212
7.1544667781618072	0.9999746820309927
7.1584290469454350	1.0000091436775433
7.1626852708359836	0.9999462798250704
7.1696421950923863	1.0001248616151930
7.1745228815140853	1.0000234182958843
7.1790925780558750	1.0000799868488766
7.1862321840986754	0.9998668175461599
7.1910275300492366	0.9999827403951927
7.1951758098113689	0.9999529860781901
7.1991333875144941	1.0000051787098767
7.2031401735497900	0.9999792501279645
7.2074099221958035	1.0000477779221759
7.2143039682764449	0.9998574979907501
7.2186915825459987	0.9999930452668665
7.2223897546803038	0.9999236261732050
7.2258328876177966	1.0000334933647748
7.2291923452377684	0.9999395333422350
7.2325254793261671	1.0000439748051870
7.2358579743769882	0.9999468051758884
7.2391973124761275	1.0000459249522455
7.2425505004627224	0.9999510686818749
7.2459193202518719	1.0000446949622226
7.2493089990542217	0.9999547602755032
7.2527218379229224	1.0000416814988158
7.2561644285129798	0.9999591206865753
7.2596416131263686	1.0000369118079522
7.2631638086333625	0.9999652261805362
7.2667419911362652	1.0000294526430351
7.2703969235651513	0.9999748322419398
7.2741583751693977	1.0000173843239775
7.2780872857468699	0.9999862579264134
7.2823306562552697	1.0000502645544052
7.2892647217929634	0.9998700033831377
7.2939895656889693	0.9999789665216469
7.2981776331336849	0.9999576632079752
7.3022648858852159	1.0000014972315530
7.3065658118666228	0.9999409916294542
7.3134948466111744	1.0001360126807801
7.3179858750843083	1.0000087814453189
7.3218079914063061	1.0000652678608768
7.3253946543567388	0.9999743999625256
7.3289201070905037	1.0000455801867685
7.3324543523320802	0.9999697170160544
7.3360324412871947	1.0000325380612856
7.3396833332851381	0.9999761530832892
7.3434406714992049	1.0000183445482229
7.3473667054924690	0.9999867210571056
7.3516093805973677	1.0000503889800436
7.3585549291549039	0.9998720640838585
7.3633487522460053	0.9999760532448924
7.3676712077499893	0.9999613986829475
7.3720483819603295	1.0000424607757739
7.3790351014303504	0.9998543176433773
7.3835337106768009	0.9999871851138981
7.3873455093047520	0.9999305453568642
7.3909150403079460	1.0000242561288004
7.3944252249863203	0.9999517660507442
7.3979441671661554	1.0000294536675500
7.4015107570164274	0.9999656392701528
7.4051508598851639	1.0000229438170669
7.4089017214569752	0.9999803618971495
7.4128223897608034	1.0000121450762522
7.4170648783119750	0.9999486313152697
7.4239962227014971	1.0001292917455562
7.4287076995010102	1.0000197959203256
7.4328809935297997	1.0000416239543173
7.4369606819744432	0.9999975699011063
7.4412582327423440	1.0000577631462710
7.4478675740049622	0.9998043051309466
7.4510600170044432	1.0000528120473835
7.4537723778736247	0.9998441446665984
7.4564307672376975	1.0000808541737043
7.4591312751720453	0.9998808532129498
7.4618862592529984	1.0000834740905842
7.4646965330955322	0.9999020800065018
7.4675542013443375	1.0000806882230457
7.4704564214905655	0.9999145518606177
7.4733967533549936	1.0000762724119099
7.4763738828307709	0.9999227389993214
7.4793832710980785	1.0000715273949321
7.4824248968052371	0.9999288598203140
7.4854955362679831	1.0000668585413253
7.4885961273925314	0.9999340055015927
7.4917244369694664	1.0000622934967542
7.4948822295489528	0.9999387657253835
7.4980681855989122	1.0000576959571175
7.5012849578502871	0.9999435356421007
7.5045322996158061	1.0000528311413392
7.5078140683685701	0.9999486844181614
7.5111316040948193	1.0000473416809623
7.5144907829134286	0.9999546997920216
7.5178958300341217	1.0000406233525312
7.5213567491665430	0.9999624271531232
7.5248842465045778	1.0000314864497610
7.5284990062268919	0.9999735678897150
7.5322311100066663	1.0000179282702804
7.5361423392080242	0.9999862853848684
7.5403809610247219	1.0000496489478747
7.5471654449813217	0.9998411998604796
7.5510586003178242	1.0000137606439361
7.5542935664753550	0.9998896571618227
7.5573408012570571	1.0000558189053730
7.5603519880660439	0.9999112808278541
7.5633682616100213	1.0000648138820103
7.5664053915929275	0.9999233454402682
7.5694642232528393	1.0000655650408103
7.5725472607052895	0.9999303752330815
7.5756520604824340	1.0000636501424336
7.5787800762337501	0.9999352025809393
7.5819291640159596	1.0000607982274132
7.5851010818299063	0.9999391593358165
7.5882942927524120	1.0000575491014536
7.5915110797288436	0.9999428834383381
7.5947506028260516	1.0000539895942540
7.5980158572444543	0.9999467551859509
7.6013069336106991	1.0000499926355935
7.6046279168537438	0.9999511153727344
7.6079803819945440	1.0000452588608231
7.6113703483581858	0.9999564249379579
7.6148021913043022	1.0000392190408347
7.6182859824513622	0.9999635069971400
7.6218324744610300	1.0000307055406177
7.6254623239580761	0.9999740490515554
7.6292054600267827	1.0000177145810660
7.6331233301617676	0.9999862693669936
7.6373637291883494	1.0000498743027724
7.6442476630506446	0.9998600502657268
7.6486413606763266	0.9999920226270472
7.6523758205253740	0.9999281364712086
7.6558821175333049	1.0000280232701262
7.6593327930568718	0.9999481371274707
7.6627894170111697	1.0000336222723230
7.6662847785348243	0.9999607068158478
7.6698370873022963	1.0000288594850710
7.6734704254914226	0.9999731557420140
7.6772156265198239	1.0000171501233375
7.6811346756434160	0.9999859792784080
7.6853753871734378	1.0000497630614371
7.6923220186401355	0.9998718138952160
7.6971067266036455	0.9999759601971318
7.7014227054459949	0.9999612985083598
7.7057981288334618	1.0000421819612002
7.7128505993865826	0.9998660106743942
7.7177580647076018	0.9999727418462387
7.7223392705050671	0.9999179508990386
7.7295147146803078	1.0001289833599978
7.7344156002183029	1.0000211835406780
7.7387727276945553	1.0000371197310647
7.7431633847258396	0.9999559669022426
7.7501559647702969	1.0001454323546670
7.7546444695234378	1.0000114527659885
7.7584418980089520	1.0000692046084381
7.7620013804961774	0.9999743768995539
7.7655025736067689	1.0000476041997222
7.7690163266175594	0.9999693241894239
7.7725777850817943	1.0000334790106493
7.7762156847074690	0.9999759347483835
7.7799636465696747	1.0000186187450193
7.7838840514518797	0.9999867918951176
7.7881252092837601	1.0000502303137422
7.7950266225764340	0.9998635160572502
7.7995257964756126	0.9999878232596009
7.8033905428275103	0.9999372887706820
7.8070414715883194	1.0000194674330170
7.8106585164840254	0.9999606173768255
7.8143174754792222	1.0000199963516505
7.8180755671090516	0.9999787228367006
7.8219987426629070	1.0000112901225029
7.8262422185571072	0.9999481728469160
7.8330883880640911	1.0001452830710835
7.8372973705230082	0.9999984946798631
7.8408160948162751	1.0000872157494338
7.8440998362676364	0.9999564341941103
7.8473109053799197	1.0000706967535233
7.8505038290376836	0.9999455353238721
7.8536964628329642	1.0000629164210924
7.8568961107919328	0.9999428401842708
7.8601033434935754	1.0000590819010811
7.8633200882929630	0.9999427262560603
7.8665447416531986	1.0000568688769080
7.8697787312092551	0.9999434638956956
7.8730202163403966	1.0000553088608244
7.8762706659880575	0.9999444705845383
7.8795282755196050	1.0000540166992766
7.8827946022317015	0.9999455550413391
7.8860679282718822	1.0000528320325888
7.8893499054578875	0.9999466674558898
7.8926389260247323	1.0000516756675015
7.8959367517574348	0.9999478127517073
7.8992419132233254	1.0000504933335799
7.9025563138667057	0.9999490219541634
7.9058786670719439	1.0000492316890441
7.9092110727930560	0.9999503459277864
7.9125525001577230	1.0000478244026936
7.9159053379452233	0.9999518598186381
7.9192689339864586	1.0000461783296548
7.9226461254172902	0.9999536764659289
7.9260368560328676	1.0000441524094592
7.9294447034099038	0.9999559737985400
7.9328706191210001	1.0000415177674313
7.9363195053614595	0.9999590520597537
7.9397941794984046	1.0000378708750539
7.9433022012439363	0.9999634657738010
7.9468503192654145	1.0000324218131451
7.9504523120747672	0.9999703663541869
7.9541251807129170	1.0000234923482734
7.9579015384707228	0.9999817939897011
7.9618380966391387	1.0000126779824090
7.9660847746383476	0.9999483367167717
7.9730339866565885	1.0001252301066572
7.9779139357805562	1.0000236379280973
7.9824832636041725	1.0000801813029474
7.9896144959141981	0.9998657497765849
7.9943715960173423	0.9999844753758476
7.9984557009545787	0.9999486395874991
8.0023169321031205	1.0000103992869205
8.0061688217886218	0.9999748168559291
8.0101341618536601	1.0000091816591796
8.0143912161086970	0.9999462001758402
8.0213391169805082	1.0001264523514548
8.0261566978245718	1.0000226148604039
8.0304927285320833	1.0000373407816068
8.0348749782087499	0.9999558763925880
8.0419202872993960	1.0001330499325194
8.0468461943463510	1.0000259973737002
8.0514304793535061	1.0000817980783190
8.0586014174910101	0.9998710008933944
8.0636804285084320	1.0000287830684680
8.0711760100300847	0.9998280987016113
8.0760890100273706	0.9999743900821542
8.0801663986379335	0.9999364574875356
8.0839360618238807	1.0000143446857126
8.0876285927522993	0.9999616471638967
8.0913390356782156	1.0000181464743185
8.0951321676998074	0.9999790498437223
8.0990757585194526	1.0000112522710294
8.1033248688877322	0.9999475144655545
8.1102567956802414	1.0001284900407281
8.1150060642614079	1.0000200506142114
8.1192129585028194	1.0000408100621907
8.1233134590316318	0.9999972986023360
8.1276166490251374	1.0000583341572464
8.1346053715355069	0.9998743604424222
8.1395027034418028	0.9999761544320183
8.1440793504821656	0.9999192016503570
8.1512193782481290	1.0001332897474213
8.1559837586662685	1.0000147172720757
8.1600730916354269	1.0000501123731196
8.1639407936232793	0.9999887245704168
8.1677960127839793	1.0000240845319095
8.1717648921725470	0.9999898017660800
8.1760216174317790	1.0000528917703462
8.1829167261014764	0.9998625279322447
8.1873896789754657	0.9999908582257766
8.1911865353265014	0.9999307362262797
8.1947244308585656	1.0000290325784165
8.1981724589820466	0.9999457728754301
8.2015877590186665	1.0000395132444537
8.2049953708584766	0.9999516261037679
8.2084015872231006	1.0000424071750647
8.2118115193175161	0.9999541165514511
8.2152246681139900	1.0000429413214373
8.2186432965631369	0.9999554112883310
8.2220661169636351	1.0000426642729721
8.2254950521422519	0.9999563360811844
8.2289288729353700	1.0000420482547649
8.2323696155084143	0.9999572204577644
8.2358162914672661	1.0000412031264108
8.2392712440948550	0.9999582388099988
8.2427338909708219	1.0000400884435841
8.2462071149578495	0.9999595510029059
8.2496910334818061	1.0000385594105057
8.2531894873621034	0.9999613846760576
8.2567038770178556	1.0000363337765559
8.2602398686885703	0.9999641367213943
8.2638014478827770	1.0000328667244409
8.2673981933989555	0.9999685905801396
8.2710401417680686	1.0000270118322385
8.2747470480410463	0.9999764297740333
8.2785473201727040	1.0000166900127230
8.2824999641291726	0.9999862094274303
8.2867497374657120	1.0000510794232904
8.2936578439881892	0.9998662698004958
8.2982701053425671	0.9999854350201627
8.3022443508236297	0.9999421845183041
8.3059785923012122	1.0000180133552312
8.3096471853468152	0.9999615041108713
8.3133199378380116	1.0000224357713852
8.3170415258189720	0.9999741816461398
8.3208489828268739	1.0000153261756193
8.3248052011162628	0.9999854856146567
8.3290560275406822	1.0000507922427200
8.3359887582755423	0.9998707503051701
8.3407638472223891	0.9999785666400367
8.3449970625626317	0.9999587053533877
8.3491124368595120	1.0000018809525377
8.3534210271054317	0.9999402658972923
8.3603582326588448	1.0001334474921162
8.3649513122953820	1.0000109931418593
8.3688698688181766	1.0000608948876297
8.3725253058286686	0.9999753083766790
8.3760852887447115	1.0000457170663384
8.3796133279062559	0.9999658320939117
8.3831338991023063	1.0000397695983501
8.3866588107703492	0.9999638783939345
8.3901923960166584	1.0000365677742959
8.3937402647585486	0.9999647340948911
8.3973052785121016	1.0000336249277333
8.4008945855959105	0.9999674583742971
8.4045143439614325	1.0000294264439602
8.4081776204833343	0.9999727242990850
8.4119004731061082	1.0000220392282591
8.4157142696964353	0.9999824755960025
8.4196737684570611	1.0000127470041453
8.4239266678114717	0.9999475728581145
8.4308288787050394	1.0001330342062775
8.4354400100076319	1.0000127706415070
8.4393970629490234	1.0000585170644478
8.4430986464565443	0.9999779625060268
8.4467101039732579	1.0000423275640684
8.4502960022417959	0.9999694830969668
8.4538833643968783	1.0000351885890502
8.4574878338623680	0.9999692471876507
8.4611192888077333	1.0000297049772151
8.4647918965431774	0.9999734364879795
8.4685221975703779	1.0000220489310991
8.4723415125287129	0.9999826855231816
8.4763044016777265	1.0000128172750358
8.4805582235449339	0.9999474898368950
8.4874631907702636	1.0001323768639490
8.4920992186741202	1.0000135920346911
8.4960880959298990	1.0000565826440426
8.4998254081845328	0.9999798305421721
8.5034775857091525	1.0000395609233874
8.5071118383164706	0.9999725663395298
8.5107591458734930	1.0000309843716086
8.5144412454722147	0.9999745599715433
8.5181779506548789	1.0000224013117627
8.5220015638111981	0.9999830188580762
8.5259669978498529	1.0000129689853923
8.5302215214825079	0.9999474828720293
8.5371239033749298	1.0001327950688996
8.5417481227521677	1.0000129376167533
8.5457161582443284	1.0000582029876013
8.5494230689300554	0.9999777093757912
8.5530325980487962	1.0000429455503856
8.5566075350768696	0.9999681401858477
8.5601722999797012	1.0000373596920966
8.5637387338817046	0.9999659401202536
8.5673110954383525	1.0000345657673397
8.5708949081334573	0.9999664554454114
8.5744928562573666	1.0000320571052554
8.5781119154683996	0.9999687588078285
8.5817579956687275	1.0000283418122073
8.5854438993727094	0.9999735235436723
8.5891853107038720	1.0000215051723804
8.5930131005864077	0.9999827066260744
8.5969812298082129	1.0000127645986427
8.6012364858309649	0.9999472785225170
8.6081534998018512	1.0001298632476685
8.6128804655957438	1.0000171217657241
8.6170042040548047	1.0000478312231795
8.6209203437651798	0.9999902119819999
8.6248175844942150	1.0000231443396923
8.6288135175031009	0.9999896173902191
8.6330774484342303	1.0000537575478174
8.6400141941614805	0.9998716878143653
8.6448190703436207	0.9999787321461634
8.6490778828683581	0.9999594120931941
8.6532090897113214	1.0000021853929537
8.6575220530903128	0.9999399128804300
8.6644974069677545	1.0001258644984958
8.6693741907454598	1.0000220347277828
8.6737477652511341	1.0000369115297112
8.6781406154592808	0.9999545031175625
8.6851437495277537	1.0001395761589753
8.6898444599357525	1.0000163779706639
8.6938642908719181	1.0000575452798928
8.6976146667160048	0.9999803994152235
8.7012690215983834	1.0000404052088268
8.7048962397097078	0.9999717968361700
8.7085264098330057	1.0000327582254909
8.7121781479029998	0.9999721085318256
8.7158652697358594	1.0000262323997751
8.7196083090974703	0.9999778804699656
8.7234355009101208	1.0000164740236490
8.7274046346175282	0.9999862954713254
8.7316589172659000	1.0000517040373129
8.7385663999298178	0.9998669491269317
8.7432121603777535	0.9999851432087037
8.7472133880125895	0.9999428545175755
8.7509589842966324	1.0000188685861318
8.7546189783001562	0.9999596517439562
8.7582575239362832	1.0000262262083819
8.7619093431343433	0.9999680595628564
8.7655931434498857	1.0000243060615250
8.7693324232906527	0.9999765564458286
8.7731562444961941	1.0000158890642792
8.7771232279185156	0.9999859491842189
8.7813769181513255	1.0000514425255584
8.7882789453228156	0.9998657276883641
8.7928840351878872	0.9999865971896340
8.7968301849307409	0.9999393497574814
8.8005115485362033	1.0000223657690841
8.8040969168642391	0.9999545184659423
8.8076469415337133	1.0000318862453486
8.8111908208626399	0.9999605496771689
8.8147390949247288	1.0000334673744207
8.8183018744985517	0.9999643929172052
8.8218848577268112	1.0000315254187531
8.8254987840589347	0.9999689492915257
8.8291542759681576	1.0000264010411408
8.8328715704673400	0.9999766110475365
8.8366792837785137	1.0000165127720686
8.8406364056044655	0.9999861641609725
8.8448874133570534	1.0000512092128369
8.8518191557974077	0.9998708954236265
8.8565965210358222	0.9999786267730741
8.8608315946643099	0.9999587749727668
8.8649480622326209	1.0000019134453733
8.8692569662892051	0.9999402457408689
8.8762029881445503	1.0001317875967835
8.8808539688586805	1.0000134983348490
8.8848580453249664	1.0000548225650818
8.8886256661148249	0.9999825671639420
8.8923346950793061	1.0000342359619374
8.8960667558796214	0.9999804987536116
8.8998763610756217	1.0000189843586289
8.9038320133137194	0.9999873875797302
8.9080830413250300	1.0000516990405637
8.9150160424291922	0.9998708949252278
8.9197834596552479	0.9999787868545277
8.9240092129822077	0.9999586030657818
8.9281197774489787	1.0000018572761380
8.9324270724706114	0.9999404142704619
8.9394048142786406	1.0001261443571003
8.9442544002728752	1.0000221203483060
8.9486079408469923	1.0000370678545323
8.9529953503989681	0.9999552681675816
8.9600087530173447	1.0001386240025836
8.9647315241016425	1.0000188018066745
8.9688166138834209	1.0000514708129347
8.9726904795108009	0.9999900637059622
8.9765531748219924	1.0000244139780323
8.9805272212017186	0.9999900429652214
8.9847852903086061	1.0000532011225065
8.9916750367851606	0.9998618734901640
8.9961300373070845	0.9999917824817872
8.9999013638865240	0.9999288770115962
9.0034108255783298	1.0000306616578993
9.0068298490170324	0.9999438052163451
9.0102175362468291	1.0000409820556380
9.0136010150931156	0.9999503372110295
9.0169889811320818	1.0000429601611986
9.0203893743134049	0.9999542478409912
9.0238049781825431	1.0000416987356460
9.0272420437810279	0.9999579235432441
9.0307042030876943	1.0000384323384643
9.0341997638367690	0.9999626746844323
9.0377360616026774	1.0000329392617837
9.0413274156097767	0.9999698927862826
9.0449913066072281	1.0000237675126107
9.0487608137788467	0.9999816581439823
9.0526931513317059	1.0000126668346301
9.0569387014531664	0.9999484804882067
9.0638359335003607	1.0001352096343743
9.0683587238908139	1.0000111298612946
9.0722337166941696	1.0000618611580576
9.0758803074612153	0.9999778605823317
9.0794716445905195	1.0000411174543820
9.0830809699967237	0.9999744364040789
9.0867498589352351	1.0000264935800955
9.0905196278386686	0.9999830306572567
9.0944514085573278	1.0000134429057697
9.0986968718030159	0.9999489276453112
9.1056187149882355	1.0001308991618798
9.1102893557436531	1.0000174814279768
9.1143804325905879	1.0000471861496394
9.1183135034389711	0.9999942481922091
9.1223081121299074	1.0000199384694550
9.1265752374651576	0.9999514650951770
9.1334930074826701	1.0001363360149853
9.1380454834607452	1.0000129096330470
9.1419550801607041	1.0000599104984469
9.1456435543454973	0.9999807387440725
9.1492886746736612	1.0000371581281224
9.1529707195264987	0.9999795001817648
9.1567439418438337	1.0000198593154197
9.1606776108601782	0.9999875729093367
9.1649226688706804	1.0000510238198752
9.1718278720516757	0.9998646869245845
9.1763676705190278	0.9999868991059742
9.1802729432433381	0.9999393635229600
9.1839579404885701	1.0000184492396309
9.1876024585470937	0.9999618507676697
9.1912827962591379	1.0000194981341124
9.1950563594832140	0.9999790837099864
9.1989888186071855	1.0000113554615055
9.2032348024183399	0.9999478838837110
9.2101325521248825	1.0001352307367253
9.2146460413746034	1.0000108178380325
9.2185121243772716	1.0000622372985153
9.2221516407432951	0.9999776265487587
9.2257375555023451	1.0000413478916790
9.2293427751997967	0.9999743143934295
9.2330086261495232	1.0000265866792817
9.2367762705392931	0.9999829988789959
9.2407067972870838	1.0000134408876116
9.2449519153056965	0.9999489685135360
9.2518245044857927	1.0001401884541405
9.2561949353238120	1.0000049494506258
9.2598811173816795	1.0000753559732720
9.2633190934089775	0.9999651325210361
9.2666746073799313	1.0000594293866489
9.2700066779588344	0.9999548074973600
9.2733365773331435	1.0000522795680145
9.2766739001644289	0.9999526531777858
9.2800212334022500	1.0000484202123376
9.2833823160828430	0.9999533241970285
9.2867576480579643	1.0000455009268070
9.2901509433201817	0.9999553372247268
9.2935632989511348	1.0000424382673829
9.2969996787524547	0.9999584385138238
9.3004629803503160	1.0000385176414996
9.3039608183406788	0.9999629919218772
9.3075000221563773	1.0000328385363104
9.3110944404992928	0.9999700811700211
9.3147611765050673	1.0000236866899761
9.3185329725620321	0.9999817144854485
9.3224667530167338	1.0000126738577026
9.3267126813040200	0.9999484318956852
9.3335924718802268	1.0001384038505390
9.3380148863775005	1.0000067333689651
9.3417573054571506	1.0000715804050870
9.3452482387833928	0.9999678616591346
9.3486537854177243	1.0000558162008875
9.3520341931949087	0.9999577759022312
9.3554117940542731	1.0000488741126754
9.3587969916294877	0.9999558095376824
9.3621931847456121	1.0000449888082812
9.3656049573930744	0.9999567813092393
9.3690339012868051	1.0000417475998875
9.3724850959102302	0.9999593696124093
9.3759615526247426	1.0000379223353157
9.3794709147017468	0.9999635924432491
9.3830200324096644	1.0000324304015624
9.3866227494250243	0.9999704153076061
9.3902961314783155	1.0000234958363163
9.3940728332771730	0.9999818095932050
9.3980095912305792	1.0000126852427926
9.4022563250862241	0.9999483347319319
9.4091307461061966	1.0001392758182452
9.4135281178624179	1.0000055037892419
9.4172369166013219	1.0000742115927470
9.4206888838463971	0.9999652198670103
9.4240497834294246	1.0000595148459377
9.4273788750557728	0.9999539060874404
9.4306973312188251	1.0000536664237543
9.4340144010947835	0.9999505591536721
9.4373320821259075	1.0000511814354287
9.4406533277304234	0.9999498082259425
9.4439775531052810	1.0000498537398990
9.4473070755504818	0.9999500566516654
9.4506410731801864	1.0000488040372275
9.4539819838684895	0.9999508134803120
9.4573291588412776	1.0000476671885754
9.4606853201043659	0.9999519646452810
9.4640501667262118	1.0000462471740494
9.4674268613167261	0.9999535528463320
9.4708156735885751	1.0000443716559444
9.4742204893771991	0.9999557257559079
9.4776425575319738	1.0000418073552624
9.4810870620994052	0.9999587657399167
9.4845570855074239	1.0000381575303916
9.4880604328611842	0.9999632122111080
9.4916040838645959	1.0000326443232024
9.4952020255383527	0.9999702001751500
9.4988714574558983	1.0000236064471448
9.5026451817210766	0.9999817464371915
9.5065801143901414	1.0000126762689807
9.5108263580913786	0.9999483934655153
9.5177019949944164	1.0001391319221136
9.5221028212464844	1.0000058023671134
9.5258186397375137	1.0000735130348208
9.5292812725168989	0.9999661480013557
9.5326569639382530	1.0000581181865476
9.5360056109025422	0.9999555987619143
9.5393491436445998	1.0000514437711117
9.5426976171012043	0.9999532054724450
9.5460539798044977	1.0000479144039129
9.5494222648157887	0.9999536724177056
9.5528032391757058	1.0000452173569288
9.5562008521128181	0.9999555312271824
9.5596164229228826	1.0000422986564554
9.5630551132557269	0.9999585290831521
9.5665200043733236	1.0000384633507848
9.5700188752260669	0.9999630232337698
9.5735586996640922	1.0000328264636160
9.5771534527608626	0.9999700870445332
9.5808203428836549	1.0000236880188977
9.5845921961479217	0.9999817155271117
9.5885259954147930	1.0000126752479124
9.5927719321341929	0.9999484325802362
9.5996533259150230	1.0001381059928487
9.6040850900157348	1.0000071667527890
9.6078398161428318	1.0000706198896929
9.6113453794587915	0.9999688865879084
9.6147686438186142	1.0000542960133727
9.6181709496733063	0.9999595174260978
9.6215759308647026	1.0000465646379362
9.6249955128828226	0.9999585841316095
9.6284350425675687	1.0000414566216249
9.6319016423839354	0.9999611356936969
9.6354004428476347	1.0000362353157572
9.6389416654182334	0.9999663344998497
9.6425361200511084	1.0000289342547382
9.6462042830656909	0.9999753159251072
9.6499755973597168	1.0000172372748921
9.6539105153976479	0.9999862617727182
9.6581555010420388	1.0000504766831493
9.6650574185962270	0.9998642535124755
9.6695919982123062	0.9999873696443640
9.6734832316883494	0.9999379247105922
9.6771431762952620	1.0000205156832376
9.6807478891941461	0.9999584369146001
9.6843670828393353	1.0000241156752387
9.6880455228435611	0.9999727268993883
9.6918209168902703	1.0000157839352346
9.6957575727295584	0.9999854684625025
9.7000030976982803	1.0000500923097131
9.7068921623122826	0.9998616106191454
9.7113478011964762	0.9999906241673280
9.7151348987588335	0.9999304844117836
9.7186734425475638	1.0000279891611579
9.7221341168484354	0.9999474002799815
9.7255763003317295	1.0000365776807087
9.7290283644967523	0.9999558607559982
9.7325010404721652	1.0000364294734345
9.7360055316377174	0.9999622457679663
9.7395497074212773	1.0000320657178228
9.7431480488051871	0.9999698949378200
9.7468177817874526	1.0000234160264234
9.7505917569671965	0.9999816515072136
9.7545268392086513	1.0000126224117607
9.7587731256638701	0.9999483602949927
9.7656692107498060	1.0001352829246228
9.7701906757542467	1.0000108049025227
9.7740586838956673	1.0000626741518115
9.7776906488977637	0.9999764813006529
9.7812571120850720	1.0000434042525075
9.7848272347997263	0.9999711988315941
9.7884357329442633	1.0000312484882095
9.7921112344152590	0.9999768578541162
9.7958868397804650	1.0000179684543373
9.7998239877158593	0.9999866731437189
9.8040696486981904	1.0000507543147739
9.8110135380193224	0.9998722786215890
9.8158234858365834	0.9999760962288571
9.8201575776013073	0.9999615068231246
9.8245378829649042	1.0000429203457566
9.8315367803472320	0.9998570955269379
9.8361323707489614	0.9999842643422724
9.8400534496763861	0.9999371363563577
9.8437294702405840	1.0000194150412200
9.8473443751553589	0.9999583839757418
9.8509707244377704	1.0000236809610061
9.8546544517730972	0.9999727645381591
9.8584335903802867	1.0000156625762586
9.8623724873418634	0.9999854347364066
9.8666186206055002	1.0000501541590492
9.8735527081650059	0.9998701605580900
9.8782947576195035	0.9999787706154986
9.8824981266145926	0.9999579957130662
9.8865948495747009	1.0000016122892816
9.8908983506808283	0.9999407401717404
9.8978239434302129	1.0001362902672637
9.9023115831193156	1.0000079087750624
9.9061150279723318	1.0000674829312595
9.9096641081321142	0.9999708111624912
9.9131285207101172	1.0000513515583775
9.9165714953549440	0.9999618915893447
9.9200178527558194	1.0000436858655579
9.9234805115032110	0.9999613198810003
9.9269658971227486	1.0000383546530149
9.9304826258953369	0.9999644215758944
9.9340380429408999	1.0000324339556319
9.9376460394360340	0.9999707767091377
9.9413237000504928	1.0000234550846796
9.9451035795798681	0.9999819173100039
9.9490422782625565	1.0000127175249627
9.9532895344818755	0.9999482843688970
9.9601989232565771	1.0001326386705045
9.9648104613062536	1.0000143167642337
9.9687991493551529	1.0000546395338852
9.9725757128472434	0.9999848646415569
9.9763213453820399	1.0000306802024452
9.9801281933814519	0.9999859661247078
9.9840777527786049	1.0000149621600076
9.9883286236354234	0.9999492784900088
9.9952531432003369	1.0001307348173905
9.9999485271307478	1.0000179477528068
