0.0000000000000000	0.0000000000000000
6.5716859014416498	0.0010000000000000
6.5785935068400292	0.0004764586098600
6.5824995745253778	0.0006864218334829
6.5865283530296050	0.0007154611691185
6.5911528339151682	0.0009021079470000
6.5970164932617639	0.0007234182780321
6.6029490156794868	0.0014996824089652
6.6070884156599474	0.0013543020630356
6.6118553819543617	0.0014681433152773
6.6165594631273104	0.0016147144180860
6.6216176516148026	0.0023235978961588
6.6259731769856440	0.0024084485991048
6.6296870666766150	0.0027910221432960
6.6336451410991168	0.0031754719758906
6.6377006585882317	0.0037277704912064
6.6416782525745539	0.0042681514581077
6.6455054244485190	0.0049828001802371
6.6492407534546132	0.0056224408886275
6.6529597369207529	0.0064806609021143
6.6567380080744041	0.0073217577946075
6.6605867586562315	0.0083995833514050
6.6645363741686499	0.0095512606794808
6.6685589213567571	0.0109592398248504
6.6726781774998472	0.0125352994875822
6.6768508601281260	0.0144106264551999
6.6811118007470220	0.0165589345254834
6.6854067775962536	0.0190781592625043
6.6897895547547606	0.0220021622569263
6.6941931005280972	0.0254032986310125
6.6986937960148740	0.0293952759452953
6.7032078328832974	0.0340318112705153
6.7078434093791799	0.0395511812767514
6.7125553397740578	0.0461381410970568
6.7179648613091629	0.0543153499709258
6.7247287387123240	0.0677012329402071
6.7392504087434570	0.1054530618660381
6.7438890912358831	0.1212244244919186
6.7486438473370107	0.1394237425500350
6.7621464667166409	0.2033410366438986
6.7813133293044423	0.3305266623481427
6.7875832686372988	0.3807292028913818
6.7972855101955219	0.4628532447623820
6.8035939495429067	0.5186658799407274
6.8082915589406801	0.5598701784138518
6.8126306073157048	0.5975537929989559
6.8167739579099855	0.6326253914799120
6.8215565773183382	0.6716874075050678
6.8278992545999735	0.7199643181816444
6.8453283340179185	0.8293217106290355
6.8619826917600086	0.9002564448364880
6.8658443018594504	0.9121554636375955
6.8694000510854591	0.9221942028530110
6.8731647951270531	0.9315667348015521
6.8770748338069732	0.9402665541499157
6.8813951703778651	0.9486063215710814
6.8875342743151498	0.9589116802175059
6.8926902505486671	0.9655265625922397
6.8976729232253859	0.9713616385471797
6.9029071446933044	0.9759738900724698
6.9089409703727709	0.9813476354928433
6.9167915296401841	0.9855853594701887
6.9232713290307757	0.9891408430433514
6.9288788249135660	0.9910216529524267
6.9359726453487136	0.9930084713741021
6.9409837159484020	0.9938918534647572
6.9459100291464644	0.9953554815287795
6.9490910721070369	0.9956285091112536
6.9525077734982208	0.9962494039740531
6.9562312243489819	0.9967150773452900
6.9604502766050338	0.9972473852367333
6.9675758481656898	0.9976318303006784
6.9714398041756027	0.9980852950674073
6.9750766636736037	0.9982829947888223
6.9788369616672794	0.9985527313693108
6.9827817754374397	0.9987463500196234
6.9870196730641370	0.9990597050061273
6.9919117001659359	0.9988667577484239
6.9981042510652287	0.9996636013966342
7.0039416104725563	0.9992037015307984
7.0070783019012959	0.9995849406385779
7.0103635688402806	0.9995258962395546
7.0139685571248913	0.9996471563538194
7.0178044401076889	0.9996715974276678
7.0218837562329206	0.9997857751455611
7.0257847886759031	0.9997821199605682
7.0294550332414074	0.9998505717990305
7.0330806215397317	0.9997873785851804
7.0367836992836876	0.9998299158779235
7.0406623006600899	0.9997840671020159
7.0447592660989189	0.9998572697051480
7.0489953010501845	0.9998586011268944
7.0548327873278973	1.0001036912082930
7.0678325074166279	0.9995336902157619
7.0715039232928714	0.9998276274772908
7.0746555541887046	0.9997403477263455
7.0779282380809487	0.9998899574966025
7.0814268317786890	0.9998633767222389
7.0851989435531895	0.9999296220539424
7.0894042571119584	0.9998951492121294
7.0963540311012814	1.0000984484439714
7.1007186253566292	0.9999834400040920
7.1045332197362798	1.0000375071119487
7.1082236312369051	0.9999693856000609
7.1119670700423923	1.0000127881819405
7.1158736560288522	0.9999793414640471
7.1201128450666245	1.0000423950514974
7.1270488790203483	0.9998622298783141
7.1316595915804610	0.9999778026356113
7.1357038596076006	0.9999469787046804
7.1396044622921533	1.0000020572443464
7.1435823588495220	0.9999767256868871
7.1478434438653986	1.0000451470617342
7.1548175571671582	0.9998710417876763
7.1596860865370369	0.9999737545917016
7.1642545594194722	0.9999187203463036
7.1713820854242600	1.0001356662527117
7.1760148055249875	1.0000102053203008
7.1799379475138876	1.0000599692241345
7.1836108387689377	0.9999779368176004
7.1872204941237294	1.0000399253404775
7.1908444919199788	0.9999746704958323
7.1945253215562195	1.0000258768424835
7.1983041500163374	0.9999830253363643
7.2022414956924710	1.0000133185195752
7.2064884437943935	0.9999486297390240
7.2134296646006062	1.0001269003215334
7.2182432806662487	1.0000228408079854
7.2225775051299088	1.0000374154320892
7.2269591810619946	0.9999559146156646
7.2339572551500542	1.0001416435322188
7.2385650684565244	1.0000149004371326
7.2424967680105787	1.0000611405002269
7.2461843966508503	0.9999798696319638
7.2498079584650004	1.0000400389261763
7.2534432793097547	0.9999754881769782
7.2571328029117241	1.0000259076951101
7.2609177959441640	0.9999833153663125
7.2648588192346839	1.0000134643105141
7.2691067776648994	0.9999486141129028
7.2760121391437131	1.0001335747643323
7.2805976494574107	1.0000132191393094
7.2845474390545704	1.0000573922070475
7.2882726158045621	0.9999816981594439
7.2919486762184036	1.0000356710078562
7.2956555134574952	0.9999800270037420
7.2994469977116818	1.0000194078115567
7.3033917506188279	0.9999874780073090
7.3076397985529251	1.0000513633958872
7.3145482347711388	0.9998658024146900
7.3191319152084464	0.9999858565177311
7.3230825055132831	0.9999416056493778
7.3268065577113406	1.0000172733734682
7.3304831645764708	0.9999632500069173
7.3341888283198928	1.0000189086241502
7.3379809184536109	0.9999795056198201
7.3419245725974998	1.0000114360433758
7.3461735879400178	0.9999475393995738
7.3530837724403462	1.0001324142212120
7.3576971865165737	1.0000142216317334
7.3616871785955702	1.0000545415143225
7.3654645077881087	0.9999848315664495
7.3692105448573439	1.0000306492408273
7.3730175940870133	0.9999859507319085
7.3769672468195573	1.0000149521125079
7.3812181489205582	0.9999492689275792
7.3881251340433831	1.0001340221990780
7.3927084634656763	1.0000132618045505
7.3966546607947876	1.0000576883564947
7.4003760845193831	0.9999816020804370
7.4040487034324878	1.0000358536654705
7.4077526218958756	0.9999799635456602
7.4115418779896851	1.0000194654165298
7.4154852549447270	0.9999874901515879
7.4197329351530570	1.0000513208603681
7.4266670375446164	0.9998705575789175
7.4314131331943134	0.9999789120886591
7.4356199235753104	0.9999581559167761
7.4397187311273179	1.0000016842794637
7.4440228044517625	0.9999407086929306
7.4510103870606033	1.0001247358591863
7.4559086804575143	1.0000228983371475
7.4604838494812862	1.0000799642416618
7.4676199526705487	0.9998655913518115
7.4723809500921394	0.9999843724495414
7.4764678878717845	0.9999486900977825
7.4803309937199227	1.0000103640533846
7.4841840702336722	0.9999748345746748
7.4881500738021121	1.0000091836251745
7.4924073171807972	0.9999461747041395
7.4993634696774878	1.0001248605549000
7.5042470357569755	1.0000233684180859
7.5088174844746929	1.0000800681908264
7.5159569904355150	0.9998669759485854
7.5207607284270663	0.9999826489169900
7.5249171861783255	0.9999532574004936
7.5288809001084527	1.0000051475462082
7.5328913618359241	0.9999792771280530
7.5371621211258883	1.0000479171577905
7.5440613051573209	0.9998586153788065
7.5484847508832029	0.9999918118312887
7.5522211851933294	0.9999261387939915
7.5556996307494808	1.0000317245680055
7.5590915311012585	0.9999418136194044
7.5624548200246942	1.0000422245607601
7.5658155505742792	0.9999487224263595
7.5691813992939458	1.0000443320728258
7.5725593965257705	0.9999526542369604
7.5759513284742139	1.0000433339813035
7.5793623574184066	0.9999560298972159
7.5827947422755466	1.0000405978762543
7.5862549943804467	0.9999600729120802
7.5897478917705028	1.0000361337881993
7.5932837754125888	0.9999658516902080
7.5968735217794956	1.0000289996030038
7.6005377795813533	0.9999751232662131
7.6043061352434842	1.0000172584175160
7.6082392404174550	0.9999862500408223
7.6124837395722693	1.0000504091307543
7.6194175428947277	0.9998701566508841
7.6241506949381694	0.9999789075190709
7.6283461578556420	0.9999578448735053
7.6324379832949241	1.0000015644200289
7.6367401519107867	0.9999408769391135
7.6436722977141782	1.0001352684113338
7.6481901107120018	1.0000095560827276
7.6520404112085991	1.0000636800622531
7.6556521696378663	0.9999753777333636
7.6591993169824439	1.0000443905372016
7.6627520988773767	0.9999704378626663
7.6663456773911376	1.0000318642425956
7.6700089948749905	0.9999764985057200
7.6737755019861886	1.0000181513102486
7.6777070970079979	0.9999866960993352
7.6819512662334599	1.0000505722878319
7.6888959874341030	0.9998721722200196
7.6936978299582695	0.9999760758176286
7.6980260550890067	0.9999614545409974
7.7024047815447823	1.0000426904810757
7.7093959076091609	0.9998553985650713
7.7139322584830792	0.9999861442149219
7.7177835915861808	0.9999328226038936
7.7213880758496494	1.0000229144101540
7.7249283265695290	0.9999534494836609
7.7284728309128212	1.0000284662031149
7.7320607124334195	0.9999665820718274
7.7357178321789197	1.0000224735110330
7.7394812246648730	0.9999806321371099
7.7434094730235348	1.0000121829379574
7.7476539985087998	0.9999483874255995
7.7545850579583426	1.0001290050810339
7.7593118373686973	1.0000199150854518
7.7634987015972294	1.0000412889452328
7.7675867622361858	0.9999974507117740
7.7718865797195376	1.0000579794181785
7.7785800177317359	0.9998197363333748
7.7820338589389397	1.0000380575421601
7.7849128289416187	0.9998583951126144
7.7876805098798556	1.0000742775790947
7.7904587624537900	0.9998885805412074
7.7932720913277542	1.0000798005110287
7.7961275530721243	0.9999064067162228
7.7990209341538170	1.0000783543161775
7.8019516951165508	0.9999170660716350
7.8049150581869959	1.0000747281637017
7.8079108616538013	0.9999242503986792
7.8109354761850458	1.0000704986013211
7.8139895418821261	0.9999297927752313
7.8170703777078936	1.0000661763792846
7.8201793284299477	0.9999345907432196
7.8233145018692394	1.0000618455538246
7.8264779240655606	0.9999391346244227
7.8296684978523503	1.0000574058590295
7.8328890491874592	0.9999437666162768
7.8361394801218296	1.0000526469239852
7.8394237650305714	0.9999488261341781
7.8427433446638686	1.0000472282197910
7.8461041742701365	0.9999547831221127
7.8495105467604862	1.0000405573320641
7.8529725179760623	0.9999624715514565
7.8565008364593707	1.0000314530396082
7.8601162170063343	0.9999735850117669
7.8638487593101010	1.0000179185503728
7.8677602481103914	0.9999862833278261
7.8719989401758532	1.0000496564013368
7.8787705783203643	0.9998388318345806
7.8826100390667566	1.0000163176926278
7.8857995688853979	0.9998858771873649
7.8888104190021062	1.0000580311440468
7.8917910746736446	0.9999084797904513
7.8947807047573990	1.0000666653527095
7.8977940405774572	0.9999212556251333
7.9008313251263198	1.0000671375822150
7.9038947182694637	0.9999287584285141
7.9069815161178765	1.0000649756517761
7.9100930055494603	0.9999339181697531
7.9132268912437151	1.0000619022787740
7.9163848308725795	0.9999381264251441
7.9195651881073177	1.0000584558577603
7.9227701808834672	0.9999420542019687
7.9259989009084579	1.0000547201416807
7.9292543005847236	0.9999460999249092
7.9325364228250219	1.0000505641188957
7.9358493250812367	0.9999506146312631
7.9391945497803995	1.0000456846339569
7.9425781006883147	0.9999560654127860
7.9460043338252211	1.0000395092055372
7.9494833170260346	0.9999632794331136
7.9530258020300781	1.0000308678066121
7.9566524588089029	0.9999739462380834
7.9603932550905148	1.0000177583090670
7.9643097144573947	0.9999862715427237
7.9685497356695167	1.0000498252866004
7.9754323175401680	0.9998597280216354
7.9798156024420352	0.9999923514189609
7.9835395712050454	0.9999274981808238
7.9870367874173116	1.0000284031861788
7.9904797183257887	0.9999476674741842
7.9939297427868690	1.0000339099495337
7.9974195240884871	0.9999604211021814
8.0009672150162494	1.0000290283338324
8.0045968869478532	0.9999730290724196
8.0083394043513181	1.0000171948923924
8.0122568365059674	0.9999859792378537
8.0164971144002237	1.0000497059028031
8.0234439847269918	0.9998717804821808
8.0282263589266147	0.9999759537770824
8.0325406728146138	0.9999612816556664
8.0369156491024238	1.0000421153894929
8.0439685130363525	0.9998660030196542
8.0488746378457119	0.9999727146397768
8.0534554956405273	0.9999179876162587
8.0606312461800105	1.0001290111305055
8.0655297727358946	1.0000211927383618
8.0698852010430020	1.0000371352336757
8.0742753999792551	0.9999560319484863
8.0812667172204424	1.0001457356616577
8.0857447786164673	1.0000111636384117
8.0895316284735976	1.0000698221515669
8.0930819997601731	0.9999740299945576
8.0965755223659066	1.0000480410729622
8.1000828574780179	0.9999690780655076
8.1036390423729721	1.0000337165743758
8.1072727670194791	0.9999758200991119
8.1110176791244815	1.0000186859077418
8.1149362462578605	0.9999868011348444
8.1191769114029686	1.0000501703184832
8.1260775424197131	0.9998632821143326
8.1305682134950210	0.9999880421552090
8.1344244060958051	0.9999368428393688
8.1380681040778544	1.0000196945612678
8.1416792905832516	0.9999603489589409
8.1453336767227800	1.0000201056187421
8.1490884545847937	0.9999786434496564
8.1530096428816190	1.0000112751390735
8.1572525839364864	0.9999482336308675
8.1640860547255762	1.0001477369861265
8.1682277598166309	0.9999956928041281
8.1716803527140609	1.0000922100825329
8.1749055904089740	0.9999530326166004
8.1780637603336643	1.0000750669466651
8.1812075420006938	0.9999421911488459
8.1843536380124693	1.0000666767867310
8.1875087670549629	0.9999396324263128
8.1906731357432996	1.0000624192975851
8.1938484778341962	0.9999396901088677
8.1970330274334753	1.0000599028838038
8.2002281266106234	0.9999406098007735
8.2034318361614229	1.0000581063079323
8.2066455842244750	0.9999417964274582
8.2098675010599624	1.0000566135181210
8.2130991310967367	0.9999430556532085
8.2163387156519292	1.0000552463606462
8.2195879146960262	0.9999443394722457
8.2228450993690743	1.0000539147664769
8.2261120565743742	0.9999456564667835
8.2293873124758576	1.0000525571827064
8.2326728097088786	0.9999470416981515
8.2359672715683576	1.0000511149627864
8.2392728488992919	0.9999485497988579
8.2425885329799851	1.0000495177206454
8.2459167730018432	0.9999502591344390
8.2492569492353987	1.0000476692150320
8.2526119666338751	0.9999522850730466
8.2559818099145215	1.0000454261610576
8.2593701298689020	0.9999548073025045
8.2627779264410108	1.0000425583403654
8.2662101780338180	0.9999581271335551
8.2696697631628719	1.0000386621284558
8.2731643121033542	0.9999627997334709
8.2767006591832057	1.0000329471690030
8.2802926688008878	0.9999699750613839
8.2839574647134384	1.0000237377384438
8.2877278239639445	0.9999816822069763
8.2916607312506940	1.0000126672423861
8.2959064239063700	0.9999484576811303
8.3028564622979850	1.0001252384232913
8.3077334727834629	1.0000236914840637
8.3123020358065780	1.0000800990834275
8.3194329705727927	0.9998655164850034
8.3241790934551112	0.9999846478844747
8.3282520245580187	0.9999481909257151
8.3321041630470294	1.0000105526976131
8.3359494304459947	0.9999746540636690
8.3399108001590552	1.0000091389725507
8.3441667723885917	0.9999463115134255
8.3511151650900430	1.0001265158721708
8.3559273550283404	1.0000226277413458
8.3602594910747481	1.0000373739157609
8.3646406881742426	0.9999560261231218
8.3716868689519917	1.0001330668330077
8.3766096699380110	1.0000260625499371
8.3811931453825430	1.0000817158593798
8.3883654502222367	0.9998710498489720
8.3934441644290061	1.0000286949441002
8.4009390785998512	0.9998277602770305
8.4058364730798338	0.9999746064976729
8.4098970722998843	0.9999356349103299
8.4136522043183781	1.0000147305214073
8.4173328124533526	0.9999611166972475
8.4210338470024819	1.0000183495271737
8.4248200913402567	0.9999788860909298
8.4287595167082170	1.0000112171789408
8.4330074983924224	0.9999476390569911
8.4399396337468708	1.0001286271160779
8.4446809606538515	1.0000199925497455
8.4488807360207350	1.0000409788263505
8.4529768078136893	0.9999973593982967
8.4572787938067027	1.0000582176616106
8.4642684799576227	0.9998743632022749
8.4691623859621750	0.9999760967851604
8.4737381361914075	0.9999193024844609
8.4808779039581790	1.0001335469889838
8.4856298169648934	1.0000145202383834
8.4897064743724311	1.0000506153586251
8.4935638390369022	0.9999885478539688
8.4974115212883508	1.0000242656558829
8.5013758725518844	0.9999898466375415
8.5056313646129951	1.0000527596258391
8.5125208726740951	0.9998612895618443
8.5169523942925149	0.9999922717335011
8.5207034027701845	0.9999278046387469
8.5241975005440196	1.0000312306746835
8.5276038860911676	0.9999429052390756
8.5309790754861137	1.0000418724792375
8.5343476299877459	0.9999489792329690
8.5377155691215165	1.0000447799121519
8.5410879280785235	0.9999516452050388
8.5444641531797298	1.0000452577292420
8.5478465501552687	0.9999530867763496
8.5512338450037468	1.0000448817997976
8.5546280402743449	0.9999541548393159
8.5580279514303825	1.0000441353521956
8.5614357111040729	0.9999551957378007
8.5648504068244602	1.0000431304810065
8.5682744851148787	0.9999563949143225
8.5717074750379894	1.0000418240458449
8.5751523688054778	0.9999579201035220
8.5786094256662437	1.0000400662674540
8.5820826114224786	0.9999600048516237
8.5855734870748339	1.0000375701127524
8.5890878644789730	0.9999630510436009
8.5926299087500908	1.0000337870102585
8.5962093708318701	0.9999678454360510
8.5998365010004889	1.0000275686379236
8.6035312902951020	0.9999760700383555
8.6073224781176307	1.0000168503726645
8.6112695470538014	0.9999862223141751
8.6155178104307240	1.0000508887925885
8.6224243451128135	0.9998657072780798
8.6270141549851971	0.9999859716296705
8.6309642078206181	0.9999409749339880
8.6346766543089331	1.0000187306620425
8.6383264138048546	0.9999606216103578
8.6419833078248125	1.0000229256966453
8.6456920686905558	0.9999737588394875
8.6494899577573054	1.0000154620880037
8.6534403191542548	0.9999854824636937
8.6576895542535279	1.0000505840000715
8.6646227701829304	0.9998705614525147
8.6693869152223435	0.9999786312780862
8.6736101960915910	0.9999584724408889
8.6777193392099292	1.0000017916031998
8.6820262262872454	0.9999404246855493
8.6889599431169060	1.0001343251985328
8.6935194827633868	1.0000100210315619
8.6974003198002290	1.0000630373441919
8.7010196779681301	0.9999737381798522
8.7045458048353819	1.0000477525809925
8.7080419161460867	0.9999642233412929
8.7115322746679134	1.0000415188403506
8.7150285958133171	0.9999623971979515
8.7185352752941370	1.0000380257841137
8.7220580194037982	0.9999634770624870
8.7255998625537803	1.0000347718448224
8.7291681250195872	0.9999665011177504
8.7327691892884385	1.0000302200658966
8.7364163536896911	0.9999721349554213
8.7401259776517488	1.0000224270057294
8.7439298057805495	0.9999823040431233
8.7478831683480234	1.0000127321718304
8.7521343987905844	0.9999477797269530
8.7590342113715334	1.0001337631548590
8.7636169775617141	1.0000120192545556
8.7675423245617505	1.0000602199626802
8.7712139519463079	0.9999767834512890
8.7747978673927367	1.0000438478799005
8.7783585099507562	0.9999683657856061
8.7819228233852176	1.0000363588904835
8.7855064612198888	0.9999683563924460
8.7891194466112434	1.0000305015518252
8.7927761360481878	0.9999728754659218
8.7964933575291440	1.0000224369193877
8.8003028029224826	0.9999825220432873
8.8042596087187075	1.0000128049505645
8.8085117734863996	0.9999476961188392
8.8154149925977450	1.0001329813043076
8.8200265370589168	1.0000129929708599
8.8239882675441770	1.0000579683725390
8.8277002731194116	0.9999789185418441
8.8313296491585103	1.0000407241104381
8.8349435621312047	0.9999717763219192
8.8385729877430457	1.0000317713174018
8.8422397427687791	0.9999740473505585
8.8459638650708907	1.0000227826785673
8.8497779868685544	0.9999828700506382
8.8537375691157436	1.0000129607104451
8.8579904961943381	0.9999476829293151
8.8648908619163223	1.0001334386896239
8.8694895453183484	1.0000122708828787
8.8734288300880539	1.0000597424627573
8.8771083328708471	0.9999766132003977
8.8806923522222920	1.0000443825500005
8.8842434857242143	0.9999670277135316
8.8877859830790413	1.0000385692101852
8.8913315814380525	0.9999649300923330
8.8948845432274943	1.0000355566900418
8.8984504144406227	0.9999656083552100
8.9020319558755610	1.0000328279444335
8.9056362178099135	0.9999681178747675
8.9092692239265467	1.0000288732779985
8.9129438986984741	0.9999731285781077
8.9166761041513851	1.0000217660230619
8.9204969522464417	0.9999825909832107
8.9244607978686226	1.0000127539860479
8.9287148827778697	0.9999474229011183
8.9356318198463338	1.0001300704869318
8.9403484243596907	1.0000169693621259
8.9444614925220236	1.0000482317850710
8.9483687534782295	0.9999900727860113
8.9522593996362385	1.0000232932518478
8.9562513095470564	0.9999896566771860
8.9605141337824392	1.0000536392921542
8.9674512654289167	0.9998715905166572
8.9722493843060622	0.9999787671851212
8.9765020291587359	0.9999592753943577
8.9806293431924029	1.0000021310796103
8.9849412351403846	0.9999400131536563
8.9919171239863260	1.0001259085311835
8.9967890159795747	1.0000220532912856
9.0011589878602187	1.0000369397380664
9.0055508532844186	0.9999546413373519
9.0125536426176467	1.0001398024952928
9.0172441282817424	1.0000161927802427
9.0212532333126507	1.0000580523252236
9.0249942519342277	0.9999801181857931
9.0286407495352936	1.0000407815532433
9.0322614228689577	0.9999715727726582
9.0358861834083228	1.0000329904875753
9.0395334950224235	0.9999719635072545
9.0432170663477969	1.0000263544840129
9.0469573481470746	0.9999778139833200
9.0507825411399008	1.0000165079608891
9.0547504628554787	0.9999862997842321
9.0590044098629399	1.0000516635622265
9.0659125261723634	0.9998670143174850
9.0705595959635446	0.9999850481179701
9.0745635199685157	0.9999430477360519
9.0783127884904005	1.0000186612297968
9.0819770975878864	0.9999599097506218
9.0856203078213724	1.0000259942809591
9.0892768621168187	0.9999682874764252
9.0929651741904625	1.0000241315900857
9.0967084449690052	0.9999766827526453
9.1005354240516407	1.0000158342512506
9.1045044013800638	0.9999859452644070
9.1087586274363055	1.0000515114988147
9.1156638657158719	0.9998664308414390
9.1202939251141988	0.9999857775212940
9.1242716219561721	0.9999412000557943
9.1279863597129260	1.0000208037517464
9.1316058304166674	0.9999565729960381
9.1351902737875648	1.0000301042571711
9.1387685376234220	0.9999624963624767
9.1423506521819249	1.0000317457047849
9.1459461428937541	0.9999660652841258
9.1495600224945814	1.0000300956777222
9.1532023306048114	0.9999701792484159
9.1568829282418331	1.0000254709344829
9.1606212698877361	0.9999772341948475
9.1644450583158523	1.0000162348589472
9.1684121568816401	0.9999861407061054
9.1726658685829694	1.0000515505885328
9.1795968057044650	0.9998712271936142
9.1843935452479819	0.9999785105483403
9.1886465188260722	0.9999591859362432
9.1927743322280424	1.0000020723036025
9.1970863368451514	0.9999399534543884
9.2040353075959160	1.0001308111903886
9.2087284077218641	1.0000144407912761
9.2127788729360489	1.0000526568669250
9.2165886760032087	0.9999838257209337
9.2203338414516303	1.0000327534345894
9.2240954142648430	0.9999811902915957
9.2279271611432403	1.0000185211685597
9.2318964300940625	0.9999873057869655
9.2361511576945521	1.0000521355855341
9.2430830946320111	0.9998713258634300
9.2478763195064264	0.9999786286950049
9.2521257325701693	0.9999591486201624
9.2562512243801685	1.0000020677004020
9.2605625995233680	0.9999400317475379
9.2675384562673777	1.0001259359360535
9.2724079230761358	1.0000220564732565
9.2767760707300297	1.0000369517355310
9.2811674475250268	0.9999547090714086
9.2881821511700515	1.0001377197831347
9.2929462975719872	1.0000194174622103
9.2970744492459847	1.0000497658080030
9.3009842724781020	0.9999906487861934
9.3048736730028736	1.0000237813614763
9.3088639629054573	0.9999898796845036
9.3131264689163178	1.0000536765514809
9.3200291893718763	0.9998649956465253
9.3245951223388168	0.9999883262985049
9.3284894304576476	0.9999362495496014
9.3321146215757818	1.0000253536399206
9.3356404763217053	0.9999506086073069
9.3391269690665819	1.0000357440360605
9.3426020336329092	0.9999559744321931
9.3460747177929768	1.0000383214735860
9.3495530386449328	0.9999587632057352
9.3530397835218277	1.0000378939396086
9.3565411664508620	0.9999613735104821
9.3600607763222836	1.0000355670592469
9.3636069131562429	0.9999650898552098
9.3671868437491970	1.0000310586745904
9.3708148128216795	0.9999712844752910
9.3745080761715531	1.0000228923436965
9.3782993014649279	0.9999820490190771
9.3822448383487256	1.0000127000564036
9.3864939660043643	0.9999480375070506
9.3933949003619368	1.0001339198196286
9.3979679851533451	1.0000123415992686
9.4018944760656957	1.0000592294170538
9.4055853884013896	0.9999792999951087
9.4092134831307508	1.0000393450282545
9.4128527243090918	0.9999753471235990
9.4165451151264516	1.0000256915892942
9.4203320473560161	0.9999832693890582
9.4242741839524022	1.0000134314910778
9.4285224622071500	0.9999485624320238
9.4354443540280073	1.0001304259800683
9.4401381693196615	1.0000177728368442
9.4442512902479656	1.0000464392571216
9.4482007895668474	0.9999943328968186
9.4522052130577183	1.0000198666915736
9.4564750416882930	0.9999510979234451
9.4633947499488151	1.0001355680197790
9.4679780141867269	1.0000135708975781
9.4719183686732080	1.0000584135128432
9.4756325713304310	0.9999814628261064
9.4792982696008607	1.0000362666457303
9.4829962305439164	0.9999798510614204
9.4867809204384344	1.0000195958658078
9.4907214739017949	0.9999875220004901
9.4949684011092366	1.0000512380893813
9.5018747170132229	0.9998652033086427
9.5064359141165600	0.9999864326459778
9.5103622688106846	0.9999403795158378
9.5140646745329018	1.0000179642784670
9.5177229802133017	0.9999624455839415
9.5214138881124413	1.0000192685052121
9.5251950271475891	0.9999792588774412
9.5291320172075427	1.0000113909240231
9.5333792344148574	0.9999477461959014
9.5402776980860846	1.0001349067643259
9.5448045656033660	1.0000111157114204
9.5486834813019694	1.0000616001565759
9.5523333845630916	0.9999779327158896
9.5559274451953637	1.0000409612619803
9.5595389818205199	0.9999744900936419
9.5632096047973629	1.0000264235387475
9.5669806389976166	0.9999830414194228
9.5709131818006981	1.0000134366624935
9.5751588517974788	0.9999488965272522
9.5820292242098386	1.0001405149212717
9.5863910012710321	1.0000045135570685
9.5900658439805824	1.0000762315706981
9.5934914470551238	0.9999643460001261
9.5968339454137332	1.0000604440130367
9.6001525298065307	0.9999538938752363
9.6034686208628326	1.0000532935459903
9.6067919995427111	0.9999517174639599
9.6101254287284110	1.0000493749144781
9.6134728332139687	0.9999524387383049
9.6168348706863274	1.0000463552195167
9.6202154139259743	0.9999545548211602
9.6236156886419320	1.0000431585943388
9.6270407895902697	0.9999577978616360
9.6304937201170695	1.0000390765533378
9.6339822014118610	0.9999625219821360
9.6375131640031384	1.0000332142532411
9.6411005509402514	0.9999698028377405
9.6447615782224911	1.0000238634452270
9.6485291229769921	0.9999816353924135
9.6524603146479357	1.0000126671122842
9.6567055457174789	0.9999485184394569
9.6635821026958322	1.0001391277858422
9.6679809667032277	1.0000059379977018
9.6716984234125629	1.0000731779080936
9.6751665372671010	0.9999667592883681
9.6785513949727022	1.0000572229625324
9.6819128561947903	0.9999567199560816
9.6852729735974510	1.0000500164801256
9.6886420182000048	0.9999548777093205
9.6920233113037888	1.0000459028563577
9.6954214121670148	0.9999560063450814
9.6988378882206607	1.0000424591057711
9.7022778172036706	0.9999587656716846
9.7057442038229844	1.0000384448846142
9.7092446899110119	0.9999631654259638
9.7127861397909179	1.0000327693423394
9.7163824135174970	0.9999701680599605
9.7200506220690617	1.0000236524764565
9.7238234973565163	0.9999817399353226
9.7277579309310127	1.0000126792121116
9.7320040360850015	0.9999484124167389
9.7388774776455360	1.0001395642751159
9.7432648116532494	1.0000052248295566
9.7469642506112919	1.0000747526570912
9.7504089135823513	0.9999649559377041
9.7537643774836393	1.0000598321092211
9.7570895997807074	0.9999537738675111
9.7604055250489665	1.0000537803195393
9.7637212333859136	0.9999505552304951
9.7670385823661761	1.0000511454445649
9.7703604004444600	0.9999499121081806
9.7736859854563267	1.0000497113059950
9.7770175417517819	0.9999502414777021
9.7803541399048797	1.0000485908849126
9.7836981129031564	0.9999510509573925
9.7870487141686695	1.0000474139777500
9.7904085699695074	0.9999522278409477
9.7937772924854425	1.0000459805423842
9.7971579589490858	0.9999538175371926
9.8005507636687952	1.0000441145287724
9.8039595180149615	0.9999559709831578
9.8073854066003783	1.0000415790529107
9.8108335499683754	0.9999589739261145
9.8143069750123999	1.0000379737793450
9.8178134354531483	0.9999633690309907
9.8213598603797507	1.0000325177154281
9.8249601909249655	0.9999702947416677
9.8286315764312082	1.0000235459326521
9.8324067631242489	0.9999817735186838
9.8363425889953007	1.0000126785495342
9.8405890732267824	0.9999483635397144
9.8474659876696027	1.0001388517070802
9.8518758477776380	1.0000061128914224
9.8556012836215956	1.0000728899256712
9.8590727374469758	0.9999665825291754
9.8624564470485812	1.0000575639447367
9.8658124502590709	0.9999560180158570
9.8691627796324717	1.0000509894606562
9.8725175386990092	0.9999535785764371
9.8758797063317516	1.0000475464858902
9.8792533282211163	0.9999539874000694
9.8826391863746235	1.0000449245883227
9.8860412379435481	0.9999557845527545
9.8894608160999393	1.0000420735104978
9.8929030909954410	0.9999587213501564
9.8963711554412530	1.0000383004474100
9.8998727981607981	0.9999631563997832
9.9034149978320194	1.0000327222762153
9.9070117329170273	0.9999701630367712
9.9106802054739198	1.0000236403866916
9.9144532243778567	0.9999817368290791
9.9183877301298562	1.0000126771520024
9.9226338580584379	0.9999484090340133
9.9295154764035942	1.0001380321652864
9.9339499339398127	1.0000072374365905
9.9377072065238039	1.0000704777625575
9.9412148013182193	0.9999689588759600
9.9446396382309903	1.0000542055322064
9.9480431506006362	0.9999595640964232
9.9514490447098733	1.0000465170507180
9.9548693024091097	0.9999586090437176
9.9583093166865684	1.0000414354678755
9.9617762493621935	0.9999611458489812
9.9652752653291881	1.0000362283792801
9.9688166168573513	0.9999663368721949
9.9724111402249171	1.0000289332424446
9.9760793341579088	0.9999753158424547
9.9798506592323140	1.0000172373816907
9.9837855804462610	0.9999862617901205
9.9880305676548389	1.0000504767998284
9.9949323626923547	0.9998642302115125
9.9994662009024715	0.9999873946072075
