0.0000000000000000	0.0000000000000000
0.5099944247821466	0.0010000000000000
0.5165908346813526	0.0008020848667841
0.5204076673360909	0.0013001754948073
0.5240955361092290	0.0014567490672843
0.5276766130717589	0.0018284913076484
0.5312876783746772	0.0020707602434414
0.5349695264288530	0.0025179288425744
0.5387740618619561	0.0029416202303630
0.5426826763330811	0.0035617282798837
0.5467075372315382	0.0042485043723496
0.5508075611585106	0.0051484336961958
0.5550091846404202	0.0062072685538108
0.5592331818934636	0.0075267260809632
0.5635025873073329	0.0090728780671739
0.5677381665641393	0.0109482321953299
0.5719659502604081	0.0131076538493232
0.5760920453851127	0.0156599921937602
0.5801631433789630	0.0185225189631438
0.5840953568790933	0.0218405561650549
0.5879708604553761	0.0254964923184459
0.5917193982831438	0.0296961021739718
0.5954468439535632	0.0343113129293335
0.5990762822644771	0.0395872154658956
0.6027217996060360	0.0454123313572957
0.6062888879737119	0.0520268925242863
0.6098962048667781	0.0593631520867224
0.6134335387379937	0.0676207854476433
0.6170240126404817	0.0767971074030896
0.6205489019177530	0.0870323585314122
0.6241323510362122	0.0983959254910469
0.6276569721530530	0.1109699165599190
0.6312387071389665	0.1248738702144461
0.6347746963116853	0.1401641102575466
0.6383572741640970	0.1569370037388547
0.6419157372672553	0.1753057548632094
0.6454978937703739	0.1951935477678710
0.6490872913519717	0.2169247110630600
0.6526631153840001	0.2400110039758992
0.6562871199471396	0.2652178376466718
0.6598476109489109	0.2913485204610005
0.6635040880103409	0.3198724089573131
0.6670413701834420	0.3486222742561599
0.6707228371458590	0.3799594260225582
0.6742352213739866	0.4106631131594818
0.6779306988445316	0.4439596294437523
0.6814256670759117	0.4757905758156264
0.6851233465117543	0.5099250722334977
0.6886162002981554	0.5419772949695321
0.6923057828776163	0.5757110321505468
0.6958141700471304	0.6070555680265849
0.6994880919220152	0.6392054146964850
0.7030255604114005	0.6689419884344415
0.7066798451433095	0.6985379696885156
0.7102530280766071	0.7258817463171566
0.7138900270584885	0.7522857383172896
0.7175034781864507	0.7766901981801950
0.7211389461004588	0.7996536709050689
0.7248091425399564	0.8209122433847409
0.7284823942289683	0.8405410209404077
0.7322478824366928	0.8587459190478989
0.7360194001268004	0.8753321803091378
0.7399483995366044	0.8907621485759324
0.7439591109382396	0.9048391561647764
0.7483672436713630	0.9183408732159550
0.7541463676354433	0.9337440470895827
0.7670143514479495	0.9580700604470536
0.7731999597222220	0.9668818707469820
0.7787268806242585	0.9728159242525343
0.7838783468787427	0.9779326550367766
0.7889250266765918	0.9816351408184666
0.7938476993635545	0.9850375956302880
0.7987503964252151	0.9872645606100940
0.8023303630584795	0.9891681362975253
0.8060511147953344	0.9905972427811199
0.8097199447939126	0.9919202596628451
0.8134401031393246	0.9929674592482116
0.8172284028983076	0.9939697357827648
0.8211846461069823	0.9948025011115026
0.8254336848761878	0.9956591839249022
0.8321111467284001	0.9964323122833656
0.8430525128513470	0.9977606921050473
0.8473790995359110	0.9980791052791010
0.8509805232369575	0.9984427722512663
0.8545181609420012	0.9985993452248744
0.8582717861241909	0.9988617544730570
0.8623342199430178	0.9989915209087121
0.8665738108900927	0.9991738659162517
0.8733069624874801	0.9993199361329366
0.8807866805773558	0.9997388175772618
0.8885619185839697	0.9994439007372710
0.8932638766606062	0.9996954880228647
0.8969170752603404	0.9996582602858146
0.9003775209166240	0.9998017499626766
0.9038117894651366	0.9997524354482733
0.9072514990958147	0.9998686464905541
0.9107168101795043	0.9998147705658624
0.9142197168590647	0.9999108502218278
0.9177727830493582	0.9998610090167046
0.9213779867746242	0.9999387512496170
0.9250357395411615	0.9998943895314136
0.9287393125200879	0.9999585062032975
0.9324857429239399	0.9999177933945955
0.9362721537127427	0.9999712306799261
0.9401071743893844	0.9999359111992318
0.9440089219875742	0.9999755836872032
0.9480261384135527	0.9999507111898155
0.9522933783579020	1.0000215460741435
0.9591496762970976	0.9998328944056859
0.9636264958908815	0.9999665410604863
0.9674128496197997	0.9999081521062093
0.9709619584545131	1.0000041285673418
0.9744763046828855	0.9999363289782430
0.9780452220529482	1.0000058727401837
0.9817338467892380	0.9999616934349794
0.9856146234342007	0.9999972403440957
0.9898469773099283	0.9999368465490670
0.9964386780355970	1.0001819407605206
1.0052972241179545	0.9999302255973000
1.0088587358290673	1.0001052294545409
1.0123398332523821	1.0000205589169333
1.0159187214109022	1.0000735145897628
1.0196259158785912	1.0000093576463136
1.0234564249882527	1.0000263774478300
1.0274385385176714	0.9999800117963072
1.0316938520366197	1.0000316324566134
1.0389008275642686	0.9998916233706958
1.0471908654861710	1.0002551259965855
1.0513369701820150	0.9999496930364323
1.0545656829513943	1.0000497912842374
1.0576491075296690	0.9998763881196860
1.0609303881900722	0.9999520401029256
1.0645665277015963	0.9999070553301136
1.0687298284161260	0.9999697860778415
1.0751943800813830	0.9997378334466558
1.0783966130728435	0.9999824316429434
1.0812333609798486	0.9998124383459299
1.0840855898253996	1.0000101676477489
1.0870264385182236	0.9998694910890211
1.0900573064434296	1.0000213721173254
1.0931724621839256	0.9999021958992104
1.0963598379028459	1.0000242516568216
1.0996148513358657	0.9999235252872255
1.1029319065260119	1.0000247435011080
1.1063124208360329	0.9999401098152568
1.1097581809982975	1.0000224865777430
1.1132793432834551	0.9999556702295914
1.1168904342073811	1.0000159009294938
1.1206226632894152	0.9999735033707204
1.1245329202164231	1.0000067611002039
1.1287724503277707	0.9999447753879284
1.1357050988580595	1.0001266468120771
1.1404075298044909	1.0000178261846582
1.1445741939594711	1.0000402897703864
1.1486502074877070	0.9999965046704344
1.1529466900445589	1.0000568217293924
1.1598939338271181	0.9998651009025771
1.1644614506788287	0.9999859553912271
1.1683982724117186	0.9999415793657399
1.1721276552572715	1.0000150434384851
1.1758374681527060	0.9999666734378757
1.1796168047281230	1.0000129817896461
1.1835512970042388	0.9999836245656815
1.1877968169144413	1.0000487532156845
1.1946532625773836	0.9998540039667841
1.1989000672852188	0.9999967445859125
1.2024872941109834	0.9999189072357365
1.2058772753416820	1.0000313546371202
1.2092511816086193	0.9999452579712524
1.2126783683952755	1.0000308477325115
1.2162039693497639	0.9999666933412926
1.2198675263615204	1.0000173987360765
1.2237370911023904	0.9999852079985684
1.2279647978067867	1.0000475427553355
1.2347382732949734	0.9998366176808212
1.2385283546793739	1.0000141302639523
1.2417452848208284	0.9998935130424521
1.2448564286996928	1.0000438724724745
1.2480078997297506	0.9999290574458328
1.2512425461126429	1.0000409804135431
1.2545852728857627	0.9999544357447697
1.2580541454381999	1.0000277428592754
1.2616832580024058	0.9999773232478598
1.2655320051157484	1.0000116740460501
1.2697554084711142	0.9999508835005247
1.2765943775897894	1.0001498579374486
1.2806580742586251	0.9999970872766388
1.2841151899498768	1.0000865007075179
1.2874297551803702	0.9999660642577227
1.2907603946903599	1.0000556221505561
1.2941660385789460	0.9999679720521227
1.2976799080672570	1.0000325614159971
1.3013393368275248	0.9999815568600213
1.3052058281992156	1.0000136931240351
1.3094337758973100	0.9999513423742157
1.3163091202089277	1.0001426693657434
1.3205802007876646	1.0000050927382773
1.3242304526225031	1.0000734022781914
1.3277123251139040	0.9999743023928176
1.3311972335202351	1.0000447264344945
1.3347580673025290	0.9999767097536572
1.3384454488967370	1.0000220605274144
1.3423282710412825	0.9999880310484038
1.3465596790701575	1.0000495083851138
1.3534189122497127	0.9998538226768018
1.3576082461600829	0.9999983651182065
1.3611595533742429	0.9999174725184412
1.3645264423487447	1.0000327321292457
1.3678766520912375	0.9999429723920348
1.3712678347644323	1.0000346000498237
1.3747329643445210	0.9999610918409140
1.3782948440626217	1.0000251769532968
1.3819896011443769	0.9999791304060762
1.3858768780669675	1.0000119949352630
1.3901104212294102	0.9999497200354435
1.3970428952576672	1.0001305767936448
1.4016882119406908	1.0000192521877591
1.4058045578514571	1.0000430959342121
1.4098497499370328	0.9999980900949120
1.4141379811674177	1.0000568994444272
1.4210519202469354	0.9998582988182996
1.4253723557088884	0.9999944714698231
1.4290431898868532	0.9999257088751560
1.4325165230345664	1.0000273591272693
1.4359686254801289	0.9999505494676966
1.4394652529004985	1.0000281295115248
1.4430484401736348	0.9999692809373494
1.4467550450240052	1.0000167949079322
1.4506505503886959	0.9999854019537071
1.4548850064401146	1.0000486146991210
1.4617783081714597	0.9998604296640536
1.4661751538117496	0.9999905705152676
1.4699363047706118	0.9999311701689871
1.4734920767794102	1.0000236398412705
1.4770155827817759	0.9999544565335169
1.4805721390452700	1.0000258697037452
1.4842034210505766	0.9999710758213906
1.4879454417980074	1.0000162020303651
1.4918622821776457	0.9999854196866533
1.4961024014980542	1.0000493741459415
1.5030297044298362	0.9998678786519370
1.5076771746579869	0.9999815503986246
1.5117521411203547	0.9999512342102520
1.5156731830163110	1.0000046540718224
1.5196625816318479	0.9999789000360764
1.5239269376894697	1.0000471622172324
1.5308480069100505	0.9998625254529554
1.5353873691525033	0.9999865723146398
1.5392796204811838	0.9999372883337507
1.5429360619673880	1.0000209074463364
1.5465291531013405	0.9999568481552653
1.5501232426153304	1.0000265223500615
1.5537551197061150	0.9999685930230594
1.5574489381159216	1.0000214443234932
1.5612401272432093	0.9999812183472416
1.5651854555405527	1.0000122532678521
1.5694345597740040	0.9999478177415574
1.5763167992798033	1.0001373601906671
1.5807759572352247	1.0000079504540886
1.5845599612521315	1.0000684570051726
1.5880984579182229	0.9999712261743751
1.5915650003453792	1.0000501575127858
1.5950289667177802	0.9999649797797779
1.5985235657234473	1.0000383525147061
1.6020730748211318	0.9999696547259710
1.6057005383426390	1.0000259461270213
1.6094418697052870	0.9999816044357975
1.6133568720378400	1.0000128872779876
1.6175978045139312	0.9999491899370341
1.6245520008126788	1.0001253572222777
1.6295483900880952	0.9999735963462139
1.6370232097211164	1.0001654338017332
1.6420116312933126	1.0000299185874815
1.6462850948412271	1.0000474107921522
1.6503977560207135	1.0000000225047787
1.6547075824587489	1.0000591629963795
1.6616778049051086	0.9998676943645204
1.6663121260601224	0.9999831375076784
1.6703572675632665	0.9999502095991046
1.6742509088405644	1.0000051827385963
1.6782226618999110	0.9999789023678817
1.6824824371455016	1.0000465261897740
1.6894115304563415	0.9998630539555695
1.6939591213118641	0.9999843372873326
1.6979008427617421	0.9999430813640764
1.7016659127303144	1.0000110764703605
1.7054541697039738	0.9999729329010753
1.7093830391869482	1.0000085429115397
1.7136300115560423	0.9999470225106133
1.7205923176264983	1.0001248198278139
1.7254489314841144	1.0000238047164551
1.7300123590560306	1.0000793247970710
1.7371756878739018	0.9998695652642813
1.7420553882383889	0.9999776211287003
1.7464004156837978	0.9999616872729299
1.7507864924495853	1.0000424868633326
1.7578506838215409	0.9998653801236685
1.7628836207749587	1.0000226028785086
1.7704006421244609	0.9998317116105845
1.7753860193360982	0.9999679785416995
1.7796555600363351	0.9999505289528605
1.7837637401737321	0.9999978821737189
1.7880736927799170	0.9999386073345362
1.7949541572405527	1.0001454001055388
1.7992344893786494	1.0000056003645825
1.8028649056337980	1.0000775629285790
1.8063352536183608	0.9999794035679495
1.8098396036561866	1.0000455882505810
1.8134722629464710	0.9999897465115489
1.8173185200989561	1.0000226121439191
1.8215419497002006	0.9999616029977531
1.8284121405013187	1.0001567258604320
1.8324520387493506	1.0000027826413698
1.8358966035108608	1.0000932189478053
1.8391927541883859	0.9999683532248831
1.8424807310951934	1.0000659237332403
1.8457975694657727	0.9999609769092641
1.8491466405998143	1.0000526352007675
1.8525217746191773	0.9999578584102508
1.8559113466848414	1.0000471438595169
1.8593067981943359	0.9999546843864082
1.8626990479046341	1.0000453938143081
1.8660855023893359	0.9999516381106837
1.8694643528238506	1.0000444878671726
1.8728404268092194	0.9999501464885214
1.8762182604642550	1.0000424585596488
1.8796075107916852	0.9999512984835908
1.8830161480725898	1.0000383340710393
1.8864565437004452	0.9999555713022750
1.8899397482959746	1.0000315448280603
1.8934830254274218	0.9999635938749548
1.8971064320242350	1.0000208517408211
1.9008451442591587	0.9999768100316804
1.9047586270464880	1.0000084502184567
1.9089991525348484	0.9999450715810553
1.9159537642544964	1.0001215566002399
1.9208142819350649	1.0000204625611586
1.9253786177350782	1.0000763359219857
1.9324635768488034	0.9998535637359566
1.9368892793744215	0.9999932533250355
1.9405694394136741	0.9999197619560675
1.9439880115495078	1.0000327628071901
1.9473289588817146	0.9999368347323121
1.9506516683304069	1.0000423209301357
1.9539807586563058	0.9999452869650305
1.9573217520349868	1.0000440689485686
1.9606792519710396	0.9999500625336775
1.9640522918422447	1.0000434312149495
1.9674428487066224	0.9999533721221363
1.9708493235091651	1.0000420154756648
1.9742733983174672	0.9999561053753824
1.9777135780282535	1.0000403256279524
1.9811716773316466	0.9999586262424333
1.9846465254008492	1.0000384667298627
1.9881404083827683	0.9999611557176283
1.9916528571564200	1.0000363330005770
1.9951872467312961	0.9999639736373256
1.9987446926600410	1.0000335909419680
2.0023310259155918	0.9999676109238888
2.0059510901047570	1.0000294801778464
2.0096167541741914	0.9999732267772159
2.0133429085490220	1.0000222850712182
2.0171598876213972	0.9999829966644576
2.0211215429842926	1.0000132433427453
2.0253749915332322	0.9999480193354370
2.0322553718691676	1.0001375401579695
2.0367193593935808	1.0000059901156675
2.0404676631198044	1.0000737942518603
2.0439155390147024	0.9999611553141842
2.0472299961448583	1.0000649042640759
2.0504773677030537	0.9999453022142087
2.0536886114085320	1.0000621908307634
2.0568843131960390	0.9999404975697123
2.0600775513050715	1.0000592680239018
2.0632813324083061	0.9999414347337006
2.0665032011245090	1.0000549933162695
2.0697517909911354	0.9999453505764042
2.0730306463826347	1.0000499066820550
2.0763451043820504	0.9999505361559619
2.0796960971223664	1.0000446670270959
2.0830870943187101	0.9999560962858829
2.0865180195035604	1.0000395459191289
2.0899922111108431	0.9999618082203975
2.0935106921244762	1.0000342640200837
2.0970795533635886	0.9999681782059274
2.1007051591770196	1.0000276723346606
2.1044036042398644	0.9999769310030450
2.1082000475029266	1.0000173875096798
2.1121510556231673	0.9999870315381197
2.1164002353652069	1.0000519547820224
2.1233159657776124	0.9998687693112146
2.1280414103314236	0.9999813165266745
2.1321618630962571	0.9999495112360386
2.1360545307054069	1.0000111363096049
2.1398876331267864	0.9999697741863744
2.1437297674631171	1.0000156372391484
2.1476292888497084	0.9999820839767084
2.1516408998427980	1.0000119345614324
2.1559081620094922	0.9999444287918577
2.1626313721973869	1.0001591486663712
2.1672770355901538	1.0000349692633073
2.1712331293393619	1.0000832019027537
2.1749671619844024	1.0000112415146651
2.1786675611732460	1.0000634875030772
2.1823909108567623	1.0000066045709113
2.1861393059215120	1.0000540515546339
2.1898945872989350	0.9999966561902104
2.1936288857918376	1.0000479124512505
2.1973234568914499	0.9999810265769126
2.2009666311799920	1.0000420072744109
2.2045636083757749	0.9999662919294747
2.2081247681092777	1.0000348830637209
2.2116689446500075	0.9999572393632780
2.2152130578327061	1.0000262335486396
2.2187777736090291	0.9999552548445805
2.2223821503213812	1.0000158673715818
2.2260525658975090	0.9999608854410349
2.2298229866405408	1.0000023683163011
2.2337565216160860	0.9999710964822505
2.2380013912780194	1.0000354336749668
2.2449263035444353	0.9998543781116610
2.2495911006383786	0.9999686649666069
2.2536793469308809	0.9999397017476702
2.2576085829053358	0.9999937125312603
2.2616023698368868	0.9999690073133941
2.2658680493431391	1.0000385323235035
2.2727157063509051	0.9998421513054674
2.2769927554709595	0.9999839165931312
2.2806195210226874	0.9999123120840022
2.2840797381091278	1.0000126034121259
2.2875740647147511	0.9999457520828523
2.2911966130799701	1.0000028284861422
2.2950379239942658	0.9999699201897213
2.2992590325180036	1.0000305408197856
2.3062876485852284	0.9998633858122611
2.3104901415674641	0.9999988089334931
2.3142109795029366	0.9999516802335595
2.3178922884213251	1.0000247709755614
2.3217468901201563	1.0000032564932333
2.3259741871040491	1.0000784716110545
2.3328209305298655	0.9999070262241453
2.3376130495220213	1.0000314349790602
2.3418026424785783	1.0000075106399724
2.3457308348648334	1.0000707952378145
2.3495187298533424	1.0000127642246752
2.3532005825412745	1.0000745411337584
2.3568157721247371	0.9999988412089630
2.3604080794752242	1.0000581348526827
2.3640356033525882	0.9999902114027421
2.3677578507095869	1.0000278508099221
2.3716583312544004	0.9999872866611210
2.3758950521404376	1.0000424165497370
2.3827465357799373	0.9998360887447995
2.3869275350777506	0.9999785862111686
2.3904520879101829	0.9998904818715623
2.3937700118541234	1.0000128408539750
2.3970416449484939	0.9999084219349799
2.4003155080461767	1.0000193345187669
2.4036115938154858	0.9999189669360288
2.4069345169044927	1.0000195919747752
2.4102891013886083	0.9999271288055535
2.4136757676255218	1.0000183447705766
2.4170975586904961	0.9999348308935614
2.4205544178367675	1.0000168264037268
2.4240490583037517	0.9999424410596817
2.4275816301374373	1.0000151560370232
2.4311558435701022	0.9999500856982433
2.4347741398563758	1.0000127244020576
2.4384451056430296	0.9999585906669299
2.4421803368883204	1.0000077797586724
2.4460065940542646	0.9999701834348012
2.4499747476474627	1.0000011876513013
2.4542298064320751	0.9999366561647618
2.4605449992242145	1.0002297597822896
2.4657068363843671	0.9999367345195048
2.4707078850886992	1.0003057932148720
2.4741691044874075	0.9999333214242295
2.4773388065991382	1.0000567747699567
2.4805987464716384	0.9999238282078131
2.4842342255898302	0.9999563179846044
2.4884129623332987	0.9998866315426379
2.4947870460160089	1.0001223313460512
2.4994089574487703	0.9999965045037729
2.5033888611453716	1.0000384931299950
2.5072239098108446	0.9999804071088856
2.5110962763811964	1.0000130416100774
2.5150875719760792	0.9999794021805594
2.5193475804765422	1.0000425276176970
2.5261551705072374	0.9998379271557202
2.5326954354613007	1.0002784549183235
2.5385273577588721	0.9997974326781226
2.5438025711793539	1.0001205990783746
2.5484116082722803	1.0000099831520755
2.5528931417224583	1.0000383515362294
2.5575933930886263	0.9995881095276105
2.5609591743459661	0.9999459618155387
2.5648740927204599	0.9999749707724288
2.5690759673310888	1.0000525275627743
2.5733742749380779	0.9999878934725341
2.5781970461611996	1.0003106039217633
2.5857892445028914	0.9996968963675494
2.5903557618169453	0.9998483501687566
2.5942344516231985	0.9998166279012997
2.5985261725473339	0.9999006630748967
2.6060089514537514	0.9998141110594660
2.6103329523067766	0.9999272810940457
2.6144211294912405	0.9999264816292335
2.6187021726324704	1.0001032357601463
2.6232923907174275	0.9998097437355422
2.6280418756278148	0.9999324216131100
2.6345836987830493	0.9998398008521764
2.6375221724299811	1.0001094170496805
2.6404775256036426	0.9999739469137529
2.6436112531201172	1.0001098672394224
2.6469209318674207	1.0000219847874474
2.6503647528783154	1.0000962024606270
2.6539216282659792	1.0000265136900233
2.6575792648013876	1.0000708498573572
2.6613544607013702	1.0000192842422653
2.6652930654999571	1.0000378007747932
2.6695395881972748	0.9999587880125346
2.6761858842915998	1.0001652953134192
2.6948722357128361	1.0003525039201386
2.7112370235218011	1.0001308273421992
2.7159355170347435	1.0000171813444680
2.7199728085854358	1.0000630070126635
2.7238252453141722	1.0000023935280535
2.7276881904761465	1.0000352751785635
2.7316666493710362	0.9999994595319727
2.7359260016808991	1.0000588150606944
2.7429390426770879	0.9998804142174171
2.7472788787757589	1.0000090526801928
2.7510753987236627	0.9999646181794162
2.7547907079076892	1.0000359191376842
2.7586598498283443	1.0000151409076932
2.7628920727100112	1.0000918798305547
2.7693009579389098	0.9998399472656402
2.7736352017293404	0.9999957183298521
2.7772181294913971	0.9999186967765072
2.7806559527404970	1.0000194151327901
2.7842002172509979	0.9999635589866080
2.7879859831200529	1.0000035071510684
2.7921956015901381	0.9999418186191490
2.7991654456143023	1.0000987375958705
2.8039204254631489	1.0000025204455707
2.8084521478524591	1.0000823329092838
2.8141221212930798	0.9997161971435682
2.8227827883636931	1.0002153878867412
2.8271408380334000	1.0000539175181040
2.8308545447242692	1.0000762116381292
2.8346502813089010	0.9999854814429641
2.8387788569802637	1.0000036707788142
2.8430370788386981	0.9999787151405024
2.8503708834953905	1.0000313122216256
2.8548089069001623	0.9999173869425646
2.8591171547687546	0.9999192425610961
2.8634569771292786	0.9999835335564856
2.8736451233135116	1.0003540021900461
2.8770194022133118	1.0001700095689221
2.8802163006358770	1.0002943691683552
2.8835845707996288	1.0001926890816948
2.8871690125565803	1.0002200224578470
2.8909961782911280	1.0001410344515567
2.8952136773357062	1.0001256575608408
2.9030280925432992	0.9998914043122616
2.9081579323343889	1.0001704509979870
2.9131221319147769	0.9998467485155593
2.9180207691998663	0.9999500321439004
2.9246534271797318	0.9997884576907925
2.9287740537138816	0.9999663688187513
2.9324088001010735	0.9999243028733968
2.9361583639015976	0.9999847408535396
2.9403614737246739	0.9999359654180331
2.9471595788468985	1.0001343186751994
2.9517257436409809	1.0000161484300030
2.9557270378849188	1.0000496375978287
2.9596106580479327	0.9999972791178299
2.9635771402282143	1.0000200105631070
2.9678177585647787	0.9999522577417392
2.9747039580795103	1.0001312057029828
2.9793438075820453	1.0000117241309574
2.9833247263678873	1.0000569333344518
2.9870506406953337	0.9999781152840198
2.9906883679196432	1.0000395942957454
2.9943099587419959	0.9999717157407839
2.9979542534007209	1.0000294241889984
3.0016538088469202	0.9999766963583934
3.0054448106059666	1.0000172009842523
3.0093906659573935	0.9999861685351991
3.0136388281769175	1.0000506080082991
3.0205410907366157	0.9998643125944731
3.0250944560373898	0.9999866084984357
3.0290042254065845	0.9999385435075572
3.0326806735579463	1.0000195192068126
3.0363002794815750	0.9999588337632241
3.0399328533346144	1.0000232094581927
3.0436227884009721	0.9999727157211855
3.0474071164751697	1.0000151912865460
3.0513493226002519	0.9999850137477090
3.0555963244573148	1.0000498264200970
3.0625059438282372	0.9998652882994986
3.0671059823793936	0.9999842125128107
3.0710823042384425	0.9999427333863674
3.0748440006438993	1.0000136931514991
3.0785776420612239	0.9999667931145293
3.0823732851557404	1.0000120678942701
3.0863172756779806	0.9999827826239367
3.0905654389813142	1.0000480729379433
3.0971984526987684	0.9998119461649662
3.1005618231756267	1.0000385839179413
3.1034059770200240	0.9998555298797137
3.1061783085114496	1.0000685730373338
3.1089910813339876	0.9998919812912214
3.1118639031371624	1.0000699675877962
3.1148009562816319	0.9999137783804544
3.1177957600062118	1.0000654849241752
3.1208459639276440	0.9999270253323715
3.1239452414173816	1.0000596014376151
3.1270920919440282	0.9999360132606406
3.1302818940946402	1.0000537223400394
3.1335144763108973	0.9999429649769633
3.1367868701567985	1.0000481514007242
3.1401004441674116	0.9999491100803964
3.1434542011759272	1.0000426621760916
3.1468517985877384	0.9999553656494599
3.1502954318657563	1.0000366105755041
3.1537931608067558	0.9999628330992050
3.1573539469309000	1.0000286795286564
3.1609968360189926	0.9999734273206028
3.1647503613054146	1.0000166444252738
3.1686747249294998	0.9999856713851553
3.1729168227102544	1.0000498131443230
3.1798363145783246	0.9998672816723885
3.1844571672528068	0.9999838472042917
3.1884792785349658	0.9999479398085447
3.1923121956232596	1.0000109539937263
3.1961508044006250	0.9999755800639032
3.2001100479335554	1.0000103280123855
3.2043651671586986	0.9999477643675106
3.2112949509158404	1.0001314598293520
3.2159919385350535	1.0000194862248508
3.2201091807199269	1.0000480510314149
3.2240628135726155	0.9999963062561034
3.2280700246209357	1.0000218129973359
3.2323405605368576	0.9999529543056640
3.2392743640414383	1.0001346555537913
3.2439538811320987	1.0000188727688295
3.2480254004865610	1.0000520132950044
3.2518979656210849	0.9999914005811488
3.2557631369220177	1.0000255635892032
3.2597396313111786	0.9999913363091756
3.2639982082154022	1.0000545698687047
3.2709495375128315	0.9998747927384115
3.2759495664647029	1.0000273042555592
3.2834083514412566	0.9998331038339909
3.2883473470760074	0.9999739478165262
3.2924903052865395	0.9999416679668510
3.2963412419558993	1.0000111136565868
3.3001290449437244	0.9999681244584689
3.3039588102227273	1.0000124656257294
3.3079221044033416	0.9999839597175888
3.3121756720221960	1.0000501428685622
3.3190867155481993	0.9998657240108613
3.3236917315726000	0.9999851220218107
3.3276682587399686	0.9999434695079324
3.3314270286652681	1.0000149216984604
3.3351565769657769	0.9999676901832558
3.3389483851154105	1.0000133243135578
3.3428898333041843	0.9999840613523405
3.3471373501606871	1.0000493854175054
3.3540721931647135	0.9998692748824025
3.3587898066965187	0.9999789945460131
3.3629689824651314	0.9999573650187111
3.3670500877920619	1.0000014229176017
3.3713494606173269	0.9999411815769185
3.3783405150432899	1.0001248411076000
3.3832238573260964	1.0000232239107527
3.3877952108531435	1.0000796165291321
3.3949198537394643	0.9998627403562739
3.3995675416745748	0.9999867490069947
3.4035344764570010	0.9999434790947858
3.4072972932411418	1.0000124068387588
3.4110762739800036	0.9999729725644934
3.4149977540697178	1.0000087679025709
3.4192430544409262	0.9999474768889810
3.4261493096303934	1.0001361092801746
3.4306131694005804	1.0000115904013751
3.4344718830198180	1.0000591236423642
3.4381725570092736	0.9999862346831238
3.4419130852410960	1.0000271498194993
3.4458152023268118	0.9999906211493805
3.4500537872877590	1.0000510774535969
3.4569787184004941	0.9998654710331797
3.4615037127053907	0.9999841304787801
3.4654613413043389	0.9999470360620419
3.4692952107988972	1.0000053913220071
3.4732328796006522	0.9999785704651616
3.4774832896016377	1.0000452475670163
3.4844659583318727	0.9998717661114701
3.4893005806093647	0.9999738168798139
3.4938604622942755	0.9999201444450492
3.5009791551946927	1.0001395580362409
3.5054245057253413	1.0000043600212074
3.5091658145875355	1.0000682665394369
3.5126862375175616	0.9999706981903697
3.5161698078551638	1.0000444218365510
3.5196902601376103	0.9999689050912897
3.5232888074734388	1.0000264864760429
3.5270071325625598	0.9999797380790553
3.5309079869915019	1.0000112093740914
3.5351451533891227	0.9999482538754793
3.5417170030080309	1.0001965570364812
3.5486338980126098	0.9997884675448716
3.5571745473356065	1.0002224707604248
3.5602362120033435	0.9999437307226335
3.5631800068286159	1.0001039867127022
3.5663273066963184	0.9999776618122860
3.5696996422003644	1.0000516338433303
3.5732636199410304	0.9999907933624996
3.5769850815443602	1.0000352280460725
3.5808330591316326	1.0000026191754607
3.5847809104006823	1.0000382876696339
3.5888097461961954	1.0000163245318712
3.5929225157371438	1.0000452692384318
3.5972141098839785	0.9999689078688048
3.6029371968494961	1.0003325311764915
3.6082639214412993	0.9997783973802549
3.6147646643965912	1.0003285741643901
3.6316297739936556	1.0001957842472169
3.6406182958190749	0.9998533382421690
3.6525257906131987	1.0002611049022647
3.6584540092685822	0.9997275714296051
3.6623853785939517	0.9999773160858675
3.6659161213698170	0.9999080009537077
3.6696621196890482	0.9999630945391601
3.6738881996768855	0.9998985638218334
3.6801717177250715	1.0001489356699758
3.6843647344328683	0.9999958951203530
3.6878848463922353	1.0000776828082631
3.6912893008663734	0.9999727135737457
3.6947654933868583	1.0000390764203324
3.6983900424151570	0.9999822848000525
3.7022344211920846	1.0000141256608575
3.7064566506464871	0.9999523224077358
3.7133949271966173	1.0001332248999890
3.7178953776086296	1.0000132304498199
3.7218033967731570	1.0000575198712878
3.7255235360983403	0.9999830517246878
3.7292152375543788	1.0000337781290654
3.7329456038711641	0.9999794190806212
3.7367599544291967	1.0000152221413039
3.7407200283020563	0.9999805930153657
3.7449720672572955	1.0000399568484721
3.7520051731327331	0.9998654125344233
3.7563812377440238	0.9999826028012520
3.7602879347285976	0.9999469291234527
3.7642102587321160	0.9999939079530450
3.7684678807349909	0.9999396387514743
3.7756052048266260	1.0001018289339991
3.7802834166648958	0.9999944095062920
3.7848040415757769	1.0000275083949510
3.7921243238880020	0.9998126187027050
3.7957049454253866	0.9999980078553041
3.7989454539126393	0.9998920206502154
3.8022433658641126	1.0000048037694689
3.8057316457682382	0.9999492522239656
3.8094938689978326	0.9999945151739472
3.8136966794262355	0.9999428950775703
3.8207138589104028	1.0001178045998051
3.8254323230738185	1.0000177447524030
3.8299611310204007	1.0000623470320222
3.8373923686300673	0.9998789230207243
3.8412233315292093	1.0000342421093458
3.8446741980473687	0.9999527897910083
3.8481821850276572	1.0000303819674654
3.8519425849276669	0.9999929123376087
3.8561461207153886	1.0000475010539278
3.8630268256406981	0.9998426463267771
3.8666941170419600	1.0000148486881741
3.8700055043608708	0.9999182581587318
3.8733574419203847	1.0000233130001230
3.8768483428369960	0.9999618094363706
3.8804885289627427	1.0000184544198811
3.8842496419709698	0.9999798088125681
3.8881076939815671	1.0000183984453763
3.8920475912116492	0.9999824168993908
3.8960539121328353	1.0000068462736276
3.9001135299466867	0.9999797407643038
3.9042040811823226	1.0000134097909101
3.9082915033786771	0.9999822240732861
3.9123399599328499	1.0000151357703626
3.9163303650674703	0.9999694115738038
3.9202610975918333	1.0000057773271713
3.9241642294627201	0.9999587768611947
3.9280862464062616	0.9999911021337728
3.9321082867175305	0.9999635871855670
3.9363772565780328	1.0000433845182715
3.9421814937968933	0.9997048176577675
3.9501574837550413	1.0001344007139017
3.9536546919481372	0.9999541191725020
3.9567369399171928	1.0001271899874011
3.9598704419981501	1.0000131939843906
3.9631561729489531	1.0001130176649495
3.9665809010626134	1.0000352031532496
3.9700934250679842	1.0001006685595699
3.9736603942974345	1.0000282122354709
3.9772389575826819	1.0000857115353967
3.9808296465370088	1.0000109455789881
3.9844607445424218	1.0000615189488629
3.9881883305239003	1.0000082712397964
3.9920910596569121	1.0000340540644710
3.9963283388692652	0.9999645407133069
4.0031845415223444	1.0001511626129049
4.0077760910627793	1.0000328856298588
4.0118211998397575	1.0000616573053831
4.0158177598758478	1.0000163267710995
4.0200941105378973	1.0000762284040521
4.0267395722145150	0.9998338832162742
4.0309791025864987	0.9999944251520990
4.0345613391928161	0.9999351053840453
4.0380382003989412	1.0000449486809937
4.0415913814979199	1.0000013233290981
4.0452832237774574	1.0000626499951022
4.0491695714631319	1.0000343494366193
4.0534026377400760	1.0000838493692081
4.0606966422618118	0.9998983185107918
4.0644262309284702	1.0000558084618896
4.0676514022830332	0.9999212626350558
4.0707401126286848	1.0000659961383593
4.0738285497065645	0.9999275383578242
4.0769661254038025	1.0000480580799598
4.0801784354353030	0.9999322011707474
4.0834716871541072	1.0000270305662362
4.0868485503249579	0.9999361074000986
4.0903039416027687	1.0000112621895549
4.0938336464511611	0.9999404102667063
4.0974297406419637	1.0000023071863642
4.1010865999789159	0.9999457907762894
4.1047962321694076	0.9999990456618830
4.1085535777131348	0.9999521348706913
4.1123514264483134	0.9999996370343684
4.1161858895208061	0.9999588812605831
4.1200508979007182	1.0000023206611230
4.1239442796124237	0.9999655028247681
4.1278621219112459	1.0000055574721278
4.1318060316916574	0.9999720091096507
4.1357784282255556	1.0000075903601278
4.1397936123050014	0.9999795960776969
4.1438834836954834	1.0000089714285492
4.1481723133556043	0.9999405526467594
4.1545780434622035	1.0002164820097927
4.1597546257471114	0.9998960309897432
4.1647660696147675	1.0002258595600602
4.1691045311583999	1.0000184172367197
4.1731344974500324	0.9999917912455305
4.1767857479803334	0.9998866380262772
4.1801969930481375	0.9999901553191840
4.1834939958764243	0.9998905793236819
4.1867774939411628	1.0000081320640550
4.1901033093506230	0.9999246367903151
4.1935069764936852	1.0000188832802819
4.1970190973727686	0.9999606229679623
4.2006750358543252	1.0000174269714204
4.2045406309137974	0.9999893851458267
4.2087672462831813	1.0000543484089590
4.2156767706558096	0.9998698667155168
4.2200902843337031	0.9999964063414117
4.2239022708406182	0.9999438868933577
4.2275423444947302	1.0000237043587132
4.2311902766863927	0.9999705669018502
4.2349284406946399	1.0000183872409636
4.2388393337778094	0.9999873958113314
4.2430783095878217	1.0000503376437522
4.2500443211418268	0.9998732713774924
4.2550373413174043	1.0000215073940366
4.2617798292121112	0.9997114188817794
4.2671470939808129	1.0000140433623852
4.2736476067194937	0.9998086083519887
4.2792295344025364	1.0003519321921175
4.2844024297563656	1.0001362910686407
4.2894091367333465	1.0002754992099334
4.2943483752455363	0.9997354167405560
4.2978652404802329	0.9999406163035678
4.3013156112241342	0.9998712666906745
4.3048960921569348	0.9999523491272174
4.3087131697303285	0.9999233177906804
4.3129291387303912	0.9999719464336539
4.3203502825500397	0.9998378965262836
4.3254865537842306	1.0002378722417404
4.3304534178241267	1.0000584925847189
4.3353447136710725	1.0003355760701134
4.3402176159142156	1.0000687860734885
4.3450861840633106	1.0002593364038914
4.3499639362260520	0.9999155849470288
4.3548474759863973	1.0000266952733634
4.3596950050655572	0.9996086478485771
4.3641110314855798	0.9997549793905960
4.3681831961634368	0.9998101239514420
4.3719797039421078	0.9999205050925053
4.3757100195496221	0.9998982638695133
4.3795865420294229	0.9999489628302174
4.3838244817331438	0.9998924665220861
4.3905337848265713	1.0001106435051659
4.3951754513301964	0.9999943199570399
4.3992356920660960	1.0000272913052852
4.4032341012956122	0.9999831765121485
4.4075122524578791	1.0000429966236866
4.4144863078046734	0.9998536901108963
4.4189077156421659	0.9999819260118720
4.4227160759243080	0.9999294751713582
4.4263288685054079	1.0000166065924119
4.4299028690544890	0.9999528083086966
4.4334859638555812	1.0000246213407746
4.4370974216776826	0.9999637711570748
4.4407392559970802	1.0000256802401661
4.4444139351935252	0.9999697247181171
4.4481194814161755	1.0000244260791344
4.4518590776744444	0.9999741106943079
4.4556354337487631	1.0000214101892528
4.4594607494464249	0.9999796549082814
4.4633548812782111	1.0000149763233936
4.4673671312328711	0.9999860961561517
4.4716330306453429	1.0000533008448638
4.4785564928183472	0.9998725182580553
4.4834392839914257	0.9999782007819444
4.4877734145359156	0.9999609801119479
4.4919535802057649	1.0000029400753749
4.4962800420795528	0.9999388931711801
4.5032212404800234	1.0001310925142977
4.5081222775459384	1.0000230451786216
4.5124125253165568	1.0000483430200349
4.5164515847836020	0.9999956528948952
4.5204008663806237	1.0000313644114083
4.5243340028819459	0.9999903318399546
4.5282975857472296	1.0000211324279027
4.5323498832379654	0.9999909872664433
4.5366274937977478	1.0000580600854954
4.5436085349591551	0.9998864161684554
4.5484690313988363	0.9999915129698507
4.5528469640156430	0.9999819197538694
4.5572367241108633	1.0000754917320918
4.5625193982285577	0.9996355489791101
4.5677695487191965	1.0001744096000527
4.5710069719417712	0.9998879248684561
4.5739746966780706	1.0000887522037227
4.5769696783514791	0.9999347603633081
4.5801147731048069	1.0000595947675812
4.5834370421856345	0.9999759027431490
4.5869255119181789	1.0000482213667650
4.5905598228927413	0.9999975400049158
4.5943101623217650	1.0000433001864593
4.5981466798315171	1.0000031001611982
4.6020288968319392	1.0000424889010617
4.6059147987703346	0.9999975679067032
4.6097561863611416	1.0000463709862986
4.6135177694572143	0.9999855650732565
4.6171805697855532	1.0000518970086065
4.6207533417508282	0.9999737043844287
4.6242580946113376	1.0000530841606661
4.6277266255119596	0.9999672895339532
4.6311856553562460	1.0000477115196766
4.6346609579357727	0.9999663628837115
4.6381710782287051	1.0000375595342177
4.6417368978222324	0.9999697733551060
4.6453790847519398	1.0000234528988747
4.6491322614914852	0.9999785131084987
4.6530546047512820	1.0000082158024985
4.6572974871826514	0.9999430659900242
4.6642514566679454	1.0001180259753280
4.6691195713010725	1.0000162389330536
4.6736858259804537	1.0000721866734685
4.6808208683506640	0.9998586208743974
4.6855587180161686	0.9999782787744017
4.6896272736962894	0.9999425304409987
4.6934782151293737	1.0000055678803232
4.6973236954635951	0.9999705141799855
4.7012855368666564	1.0000057479810671
4.7055415605637432	0.9999437058396481
4.7124894828373067	1.0001251536444848
4.7173026207235402	1.0000219983267344
4.7216354099622082	1.0000373194116974
4.7260167879455901	0.9999564412281391
4.7330625387949929	1.0001341650928193
4.7379856541501022	1.0000274565821754
4.7425692279580920	1.0000833417667734
4.7497414519047370	0.9998728404562289
4.7548202452218433	1.0000305613918048
4.7622549331010067	0.9998202381349331
4.7668070604513302	0.9999843863661486
4.7705000824402859	0.9999159016439227
4.7739387929470665	1.0000269508304147
4.7773608492841637	0.9999493875565575
4.7808594542052560	1.0000249194466142
4.7844993962050726	0.9999763640671531
4.7883517165893910	1.0000117706357672
4.7925766377795940	0.9999514468147331
4.7995050632747622	1.0001342115323113
4.8040384199834048	1.0000187714287623
4.8080594989653553	1.0000466259127045
4.8120478414857581	0.9999997289360094
4.8163210381039150	1.0000561912660821
4.8233319888637043	0.9998746628608326
4.8281413311416799	0.9999750069695039
4.8326954404310598	0.9999217969090192
4.8397797996452825	1.0001480116864403
4.8440316678173616	1.0000037682141045
4.8476526346737865	1.0000728243385308
4.8511666530007904	0.9999825446954339
4.8547777773473078	1.0000317817389752
4.8586053990893845	0.9999921154862886
4.8628244853837765	1.0000495717435365
4.8695562545782662	0.9998267931163716
4.8730993451931068	1.0000268406700381
4.8761419125732344	0.9998806759946285
4.8791171904447070	1.0000538570109287
4.8821363452799016	0.9999161553109491
4.8852163623213691	1.0000558345465866
4.8883577671945178	0.9999347627893447
4.8915497359396705	1.0000535682129346
4.8947852542180375	0.9999439549636869
4.8980534365694037	1.0000511254207405
4.9013481714496772	0.9999482412768633
4.9046606735266192	1.0000495553957922
4.9079868635091621	0.9999499490349102
4.9113205417321550	1.0000487869608152
4.9146602751656339	0.9999504875500439
4.9180027764847640	1.0000482882727930
4.9213494566356228	0.9999508794785487
4.9246997918752919	1.0000474258388017
4.9280576858320844	0.9999518873263343
4.9314248578148314	1.0000456584279478
4.9348072109283123	0.9999540578977305
4.9382084016676560	1.0000425493425251
4.9416364087301323	0.9999578611093656
4.9450975262718746	1.0000375844742495
4.9486034743121170	0.9999639990080004
4.9521664345990981	1.0000297446348845
4.9558081957370286	0.9999739869925534
4.9595594765083009	1.0000171947688872
4.9634820965840243	0.9999858951668757
4.9677238067960365	1.0000496973437265
4.9746196803861018	0.9998622097576046
4.9790914893950147	0.9999887679740801
4.9829183866130355	0.9999342710076029
4.9865229570765930	1.0000222092196067
4.9900817096479484	0.9999559876356322
4.9936635521048052	1.0000251496312180
4.9973126871949995	0.9999715920989511
5.0010667476701585	1.0000159976456351
5.0049905561056933	0.9999853815674786
5.0092326066770463	1.0000495803125009
5.0161679100488250	0.9998696509760772
5.0208825764670726	0.9999789263465633
5.0250619019152607	0.9999573927979286
5.0291438534855066	1.0000013798454674
5.0334433240039793	0.9999410978247723
5.0403709049155987	1.0001364450124028
5.0448432788995774	1.0000079209425030
5.0486398782863224	1.0000673955121657
5.0521910212799783	0.9999714720189553
5.0556640372776673	1.0000505174581222
5.0591196474743176	0.9999628086221318
5.0625801386771920	1.0000428411905922
5.0660556030149033	0.9999617934296809
5.0695491072964431	1.0000383832417106
5.0730650669276560	0.9999634665561951
5.0766052728369626	1.0000345818351355
5.0801757760344488	0.9999667951531656
5.0837816969524479	1.0000298465615134
5.0874350903569212	0.9999724376124616
5.0911511231310840	1.0000221663196733
5.0949604367110846	0.9999823944969436
5.0989173629045759	1.0000127210542640
5.1031695234379919	0.9999476406001159
5.1100764299339323	1.0001322309771066
5.1147120340972121	1.0000137014098942
5.1187027829732408	1.0000564699904853
5.1224418236808722	0.9999797366374839
5.1260923568006120	1.0000400523981736
5.1297177308504684	0.9999714002559114
5.1333438995165581	1.0000331795501551
5.1369854873268208	0.9999709028667549
5.1406513101445599	1.0000282202168345
5.1443545277582601	0.9999745348084826
5.1481106076419394	1.0000212924311207
5.1519497188976500	0.9999830185651007
5.1559249369315063	1.0000128494570131
5.1601821143117146	0.9999470770000962
5.1670781885142301	1.0001334805695998
5.1716857562101550	1.0000120112496234
5.1756264061730830	1.0000599055703110
5.1793030925321757	0.9999765043265955
5.1828871827598997	1.0000437145614918
5.1864500050659670	0.9999689832599816
5.1900265728101838	1.0000344974386899
5.1936426141272065	0.9999719663236802
5.1973219691461612	1.0000242822750718
5.2011008622716712	0.9999822346795093
5.2050383877415891	1.0000129257378580
5.2092854288400767	0.9999484410261542
5.2161524044028074	1.0001407668803639
5.2205081470721408	1.0000043314897651
5.2241782171944111	1.0000762398429122
5.2276047596284139	0.9999649989815639
5.2309564572416010	1.0000591162376165
5.2342942274379061	0.9999560289772821
5.2376408700364152	1.0000502842389651
5.2410073175648026	0.9999555970332514
5.2443975279337787	1.0000445148692128
5.2478168133675336	0.9999583060588577
5.2512678341685612	1.0000393180047931
5.2547574399303949	0.9999629500566392
5.2582916456225748	1.0000330690766857
5.2618833887715528	0.9999701239888226
5.2655489600498173	1.0000237276096142
5.2693203869538614	0.9999817484646800
5.2732540830851748	1.0000126918698180
5.2774999587270717	0.9999484464984221
5.2844166922258351	1.0001314665916758
5.2890641790811035	1.0000159617468456
5.2931089601828045	1.0000508370487133
5.2969613247272980	0.9999892458944950
5.3008122279661496	1.0000242261283199
5.3047802513224802	0.9999899053910426
5.3090364981116549	1.0000529468518005
5.3159761759863029	0.9998710861148702
5.3207371989772847	0.9999789462939772
5.3249569734416831	0.9999585297066356
5.3290638892048188	1.0000018315563859
5.3333701500244288	0.9999405237264127
5.3403489682226208	1.0001260792189717
5.3451969456838011	1.0000221290792415
5.3495496058511618	1.0000370684513660
5.3539367219763170	0.9999552950648551
5.3609337609804895	1.0001416027966989
5.3655510235762263	1.0000143493888820
5.3694770644696250	1.0000625672916423
5.3731379791475664	0.9999768917485464
5.3767089109857640	1.0000450250894402
5.3802584432877953	0.9999683545173124
5.3838168360455247	1.0000363304887345
5.3874033961090442	0.9999694329925772
5.3910332210783283	1.0000284674546758
5.3947283851408017	0.9999764960543538
5.3985191076576236	1.0000171321058950
5.4024656548149403	0.9999863519844452
5.4067138277555102	1.0000509265654702
5.4135853262670048	0.9998591030462705
5.4179668237782410	0.9999936217030955
5.4216679052710095	0.9999250822591448
5.4251282231572846	1.0000312375405960
5.4285267307202725	0.9999444303438503
5.4319296494491169	1.0000367309227718
5.4353733221618503	0.9999578289561462
5.4388788947747306	1.0000308985943962
5.4424728852257607	0.9999717438828222
5.4461882831885777	1.0000177291752226
5.4500891370956337	0.9999860031883983
5.4543250530821696	1.0000491333823252
5.4611766765055263	0.9998530611270410
5.4653640668563579	0.9999995117354537
5.4688909966266692	0.9999140133823281
5.4722101361590409	1.0000376996988996
5.4754859779412826	0.9999351798155791
5.4787696531387757	1.0000445457219076
5.4820833558920814	0.9999472188644638
5.4854327709237101	1.0000429559917927
5.4888247780152879	0.9999555998989056
5.4922624937564608	1.0000379479864470
5.4957546904328014	0.9999636769411312
5.4993105283196790	1.0000299944175068
5.5029493284698505	0.9999742786490702
5.5066997557998363	1.0000175060585568
5.5106222358181345	0.9999862433347463
5.5148638248726689	1.0000500371171108
5.5217992970019090	0.9998699990767461
5.5265188028217622	0.9999789599477362
5.5307031478558226	0.9999575956546948
5.5347884008784138	1.0000014726946116
5.5390887294927111	0.9999410508089441
5.5460359428412520	1.0001327001347138
5.5506331750890734	1.0000127802515968
5.5545898656918276	1.0000566976907694
5.5583231501491799	0.9999820111981950
5.5620086684626777	1.0000350878648763
5.5657250736918922	0.9999803320409968
5.5695246852325546	1.0000192118538720
5.5734746919112084	0.9999874569191901
5.5777240976274660	1.0000515446156335
5.5846586521681036	0.9998710071024185
5.5894248616752611	0.9999787280586899
5.5936508693833504	0.9999586276276897
5.5977619992094514	1.0000018541420286
5.6020693756892026	0.9999403897402979
5.6090474698312871	1.0001260018757669
5.6139017127456485	1.0000221080304328
5.6182589801796459	1.0000370296804619
5.6226473433965429	0.9999551156278981
5.6296630514191079	1.0001379852073431
5.6344096342290371	1.0000192525320131
5.6385214006644020	1.0000503321987653
5.6424187098242786	0.9999904893299644
5.6462993862185833	1.0000239630338281
5.6502845286049226	0.9999899155631834
5.6545455927857748	1.0000535061469531
5.6614480158543321	0.9998647187204186
5.6660020278151793	0.9999884997924513
5.6698858738097710	0.9999357995476106
5.6735043639547778	1.0000253591551527
5.6770274395975422	0.9999506200598318
5.6805148597771824	1.0000353953416461
5.6839942487312989	0.9999564091274825
5.6874742286851117	1.0000376805573823
5.6909623003043004	0.9999594619037979
5.6944606372259257	1.0000371109209845
5.6979748066773865	0.9999621533240090
5.7015077291971110	1.0000348166283162
5.7050670753515034	0.9999657830581147
5.7086595139173841	1.0000304964649669
5.7122987566816512	0.9999717602958755
5.7160015535281694	1.0000226338752025
5.7198000842771268	0.9999822314151647
5.7237501430227837	1.0000127728730410
5.7280004874731132	0.9999479609143012
5.7349063537225105	1.0001328826721925
5.7395201475533790	1.0000136681501579
5.7434943733209556	1.0000567732739507
5.7472317464377110	0.9999812365929985
5.7509027222617686	1.0000373834758802
5.7545800803201033	0.9999768472121486
5.7583045437979496	1.0000247995143841
5.7621160393976734	0.9999838682144724
5.7660733703594325	1.0000136637747781
5.7703257404429591	0.9999482776441918
5.7772484781298399	1.0001298169992718
5.7819839884180126	1.0000186551990113
5.7861389384431359	1.0000453629397086
5.7901208573290868	0.9999948903958186
5.7941450725436932	1.0000201313130297
5.7984203244407562	0.9999507861991673
5.8053353324001646	1.0001360810763158
5.8099276119618786	1.0000135961245467
5.8138657796235647	1.0000595099927094
5.8175685451234402	0.9999810143584767
5.8212179258629080	1.0000377200875301
5.8248987077375114	0.9999797564507992
5.8286687089170126	1.0000205209321849
5.8325998027434611	0.9999881741810119
5.8368442937167453	1.0000515675433697
5.8437312675910311	0.9998617416096780
5.8481569504997939	0.9999911978441236
5.8519370552736154	0.9999330459918253
5.8555092423802506	1.0000232626413550
5.8590580405056958	0.9999580283948897
5.8626613215177645	1.0000222839549058
5.8663780317936389	0.9999784481478000
5.8702761764903659	1.0000118408993106
5.8745130205563880	0.9999496416072300
5.8813656334829938	1.0001458583547771
5.8855675261185540	1.0000015073531792
5.8891271469615996	1.0000811008321628
5.8925085302911260	0.9999682277305681
5.8958824955715814	1.0000535495630878
5.8993164156015663	0.9999688422108274
5.9028486687065298	1.0000320247773822
5.9065197095502837	0.9999817905272792
5.9103926391064148	1.0000137227169332
5.9146223727275897	0.9999510955340875
5.9214694707124869	1.0001475533025113
5.9256061051511608	0.9999982373053169
5.9290992303146988	1.0000861998633452
5.9324044864657850	0.9999612068601524
5.9356765222923116	1.0000633095434390
5.9389642979382815	0.9999545314369439
5.9422821065650657	1.0000511006794623
5.9456343752924354	0.9999551330723202
5.9490195343042833	1.0000440720123460
5.9524375634162050	0.9999576548903237
5.9558854890674509	1.0000393669215446
5.9593635748333584	0.9999606013349597
5.9628695443125075	1.0000356405798454
5.9664049332875786	0.9999637153486954
5.9699691455558916	1.0000320668308866
5.9735663023761072	0.9999673747708888
5.9771995972811807	1.0000276840659006
5.9808792655256076	0.9999727154888847
5.9846186135993955	1.0000206612246942
5.9884464215531166	0.9999819847988826
5.9924150239818639	1.0000120259256047
5.9966703157207641	0.9999465451273256
6.0035796528685967	1.0001305560125142
6.0082577558855057	1.0000139482358250
6.0122937600294817	1.0000538495507085
6.0160711738897925	0.9999801072669694
6.0197501339975661	1.0000386010987001
6.0233918305396044	0.9999706693920660
6.0270193233939029	1.0000337323762163
6.0306430755835061	0.9999679830468183
6.0342657315765669	1.0000319922653464
6.0378910394313738	0.9999675066231345
6.0415194775337877	1.0000309641323386
6.0451552021768773	0.9999681710517582
6.0488001192776570	1.0000295183405250
6.0524609489068419	0.9999701050837724
6.0561433765166806	1.0000266446764574
6.0598600777646006	0.9999743027594844
6.0636264703495142	1.0000206099664728
6.0674729795223756	0.9999828177230433
6.0714526446794954	1.0000126289812650
6.0757110757408297	0.9999467473399978
6.0826172021920213	1.0001312830140396
6.0872981354329001	1.0000142494255495
6.0913315313540215	1.0000547056335165
6.0951022744590242	0.9999801409918443
6.0987725144649652	1.0000395678075034
6.1024049633812512	0.9999706787191802
6.1060236412078792	1.0000345652534086
6.1096394413340542	0.9999680369467515
6.1132548779275124	1.0000327301096479
6.1168729475465726	0.9999674193462382
6.1204926621031479	1.0000319468232264
6.1241158396235358	0.9999674222069138
6.1277409369935700	1.0000315036482204
6.1313696782650355	0.9999676299471152
6.1350005263124254	1.0000311451496615
6.1386353458705392	0.9999679415683645
6.1422727853816248	1.0000307524502601
6.1459149835048521	0.9999683719354011
6.1495609360187666	1.0000302272168411
6.1532132646971327	0.9999690077668716
6.1568716219379214	1.0000294238719913
6.1605395893382768	0.9999700423743644
6.1642182210906711	1.0000280508157811
6.1679132616259000	0.9999719091956066
6.1716291257225322	1.0000254424311494
6.1753770691392331	0.9999756431003524
6.1791708425127050	1.0000200026856594
6.1830390226501954	0.9999833440326210
6.1870324285390934	1.0000128108296009
6.1912945985854178	0.9999464083228214
6.1981872834642457	1.0001332511605665
6.2028131112035299	1.0000113739900705
6.2067525661186096	1.0000614833723271
6.2103982751223317	0.9999725040269046
6.2139156066809127	1.0000503326486601
6.2173696570897681	0.9999593808456887
6.2207875205464447	1.0000478905752850
6.2241840677945452	0.9999544463869490
6.2275667679886997	1.0000472483502578
6.2309439067489647	0.9999531002876457
6.2343202287980830	1.0000461896655337
6.2377032607049445	0.9999539924956699
6.2410974630955396	1.0000439457762964
6.2445106859221147	0.9999567330409942
6.2479482445580521	1.0000401193377504
6.2514197592095266	0.9999614690815903
6.2549337104588156	1.0000340726804133
6.2585052856960681	0.9999690834729641
6.2621527401487063	1.0000242898077538
6.2659098381081302	0.9999814015098599
6.2698345817787313	1.0000126215348255
6.2740781005767916	0.9999487048503228
6.2809680034664845	1.0001369064095635
6.2854307887517056	1.0000088527844351
6.2892318649346741	1.0000669844234495
6.2927934524787617	0.9999724758889382
6.2962805607944459	1.0000494782425051
6.2997533566779627	0.9999640790510679
6.3032341587923053	1.0000413824868140
6.3067332596417884	0.9999634172062473
6.3102540677720835	1.0000365146837447
6.3138015923526218	0.9999655555591285
6.3173786241040544	1.0000321353836599
6.3209930160771179	0.9999696753630475
6.3246530426152070	1.0000262659784205
6.3283766296482176	0.9999770025355292
6.3321904085437835	1.0000164226300574
6.3361516402945934	0.9999861688174904
6.3404036914256920	1.0000513506551909
6.3473417927261790	0.9998723336996675
6.3520555910970069	0.9999850785472235
6.3561652688960288	0.9999527290923441
6.3600411796377134	1.0000161563349532
6.3638464793921177	0.9999710192345820
6.3676441880667198	1.0000212412071823
6.3714733468067610	0.9999798066244396
6.3753647007557461	1.0000156152603561
6.3793737988807067	0.9999861338716277
6.3836389663657949	1.0000524673362401
6.3904435725971576	0.9998480923112039
6.3946119083340012	1.0000007861756286
6.3980654240014765	0.9999032152109132
6.4012910494205784	1.0000408057998744
6.4044731755303159	0.9999243609655305
6.4076733521967348	1.0000452348434219
6.4109192039510052	0.9999393675406946
6.4142193295136591	1.0000406700507483
6.4175822834919005	0.9999511764739610
6.4210126778674379	1.0000329564460797
6.4245217634576326	0.9999629158637096
6.4281239586562204	1.0000220865114944
6.4318501208513945	0.9999778372573489
6.4357568407946326	1.0000099693384241
6.4399953934268845	0.9999471273585741
6.4469094290165350	1.0001315935162727
6.4515000826529212	1.0000136476978003
6.4554719319899467	1.0000556857711229
6.4592247863840919	0.9999827839161978
6.4629196866365195	1.0000365956507296
6.4666185408440278	0.9999776423651167
6.4703488936614804	1.0000269521487497
6.4741319359348228	0.9999810932874400
6.4779925710817254	1.0000174087256504
6.4819834085386940	0.9999875945996951
6.4862434391299937	1.0000536629322390
6.4931781570418208	0.9998742892292092
6.4980716745733345	0.9999772333273483
6.5024682117434152	0.9999627818387425
6.5068653874444609	1.0000460690703221
6.5138724650729607	0.9998622410320620
6.5186355784360250	0.9999829797092351
6.5227247598992761	0.9999462878858996
6.5265374004654824	1.0000179621987479
6.5302568456388999	0.9999647369513421
6.5339608571065861	1.0000240572798547
6.5377005660010461	0.9999766812938354
6.5415179428908798	1.0000174999164229
6.5454792044134500	0.9999876203193013
6.5497316093502933	1.0000528530273596
6.5566508223630500	0.9998694439643967
6.5612159367360849	0.9999772787412151
6.5652665869301581	0.9999455784783025
6.5692642776658090	0.9999962192459998
6.5735457704483160	0.9999657282573822
6.5810840416700191	1.0001743112953589
6.5862141887325318	0.9999179654832776
6.5911729786886699	1.0003187294921625
6.5947378762750759	1.0000027024405254
6.5978735299393936	1.0001330283945762
6.6008696828671143	0.9999419071437380
6.6039036993077023	1.0000695622784384
6.6070179027144675	0.9999334537160042
6.6102110701788694	1.0000397268146577
6.6134698893630350	0.9999341683567390
6.6167897141479850	1.0000272723332659
6.6201721426652078	0.9999398411031173
6.6236188744514690	1.0000157130515177
6.6271732568200514	0.9999563938618971
6.6308670008170303	1.0000011076345798
6.6347507986181569	0.9999689185360522
6.6389783144661614	1.0000326876714163
6.6458669006962108	0.9998478932181131
6.6503394705047256	0.9999732150610167
6.6542108593061116	0.9999277513762503
6.6579242107417418	1.0000008196862291
6.6616772518542051	0.9999619312962327
6.6655859316613411	0.9999994737676556
6.6698272190421424	0.9999399223950578
6.6767595997921827	1.0001253338827956
6.6813753456479787	1.0000121567509541
6.6854216114573068	1.0000446333438577
6.6893257059251754	0.9999911512869354
6.6933042887628238	1.0000176830652026
6.6975667782031492	0.9999502587531061
6.7045190487085451	1.0001293122837409
6.7092623992805773	1.0000202597727101
6.7134643271218577	1.0000408954648847
6.7175622027060795	0.9999973129344584
6.7218645442390210	1.0000582598244072
6.7288543503746698	0.9998745989108773
6.7337521022816533	0.9999763681562797
6.7383286777014977	0.9999194393704451
6.7452999780856890	1.0001626305957501
6.7596153722657855	1.0004096175560988
6.7702377054234368	1.0003065099013797
6.7736929893929521	1.0000903169303921
6.7771343573889453	1.0001216525681378
6.7808348457664014	1.0000405490828428
6.7850201820214728	1.0000664977695206
6.7919205687071980	0.9998511328573182
6.7957447010147725	1.0000117261248138
6.7990858148688256	0.9999101456170472
6.8023842638987109	1.0000247894776337
6.8057855792233006	0.9999500596146146
6.8093547611895548	1.0000113392216463
6.8131679345626548	0.9999787491771570
6.8173816191091436	1.0000400610973730
6.8243288249905882	0.9998613999466663
6.8287862448942951	0.9999793209368071
6.8327557617857853	0.9999495198397894
6.8367146603388820	0.9999967891787060
6.8409810398350581	0.9999399814604408
6.8479004084033956	1.0001333791980225
6.8524542317181050	1.0000141986022253
6.8564138299418715	1.0000539037832625
6.8601983541033329	0.9999866360558897
6.8639654990442818	1.0000308884258635
6.8677694975964627	0.9999836296780173
6.8716300282397382	1.0000210649276737
6.8755633611511540	0.9999882006456194
6.8796025939031562	1.0000169608669189
6.8838765215313824	0.9999498331791890
6.8901058773628332	1.0002572462976407
6.8952986506904965	0.9999270323028017
6.9003152364269011	1.0002291114339579
6.9051153774177685	1.0000851870354959
6.9096103781080567	1.0001021494389513
6.9142762893099130	0.9997939742575888
6.9190365247745103	1.0000852819317272
6.9228872954884491	0.9997701434247008
6.9273676195625207	0.9997784461357981
6.9320609676865370	0.9994502015971493
6.9363289209438932	0.9998356578876306
6.9404493749972191	1.0000087994865632
6.9443862570203931	1.0001371412981985
6.9481635536362365	1.0001223549409468
6.9518163799796939	1.0001924003845371
6.9554213970737777	1.0001107184735141
6.9590199495105747	1.0001543016193699
6.9626683355198811	1.0000740967949029
6.9664125687968257	1.0000965235638786
6.9703285158189443	1.0000466987085308
6.9745687295317556	1.0000973784146603
6.9813448138307619	0.9998826597569843
6.9860653910670356	0.9999923817467911
6.9902059681756192	0.9999625281320481
6.9942526239477196	1.0000057511068339
6.9985445395933565	0.9999456254685753
7.0055248756887378	1.0001360078968173
7.0100205555866308	1.0000133144164385
7.0139071815650134	1.0000593382807292
7.0176128840511494	0.9999846027794854
7.0213123376159610	1.0000327435938581
7.0250902810517886	0.9999863894700850
7.0290238097189075	1.0000155075999646
7.0332700410132452	0.9999502239221488
7.0401701293855092	1.0001360686209173
7.0446838737261377	1.0000112595253190
7.0485489911371246	1.0000627178622039
7.0521857744106775	0.9999775871166099
7.0557674060024951	1.0000418038068466
7.0593674405669224	0.9999741384906348
7.0630280588241749	1.0000268627702940
7.0667912827847079	0.9999829455385797
7.0707189801921810	1.0000134550302811
7.0749633676374373	0.9999490662285608
7.0818233170604250	1.0001426812418241
7.0861204332682437	1.0000028933408724
7.0897429432112302	1.0000784084012717
7.0931447251891573	0.9999655646193858
7.0964981368001530	1.0000570823242518
7.0998687883391201	0.9999609561647748
7.1032870473476413	1.0000422931124531
7.1067752735013343	0.9999674198070712
7.1103553716765564	1.0000275882102294
7.1140627085161112	0.9999810166983600
7.1179574933730523	1.0000128651406968
7.1221929956421857	0.9999498663440968
7.1290765384205352	1.0001395382877905
7.1334454604112532	1.0000074902133984
7.1371797874863114	1.0000686670199097
7.1407242925529504	0.9999759709060106
7.1442550715101989	1.0000423292353442
7.1478490706356235	0.9999772925418842
7.1515591655288171	1.0000213237350171
7.1554551884914002	0.9999877898461835
7.1596901431114457	1.0000497939984079
7.1665716301580611	0.9998584609620350
7.1708989144449937	0.9999937748233766
7.1745749299760417	0.9999247200277224
7.1780333057703158	1.0000301826127092
7.1814386588639243	0.9999444894906611
7.1848433433384775	1.0000375701906237
7.1882695966902492	0.9999544311024801
7.1917222397911509	1.0000373526666768
7.1952062638800180	0.9999604892804221
7.1987221983583298	1.0000345179281511
7.2022750537101725	0.9999656396801605
7.2058685646219391	1.0000298706833430
7.2095136278157481	0.9999720339812548
7.2132242813733489	1.0000221403606802
7.2170302941962046	0.9999822736320461
7.2209853969565687	1.0000126592387630
7.2252370201178797	0.9999476582029144
7.2321505847683163	1.0001310042577454
7.2368255877224987	1.0000152673637110
7.2408742413965665	1.0000527267665988
7.2446857874180823	0.9999837581876013
7.2484262393238090	1.0000339321021203
7.2521660177198290	0.9999786863969230
7.2559435216953192	1.0000228756487073
7.2597960570678257	0.9999842553055961
7.2637790306904746	1.0000134427351055
7.2680383600799825	0.9999471424234668
7.2749615709855249	1.0001282718003377
7.2797598073848766	1.0000191133471761
7.2839792936331387	1.0000429733545848
7.2880123497351459	0.9999948402546348
7.2920682991558978	1.0000195933085294
7.2963522977771671	0.9999492211833378
7.3033063551153496	1.0001269518926170
7.3082362768235720	1.0000234669155239
7.3128192364358204	1.0000817475358244
7.3199328523273026	0.9998650507851581
7.3246994417193729	0.9999875860281857
7.3287274405009795	0.9999415344503657
7.3324440215266273	1.0000234004568886
7.3360357225747403	0.9999539853846966
7.3395715357984788	1.0000341939489028
7.3430842958737710	0.9999579240606259
7.3465859128265105	1.0000373302078565
7.3500859468664865	0.9999597524343299
7.3535876607434716	1.0000376161715072
7.3570965892789397	0.9999613086318808
7.3606142834149866	1.0000365818432397
7.3641452605361861	0.9999631348869216
7.3676906484578852	1.0000347525936701
7.3712549902960376	0.9999654519939314
7.3748400649165688	1.0000321527747451
7.3784519955247436	0.9999686413256815
7.3820955248780926	1.0000282451455009
7.3857821417681180	0.9999737334147019
7.3895260802508957	1.0000214290093916
7.3933568100506424	0.9999828691921445
7.3973270546862526	1.0000128673195412
7.4015828299160580	0.9999473087751424
7.4084888835548020	1.0001318932045127
7.4131489620459643	1.0000139698259285
7.4171587479744199	1.0000561426153449
7.4209054960326268	0.9999792878840846
7.4245513650073507	1.0000411048768632
7.4281596650000967	0.9999697563411539
7.4317564683014181	1.0000355612738256
7.4353565283728074	0.9999680669233499
7.4389684743319391	1.0000317941633905
7.4426042615183796	0.9999704110402086
7.4462758906345554	1.0000263749835816
7.4500046271288749	0.9999771183126498
7.4538200542769815	1.0000165405101447
7.4577816563580557	0.9999862229029964
7.4620339398329492	1.0000513858577860
7.4689270978257092	0.9998638152661364
7.4734664930250618	0.9999881345706506
7.4773457969970929	0.9999365083375786
7.4809817010120936	1.0000221939336174
7.4845561946981620	0.9999565498150493
7.4881438704221859	1.0000255020167061
7.4917933626105819	0.9999715857242589
7.4955456421024369	1.0000161578529378
7.4994678084243445	0.9999854088725532
7.5037095383077457	1.0000495076988891
7.5105817303432687	0.9998576018050765
7.5149115124106407	0.9999945271659217
7.5185714161532164	0.9999226123415743
7.5219999073148012	1.0000327069490840
7.5253658179407559	0.9999411871922561
7.5287240254215737	1.0000409290142256
7.5320980862177773	0.9999506069797915
7.5354932687794616	1.0000412732080439
7.5389141551087251	0.9999561368825496
7.5423597953548471	1.0000392793979365
7.5458322802481401	0.9999601208934918
7.5493303874513691	1.0000365142057617
7.5528566484288469	0.9999636594645316
7.5564111458348417	1.0000332121226401
7.5599986108297541	0.9999675749683051
7.5636226940072673	1.0000288066708696
7.5672940403854589	0.9999731386834365
7.5710263088692713	1.0000216143120990
7.5748486529558603	0.9999826316742301
7.5788138391305742	1.0000127485223920
7.5830682060429666	0.9999473742032737
7.5902726116243047	1.0000751303199773
7.5949605331588170	0.9999749708190253
7.5990925304183072	0.9999760227689984
7.6032205990551081	0.9999401313060977
7.6075018830421417	0.9999697718069779
7.6151062756871006	0.9998989992376965
7.6193578780391800	1.0000128687706276
7.6235493353888044	0.9999760049873128
7.6276410122069001	0.9999720463874565
7.6317670074895823	0.9999846949153890
7.6359285428265125	1.0000131796529916
7.6401282745159644	0.9999928327612938
7.6443541267858723	1.0000102201774475
7.6485980387694568	0.9999819303416687
7.6527936013953379	1.0000236481789921
7.6568596182676005	0.9999905233309992
7.6607536632396167	1.0000553911648680
7.6644927008619632	0.9999983889797892
7.6681313824627644	1.0000701647971211
7.6717329709865929	1.0000032174153473
7.6753453825713267	1.0000648280767075
7.6790131957445782	1.0000071598394327
7.6827776135346939	1.0000456080226587
7.6867068814127082	1.0000093544787259
7.6909504644132429	1.0000678634874953
7.6979052556577789	0.9998832386105977
7.7027738651960522	0.9999801704007869
7.7073421258815040	0.9999209792679508
7.7145061932810339	1.0001271861348968
7.7194065024533982	1.0000179430226146
7.7237644488609067	1.0000330570420350
7.7281552818360337	0.9999514797555942
7.7351483338625506	1.0001408781470771
7.7396434686258173	1.0000077594958341
7.7434534828020247	1.0000640433133945
7.7470336820215717	0.9999725751926254
7.7505667943030234	1.0000413784868569
7.7541278034200598	0.9999701763077793
7.7577586769368168	1.0000253373076793
7.7615007562293918	0.9999803484281676
7.7654159234644080	1.0000114283945301
7.7696568895566589	0.9999477325481705
7.7765614102182781	1.0001334793205263
7.7810872494331598	1.0000112641796599
7.7849900174596609	1.0000575353982764
7.7886951471818202	0.9999820604321975
7.7923851286178705	1.0000317568041224
7.7961517672432592	0.9999846296625381
7.8000772773839691	1.0000141982374919
7.8043216052954048	0.9999493254432257
7.8112300650045361	1.0001340071090412
7.8157731070257155	1.0000118808347405
7.8196834140082716	1.0000586530492779
7.8233740088381820	0.9999795292409828
7.8270131558230522	1.0000376466456027
7.8306698178070580	0.9999756362504196
7.8343814474445530	1.0000241546321647
7.8381853180270191	0.9999828501360379
7.8421385487621711	1.0000126710482196
7.8463896842550076	0.9999474038226648
7.8533102628204219	1.0001293182573274
7.8580386266400923	1.0000172169242978
7.8621650904411586	1.0000483468040398
7.8660736392613373	0.9999891934551934
7.8699344687454493	1.0000277441326808
7.8738317773146331	0.9999889033961750
7.8778380980426794	1.0000176358505375
7.8821043364760266	0.9999513969405971
7.8890600544256557	1.0001294414238839
7.8939439668297844	1.0000277128708892
7.8983335498440317	1.0000418549668801
7.9027295520277487	0.9999571997579875
7.9100793504180702	1.0000686825278360
7.9149040535867003	0.9999848479195620
7.9193610329585420	1.0000356213971884
7.9240730291228934	0.9996448043410839
7.9297992343635659	1.0002987298512849
7.9491870355955303	1.0000962461828267
7.9541559225440732	1.0000274971551206
7.9637685165781154	1.0002071716993730
7.9693012876805449	0.9997106432590791
7.9737164386922004	0.9999536893819897
7.9775042488873460	0.9999358149225861
7.9809249433713898	1.0000677113849645
7.9842618402631649	0.9999769669543612
7.9876802464320775	1.0000622641769552
7.9912612895627664	1.0000164519514252
7.9950857387448035	1.0000603670634052
7.9992966280991906	0.9999924547943205
8.0053643835539621	1.0002581452346957
8.0365109022000425	1.0003747109538617
8.0424413405207211	0.9998431837321530
8.0460908084469835	1.0001223675212607
8.0494502141678890	1.0000010767648408
8.0529287777742855	1.0000598541732746
8.0566880225704836	0.9999889839720204
8.0608907599647512	1.0000010166743707
8.0685335442349579	0.9998723890523382
8.0736685086833848	1.0003072062815332
8.0777656865616816	1.0000089997487305
8.0815065026558184	1.0000194000422082
8.0850708076630209	0.9999114820131282
8.0886340195330533	0.9999652842562754
8.0922437404971230	0.9998965345201588
8.0959133608225748	0.9999488903860736
8.0996504812297214	0.9999015462845353
8.1034772523081937	0.9999434148234544
8.1074470983151645	0.9999192812460412
8.1117017900609643	0.9999933099831815
8.1185201870888015	0.9998095759181120
8.1232119843464421	0.9999341012452054
8.1273281843625984	0.9999140496040740
8.1313598179545483	0.9999657945556465
8.1356483855394757	0.9999136719559447
8.1424633411781073	1.0001427342802163
8.1461702645236400	0.9999617883437212
8.1493438553784703	1.0000890977819616
8.1524505553692901	0.9999420974205171
8.1556262129907822	1.0000526850373217
8.1589152365682267	0.9999524392444901
8.1623429833868713	1.0000266299002716
8.1659426740403145	0.9999722870322432
8.1697745574262832	1.0000067509354442
8.1739934310389533	0.9999467089830507
8.1809005190977135	1.0001339631231803
8.1852823777331665	1.0000089819292286
8.1891156575556785	1.0000541542969112
8.1928652849904999	0.9999906746583300
8.1967536908495990	1.0000188705255217
8.2009920568089250	0.9999538376030027
8.2077767968447315	1.0001643246981249
8.2115309303308539	0.9999832533527425
8.2147232752229904	1.0001069209709830
8.2178167900779027	0.9999532989085365
8.2209454070531507	1.0000721733018096
8.2241485337431701	0.9999542579137886
8.2274405871505163	1.0000494232960433
8.2308340380766651	0.9999642661210881
8.2343445997296776	1.0000303253517613
8.2380038762850916	0.9999804317158040
8.2418707062143906	1.0000131226687128
8.2460986996812835	0.9999511243560274
8.2529906802530508	1.0001395610508159
8.2573548252302107	1.0000090800256720
8.2611089103398587	1.0000664104565766
8.2646983914566068	0.9999806766651941
8.2683026660451073	1.0000365597791530
8.2720095941271587	0.9999854262639140
8.2759001816561852	1.0000157619310130
8.2801350482939338	0.9999519593500575
8.2870448764200688	1.0001365949383956
8.2915292935543015	1.0000134864630772
8.2954155532395433	1.0000583290290277
8.2991419980520895	0.9999875790651152
8.3029026750080153	1.0000271187904199
8.3068171092856975	0.9999909955301809
8.3110588706565292	1.0000518917181185
8.3180276900895862	0.9998747467060303
8.3228702664210950	0.9999755004070798
8.3274317470165631	0.9999207585298528
8.3346154389974583	1.0001277932368497
8.3395562794117133	1.0000228559515139
8.3441475706561548	1.0000792038492585
8.3513124930603482	0.9998640456795550
8.3560050887382342	0.9999841018111015
8.3600516456057505	0.9999494602580574
8.3639334901806119	1.0000057565548794
8.3678953653838057	0.9999790740814768
8.3721528566278298	1.0000462785620001
8.3790746282618027	0.9998609889971158
8.3835456414505458	0.9999863132270307
8.3874114606870958	0.9999396395361760
8.3911155633743189	1.0000124377466295
8.3948599042974159	0.9999718148520883
8.3987627953921677	1.0000083400039796
8.4030028477255616	0.9999478179130618
8.4099390071136444	1.0001308544581251
8.4145586913493631	1.0000186232511290
8.4186507503276324	1.0000436241794974
8.4226808247854770	0.9999981867144884
8.4269651007695288	1.0000564016489608
8.4339195662117437	0.9998650280296287
8.4384390616097491	0.9999848073095378
8.4423826817463112	0.9999463655279339
8.4462042262586206	1.0000055202633535
8.4501342005397575	0.9999784410684044
8.4543826331609839	1.0000448348056183
8.4613251141925794	0.9998636300303498
8.4658871809280285	0.9999812475403452
8.4698830989676779	0.9999470187619942
8.4737476293578933	1.0000034731655973
8.4777041258645038	0.9999771209736228
8.4819593920551277	1.0000444445199923
8.4889318316359397	0.9998697766713910
8.4939309659245001	1.0000220508392808
8.5014198217898702	0.9998303046193416
8.5062352855672039	0.9999741150880682
8.5102555182141444	0.9999344956165499
8.5139816399523127	1.0000174686264864
8.5176065867291886	0.9999550521639097
8.5211822932880157	1.0000328313439100
8.5247190849794556	0.9999582120592821
8.5282069511616481	1.0000436237782839
8.5316394617219160	0.9999537497210313
8.5350119776150191	1.0000527620009489
8.5383299050760151	0.9999474344814702
8.5416002251391578	1.0000587130353182
8.5448357908473138	0.9999426114155319
8.5480465838904927	1.0000606690285987
8.5512453798880710	0.9999403104796043
8.5544403301680418	1.0000591654926863
8.5576418623739254	0.9999404071256297
8.5608558578182681	1.0000551714963630
8.5640908706048879	0.9999425810369654
8.5673515424405959	1.0000494803037927
8.5706458298297648	0.9999467018458670
8.5739787291315253	1.0000424412125331
8.5773595892315395	0.9999530176275805
8.5807965216244106	1.0000337269187736
8.5843044389643186	0.9999624699000790
8.5879015963876313	1.0000218994062628
8.5916219975007646	0.9999768515142855
8.5955247273442854	1.0000089674638588
8.5997623250503956	0.9999461988182169
8.6066503719303427	1.0001357517034375
8.6110580815853321	1.0000057775392737
8.6148140956334434	1.0000673911055482
8.6183473029831870	0.9999710091544356
8.6218208427920136	1.0000488483482766
8.6252926136396351	0.9999644731349242
8.6287833726983916	1.0000400626791248
8.6323022923140815	0.9999654164449281
8.6358521126628336	1.0000347987096285
8.6394376570748150	0.9999689696322446
8.6430622678575357	1.0000299691410213
8.6467357625661805	0.9999746622295957
8.6504709637967636	1.0000229434620640
8.6542961328815124	0.9999842571546980
8.6582632407949482	1.0000144131338344
8.6625180977435061	0.9999490502570687
8.6694311267948763	1.0001323983532899
8.6741310776127420	1.0000173139018436
8.6781999021332812	1.0000542370737975
8.6820188143021539	0.9999847933939576
8.6857493550804961	1.0000374538981838
8.6894565279422888	0.9999771530775965
8.6931696460426604	1.0000299124378771
8.6969091174244859	0.9999780617233701
8.7006933272715585	1.0000225907039029
8.7045530504787365	0.9999850561946383
8.7085408924797534	1.0000144108846383
8.7128015654889417	0.9999480295870024
8.7197389708765787	1.0001263626798031
8.7246594989206852	1.0000239625661349
8.7292395103787097	1.0000823166721837
8.7363645758522033	0.9998680613750882
8.7412152345092444	0.9999843959785052
8.7453874066083870	0.9999523743674312
8.7493148288084974	1.0000102744296742
8.7532119439293368	0.9999764193237783
8.7572035831461736	1.0000099957525417
8.7614680387170569	0.9999459259892516
8.7684151026481150	1.0001260852547518
8.7734185539149276	0.9999727484699544
8.7804986746216187	1.0002253238807723
8.7858679828436763	0.9998774830144601
8.7909663641176579	1.0002291247763786
8.7948506346564841	0.9999324637392570
8.7981655266981225	1.0000177156408872
8.8017711714328453	0.9999397149948708
8.8055041906726661	0.9999779908333859
8.8091941441971198	0.9999077880266706
8.8127538966765897	0.9999892453918463
8.8162047350721835	0.9999036583443153
8.8196089049134958	1.0000013159593233
8.8230151647473800	0.9999206058889322
8.8264476372403351	1.0000130444324158
8.8299153210064727	0.9999423504525140
8.8334179332450926	1.0000258146080030
8.8369541715496798	0.9999618509318693
8.8405189792594161	1.0000371656427540
8.8441089271581390	0.9999762930131202
8.8477157196285035	1.0000459420917294
8.8513328756953715	0.9999844241340746
8.8549491138087362	1.0000524553868710
8.8585573475310095	0.9999868033280402
8.8621487169631035	1.0000568890356807
8.8657222057503926	0.9999858485438575
8.8692778175029421	1.0000584542531521
8.8728245304861986	0.9999847915408308
8.8763720952948564	1.0000558719500656
8.8799381051589528	0.9999863206862087
8.8835406216387938	1.0000479839650027
8.8872074291146674	0.9999924881925214
8.8909737024484556	1.0000335768070228
8.8949045262916968	1.0000009017159679
8.8991485716087304	1.0000632760895178
8.9060207558668569	0.9998685049459870
8.9103706054325791	1.0000022085538611
8.9140574360474218	0.9999325105446030
8.9175249686503939	1.0000351754496428
8.9209505085001233	0.9999522901642309
8.9243991094013158	1.0000363694513454
8.9279081520423880	0.9999660355996924
8.9315029588545620	1.0000262770966337
8.9352208821087675	0.9999808369129950
8.9391217938812204	1.0000125105874345
8.9433589935032103	0.9999490838381396
8.9502213322459863	1.0001422331050844
8.9544827967060741	1.0000006565041748
8.9580762285041846	1.0000790729710249
8.9614488671840498	0.9999617225693210
8.9647623958855451	1.0000599100142904
8.9680719114671295	0.9999532701348742
8.9713963997980990	1.0000501276006661
8.9747443333975578	0.9999531144917210
8.9781181776106980	1.0000440943891844
8.9815223644541664	0.9999560791033438
8.9849591686021046	1.0000388828077267
8.9884353595161439	0.9999610726870704
8.9919571418295128	1.0000326329310172
8.9955377585879113	0.9999687218824627
8.9991939415667925	1.0000232155316970
9.0029581838906712	0.9999809025755358
9.0068874571219659	1.0000120828058492
9.0111321516388294	0.9999481042819327
9.0180542241080843	1.0001303291288655
9.0227266821920384	1.0000172290836946
9.0268203415178832	1.0000468509674700
9.0307557543822536	0.9999941184138722
9.0347518776578042	1.0000198239957803
9.0390193973638926	0.9999513425582031
9.0459360318666526	1.0001364468627885
9.0504846606571618	1.0000124919560309
9.0543837153199309	1.0000610284901099
9.0580520038150851	0.9999789571032546
9.0616628133521928	1.0000402702279554
9.0652891797776132	0.9999751482657908
9.0689722585326198	1.0000260682986488
9.0727527917607560	0.9999832643510060
9.0766911830470605	1.0000134946181209
9.0809384157221373	0.9999487451230982
9.0878143664866933	1.0001392408869410
9.0922190625025063	1.0000059866829218
9.0959379999205279	1.0000734020887569
9.0994034171678013	0.9999663984538482
9.1027826710912780	1.0000577828844650
9.1061368826111426	0.9999562252792503
9.1094892874014697	1.0000505539089841
9.1128513291899882	0.9999545732928954
9.1162274933725431	1.0000460859352087
9.1196235509589787	0.9999562067420126
9.1230423702283687	1.0000419656119663
9.1264905458992711	0.9999598224437070
9.1299729904167322	1.0000368643083366
9.1335000037334790	0.9999656090814806
9.1370824633145045	1.0000293717571125
9.1407409725946405	0.9999750187289005
9.1445051427288693	1.0000173854962200
9.1484357217761012	0.9999862982395812
9.1526795375319541	1.0000503602433755
9.1595620792687154	0.9998604476590728
9.1639732404135614	0.9999922354891577
9.1677120579089184	0.9999275004716449
9.1712053430724971	1.0000302282043634
9.1746239648482124	0.9999446671333214
9.1780268652899153	1.0000387329962321
9.1814422109951348	0.9999536501200376
9.1848808279374659	1.0000382435200952
9.1883542158631677	0.9999606248612083
9.1918706486755930	1.0000333529844743
9.1954450569432229	0.9999689360340768
9.1990951888126382	1.0000240472175586
9.2028544873086329	0.9999813919690037
9.2067806137238151	1.0000126174148265
9.2110244958702427	0.9999486773795642
9.2179749750357125	1.0001254770150276
9.2229723802954666	0.9999733531277997
9.2304056741737899	1.0001714089613414
9.2351663134707564	1.0000216836697249
9.2390915585952076	1.0000703949430170
9.2427225945691003	0.9999790328792628
9.2462797926157059	1.0000453838196970
9.2498526562628030	0.9999739755152007
9.2534895281596246	1.0000282769799651
9.2572346175160867	0.9999829301932381
9.2611512405766501	1.0000136131531681
9.2653926596589748	0.9999495432897884
9.2722424749772845	1.0001451584272376
9.2764649632098841	1.0000001453770349
9.2800133713819957	1.0000838096403337
9.2833458165124423	0.9999614648244011
9.2866287955896052	1.0000630479984221
9.2899215879450452	0.9999551397736179
9.2932478378870584	1.0000500393285452
9.2966217566150124	0.9999585344123865
9.3000532220362349	1.0000391528596249
9.3035570573231112	0.9999670708394218
9.3071513831232213	1.0000263829034770
9.3108699070922061	0.9999809056242668
9.3147715573284078	1.0000127041220612
9.3190088605064609	0.9999495592411884
9.3258646440023281	1.0001443827644980
9.3300964609754917	1.0000007342119828
9.3336589275305322	1.0000827428124295
9.3370034888652178	0.9999617821792799
9.3402918446064707	1.0000633215444559
9.3435788402422197	0.9999535967377349
9.3468832607737546	1.0000530245213199
9.3502135259842785	0.9999536672578880
9.3535719974363580	1.0000464464429588
9.3569630297178197	0.9999567703119591
9.3603887320473618	1.0000407146634511
9.3638557280258006	0.9999618096664075
9.3673700226165515	1.0000339945030841
9.3709446939888768	0.9999694324955373
9.3745963188639614	1.0000241615547232
9.3783573080777352	0.9999815458281667
9.3822846361695476	1.0000126701187990
9.3865288017289092	0.9999486552586239
9.3934602485952645	1.0001289893603396
9.3981898786952343	1.0000200021133316
9.4023797836991747	1.0000412298713717
9.4064698692275286	0.9999974386716161
9.4107702101652482	1.0000580435250228
9.4177005939306344	0.9998631045614051
9.4221938132571150	0.9999902484572036
9.4260165382203223	0.9999332874247790
9.4295953251325368	1.0000254844745045
9.4331058985993117	0.9999516985371297
9.4366124217093112	1.0000316632882307
9.4401492017761601	0.9999627928434724
9.4437352832151813	1.0000277190289075
9.4473951371232410	0.9999740703231670
9.4511596199655799	1.0000168612848317
9.4550902672674653	0.9999859967545376
9.4593341092060612	1.0000501876763745
9.4662234034307957	0.9998616040850130
9.4706723624464093	0.9999906969182876
9.4744558664707110	0.9999304691757915
9.4779939515988758	1.0000278653943984
9.4814557731567319	0.9999474707312337
9.4848986473522032	1.0000367053087686
9.4883482951375804	0.9999553180334323
9.4918119569110200	1.0000376679776213
9.4952961350964813	0.9999599647149975
9.4988022251788173	1.0000358600389034
9.5023353147751966	0.9999639428041017
9.5058982324122745	1.0000323856542948
9.5094993339091136	0.9999688281402197
9.5131473062075287	1.0000266139598977
9.5168606197247669	0.9999766338393417
9.5206664523679212	1.0000165470269313
9.5246227313632126	0.9999861821573636
9.5288734465929856	1.0000511912722045
9.5357903483139363	0.9998681146346068
9.5404681047701363	0.9999831037491810
9.5445317309081812	0.9999476463565847
9.5483730287365827	1.0000123605324860
9.5521733511081628	0.9999701051167220
9.5560196225485416	1.0000124776944681
9.5599947793719977	0.9999840071228296
9.5642513564028615	1.0000504905642031
9.5711549857171079	0.9998649884600955
9.5757501254833581	0.9999866016808606
9.5796864730956521	0.9999389647610984
9.5833639384626732	1.0000218129771028
9.5869559714683561	0.9999557807636905
9.5905287094028520	1.0000291555813514
9.5941187498838829	0.9999651059759603
9.5977469322080804	1.0000263419118671
9.6014390116177122	0.9999750335816096
9.6052265362599751	1.0000164847378348
9.6091709656315238	0.9999859640350739
9.6134185793200828	1.0000506422477284
9.6203509009238104	0.9998702850460348
9.6250993379112835	0.9999788083097608
9.6293075857456021	0.9999581112275483
9.6334070807927663	1.0000016565652381
9.6377113851656748	0.9999406651286249
9.6446431931747618	1.0001350585029283
9.6491728166306423	1.0000097302993816
9.6530328387407494	1.0000632344580964
9.6566513556817029	0.9999755052707414
9.6602031067646532	1.0000441612232824
9.6637590625405512	0.9999704938146342
9.6673548506715434	1.0000317610167468
9.6710197058256515	0.9999765106477740
9.6747872406694349	1.0000181140852389
9.6787194298655237	0.9999866770063377
9.6829637650898910	1.0000505761219147
9.6898485014972664	0.9998609122263484
9.6942737598389090	0.9999917696866252
9.6980270727847078	0.9999283037199153
9.7015319955449897	1.0000298605684357
9.7049577982451574	0.9999447592792242
9.7083614497698445	1.0000392923412011
9.7117682709571316	0.9999522288702759
9.7151851526988171	1.0000407741447022
9.7186181446765030	0.9999564430942909
9.7220679519244335	1.0000395624376159
9.7255384687660325	0.9999597521608691
9.7290306075950124	1.0000370410228232
9.7325494412451725	0.9999633305453512
9.7360982149724968	1.0000332238665484
9.7396857459821451	0.9999682424572259
9.7433213063818389	1.0000271338963822
9.7470239519363631	0.9999763055032074
9.7508215154142803	1.0000166949186744
9.7547726349660433	0.9999861867067563
9.7590219663573681	1.0000510049887394
9.7659355208379122	0.9998672192698610
9.7705792434056686	0.9999841857126661
9.7745978773845401	0.9999449564410453
9.7783852835880118	1.0000151803621100
9.7821173334532254	0.9999656105883513
9.7858689510572159	1.0000177532885914
9.7896958672218641	0.9999802460444787
9.7936609868136308	1.0000115599324262
9.7979158001265780	0.9999468563035774
9.8048604046567078	1.0001249757751318
9.8097607521815693	1.0000231544837845
9.8143354114535359	1.0000806758568941
9.8214653442269260	0.9998667084255886
9.8262756851822672	0.9999842416340147
9.8304023489356833	0.9999492488217604
9.8342756533769169	1.0000125600264822
9.8380939346078282	0.9999707668263679
9.8419509202192135	1.0000125924172572
9.8459319236897933	0.9999841249447435
9.8501902078312984	1.0000507380590524
9.8571246331098070	0.9998709381443029
9.8619292803246115	0.9999782923018280
9.8661891943894933	0.9999592603827241
9.8703213858085537	1.0000020996339158
9.8746345859113678	0.9999398346845542
9.8816153241698306	1.0001247561290110
9.8865392976988300	1.0000224537640412
9.8911212007281044	1.0000806990935023
9.8985636659563507	0.9999213617925848
9.9033721807689048	1.0000128589796120
9.9078954628291118	1.0000006744290075
9.9152880638903316	1.0001157773638720
9.9192360136325757	0.9999840006448961
9.9226085901593297	1.0000860645641840
9.9258228225180218	0.9999467739272587
9.9290957841585001	1.0000353834801299
9.9325538951163761	0.9999619019871672
9.9362983597929553	1.0000018435046472
9.9404965225664590	0.9999530930332494
9.9481897387535625	1.0000204027411657
9.9529084218821779	0.9999054683211436
9.9576972050619510	1.0001890359968346
9.9625032057155138	0.9998736186683110
9.9673265358584047	0.9999126174291334
9.9749410764582507	0.9997381043510671
9.9801563864647136	1.0001085530103786
9.9851438357788798	0.9998482203678075
9.9900464175859174	1.0000079193361315
9.9957063959286909	0.9997268790236498
