0.0000000000000000	0.0000000000000000
6.6043870770021185	0.0010000000000000
6.6107900883661275	0.0008835832505568
6.6161701822215413	0.0010088612461567
6.6243536396643536	0.0008568240968680
6.6273326337386145	0.0012111074924607
6.6306020962336518	0.0012115761761198
6.6341740542592085	0.0014388204014470
6.6379666633874583	0.0015688970947707
6.6418920612501005	0.0018218530484943
6.6458952588727254	0.0020367673251891
6.6499151685695717	0.0023735754158983
6.6539154607839217	0.0026761011803866
6.6578604157120802	0.0031242006058396
6.6617520653676072	0.0035232191569246
6.6655990203753310	0.0040949038535572
6.6694375554841487	0.0046242309314921
6.6732854168755074	0.0053449567189215
6.6771765313480200	0.0060631435361216
6.6811109454271795	0.0069853725069530
6.6851138224997984	0.0079653312767495
6.6891677912407115	0.0091687609703987
6.6932977123211925	0.0105030808524850
6.6974729557434491	0.0120973669891812
6.7017265947633966	0.0139116060927833
6.7060148246298237	0.0160461068866125
6.7103870632519920	0.0185172333631031
6.7147810772108834	0.0214013072642501
6.7192680047121369	0.0247814536300196
6.7237816745183654	0.0287267535382063
6.7285139750175942	0.0334358612979058
6.7360507665126432	0.0427510479921096
6.7416689825347600	0.0506786973116722
6.7460764968742657	0.0585793312957597
6.7505993600359382	0.0676182025137237
6.7548561761068724	0.0772053378614286
6.7591949792517401	0.0882100610932074
6.7635253745320014	0.1006436489599979
6.7679409543782674	0.1149182585714070
6.7723442738980122	0.1309031293318625
6.7769574808773942	0.1496716808478876
6.7816809886436875	0.1713087006744331
6.7868539009088016	0.1972718700613935
6.7901819465024458	0.2162407552830327
6.7937311544481975	0.2373897713866440
6.7978214721416466	0.2637149642139837
6.8025315126699679	0.2963641162530547
6.8195259602457963	0.4318302168348071
6.8247086960075292	0.4769683667807035
6.8291589203495509	0.5161865883654658
6.8338249122142178	0.5573277805455119
6.8383173367086503	0.5963398419164812
6.8431882746072352	0.6374517205611130
6.8478491849225591	0.6752819972469647
6.8610314469686555	0.7701386775388452
6.8642905105054224	0.7907127932626915
6.8679948920025513	0.8122054561695916
6.8722220566072867	0.8347828724238253
6.8766985405925753	0.8562589983958029
6.8828868514733692	0.8823335980456231
6.8923735228281409	0.9137965141155394
6.8985982102664201	0.9306785246549316
6.9185182334457531	0.9655534810000488
6.9256436086395476	0.9733030109168573
6.9329043819221026	0.9798888176667466
6.9380619831710293	0.9831876206039587
6.9420830993952585	0.9855135370718445
6.9457433420951276	0.9872561964885895
6.9493497440798171	0.9888919925237108
6.9530098364572170	0.9902401950339474
6.9566910916490539	0.9915347229090126
6.9603969427447874	0.9925721533894258
6.9641164252416026	0.9935789741700898
6.9679134225653172	0.9943883975147055
6.9718509127263779	0.9951778361197804
6.9761028675941068	0.9958118827676155
6.9826048055094860	0.9969059651262323
6.9871539017940192	0.9972730456552009
6.9910237783276372	0.9976882608622382
6.9947525113453546	0.9979270175387902
6.9985287393977718	0.9982341695433269
7.0024657190725783	0.9984446839885190
7.0067056329687176	0.9987528017874884
7.0122405792791218	0.9986503937603487
7.0174495833779575	0.9992891724892591
7.0224733102087944	0.9993649133700387
7.0291974627118687	0.9996703488320894
7.0352355154765398	0.9993606708294897
7.0456662968991983	0.9994155863633205
7.0492284078934055	0.9996457440086332
7.0526957289582111	0.9996320493081383
7.0563112745178813	0.9997420145919736
7.0601471164233907	0.9997532906816827
7.0643519887533079	0.9998351602152458
7.0725104340952747	0.9998782847363522
7.0770752520705029	0.9999329478254527
7.0808606900357294	0.9998340854498445
7.0841973217984604	0.9999558501443535
7.0873823442402824	0.9998322291803088
7.0905940611881730	0.9999469393668181
7.0939287324750993	0.9998632560212728
7.0974497547618034	0.9999307984295309
7.1012341914654629	0.9999022867982656
7.1054411358453189	0.9999707104551141
7.1123480866629709	0.9997988340305279
7.1166293302132422	0.9999392579494107
7.1203612680856248	0.9998914960383122
7.1239856826825152	0.9999760978157411
7.1276847866801791	0.9999393364309310
7.1315641236531873	0.9999819535862905
7.1357973819115417	0.9999272907558444
7.1427312874037678	1.0001169134329189
7.1473000997503995	1.0000044498764045
7.1513059833299177	1.0000403652252623
7.1551816384898750	0.9999864409828482
7.1591437202500812	1.0000141188144391
7.1634016631205277	0.9999478974418968
7.1703744961388516	1.0001239070559793
7.1752355857970498	1.0000223622841176
7.1798003403714459	1.0000780063951198
7.1869223103159445	0.9998611465970807
7.1915347337292523	0.9999878609183988
7.1954405916153110	0.9999371112401844
7.1990985833003229	1.0000205246342271
7.2026989020455456	0.9999579038041916
7.2063148218776671	1.0000238671907544
7.2099914380854964	0.9999724323901237
7.2137660058455424	1.0000155466002076
7.2177023120846737	0.9999852684196278
7.2219477066240438	1.0000499134659382
7.2288924597644133	0.9998719524424192
7.2337015032419512	0.9999758846930014
7.2380350103812559	0.9999613600977093
7.2424151350051851	1.0000427925380766
7.2494154149113301	0.9998572605977512
7.2540182935427753	0.9999839699244976
7.2579482628900669	0.9999375961429730
7.2616329968808619	1.0000190272665517
7.2652558896157240	0.9999587528884258
7.2688892386220756	1.0000234038229048
7.2725787719929116	0.9999729360479277
7.2763622984257301	1.0000155673105655
7.2803038895343555	0.9999854121460836
7.2845507460986587	1.0000502294678455
7.2914590891115196	0.9998654392678551
7.2960415156529921	0.9999856799790159
7.2999913428687666	0.9999414879813581
7.3037150594399227	1.0000172064216135
7.3073916043573863	0.9999632179751718
7.3110973387162534	1.0000188784492379
7.3148895407570720	0.9999794944750862
7.3188332785846857	1.0000114269867995
7.3230823136589454	0.9999475304021738
7.3299880904267614	1.0001332317365355
7.3345740043834828	1.0000130474234756
7.3385239096932722	1.0000573080506010
7.3422490060572336	0.9999816362954379
7.3459248720261598	1.0000356560453956
7.3496314835659327	0.9999800030968310
7.3534227647671822	1.0000194046730446
7.3573673850447925	0.9999874745017566
7.3616153987435462	1.0000513569972118
7.3685283103693751	0.9998666339669859
7.3731397348032450	0.9999846759084476
7.3771307492882725	0.9999443931759211
7.3809073476847606	1.0000140685812116
7.3846544398426754	0.9999682698813331
7.3884607539773537	1.0000129550235801
7.3924114210706016	0.9999839518334347
7.3966613462849731	1.0000496082372639
7.4035714542826385	0.9998650383427811
7.4081527779297769	0.9999856294078825
7.4121000970440800	0.9999412546496452
7.4158209614549246	1.0000172881590799
7.4194947745231872	0.9999630725142163
7.4231981331918746	1.0000189365342933
7.4269884937476851	0.9999794499318183
7.4309310878481130	1.0000114194800322
7.4351798182985283	0.9999475669495449
7.4421111049499284	1.0001284927055074
7.4468598128861201	1.0000200019924312
7.4510660863761489	1.0000407851959514
7.4551661589465867	0.9999972593349920
7.4594692411480965	1.0000582771737392
7.4664581714197045	0.9998743238268084
7.4713550172666059	0.9999761155685420
7.4759315420493913	0.9999191939818984
7.4830713175144652	1.0001333550768703
7.4878316082485350	1.0000146080352030
7.4919164404975040	1.0000502772427107
7.4957802233784605	0.9999886224808948
7.4996324544218362	1.0000241357268651
7.5035995008488046	0.9999897993810338
7.5078557338990741	1.0000528203739958
7.5148139418553548	0.9998742616981375
7.5196956980836944	0.9999756994265790
7.5242673993165079	0.9999191892761521
7.5314114322603283	1.0001319529690851
7.5362137629584156	1.0000163616008977
7.5403677102974118	1.0000457262641065
7.5443319159843840	0.9999938455840129
7.5483413577390435	1.0000196775400481
7.5526130580595972	0.9999509620472314
7.5595081216962319	1.0001404527451379
7.5639364847820643	1.0000072128330042
7.5676745103281320	1.0000727030761944
7.5711556906065036	0.9999673078357049
7.5745483999616008	1.0000570344300566
7.5779138960378312	0.9999568029147241
7.5812751302568913	1.0000501387963607
7.5846429925391776	0.9999546837198847
7.5880213096724818	1.0000462193623358
7.5914150780938803	0.9999556682794778
7.5948262613782020	1.0000428566861648
7.5982603028063007	0.9999583910285201
7.6017205408887101	1.0000388280734409
7.6052149220939418	0.9999628414004451
7.6087505922778416	1.0000330626523140
7.6123416624743641	0.9999699601507640
7.6160054811342448	1.0000238034637956
7.6197750059475151	0.9999816841197454
7.6237073762693930	1.0000126815574475
7.6279529301883731	0.9999484885816555
7.6348836390193640	1.0001289196888539
7.6396196279689965	1.0000200248250257
7.6438147180279588	1.0000411111845811
7.6479078738097215	0.9999973914474035
7.6522090740542268	1.0000581189313404
7.6591425955806631	0.9998637841014978
7.6636600248442166	0.9999893346783230
7.6675124739641669	0.9999353156011085
7.6711243687028547	1.0000235113081786
7.6746731527828516	0.9999545800021155
7.6782257989352631	1.0000284621970625
7.6818207638679281	0.9999670866514132
7.6854836869338570	1.0000224152807973
7.6892513947213859	0.9999807811641881
7.6931822738357676	1.0000122256827650
7.6974275040946738	0.9999483170719189
7.7043691231088554	1.0001269012433434
7.7091737276082073	1.0000228420822102
7.7135014330954412	1.0000374916243377
7.7178813616254249	0.9999562018563042
7.7248703348122190	1.0001436383356221
7.7294101202028731	1.0000128157960768
7.7332619973740933	1.0000660445459326
7.7368685594916551	0.9999760579880292
7.7404090207931855	1.0000454260591187
7.7439552107254448	0.9999704960944480
7.7475429963122542	1.0000323163427691
7.7512015401613272	0.9999764716210672
7.7549644939068738	1.0000182870349936
7.7588939185499770	0.9999867388621291
7.7631375076692883	1.0000505180654962
7.7700716301804249	0.9998700788745353
7.7747964529278901	0.9999790045477543
7.7789844661030507	0.9999576793880757
7.7830716795236361	1.0000015055581903
7.7873725951540136	0.9999409968144276
7.7940689757015242	1.0001785083023111
7.7975376999156776	0.9999615869576298
7.8004250312224928	1.0001397523949609
7.8031999024211434	0.9999250187674610
7.8059818110866974	1.0001098905827930
7.8087996554685732	0.9999193512753297
7.8116570173552775	1.0000922450109422
7.8145536380733702	0.9999207193256076
7.8174853697150981	1.0000816824317464
7.8204512209633270	0.9999242922979755
7.8234474263283138	1.0000745507130351
7.8264740442990979	0.9999284830004317
7.8295281421252607	1.0000690377732884
7.8326106529041910	0.9999327765252328
7.8357193872572264	1.0000642570350275
7.8388560047136187	0.9999370863726544
7.8420190400923877	1.0000597240187972
7.8452108900611925	0.9999415111572414
7.8484309364680245	1.0000550998276962
7.8516825172465330	0.9999462601896926
7.8549662155581670	1.0000500471510065
7.8582868457262629	0.9999516734958760
7.8616470333572082	1.0000440977193235
7.8650543741860890	0.9999583435743793
7.8685156649362877	1.0000364190396078
7.8720448910290166	0.9999674508208269
7.8756595236712217	1.0000253138181359
7.8793929835529788	0.9999809836184632
7.8833035996094765	1.0000126113134720
7.8875433009425802	0.9999492034218294
7.8943115300926516	1.0001602317936247
7.8981512081574037	0.9999824974738245
7.9013384678952789	1.0001131795013463
7.9043488303753007	0.9999407863437224
7.9073274372846711	1.0000905326025742
7.9103169477122863	0.9999321580592061
7.9133284518223395	1.0000777228623801
7.9163657886796246	0.9999316913742687
7.9194275134796781	1.0000701959974831
7.9225144851147942	0.9999338583944116
7.9256244365929582	1.0000650187371594
7.9287585921634669	0.9999369368522295
7.9319151038297218	1.0000607973298905
7.9350958110306440	0.9999403886517853
7.9382994728220622	1.0000568596082520
7.9415286117749639	0.9999441303562903
7.9447827692815949	1.0000528066301009
7.9480653710543949	0.9999482933809850
7.9513771153928294	1.0000482872843328
7.9547228734160456	0.9999531814604056
7.9581053489999061	1.0000428348237207
7.9615321642363366	0.9999593679075310
7.9650101515447345	1.0000356224315146
7.9685532837296602	0.9999680213857646
7.9721789803336165	1.0000249556300007
7.9759205444605010	0.9999811378386549
7.9798360377378330	1.0000126208056974
7.9840770450295890	0.9999490379229821
7.9909564522917433	1.0001393044873770
7.9953417856669295	1.0000065330741441
7.9990647848283976	1.0000714308523688
8.0025625877832134	0.9999704786622494
8.0060044538331052	1.0000512546704603
8.0094550139480027	0.9999649819529509
8.0129437756594761	1.0000384978836252
8.0164920922567635	0.9999698732807162
8.0201207836538710	1.0000258859866744
8.0238640550523410	0.9999817120730985
8.0277805124454371	1.0000129230230790
8.0320217732611177	0.9999491656148896
8.0389652733248909	1.0001272919932831
8.0437501915310197	1.0000229509838048
8.0480638059136815	1.0000376513074125
8.0524399322167000	0.9999567624584187
8.0594898531275891	1.0001331510293290
8.0643985444618025	1.0000263465720700
8.0689783542257167	1.0000813212519608
8.0761490907284408	0.9998698684421602
8.0810497115405848	0.9999778337000068
8.0854082305521189	0.9999618635258852
8.0897980437552288	1.0000430019108639
8.0967933162412304	0.9998533401982265
8.1012683889940362	0.9999878093482398
8.1050552281173847	0.9999291037026459
8.1086041675066838	1.0000249307315057
8.1120980930940991	0.9999508865288231
8.1156043245731304	1.0000298760464086
8.1191610917134138	0.9999652175705903
8.1227938031614499	1.0000231268478914
8.1265394494280194	0.9999802512827396
8.1304570279361741	1.0000121307789682
8.1346986760087212	0.9999487333748549
8.1415961880914978	1.0001357868439327
8.1460889692298721	1.0000108730851023
8.1499442253482481	1.0000621080676275
8.1535886207662678	0.9999792173598133
8.1571987770533259	1.0000385867998416
8.1608538338890249	0.9999788121121065
8.1646076148678954	1.0000202825838029
8.1685296377278167	0.9999876428707363
8.1727715501764617	1.0000506558514584
8.1796071667963215	0.9998511521754907
8.1837433785092486	1.0000033616822925
8.1871934096134620	0.9999064674569890
8.1904150223691943	1.0000460424340987
8.1935715349010856	0.9999236393207673
8.1967121800620522	1.0000568714029443
8.1998570077244342	0.9999320539996828
8.2030092471222282	1.0000594166758967
8.2061725403645269	0.9999363276824674
8.2093451617536655	1.0000593452408388
8.2125287748992566	0.9999388553583166
8.2157212892257423	1.0000584125110590
8.2189241770014068	0.9999406607322939
8.2221354573712944	1.0000572140522894
8.2253566530564548	0.9999421612801065
8.2285859212819066	1.0000559442404628
8.2318248771314835	0.9999435359547538
8.2350718140683732	1.0000546509111004
8.2383284585003160	0.9999448752956158
8.2415932510275294	1.0000533252529129
8.2448680543970259	0.9999462411621702
8.2481514852357058	1.0000519319910581
8.2514455840422212	0.9999476924303757
8.2547491966927566	1.0000504163308146
8.2580646109241886	0.9999492996866892
8.2613909935660388	1.0000486998189759
8.2647309983160646	0.9999511593786566
8.2680842730612145	1.0000466671013224
8.2714540493270903	0.9999534150430903
8.2748407503813581	1.0000441386468462
8.2782485911551547	0.9999562972409918
8.2816793574138057	1.0000408134302179
8.2851391082141337	0.9999602097075615
8.2886323030323279	1.0000361349853211
8.2921689731160502	0.9999659399379840
8.2957597488507719	1.0000289514690148
8.2994250553142148	0.9999751634823043
8.3031942971746062	1.0000172338262678
8.3071279708310239	0.9999862408471515
8.3113726170888977	1.0000504200062108
8.3183261314814470	0.9998738943641878
8.3232003374328141	0.9999753758678258
8.3277698867178280	0.9999192668038607
8.3349069506414182	1.0001333299184254
8.3396494521672508	1.0000143089710207
8.3437185039659916	1.0000507981527442
8.3475702600748871	0.9999884144875362
8.3514140424160583	1.0000243210874789
8.3553761043213299	0.9999898453511221
8.3596309651581500	1.0000526800112930
8.3665809995633733	0.9998725471671055
8.3713913193678362	0.9999763285280445
8.3757244589766966	0.9999616029835239
8.3801046039910911	1.0000429181026085
8.3871537168986556	0.9998661043909282
8.3920739441956105	0.9999730293659881
8.3966584881884110	0.9999176399773650
8.4038329522076083	1.0001284654879914
8.4089130577554325	0.9999716240552367
8.4164336148324299	1.0001702569003039
8.4213130573928510	1.0000245081604153
8.4253634252267293	1.0000634987093273
8.4291158935508008	0.9999843745883400
8.4327942954229904	1.0000379891138125
8.4364956272389868	0.9999807332607081
8.4402807204003363	1.0000201944009377
8.4442209401181110	0.9999878549940572
8.4484678650439182	1.0000514157925584
8.4554023466182038	0.9998705266698704
8.4601413252350017	0.9999790337140586
8.4643417264486907	0.9999580616413030
8.4684365703917042	1.0000016800651816
8.4727395624939525	0.9999408586460103
8.4797280562574446	1.0001247656709922
8.4846233167988299	1.0000229796627556
8.4891976889180789	1.0000798997734464
8.4963340505530720	0.9998654638262027
8.5010864307754677	0.9999845082980505
8.5051650524416615	0.9999483958134100
8.5090216717324072	1.0000104803754881
8.5128701623144440	0.9999747425158960
8.5168334551178173	1.0000091708246561
8.5210899515212741	0.9999462657955434
8.5279774064687945	1.0001378510697094
8.5324087213306630	1.0000066282391726
8.5361567424165656	1.0000713084807238
8.5396496945906932	0.9999676331402081
8.5430534289850488	1.0000561915197910
8.5464276130237522	0.9999569826741883
8.5497936344797072	1.0000501008050291
8.5531606751420952	0.9999540698752646
8.5565305670074991	1.0000474214397990
8.5599059557355570	0.9999535906121435
8.5632859509052306	1.0000459689054293
8.5666724725099446	0.9999539680553162
8.5700643401558576	1.0000448910962441
8.5734635511534965	0.9999547184479269
8.5768690701571000	1.0000438408863639
8.5802831523543706	0.9999557295610964
8.5837050927468592	1.0000426323396479
8.5871375730540613	0.9999570445264619
8.5905804476416989	1.0000410969628051
8.5940371259452704	0.9999588122260625
8.5975084241071045	1.0000389998300703
8.6009990801575782	0.9999613194065161
8.6045117226646344	1.0000359389352476
8.6080537366299819	0.9999651148050133
8.6116316372299568	1.0000311275378513
8.6152589655849088	0.9999713470274052
8.6189523861394353	1.0000228840925691
8.6227440645696092	0.9999820801287588
8.6266899747336989	1.0000127107995009
8.6309391835328650	0.9999480313674443
8.6378428693160725	1.0001333786098565
8.6424340008356211	1.0000129254764154
8.6463823066222112	1.0000580125722540
8.6500947917535740	0.9999801586219357
8.6537429268109616	1.0000383403669539
8.6573999943616471	0.9999759738069093
8.6611073535449918	1.0000251812226388
8.6649057155635560	0.9999834526665425
8.6688549061681073	1.0000134352830039
8.6731050814397879	0.9999483196225658
8.6800353688844112	1.0001285179839723
8.6848014647765641	1.0000202862454537
8.6890235866222696	1.0000404947795138
8.6931335916173875	0.9999971672459621
8.6974393760022615	1.0000585615005595
8.7043739732522951	0.9998646521825300
8.7089307052283313	0.9999889400680949
8.7128109970705694	0.9999357986745145
8.7164279472420922	1.0000252558725746
8.7199533792439148	0.9999510779771069
8.7234472456159740	1.0000347739246795
8.7269370309397036	0.9999573246374750
8.7304312561404753	1.0000365948849397
8.7339375181464742	0.9999608318769417
8.7374583218860273	1.0000355048891107
8.7409999303968728	0.9999641004681608
8.7445664293484615	1.0000324668392551
8.7481674801908973	0.9999686683148202
8.7518130847957263	1.0000268158953400
8.7555229729675723	0.9999764797973638
8.7593254745776754	1.0000166280082095
8.7632794880196894	0.9999861910842873
8.7675296326462302	1.0000511157902947
8.7744319916522642	0.9998652500016234
8.7790111832707023	0.9999869281688112
8.7829357628696449	0.9999386237391429
8.7866050300677809	1.0000221846495845
8.7901884577453497	0.9999549952382464
8.7937470929532982	1.0000306001835086
8.7973111445766143	0.9999625003443502
8.8008929888047103	1.0000305998538344
8.8045059432623631	0.9999683760268835
8.8081610521345315	1.0000260661034668
8.8118785248061169	0.9999764610016879
8.8156866297619842	1.0000164023416216
8.8196440798538696	0.9999861116178452
8.8238951558827647	1.0000511940503434
8.8308009239826308	0.9998660332470772
8.8354090510242234	0.9999859432838200
8.8393702047118943	0.9999408853137588
8.8430800192280294	1.0000200347391468
8.8467091048981530	0.9999581306947692
8.8503211922636602	1.0000271719556963
8.8539505843029733	0.9999671013420550
8.8576157522353043	1.0000248887702305
8.8613401263153797	0.9999761111166016
8.8651529050236331	1.0000160503898856
8.8691131316218890	0.9999859526020731
8.8733649694287422	1.0000512046124177
8.8802678340755641	0.9998655671794701
8.8848629624144397	0.9999866692264406
8.8888014697134210	0.9999390931049597
8.8924785632699255	1.0000223525985161
8.8960620198179541	0.9999544481513604
8.8996110439617535	1.0000319414622609
8.9031531371104222	0.9999602726649213
8.9066967784350197	1.0000340359660815
8.9102494786477919	0.9999632974815735
8.9138135321325684	1.0000333504314138
8.9173949720569059	0.9999660389942840
8.9209975704502540	1.0000308304420780
8.9246306675369347	0.9999700078905626
8.9283038548735405	1.0000258067361589
8.9320363949969863	0.9999771322005783
8.9358559571938443	1.0000163304266101
8.9398204851468286	0.9999861618218309
8.9440734884754320	1.0000514709213013
8.9509929989278199	0.9998689672139882
8.9557067646552895	0.9999819492713837
8.9598199859193404	0.9999506751959614
8.9637256860540067	1.0000088534617750
8.9676168159146616	0.9999756228973140
8.9716075262108816	1.0000092693117715
8.9758713111746093	0.9999453007586276
8.9828063855062297	1.0001274646424494
8.9876060181423192	1.0000201562905005
8.9918572705040756	1.0000396932188118
8.9959853683807509	0.9999968377010073
9.0002961204926670	1.0000589902864314
9.0072727293055124	0.9998731196675362
9.0121431041635063	0.9999769032973165
9.0165142967764265	0.9999620406660334
9.0209051632365096	1.0000443334062246
9.0279099140536214	0.9998592548918037
9.0325977193737774	0.9999827684376851
9.0366068556387003	0.9999408595969128
9.0403461143533441	1.0000188535894348
9.0439926831004449	0.9999581215395235
9.0476118307091937	1.0000273924787189
9.0512368132881402	0.9999659187830210
9.0548827519288650	1.0000269915105713
9.0585667181476808	0.9999725634250174
9.0623057650669132	1.0000211295916375
9.0661315693539564	0.9999824211779438
9.0700983898209486	1.0000126333598405
9.0743533058538102	0.9999472632811232
9.0812589241788562	1.0001320533850386
9.0859076390238567	1.0000138602674711
9.0899102368726101	1.0000559119462833
9.0936599972052008	0.9999802439439144
9.0973230785681807	1.0000390312626211
9.1009667999104611	0.9999729130360122
9.1046222325898576	1.0000306436878761
9.1083111646484021	0.9999747801874550
9.1120533863034705	1.0000222421429315
9.1158811196372422	0.9999830840881742
9.1198490843076438	1.0000129753677907
9.1241043024319577	0.9999473991236401
9.1310070773149850	1.0001326110749176
9.1356393834961658	1.0000131385025517
9.1396164920258762	1.0000577097415932
9.1433324638504807	0.9999781250671838
9.1469514726682348	1.0000423167622554
9.1505371632615713	0.9999688318499048
9.1541150706582020	1.0000363880603567
9.1576985027221554	0.9999671933876029
9.1612936798402664	1.0000328199133686
9.1649088979379272	0.9999688412941484
9.1685508558032325	1.0000287118726665
9.1722327469348865	0.9999734591362230
9.1759706070940794	1.0000216683885799
9.1797955816830239	0.9999826857534965
9.1837619370289438	1.0000127758968373
9.1880167142004865	0.9999473468283681
9.1949450326670910	1.0001278268419478
9.1997443959713650	1.0000204110917592
9.2039968856823258	1.0000397628574997
9.2081260254373039	0.9999968832908528
9.2124370442594916	1.0000590549262007
9.2193868642659886	0.9998682305509530
9.2240797600971103	0.9999844631013382
9.2281326412691804	0.9999463376292141
9.2319426943248057	1.0000150726119836
9.2356896796617232	0.9999662141172926
9.2394511379077358	1.0000177209992125
9.2432843461346632	0.9999804212511977
9.2472530327001472	1.0000116283732727
9.2515088755443831	0.9999467780196786
9.2584383649072599	1.0001277273455542
9.2632344106230811	1.0000203050301362
9.2674835667214133	1.0000398017332341
9.2716105394011539	0.9999968939121385
9.2759209696264318	1.0000589889162945
9.2828975831159788	0.9998731067179523
9.2877663446302865	0.9999769040546733
9.2921363217786883	0.9999620343855076
9.2965268642291434	1.0000442880490554
9.3035436806052569	0.9998613930702620
9.3083071373847677	0.9999795136685091
9.3124375602940859	0.9999492533849966
9.3163475271024261	1.0000082857767412
9.3202386651749478	0.9999751952722292
9.3242285149549140	1.0000090843680804
9.3284921914759718	0.9999452712111371
9.3353934698219661	1.0001339445432338
9.3399651842069566	1.0000107276176662
9.3438632554603682	1.0000624155937037
9.3474939758027968	0.9999737928134591
9.3510235387247036	1.0000480396099027
9.3545152058329428	0.9999634190291671
9.3579936955973615	1.0000426998171348
9.3614712227632300	0.9999608304518280
9.3649525997159326	1.0000399464268874
9.3684437650515644	0.9999612296034668
9.3719477143964944	1.0000373776387343
9.3754712117944816	0.9999635160571884
9.3790193094063010	1.0000337084694477
9.3826024984608960	0.9999679753375329
9.3862317123160235	1.0000275661956752
9.3899275160219791	0.9999760864467685
9.3937191241166946	1.0000168566289092
9.3976663535957456	0.9999862228728014
9.4019146806221645	1.0000508920594182
9.4088186223880665	0.9998652115357062
9.4133924798571336	0.9999864988079209
9.4173228930828312	0.9999398623971898
9.4210156738069113	1.0000195214551142
9.4246469796864929	0.9999596879239642
9.4282873557747529	1.0000235076635995
9.4319821730572144	0.9999732787747563
9.4357693893210044	1.0000156301155358
9.4397131494590347	0.9999854811053333
9.4439606132230978	1.0000503488199597
9.4508855205160636	0.9998686681527904
9.4555785034936441	0.9999811165233272
9.4596938576400262	0.9999525452302828
9.4636434486822552	1.0000045742806103
9.4676494713600849	0.9999790508077741
9.4719184781444152	1.0000478051091097
9.4788414170677768	0.9998635474751278
9.4834245106848698	0.9999852873120775
9.4873678493811155	0.9999406250236045
9.4910830623737414	1.0000173887912405
9.4947512117629138	0.9999627182825956
9.4984495896701944	1.0000190319800699
9.5022360866061266	0.9999793393518472
9.5061762811462671	1.0000113938467829
9.5104243730118867	0.9999476382918460
9.5173280665967717	1.0001337886926467
9.5218934375398394	1.0000125141070184
9.5258210099019287	1.0000584455442594
9.5295260084044209	0.9999809883493024
9.5331848020654544	1.0000364085850857
9.5368775883351997	0.9999796630829091
9.5406585898244938	1.0000196353434918
9.5445969427275781	0.9999875145371520
9.5488432687824467	1.0000511576056654
9.5557445923003907	0.9998641660048718
9.5602707391650412	0.9999877489518822
9.5641518873749298	0.9999373931503323
9.5678021311026864	1.0000209292066347
9.5713980489599564	0.9999579976873387
9.5750095900268111	1.0000243909518141
9.5786817107539548	0.9999725073672455
9.5824523463204958	1.0000158593119348
9.5863860883004754	0.9999854662529013
9.5906308324875464	1.0000499871343922
9.5975042252968379	0.9998585307694846
9.6018644327890694	0.9999943708320178
9.6055405311378710	0.9999227132282673
9.6089656709275459	1.0000345461756488
9.6123091961823857	0.9999384774488780
9.6156271092221068	1.0000450124167002
9.6189440464904266	0.9999456101065087
9.6222665550126205	1.0000471974979197
9.6256006807143280	0.9999495193490766
9.6289471030975271	1.0000464816182608
9.6323097451335844	0.9999525359532742
9.6356892542117034	1.0000443688114768
9.6390900886053750	0.9999557344941657
9.6425141487322890	1.0000411279815560
9.6459676325999126	0.9999598226446297
9.6494550916745272	1.0000364047885753
9.6529866543559546	0.9999656919651601
9.6565730380141126	1.0000291216463626
9.6602347563606958	0.9999750493070336
9.6640013175015866	1.0000172838023014
9.6679333552695219	0.9999862456160097
9.6721775621796784	1.0000503656280049
9.6790568683485798	0.9998598729350806
9.6834524174420924	0.9999930051140944
9.6871694279997058	0.9999256678861849
9.6906356351265526	1.0000321983341329
9.6940203363360862	0.9999416265290659
9.6973801483773894	1.0000422402907161
9.7007402681067170	0.9999488427197724
9.7041077573129861	1.0000440790520984
9.7074891506888470	0.9999529664855734
9.7108857986822130	1.0000429456340709
9.7143024671480411	0.9999564214205598
9.7177410531497550	1.0000401817101554
9.7212077328813571	0.9999604479688414
9.7247069778145399	1.0000357763619614
9.7282488528643789	0.9999661344955443
9.7318439772846030	1.0000287661878473
9.7355127669206336	0.9999752613131961
9.7392845756198589	1.0000171848110688
9.7432198075679946	0.9999862379652206
9.7474648743233701	1.0000504753456969
9.7543410593676025	0.9998594444203989
9.7587252869257934	0.9999937116922273
9.7624245422130649	0.9999241146061376
9.7658676008344862	1.0000339859326228
9.7692232300510256	0.9999390436962181
9.7725471444644327	1.0000451646832877
9.7758634495121601	0.9999451047280949
9.7791779750258563	1.0000483761922521
9.7824958297048052	0.9999477470530614
9.7858165747335430	1.0000490122384227
9.7891427640344695	0.9999491872678070
9.7924733405747872	1.0000486768997685
9.7958106228117448	0.9999503127402325
9.7991536929299983	1.0000478629792771
9.8025050404721963	0.9999514939301006
9.8058640544958990	1.0000466833744956
9.8092335683897662	0.9999529311236891
9.8126134395377171	1.0000450928050570
9.8160070643037454	0.9999548006807715
9.8194150566592260	1.0000429404873141
9.8228417788712274	0.9999573398735082
9.8262891802975592	1.0000399406611615
9.8297634476603548	0.9999609483842645
9.8332691571437607	1.0000355484575558
9.8368164409555963	0.9999664056155808
9.8404159893408156	1.0000286249705850
9.8440882558327303	0.9999753769375180
9.8478625977045890	1.0000171470644512
9.8517993581513501	0.9999862384153549
9.8560448401197380	1.0000505294615376
9.8629246403194397	0.9998601932707999
9.8673325161475187	0.9999927856204398
9.8710589378511386	0.9999260520146501
9.8745298179249659	1.0000323094850805
9.8779146106338072	0.9999413743397326
9.8812701292540002	1.0000428763401672
9.8846215592927482	0.9999479453379700
9.8879757987020582	1.0000453172106192
9.8913390451944689	0.9999513854670848
9.8947121228639983	1.0000449111106768
9.8980990255594801	0.9999540055367392
9.9015005069318676	1.0000431182055030
9.9049210886962094	0.9999568559974106
9.9083627645942052	1.0000401872388145
9.9118317930260957	0.9999606292140650
9.9153327896891934	1.0000357577142516
9.9188759330024858	0.9999662060111751
9.9224719563727160	1.0000287553789380
9.9261413632253461	0.9999752852369983
9.9299135771882039	1.0000171840702110
9.9338490405731221	0.9999862404806383
9.9380941730117147	1.0000504848595910
9.9449786836231713	0.9998610123960545
9.9494110376281846	0.9999916667674296
9.9531691648165559	0.9999284550091613
9.9566760303788069	1.0000299429424078
9.9601017995184815	0.9999447209088397
9.9635046715994982	1.0000393433081423
9.9669114846646369	0.9999524079150215
9.9703310646342675	1.0000403027672009
9.9737719696524199	0.9999574897477569
9.9772381987736871	1.0000377709008876
9.9807380885184465	0.9999626973374398
9.9842786932314205	1.0000325832214847
9.9878740922920723	0.9999699919661262
9.9915414838464169	1.0000236062153509
9.9953137106567898	0.9999816856752255
9.9992477333036014	1.0000126563016403
