            0		            0
0.009369624448102		            0
0.01656962343966		            0
0.02998249633529		            0
0.0450487104331		            0
0.0653588631088		            0
0.08778243423026		            0
0.1021629676694		            0
0.1165247600788		            0
0.1324008778024		            0
0.1498896894989		            0
0.1677168921323		            0
0.1845010146091		            0
0.2000622885617		            0
0.2152237103083		            0
0.2309155191173		            0
0.2474862722874		            0
0.2645224082779		            0
0.2812840988701		            0
0.2974088969595		            0
0.313128621682		            0
0.3289372152063		            0
0.3451561669891		            0
0.3617210626359		            0
0.3782962870103		            0
0.3946018389946		            0
0.4106344455462		            0
0.4266078875751		            0
0.442736759421		            0
0.4590691998593		            0
0.4754801418595		            0
0.4918048678676		            0
0.5079814306957		            0
0.5240790168304		            0
0.5402146407672		            0
0.5564507977987		            0
0.5727568677073		            0
0.5890518057992		            0
0.605279597867		            0
0.6214492710565		            0
0.637614054232		            0
0.6538198562708		            0
0.6700702740318		            0
0.6863322294954		            0
0.7025698634474		            0
0.7187738971239		            0
0.7349635993715		            0
0.7511655058065		            0
0.7673907849447		            0
0.783629472126		            0
0.7998627230545		            0
0.816079709915		            0
0.8322846681294		            0
0.8484903997058		            0
0.8647063125746		            0
0.880931608974		            0
0.8971580158604		            0
0.9133779165496		            0
0.9295903299396		            0
0.9458003172605		            0
0.9620137205339		            0
0.9782323282729		            0
0.9944532964028		            0
1.010672354988		            0
1.026887531612		            0
1.043100243759		            0
1.059313489332		            0
1.07552911632		            0
1.091746600571		            0
1.107963939956		            0
1.124179569386		            0
1.14039351504		            0
1.156607056518		            0
1.17282144273		            0
1.189036909662		            0
1.205252695868		            0
1.221467860972		            0
1.237682072037		            0
1.253895747949		            0
1.270109570598		            0
1.286323888424		            0
1.302538507662		            0
1.318752958481		            0
1.334966929343		            0
1.351180481335		            0
1.367393926507		            0
1.38360752401		            0
1.399821288428		            0
1.416035023825		            0
1.43224852869		            0
1.448461751811		            0
1.46467480832		            0
1.480887846164		            0
1.497100927768		            0
 1.5133139894		            0
1.529526924055		            0
1.545739667257		            0
1.561952244959		            0
1.578164725603		            0
1.59437716096		            0
1.610589539349		            0
1.626801811183		1.357797489281e-154
1.643013927066		5.146844051007e-144
1.659225879218		3.230136038326e-136
1.675437689385		1.414396252478e-129
1.691649385972		1.132250168899e-123
1.707860969934		2.618921442224e-118
1.724072418236		2.28667730527e-113
1.740283696863		8.977326201773e-109
1.756494786522		1.79237554681e-104
1.772705684145		1.993885287981e-100
1.788916395908		1.325889694338e-96
1.805126918595		5.573073207389e-93
1.821337235398		1.549414344199e-89
1.837547319004		2.958414130565e-86
1.853757143944		4.004355884025e-83
1.869966691675		3.947769817356e-80
1.886175949091		2.901966996014e-77
1.902384900739		1.62349326229e-74
1.918593523133		7.038413537038e-72
1.934801785166		2.402968009369e-69
1.951009651915		6.554332342217e-67
1.967217089798		1.446980687618e-64
1.983424065874		2.616220640741e-62
1.999630546217		3.915929464506e-60
2.015836490796		4.900270727967e-58
2.032041853817		5.173166956163e-56
2.048246583213		4.645779344887e-54
2.064450624719		3.576514546232e-52
2.080653920857		2.377052158197e-50
2.09685641192		1.372898684705e-48
2.113058032139		6.932450955786e-47
2.129258710258		3.077596683451e-45
2.145458367878		1.207416662873e-43
2.161656921969		4.206283632301e-42
2.17785428419		1.30694456997e-40
2.194050362114		3.636760998188e-39
2.210245057668		9.097606747968e-38
2.226438267155		2.053229697869e-36
2.242629880995		4.19458282813e-35
2.258819784289		7.780991405005e-34
2.275007858306		1.314473114851e-32
2.291193980297		2.027894291442e-31
2.307378025527		2.864577356714e-30
2.323559866132		3.714387050282e-29
2.339739373276		4.431651552621e-28
2.355916416934		4.876314199397e-27
2.372090869336		4.959305238185e-26
2.388262605228		4.671662251733e-25
2.404431504887		4.084396807632e-24
2.420597454156		3.320803425337e-23
2.436760347271		2.515596040041e-22
2.452920087608		1.778761279525e-21
2.469076589973		1.176101439659e-20
2.485229783313		7.284005583116e-20
2.501379610077		4.232725341679e-19
2.517526028625		2.311531283253e-18
2.533669013541		1.18821669065e-17
2.549808557302		5.758059497685e-17
2.56594466976		2.634466752132e-16
2.582077378137		1.139674214194e-15
2.598206726477		4.66831476795e-15
2.614332774389		1.813159871068e-14
2.630455596579		6.686510716338e-14
2.64657528122		2.344377305054e-13
2.662691929321		7.824986685969e-13
2.678805650688		2.489532894354e-12
2.694916562908		7.559046856259e-12
2.711024790281		2.193081820416e-11
2.727130462242		6.086843083235e-11
2.743233711768		1.617994106256e-10
2.759334672994		4.123771652761e-10
2.775433479722		1.008829366104e-09
2.791530263962		2.371407787596e-09
2.807625155368		5.361765439437e-09
2.823718280593		1.167233942025e-08
2.839809762677		2.448951027206e-08
2.855899721131		4.95662866161e-08
2.871988270047		9.686729813184e-08
2.888075517335		1.829538565826e-07
2.904161565623		3.342394479349e-07
2.920246513335		5.911441441694e-07
2.936330454928		1.012992891138e-06
2.952413480649		1.683234867742e-06
2.968495676056		2.714230711618e-06
2.984577122163		4.250515150045e-06
3.000657896103		6.469177626534e-06
3.016738072112		9.575915061872e-06
3.03281772224		1.379549423215e-05
3.048896916709		1.935587908429e-05
3.06497572404		2.646612903856e-05
3.081054212041		3.528928718637e-05
3.09713244736		4.59126353549e-05
3.113210495389		5.831876700467e-05
3.129288422045		7.236166026614e-05
3.145366295176		8.7752014255e-05
3.161444185178		0.0001040555449013
3.177522164946		0.0001207066829647
3.19360030986		0.0001370383032819
3.209678698337		0.0001523259277889
3.225757412976		0.0001658425677136
3.241836541855		0.0001769183898426
3.25791617957		0.0001849981455025
3.273996427918		0.0001896891466106
3.290077396506		0.0001907936442934
3.306159203814		0.0001883216322628
3.322241979343		0.0001824829548839
3.338325862373		0.0001736602435867
3.354411004587		0.0001623676290542
3.370497572748		0.0001492009848434
3.386585750832		0.0001347862068653
3.402675741477		0.0001197314869537
3.418767767309		0.0001045881568925
3.434862072864		8.982280130208e-05
 3.4509589274		7.58014057196e-05
3.467058628273		6.278469218013e-05
3.483161504343		5.093269488265e-05
3.499267919125		4.031606700104e-05
3.515378273649		3.093150302175e-05
3.531493011437		2.271892220547e-05
3.547612616438		1.557835667417e-05
3.563737615927		9.385368114784e-06
3.579868582036		4.004029888899e-06
3.596006128714		-7.028805977746e-07
3.612150900548		-4.866452955344e-06
3.628303549502		-8.606705335287e-06
3.644464692963		-1.202973945517e-05
3.660634841315		-1.522655619301e-05
3.67681427413		-1.827313434921e-05
3.693002834967		-2.123145897879e-05
3.709199576938		-2.415138492833e-05
3.72540219871		-2.707335430883e-05
3.741606185354		-3.003227951467e-05
3.757803589321		-3.306307748423e-05
3.773981573804		-3.620791756049e-05
3.790121349545		-3.95232118091e-05
3.806199059562		-4.307974855056e-05
3.822190867645		-4.694530930186e-05
3.838082988881		-5.114775444689e-05
3.853882237911		-5.564431828545e-05
3.869618025943		-6.03353173292e-05
3.885330620228		-6.511836117733e-05
3.901052120495		-6.993346752727e-05
3.916793858692		-7.476805982154e-05
3.932548867578		-7.963392043292e-05
3.948305593415		-8.454083696391e-05
3.964060700665		-8.948296244946e-05
3.97982150801		-9.444167399084e-05
3.995598567705		-9.939681531965e-05
4.011396585674		-0.0001043347333306
4.027211509317		-0.0001092484259357
4.043035105398		-0.0001141325196813
4.058862012488		-0.0001189781355079
4.074693137281		-0.0001237714287977
4.090533360651		-0.0001284961990017
4.106386500059		-0.0001331377624581
4.12225211596		-0.0001376850278569
4.138126393662		-0.0001421298425166
4.154005629236		-0.0001464647649633
4.169889016143		-0.0001506812666885
4.185778611692		-0.0001547697351653
4.201677042054		-0.0001587210292105
4.217585222427		-0.000162528136293
4.233501926028		-0.0001661866431341
4.249425202433		-0.0001696938295567
4.265354154929		-0.0001730472577127
4.281289576232		-0.0001762440167132
4.297233146178		-0.0001792811202965
4.313186111085		-0.0001821565460354
4.329148608695		-0.0001848699375038
4.345120063971		-0.0001874223732601
4.361100138542		-0.0001898154162284
4.377089366958		-0.0001920502207081
4.393089026756		-0.0001941273670159
4.409100489161		-0.0001960474511146
4.425124663007		-0.0001978118654392
4.441161942901		-0.0001994231648767
4.457212568922		-0.000200884919144
4.473276953992		-0.0002022015969881
4.489355579645		-0.0002033793531578
4.50544836989		-0.0002044284677606
4.52155369913		-0.0002053679099119
4.537667152032		-0.0002062324541805
4.553779910078		-0.0002070827774966
4.569876567314		-0.0002080173688185
4.58593286415		-0.000209178269042
4.601915765618		-0.0002107288212003
4.617790601887		-0.0002127777068168
4.63353794528		-0.0002152765335015
4.649171909706		-0.0002180109438642
4.66474152658		-0.0002207505101852
4.680307149472		-0.0002234070298799
4.695907981246		-0.0002260360636138
4.711546373801		-0.0002287214222946
4.727199647008		-0.0002314766185987
4.742846728467		-0.0002342465547042
4.758486527833		-0.0002369929783277
4.774135473777		-0.0002397583152699
4.789810787327		-0.0002426292088075
4.805516013251		-0.0002456356893045
4.821240153966		-0.0002486784155543
4.836968665975		-0.0002515410153398
4.852695262371		-0.0002539600783152
4.868424816884		-0.0002556496402245
4.884166735295		-0.0002561951077081
4.899925982423		-0.0002548310341137
4.915699433039		-0.0002501705852569
4.931479482849		-0.0002398971771786
4.94726064563		-0.0002202972227396
4.963043236596		-0.0001853750468582
4.97883171304		-0.0001252084736948
4.994630027967		-2.313915380397e-05
5.010438305833		0.0001488312051661
5.026253265357		0.00043763413804
5.042071342154		0.0009219261294724
5.057891481021		0.001733833356874
5.073715403804		0.003095667550179
5.089545614276		0.00538099836675
5.105383176672		0.009214387139301
5.121227099835		0.01563018929532
5.137075520522		0.02631442821992
5.152927393237		0.04394174095796
5.168783228367		0.07255693733805
5.184644463919		0.117767899935
5.200512236858		0.1861438134598
5.216386658928		0.282821905576
5.232267087117		0.4068786054881
5.248152985512		0.5469815760413
5.264044574334		0.6831892058528
5.279942784586		0.7966531536639
5.295848686558		0.8787594137895
5.311762951002		0.9316637943726
5.327685767183		0.9628336251286
5.343617188842		0.9800039119552
5.359557530344		0.9889817528118
5.375507449562		0.9934671315082
5.391467647437		0.9956018269269
5.407438390543		0.9965539264241
5.423419091704		0.9969357190808
5.439407972472		0.9970589724656
5.455401577926		0.997079165379
5.471393829679		0.997073963079
5.487374488904		0.997085327363
5.503327402003		0.9971414436961
5.519229800772		0.997265497184
5.535055069138		0.997473081069
5.550781332949		0.9977610454322
5.566404211574		0.998099165673
5.581944956651		0.9984395359079
5.597444114608		0.998740770066
5.612941946344		0.9989850187978
5.628459542691		0.9991760485481
5.643994611817		0.9993270462681
5.659533314899		0.9994501030813
5.675066711656		0.9995520894605
5.690598522124		0.9996358774168
5.706140249731		0.999703326213
5.721700493953		0.9997569952403
5.737278403466		0.9998000127676
5.752865846126		0.9998351856066
5.768454950825		0.9998644106076
5.784043946503		0.9998887299465
5.799636942297		0.9999087685122
5.815239031224		0.999925113767
5.83085158058		0.999938422268
5.846471455854		0.9999493305008
5.862094046183		0.9999583453393
5.877716919406		0.9999658166081
5.893341038024		0.9999719861054
5.908969030754		0.9999770522696
5.92460248436		0.9999812032369
5.940240622827		0.999984614361
5.955881166069		0.9999874329312
5.971522252001		0.999989770756
5.987163669071		0.9999917096689
6.002806538031		0.9999933130043
6.018451999643		0.9999946344102
6.034100156186		0.9999957208752
6.049750067784		0.9999966122507
6.065400601046		0.9999973407885
6.081051280727		0.9999979322543
6.096702457377		0.999998407979
6.11235478742		0.9999987865481
6.128008576824		0.9999990845324
6.143663542507		0.9999993165376
6.159319101455		0.9999994951287
6.174974851984		0.9999996309242
6.190630821866		0.9999997328319
6.206287328232		0.9999998082901
6.221944636766		0.9999998634417
6.23760273287		0.9999999032638
6.253261366767		0.9999999316971
6.268920283108		0.9999999517949
6.284579413025		0.9999999658783
6.300238882139		0.9999999756836
6.315898862967		0.999999982488
6.331559420389		0.9999999872141
6.347220475613		0.9999999905162
6.36288189441		0.9999999928493
6.378543604314		0.9999999945244
6.394205640627		0.999999995751
6.409868097794		0.9999999966683
6.425531043447		0.9999999973684
6.441194471668		0.9999999979121
6.456858324463		0.99999999834
6.472522551663		0.9999999986795
6.48818715325		0.9999999989501
6.503852173311		0.999999999166
6.519517659765		0.9999999993379
6.535183628841		0.9999999994745
 6.5508500619		0.9999999995825
6.566516930856		0.9999999996677
6.582184226164		0.9999999997345
6.59785196431		0.9999999997867
6.613520172983		0.9999999998272
6.62918886954		0.9999999998586
6.644858051895		0.9999999998828
6.660527706824		0.9999999999014
6.676197825618		0.9999999999158
6.691868413251		0.999999999927
6.707539485235		0.9999999999358
 6.7232110576		0.9999999999428
6.738883140314		0.9999999999485
6.754555740399		0.9999999999533
6.770228873245		0.9999999999574
6.785902576737		0.9999999999609
6.801576924987		0.9999999999641
 6.8172520472		0.9999999999669
6.832928165008		0.9999999999695
6.848605667669		0.9999999999719
6.864285256117		0.9999999999741
6.879968217798		0.9999999999762
6.895656973034		0.9999999999781
6.911356177774		0.9999999999799
6.927074711087		0.9999999999815
6.94282825481		0.9999999999829
6.958640414582		0.9999999999839
6.974537936347		0.9999999999845
6.990537116266		0.9999999999846
7.006629342348		0.9999999999845
7.022780992327		0.9999999999841
 7.0389518448		0.999999999984
7.055118017619		0.9999999999843
7.071281014172		0.999999999985
7.087457601602		0.9999999999861
7.103661445515		0.9999999999876
7.119892040725		0.9999999999895
7.136137923722		0.9999999999917
7.152388595087		0.9999999999943
7.168643580913		0.9999999999969
7.18491174818		0.9999999999994
7.201203139384		1.000000000001
7.217521308249		1.000000000002
7.233862259833		1.000000000002
7.250219600695		0.9999999999986
7.266590575012		0.9999999999922
7.282977869932		0.9999999999811
7.29938645972		0.9999999999638
7.315818931793		0.9999999999385
7.332273354006		0.9999999999031
7.34874491165		0.9999999998563
7.365229251061		0.9999999997981
7.381724436795		0.9999999997311
7.398230117745		0.9999999996614
7.414745049484		0.9999999996002
7.43126528918		0.999999999565
7.447784455854		0.9999999995786
7.464295552257		0.9999999996658
7.480792775101		0.9999999998469
7.497272083316		1.000000000128
7.513730581804		1.000000000491
7.530165834904		1.000000000883
7.546575935263		1.000000001212
7.562960259899		1.000000001344
7.579320109975		1.000000001113
7.595658506871		1.000000000328
7.611979130004		0.9999999987902
7.628285044499		0.9999999963095
7.644577941558		0.9999999927338
7.660858129903		0.9999999879982
7.677124948742		0.9999999821899
7.693377083708		0.9999999756143
7.709612537194		0.9999999688295
7.725828429213		0.9999999626137
7.742021017654		0.9999999578357
  7.758186179		0.9999999552416
7.774320256754		0.9999999552326
7.790420936535		0.9999999577558
7.80648779983		0.9999999623913
7.822522396417		0.9999999686154
7.838527902002		0.9999999761072
7.854508556208		0.9999999849524
7.870469086803		0.9999999956706
7.88641425707		1.000000009089
7.902348584096		1.000000026131
7.918276207697		1.000000047594
7.934200860026		1.000000073955
7.950125886312		1.000000105218
7.966054294497		1.000000140846
7.981988814857		1.000000179768
7.997931959241		1.000000220494
8.013886115031		1.000000261303
8.029853631095		1.000000300475
8.045836883255		1.000000336505
8.061838316242		1.000000368251
8.077860473131		1.000000394979
8.093906021089		1.000000416303
8.109977779582		1.000000432043
8.126078741862		1.000000442042
8.142212076483		1.000000445985
8.158381090298		1.00000044326
8.174589135015		1.000000432903
8.190839407537		1.000000413605
8.207134544266		1.000000383794
8.223475786773		1.000000341754
8.239861264533		1.000000285816
8.256282536236		1.00000021478
8.272718003859		1.000000129051
8.289122289319		1.000000033407
8.305416232557		0.9999999415107
8.32149770642		0.9999998765084
8.337299522826		0.9999998560776
8.352862264684		0.9999998726566
8.368332194069		0.9999999024682
8.383867941178		0.9999999293335
8.399541172596		0.9999999496614
8.41531428964		0.999999965104
8.431103331026		0.9999999771921
8.446864609178		0.9999999862374
8.462630253823		0.9999999923391
8.47847413477		0.9999999960754
8.494450117299		0.9999999982508
8.510556557636		0.9999999994997
8.526749219259		1.00000000019
8.542981278426		1.000000000518
8.559226061916		1.000000000606
8.575452210044		1.000000000545
8.591565674407		1.000000000399
8.60740368188		1.000000000227
8.622870849083		1.000000000092
8.638082109622		1.000000000022
8.653295270752		0.9999999999954
8.668707105623		0.999999999988
8.684320345146		0.9999999999873
8.699981934953		0.9999999999894
8.715542942269		0.9999999999925
8.730987421356		0.9999999999953
8.746425127072		0.9999999999973
 8.7619845576		0.9999999999985
8.777712753772		0.9999999999991
8.793556664266		0.9999999999995
8.809426125455		0.9999999999997
8.825274177882		0.9999999999999
8.841125056714		0.9999999999999
8.857036308535		            1
8.873036891052		            1
8.889091304591		            1
8.905108797874		            1
8.920981877646		            1
8.936633342072		            1
8.952063878291		            1
8.967370194997		            1
8.982694131607		            1
8.998133042671		            1
9.013688275205		            1
9.029290817408		            1
9.044874940285		            1
9.060433252705		            1
9.07601248343		            1
9.091666333615		            1
9.10741197665		            1
9.123223688482		            1
9.139061824459		            1
9.154907537032		            1
9.170774020776		            1
9.186689750916		            1
9.20267275171		            1
9.218718335265		            1
9.234807737677		            1
9.250926979391		            1
9.267078829942		            1
9.283279339584		            1
9.299544661735		            1
9.315880717822		            1
9.332283835116		            1
9.348750183393		            1
9.365285176775		            1
9.381905753689		            1
9.398636013149		0.9999999999999
9.415502961265		0.9999999999999
9.432539529331		0.9999999999999
9.449797349458		            1
9.467359880057		            1
9.485251758915		            1
9.502589082993		0.9999999999997
9.517845816695		0.9999999999994
9.531760713166		0.9999999999996
9.546138275339		0.9999999999998
9.562204910852		0.9999999999998
9.579877960062		0.9999999999997
9.597838430896		0.9999999999997
9.614796967734		            1
9.630659664127		            1
9.646314839062		            1
9.662698546017		            1
9.680078323303		            1
9.697941639787		1.000000000001
9.715513977611		1.000000000001
9.732482937948		1.000000000001
9.749183151934		            1
9.766198199128		            1
9.78384869256		0.9999999999998
9.801991454463		0.9999999999995
9.820209702273		0.9999999999993
9.838194924348		0.9999999999994
9.855927278962		0.9999999999997
9.87342948816		            1
9.890389453456		            1
9.906473894565		            1
9.921945588688		            1
9.937506586135		            1
9.953718374445		            1
9.97061348533		            1
9.987735835718		            1
           10		            1
