            0		            0
0.009369624448102		            0
0.01656962343966		            0
0.02998249633529		            0
0.0450487104331		            0
0.0653588631088		            0
0.08778243423026		            0
0.1021629676694		            0
0.1165247600788		            0
0.1324008778024		            0
0.1498896894989		            0
0.1677168921323		            0
0.1845010146091		            0
0.2000622885617		            0
0.2152237103083		            0
0.2309155191173		            0
0.2474862722874		            0
0.2645224082779		            0
0.2812840988701		            0
0.2974088969595		            0
0.313128621682		            0
0.3289372152063		            0
0.3451561669891		            0
0.3617210626359		            0
0.3782962870103		            0
0.3946018389946		            0
0.4106344455462		            0
0.4266078875751		            0
0.442736759421		            0
0.4590691998593		            0
0.4754801418595		            0
0.4918048678676		            0
0.5079814306957		            0
0.5240790168304		            0
0.5402146407672		            0
0.5564507977987		            0
0.5727568677073		            0
0.5890518057992		            0
0.605279597867		            0
0.6214492710565		            0
0.637614054232		            0
0.6538198562708		            0
0.6700702740318		            0
0.6863322294954		            0
0.7025698634474		            0
0.7187738971239		            0
0.7349635993715		            0
0.7511655058065		            0
0.7673907849447		            0
0.783629472126		            0
0.7998627230545		            0
0.816079709915		            0
0.8322846681294		            0
0.8484903997058		            0
0.8647063125746		            0
0.880931608974		            0
0.8971580158604		            0
0.9133779165496		            0
0.9295903299396		            0
0.9458003172605		            0
0.9620137205339		            0
0.9782323282729		            0
0.9944532964028		            0
1.010672354988		            0
1.026887531612		            0
1.043100243759		            0
1.059313489332		            0
1.07552911632		            0
1.091746600571		            0
1.107963939956		            0
1.124179569386		            0
1.14039351504		            0
1.156607056518		            0
1.17282144273		            0
1.189036909662		            0
1.205252695868		            0
1.221467860972		            0
1.237682072037		            0
1.253895747949		            0
1.270109570598		            0
1.286323888424		            0
1.302538507662		            0
1.318752958481		            0
1.334966929343		            0
1.351180481335		            0
1.367393926507		            0
1.38360752401		            0
1.399821288428		            0
1.416035023825		            0
1.43224852869		            0
1.448461751811		            0
1.46467480832		            0
1.480887846164		            0
1.497100927768		            0
 1.5133139894		            0
1.529526924055		            0
1.545739667257		            0
1.561952244959		            0
1.578164725603		            0
1.59437716096		            0
1.610589539349		            0
1.626801811183		            0
1.643013927066		1.981590356572e-151
1.659225879218		3.251917957624e-142
1.675437689385		7.341131478905e-135
1.691649385972		1.759782433399e-128
1.707860969934		9.269328676716e-123
1.724072418236		1.563376781421e-117
1.740283696863		1.062536156765e-112
1.756494786522		3.396623736273e-108
1.772705684145		5.706518761155e-104
1.788916395908		5.477088058582e-100
1.805126918595		3.204770158867e-96
1.821337235398		1.204189619155e-92
1.837547319004		3.031972034232e-89
1.853757143944		5.30024712806e-86
1.869966691675		6.629120262572e-83
1.886175949091		6.08698737993e-80
1.902384900739		4.196201074921e-77
1.918593523133		2.214832939233e-74
1.934801785166		9.107459939378e-72
1.951009651915		2.963128484756e-69
1.967217089798		7.734673170751e-67
1.983424065874		1.640335286834e-64
1.999630546217		2.858810860438e-62
2.015836490796		4.137432909172e-60
2.032041853817		5.020201395314e-58
2.048246583213		5.151958439629e-56
2.064450624719		4.508181483012e-54
2.080653920857		3.388863554799e-52
2.09685641192		2.203582802563e-50
2.113058032139		1.247380636071e-48
2.129258710258		6.183371940088e-47
2.145458367878		2.698841970117e-45
2.161656921969		1.042428650317e-43
2.17785428419		3.579807732966e-42
2.194050362114		1.097731802221e-40
2.210245057668		3.017861624007e-39
2.226438267155		7.466041100718e-38
2.242629880995		1.667944971751e-36
2.258819784289		3.375892382589e-35
2.275007858306		6.209267692371e-34
2.291193980297		1.040855333844e-32
2.307378025527		1.594500598588e-31
2.323559866132		2.238048530004e-30
2.339739373276		2.885344521783e-29
2.355916416934		3.424790518316e-28
2.372090869336		3.751113565655e-27
2.388262605228		3.799431429075e-26
2.404431504887		3.566282597926e-25
2.420597454156		3.108314901456e-24
2.436760347271		2.520514983762e-23
2.452920087608		1.905123311095e-22
2.469076589973		1.344666808048e-21
2.485229783313		8.87826439412e-21
2.501379610077		5.492933418961e-20
2.517526028625		3.189799085448e-19
2.533669013541		1.741425757412e-18
2.549808557302		8.95180457133e-18
2.56594466976		4.339542609004e-17
2.582077378137		1.98679079262e-16
2.598206726477		8.603325180151e-16
2.614332774389		3.528600273102e-15
2.630455596579		1.372656219018e-14
2.64657528122		5.071440260715e-14
2.662691929321		1.781904131616e-13
2.678805650688		5.961838973332e-13
2.694916562908		1.901800217699e-12
2.711024790281		5.791231102886e-12
2.727130462242		1.685457384336e-11
2.743233711768		4.69366520726e-11
2.759334672994		1.252124448043e-10
2.775433479722		3.203352072698e-10
2.791530263962		7.867769289034e-10
2.807625155368		1.857136281047e-09
2.823718280593		4.217200968702e-09
2.839809762677		9.221981659415e-09
2.855899721131		1.943850986434e-08
2.871988270047		3.95319305205e-08
2.888075517335		7.763819760074e-08
2.904161565623		1.473771603141e-07
2.920246513335		2.706366580809e-07
2.936330454928		4.811815003934e-07
2.952413480649		8.28993833531e-07
2.968495676056		1.385026985785e-06
2.984577122163		2.245767315835e-06
3.000657896103		3.536688202294e-06
3.016738072112		5.413415749127e-06
3.03281772224		8.059294571946e-06
3.048896916709		1.167813477797e-05
3.06497572404		1.648130485723e-05
3.081054212041		2.266903414613e-05
3.09713244736		3.040671597426e-05
3.113210495389		3.979808378231e-05
3.129288422045		5.085817256338e-05
3.145366295176		6.348969129984e-05
3.161444185178		7.74667003145e-05
3.177522164946		9.242916654855e-05
3.19360030986		0.000107891037896
3.209678698337		0.0001232629787761
3.225757412976		0.0001378889806238
3.241836541855		0.0001510939578445
3.25791617957		0.0001622375230497
3.273996427918		0.000170767799855
3.290077396506		0.0001762686935258
3.306159203814		0.0001784946713133
3.322241979343		0.0001773887517782
3.338325862373		0.0001730814525275
3.354411004587		0.0001658719766989
3.370497572748		0.0001561946391848
3.386585750832		0.000144575540349
3.402675741477		0.0001315853612467
3.418767767309		0.0001177939968684
3.434862072864		0.0001037316761409
 3.4509589274		8.985959568497e-05
3.467058628273		7.655134565811e-05
3.483161504343		6.40848678458e-05
3.499267919125		5.264354374633e-05
3.515378273649		4.232431631844e-05
3.531493011437		3.315051811276e-05
3.547612616438		2.508697977766e-05
3.563737615927		1.805574348963e-05
3.579868582036		1.195077097745e-05
3.596006128714		6.650696789555e-06
3.612150900548		2.029156936966e-06
3.628303549502		-2.037406527228e-06
3.644464692963		-5.664317452108e-06
3.660634841315		-8.955319677769e-06
3.67681427413		-1.200096318522e-05
3.693002834967		-1.487838450634e-05
3.709199576938		-1.765229769424e-05
3.72540219871		-2.03770913108e-05
3.741606185354		-2.310019730771e-05
3.757803589321		-2.586704320494e-05
3.773981573804		-2.872749555124e-05
3.790121349545		-3.174188399023e-05
3.806199059562		-3.498067443571e-05
3.822190867645		-3.850860346725e-05
3.838082988881		-4.235226231154e-05
3.853882237911		-4.647455967394e-05
3.869618025943		-5.078907980444e-05
3.885330620228		-5.520899777417e-05
3.901052120495		-5.96860434334e-05
3.916793858692		-6.421331285929e-05
3.932548867578		-6.880397873513e-05
3.948305593415		-7.346813765839e-05
3.964060700665		-7.820145394815e-05
3.97982150801		-8.298817278722e-05
3.995598567705		-8.781095087122e-05
4.011396585674		-9.26575159101e-05
4.027211509317		-9.752052858493e-05
4.043035105398		-0.0001023933172238
4.058862012488		-0.0001072657959935
4.074693137281		-0.0001121235149356
4.090533360651		-0.0001169499362753
4.106386500059		-0.0001217295655977
4.12225211596		-0.0001264495593765
4.138126393662		-0.000131099210366
4.154005629236		-0.0001356682804998
4.169889016143		-0.0001401457044245
4.185778611692		-0.0001445196686612
4.201677042054		-0.000148778852583
4.217585222427		-0.0001529137322403
4.233501926028		-0.0001569169817052
4.249425202433		-0.0001607828238898
4.265354154929		-0.0001645059771318
4.281289576232		-0.0001680810798497
4.297233146178		-0.0001715029931587
4.313186111085		-0.0001747676082576
4.329148608695		-0.000177872404498
4.345120063971		-0.0001808162768572
4.361100138542		-0.0001835987765278
4.377089366958		-0.0001862193671865
4.393089026756		-0.0001886772383186
4.409100489161		-0.000190971715347
4.425124663007		-0.0001931028224314
4.441161942901		-0.0001950714987776
4.457212568922		-0.0001968793643872
4.473276953992		-0.0001985284556615
4.489355579645		-0.0002000216334301
4.50544836989		-0.0002013642920292
4.52155369913		-0.0002025678075614
4.537667152032		-0.0002036552110152
4.553779910078		-0.0002046697786624
4.569876567314		-0.0002056863302461
4.58593286415		-0.0002068198273323
4.601915765618		-0.0002082136330005
4.617790601887		-0.0002099820665177
4.63353794528		-0.0002121193623438
4.649171909706		-0.000214470286203
4.66474152658		-0.0002168361695336
4.680307149472		-0.0002191143355202
4.695907981246		-0.0002213251729571
4.711546373801		-0.0002235356291178
4.727199647008		-0.0002257781292896
4.742846728467		-0.0002280347656571
4.758486527833		-0.0002302872887649
4.774135473777		-0.0002325663858864
4.789810787327		-0.0002349390518154
4.805516013251		-0.0002374470980514
4.821240153966		-0.0002400570702045
4.836968665975		-0.0002426668011607
4.852695262371		-0.0002451591685954
4.868424816884		-0.0002474380855352
4.884166735295		-0.0002493875785883
4.899925982423		-0.0002507630439505
4.915699433039		-0.0002510705483509
4.931479482849		-0.0002494658175169
4.94726064563		-0.0002446318081972
4.963043236596		-0.0002345214492424
4.97883171304		-0.0002158272099437
4.994630027967		-0.0001830498163583
5.010438305833		-0.0001269940936877
5.026253265357		-3.233334188978e-05
5.042071342154		0.0001264737962972
5.057891481021		0.0003921642195947
5.073715403804		0.0008365698411335
5.089545614276		0.001580671122054
5.105383176672		0.0028280933088
5.121227099835		0.004920722363145
5.137075520522		0.008430199315652
5.152927393237		0.0143053692821
5.168783228367		0.02410012178025
5.184644463919		0.04029749048697
5.200512236858		0.06669462839185
5.216386658928		0.1086565898665
5.232267087117		0.1727082381183
5.248152985512		0.2645101789531
5.264044574334		0.3845419792758
5.279942784586		0.5233275231176
5.295848686558		0.661801799413
5.311762951002		0.7800541729313
5.327685767183		0.8674152026925
5.343617188842		0.9245667350971
5.359557530344		0.9585699564845
5.375507449562		0.9773988749621
5.391467647437		0.9872566340296
5.407438390543		0.992167262682
5.423419091704		0.9944835766485
5.439407972472		0.9954976561284
5.455401577926		0.9958918567288
5.471393829679		0.9960188879865
5.487374488904		0.9960622858767
5.503327402003		0.9961238499687
5.519229800772		0.9962664708203
5.535055069138		0.9965263454001
5.550781332949		0.9969050980547
5.566404211574		0.9973617289311
5.581944956651		0.9978278785971
5.597444114608		0.9982434578816
5.612941946344		0.9985816647131
5.628459542691		0.9988466698019
5.643994611817		0.9990563896764
5.659533314899		0.9992274981205
5.675066711656		0.9993694713819
5.690598522124		0.9994862247764
5.706140249731		0.9995802818196
5.721700493953		0.9996551797494
5.737278403466		0.9997152845649
5.752865846126		0.9997645286741
5.768454950825		0.999805565663
5.784043946503		0.9998398357883
5.799636942297		0.9998681828195
5.815239031224		0.999891398916
5.83085158058		0.999910382249
5.846471455854		0.9999260110866
5.862094046183		0.9999389845971
5.877716919406		0.9999497808946
5.893341038024		0.9999587269421
5.908969030754		0.9999660925157
5.92460248436		0.9999721383996
5.940240622827		0.9999771121647
5.955881166069		0.999981224634
5.971522252001		0.9999846376105
5.987163669071		0.9999874706702
6.002806538031		0.9999898170691
6.018451999643		0.9999917561259
6.034100156186		0.9999933573264
6.049750067784		0.9999946793377
6.065400601046		0.9999957690885
6.081051280727		0.9999966633295
6.096702457377		 0.9999973918
6.11235478742		0.9999979800089
6.128008576824		0.9999984505826
6.143663542507		0.9999988234971
6.159319101455		0.999999116025
6.174974851984		0.9999993428932
6.190630821866		0.999999516641
6.206287328232		0.9999996479657
6.221944636766		0.999999745935
6.23760273287		0.9999998181044
6.253261366767		0.9999998706288
6.268920283108		0.9999999084146
6.284579413025		0.9999999353021
6.300238882139		0.9999999542493
6.315898862967		0.9999999674981
6.331559420389		0.9999999767168
6.347220475613		0.9999999831233
6.36288189441		0.9999999875893
6.378543604314		0.9999999907275
6.394205640627		0.9999999929613
6.409868097794		0.9999999945791
6.425531043447		0.9999999957745
6.441194471668		0.9999999966764
6.456858324463		0.99999999737
6.472522551663		0.9999999979116
6.48818715325		0.9999999983393
6.503852173311		0.9999999986793
6.519517659765		0.9999999989501
6.535183628841		0.999999999166
 6.5508500619		0.9999999993378
6.566516930856		0.999999999474
6.582184226164		0.9999999995816
6.59785196431		0.9999999996662
6.613520172983		0.9999999997325
6.62918886954		0.9999999997841
6.644858051895		0.9999999998241
6.660527706824		0.9999999998551
6.676197825618		0.999999999879
6.691868413251		0.9999999998974
6.707539485235		0.9999999999117
 6.7232110576		0.9999999999229
6.738883140314		0.9999999999317
6.754555740399		0.9999999999389
6.770228873245		0.9999999999448
6.785902576737		0.9999999999497
6.801576924987		0.999999999954
 6.8172520472		0.9999999999577
6.832928165008		0.9999999999611
6.848605667669		0.9999999999641
6.864285256117		0.9999999999669
6.879968217798		0.9999999999695
6.895656973034		0.9999999999718
6.911356177774		0.999999999974
6.927074711087		0.9999999999759
6.94282825481		0.9999999999775
6.958640414582		0.9999999999786
6.974537936347		0.9999999999791
6.990537116266		0.999999999979
7.006629342348		0.9999999999784
7.022780992327		0.9999999999774
 7.0389518448		0.9999999999767
7.055118017619		0.9999999999763
7.071281014172		0.9999999999765
7.087457601602		0.9999999999772
7.103661445515		0.9999999999783
7.119892040725		0.9999999999799
7.136137923722		0.9999999999823
7.152388595087		0.9999999999854
7.168643580913		0.9999999999891
7.18491174818		0.9999999999931
7.201203139384		0.9999999999971
7.217521308249		1.000000000001
7.233862259833		1.000000000003
7.250219600695		1.000000000003
7.266590575012		0.9999999999999
7.282977869932		0.9999999999918
7.29938645972		0.9999999999768
7.315818931793		0.9999999999521
7.332273354006		0.9999999999145
7.34874491165		0.9999999998603
7.365229251061		0.9999999997866
7.381724436795		0.999999999692
7.398230117745		0.9999999995786
7.414745049484		0.999999999454
7.43126528918		0.999999999335
7.447784455854		0.9999999992488
7.464295552257		0.9999999992328
7.480792775101		0.9999999993288
7.497272083316		0.999999999573
7.513730581804		0.9999999999821
7.530165834904		1.000000000537
7.546575935263		1.00000000117
7.562960259899		1.000000001753
7.579320109975		1.000000002099
7.595658506871		1.000000001974
7.611979130004		1.000000001103
7.628285044499		0.9999999991944
7.644577941558		0.9999999959559
7.660858129903		0.9999999911447
7.677124948742		0.999999984632
7.693377083708		0.9999999764947
7.709612537194		0.9999999671138
7.725828429213		0.9999999572431
7.742021017654		0.9999999479855
  7.758186179		0.9999999406201
7.774320256754		0.9999999362876
7.790420936535		0.9999999356463
7.80648779983		0.999999938682
7.822522396417		0.999999944799
7.838527902002		0.9999999531636
7.854508556208		0.9999999631293
7.870469086803		0.9999999745484
7.88641425707		0.9999999878673
7.902348584096		1.000000004017
7.918276207697		1.00000002418
7.934200860026		1.000000049523
7.950125886312		1.000000080939
7.966054294497		1.000000118845
7.981988814857		1.000000163046
7.997931959241		1.000000212687
8.013886115031		1.000000266325
8.029853631095		1.000000322105
8.045836883255		1.000000378005
8.061838316242		1.000000432111
8.077860473131		1.000000482821
8.093906021089		1.000000528974
8.109977779582		1.000000569832
8.126078741862		1.000000604958
8.142212076483		1.000000633988
8.158381090298		1.000000656355
8.174589135015		1.000000671019
8.190839407537		1.000000676223
8.207134544266		1.000000669309
8.223475786773		1.000000646584
8.239861264533		1.000000603221
8.256282536236		1.000000533389
8.272718003859		1.000000431253
8.289122289319		1.00000029476
8.305416232557		1.00000013472
8.32149770642		0.9999999844244
8.337299522826		0.9999998867781
8.352862264684		0.999999855075
8.368332194069		0.9999998647388
8.383867941178		0.9999998872499
8.399541172596		0.9999999098235
8.41531428964		0.9999999305224
8.431103331026		0.9999999496078
8.446864609178		0.9999999660393
8.462630253823		0.9999999785106
8.47847413477		0.9999999869815
8.494450117299		0.9999999924368
8.510556557636		0.9999999959552
8.526749219259		0.999999998247
8.542981278426		0.9999999996846
8.559226061916		1.000000000487
8.575452210044		1.000000000823
8.591565674407		1.000000000821
8.60740368188		1.000000000602
8.622870849083		1.000000000331
8.638082109622		1.000000000143
8.653295270752		1.000000000049
8.668707105623		1.000000000009
8.684320345146		0.9999999999922
8.699981934953		0.9999999999871
8.715542942269		0.9999999999879
8.730987421356		0.9999999999911
8.746425127072		0.9999999999942
 8.7619845576		0.9999999999963
8.777712753772		0.9999999999977
8.793556664266		0.9999999999986
8.809426125455		0.9999999999991
8.825274177882		0.9999999999995
8.841125056714		0.9999999999998
8.857036308535		0.9999999999999
8.873036891052		0.9999999999999
8.889091304591		0.9999999999999
8.905108797874		0.9999999999999
8.920981877646		0.9999999999999
8.936633342072		0.9999999999999
8.952063878291		            1
8.967370194997		            1
8.982694131607		            1
8.998133042671		            1
9.013688275205		            1
9.029290817408		            1
9.044874940285		            1
9.060433252705		            1
9.07601248343		            1
9.091666333615		            1
9.10741197665		            1
9.123223688482		            1
9.139061824459		            1
9.154907537032		            1
9.170774020776		            1
9.186689750916		            1
9.20267275171		            1
9.218718335265		            1
9.234807737677		            1
9.250926979391		            1
9.267078829942		            1
9.283279339584		            1
9.299544661735		            1
9.315880717822		            1
9.332283835116		            1
9.348750183393		            1
9.365285176775		            1
9.381905753689		            1
9.398636013149		0.9999999999999
9.415502961265		0.9999999999999
9.432539529331		0.9999999999998
9.449797349458		0.9999999999998
9.467359880057		0.9999999999999
9.485251758915		            1
9.502589082993		            1
9.517845816695		0.9999999999998
9.531760713166		0.9999999999998
9.546138275339		0.9999999999998
9.562204910852		0.9999999999997
9.579877960062		0.9999999999994
9.597838430896		0.9999999999991
9.614796967734		0.9999999999992
9.630659664127		0.9999999999997
9.646314839062		            1
9.662698546017		            1
9.680078323303		1.000000000001
9.697941639787		1.000000000001
9.715513977611		1.000000000002
9.732482937948		1.000000000002
9.749183151934		1.000000000001
9.766198199128		1.000000000001
9.78384869256		1.000000000001
9.801991454463		0.9999999999998
9.820209702273		0.9999999999987
9.838194924348		0.9999999999977
9.855927278962		0.9999999999976
9.87342948816		0.9999999999985
9.890389453456		0.9999999999996
9.906473894565		            1
9.921945588688		            1
9.937506586135		            1
9.953718374445		            1
9.97061348533		            1
9.987735835718		            1
           10		            1
