0.0000000000000000	0.0000000000000000
7.0564748849540866	0.0010000000000000
7.0704200908471906	0.0012394081167906
7.0740044424440516	0.0012077146673901
7.0776928951684690	0.0014146926894356
7.0816041513010033	0.0015591625436575
7.0857213769393068	0.0017926391157084
7.0900489231867025	0.0020503800357109
7.0946711668424154	0.0024477680789547
7.1007999178960226	0.0025720997957958
7.1107093868608215	0.0039777392631270
7.1159913015793821	0.0045374827805950
7.1206985798229177	0.0052643311899469
7.1254309084539633	0.0061686047227136
7.1350670064683364	0.0086967842675445
7.1398843173942117	0.0102506263434356
7.1440467004541599	0.0118239032448512
7.1479193110185220	0.0133394527224500
7.1516693188616332	0.0151310164714443
7.1554503378496310	0.0170286954372145
7.1592631619243194	0.0193160919605648
7.1631669410997603	0.0218610469824599
7.1671085224444138	0.0248731265200324
7.1711447898528267	0.0282971587901598
7.1752053238554394	0.0322881153717983
7.1793670390194695	0.0368843968754215
7.1835408557136828	0.0421875004584826
7.1878289083429081	0.0483532701063056
7.1921158723020060	0.0554131625497552
7.1965324696957502	0.0636745315059539
7.2009313856450232	0.0730667228742908
7.2054732532406121	0.0840882177831079
7.2099777275250760	0.0965196250578283
7.2146301116485105	0.1110765983021103
7.2192344056104911	0.1273822676377496
7.2240776653743222	0.1466714684821588
7.2306408928074379	0.1771270697346784
7.2605049560335972	0.3742179354515102
7.2638057158617046	0.4018663151168365
7.2669616966419577	0.4285759992588385
7.2705008098466912	0.4593815598764575
7.2740290911603456	0.4903161241254001
7.2778888160707051	0.5244972596777688
7.2816676362293542	0.5577588845802360
7.2858112726871349	0.5938510025956678
7.2899533697516015	0.6290397135367177
7.2947099294391800	0.6680509840566162
7.3006056400483628	0.7131970792919498
7.3196378516219616	0.8328791207780163
7.3249838474466893	0.8588738168040595
7.3301771614536753	0.8803891290577998
7.3352002570594648	0.8987583911526299
7.3429800965779002	0.9216596576115139
7.3492351435548002	0.9373907171043074
7.3547555868440551	0.9483139740836437
7.3598941212059490	0.9571383790968495
7.3658996113351076	0.9648914571705866
7.3764645986748327	0.9758667123735926
7.3812139594801671	0.9798112602944956
7.3854389984709110	0.9827184643409619
7.3892131106738965	0.9850592375064515
7.3927788712683258	0.9868394899250010
7.3962845695987998	0.9885187752001585
7.3999056409443869	0.9899132630174442
7.4037310761239388	0.9912817020660107
7.4079687525893210	0.9924899803435766
7.4146466281604670	0.9943267679794600
7.4191416135219219	0.9950953124090730
7.4230229354276673	0.9958010654272481
7.4267959245019668	0.9962955873942217
7.4306905784073347	0.9968230580246465
7.4349377138915864	0.9972249371151959
7.4418510924998138	0.9980213932725289
7.4466950988493679	0.9982686730593078
7.4512542334282754	0.9986012836355431
7.4582982147384129	0.9987104059273625
7.4626383589432530	0.9990266896378177
7.4662614584535909	0.9990738095935758
7.4696837243158827	0.9992839250961942
7.4730957798895785	0.9992922573859139
7.4765621469698162	0.9994528590312324
7.4801243702666911	0.9994643108919046
7.4838164699555412	0.9995779321842240
7.4877042338227069	0.9996058270218706
7.4919366065972319	0.9997242330600307
7.4989003425903942	0.9996217475242678
7.5036350029014569	0.9997668588233184
7.5079166018095824	0.9997829568125836
7.5122827308522462	0.9998894759632431
7.5192696143278299	0.9997351588622455
7.5236488017582044	0.9998909669988529
7.5273621450918196	0.9998401211064726
7.5308674472050399	0.9999498613647323
7.5343450831902494	0.9998853668016414
7.5378622345931090	0.9999692777850733
7.5414614994243498	0.9999192571821822
7.5451798038483400	0.9999726491974426
7.5490823136416907	0.9999474954581313
7.5533186687214684	1.0000165376490424
7.5602201540629563	0.9998372242180928
7.5646721676139110	0.9999675751453799
7.5684952538955139	0.9999170084969612
7.5721152162409640	1.0000042194373928
7.5757100111341380	0.9999457292930095
7.5793533300864757	1.0000081223287318
7.5831008751655222	0.9999679170858864
7.5870179810457090	1.0000021253869373
7.5912597723315427	0.9999405836465043
7.5981624268895525	1.0001289184986732
7.6026762731490214	1.0000065118813550
7.6065570891589127	1.0000561780091899
7.6102265094046313	0.9999763655867362
7.6138592742401450	1.0000341470321947
7.6175333956151290	0.9999764307277260
7.6213016946907928	1.0000174052272914
7.6252326262816652	0.9999853980027126
7.6294769047766078	1.0000490676463676
7.6363898679749669	0.9998645950512058
7.6409718558891688	0.9999839408048115
7.6449353952840857	0.9999421783294479
7.6486906323222330	1.0000135702825064
7.6524219802679454	0.9999669211231130
7.6562173680924577	1.0000123420789879
7.6601616084801556	0.9999833106485959
7.6644097549233310	1.0000488480846044
7.6713202282511777	0.9998644211690378
7.6758904791175251	0.9999854377696195
7.6798281944281666	0.9999405579173277
7.6835421437393574	1.0000171464006045
7.6872111938672827	0.9999626615539582
7.6909113409136198	1.0000187764158965
7.6946996187130097	0.9999792270601809
7.6986410289113616	1.0000112548929774
7.7028894227653053	0.9999474704759891
7.7098209421883563	1.0001283862866965
7.7145688188217694	1.0000199200226427
7.7187745384800817	1.0000407221992711
7.7228743233397301	0.9999972013991361
7.7271773171120355	1.0000582167504646
7.7341662962887305	0.9998742873868610
7.7390630596114622	0.9999760802984832
7.7436395550431607	0.9999191671771468
7.7507797137890782	1.0001332679663697
7.7555421681838439	1.0000146433366490
7.7596295939384161	1.0000501458000179
7.7634957452380249	0.9999886613136907
7.7673498296323258	1.0000240787462973
7.7713180258155408	0.9999897791228544
7.7755745651323567	1.0000528461839782
7.7825325021819811	0.9998742581603394
7.7874152446373079	0.9999757111285600
7.7919871993472007	0.9999191555909719
7.7991313359451055	1.0001318681558260
7.8039375264601807	1.0000164101755009
7.8080954017003892	1.0000455908814494
7.8120626534010622	0.9999938637554988
7.8160739481981816	1.0000196648187727
7.8203461539172263	0.9999508927967148
7.8272447619855647	1.0001397123894442
7.8316970039691487	1.0000080414696879
7.8354614020468603	1.0000709857490342
7.8389675635087190	0.9999685604549485
7.8423836401125433	1.0000554209441301
7.8457711294370940	0.9999580689274464
7.8491531508105279	1.0000487585235065
7.8525406266241298	0.9999558458091191
7.8559373739263982	1.0000450690137848
7.8593483304285279	0.9999566646475709
7.8627754129551617	1.0000419333477646
7.8662239993372651	0.9999591856356892
7.8696973778136980	1.0000381350157967
7.8732034447453287	0.9999634123213493
7.8767492837330977	1.0000326068155887
7.8803489469917425	0.9999702936910021
7.8840196927967954	1.0000235913412074
7.8877943530499985	0.9999817781993277
7.8917298449267559	1.0000126894237809
7.8959762416485884	0.9999483840593024
7.9029067753796571	1.0001288114011724
7.9076487834851230	1.0000200671347650
7.9118492456888676	1.0000409816813634
7.9159457337025563	0.9999973445453597
7.9202478395981375	1.0000582056705209
7.9271830101730547	0.9998642215534570
7.9317168083747545	0.9999888870724938
7.9355864001463585	0.9999362547421036
7.9392134547250262	1.0000229433000214
7.9427752656961470	0.9999552777754347
7.9463389741486283	1.0000280444932050
7.9499431485920660	0.9999674801444163
7.9536134359153081	1.0000222151830032
7.9573865759356304	0.9999808946300257
7.9613207493308780	1.0000122416841282
7.9655668686360492	0.9999482109024321
7.9725080312780090	1.0001268405984844
7.9773172703891442	1.0000228290583186
7.9816483190338854	1.0000374611730918
7.9860291502568073	0.9999560720227255
7.9930201096341351	1.0001431236999752
7.9975785065396492	1.0000133052811764
8.0014499724306933	1.0000649461927553
8.0050739120392702	0.9999767060784778
8.0086293339384351	1.0000446085778527
8.0121882643399900	0.9999709780413601
8.0157866709753165	1.0000318553994116
8.0194537236847960	0.9999767033289421
8.0232229534212145	1.0000181544034608
8.0271561859644294	0.9999867208852236
8.0314007997959376	1.0000506430368623
8.0383346923259698	0.9998702156286372
8.0430670525820336	0.9999789493455028
8.0472617746978550	0.9999578432390880
8.0513531359515476	1.0000015657346002
8.0556551786273030	0.9999408921922540
8.0624174911482900	1.0001664187014840
8.0661241000925887	0.9999737947101882
8.0691813857074823	1.0001252297160341
8.0720758537708104	0.9999320848256202
8.0749476628702315	1.0001011337202748
8.0778362810026625	0.9999239633248670
8.0807510373512148	1.0000868677516337
8.0836950264786296	0.9999239809052906
8.0866663123509870	1.0000782428321275
8.0896654696403303	0.9999266488826858
8.0926899050155097	1.0000722617186595
8.0957405734393717	0.9999301930909442
8.0988152553857020	1.0000674649797339
8.1019154414520322	0.9999340177193967
8.1050394034367930	1.0000631526917645
8.1081891631834289	0.9999379852426813
8.1113635644094337	1.0000589404052815
8.1145652462846254	0.9999421577572196
8.1177938023654956	1.0000545447736719
8.1210527359306681	0.9999467180849461
8.1243427769236334	1.0000496609835556
8.1276688528256305	0.9999519871282530
8.1310336902650029	1.0000438409834211
8.1344449603548288	0.9999585434866720
8.1379095251480322	1.0000362657073167
8.1414414148613776	0.9999675571938973
8.1450581287120940	1.0000252468660258
8.1487930942925981	0.9999810113787111
8.1527046109959862	1.0000126125072373
8.1569445543024415	0.9999491723695741
8.1637055891763843	1.0001615207539594
8.1675168638693165	0.9999810880579076
8.1706800665446444	1.0001152343793334
8.1736709751447254	0.9999395546243307
8.1766330274246322	1.0000920874408605
8.1796079092695617	0.9999311072855761
8.1826061833750661	1.0000789079288912
8.1856314155614900	0.9999307841107441
8.1886819910493269	1.0000711294384421
8.1917586619731111	0.9999330830969315
8.1948590782075286	1.0000657708662386
8.1979844065364063	0.9999362837299649
8.2011327468649551	1.0000614087402089
8.2043059033036183	0.9999398472867579
8.2075025991141874	1.0000573543430813
8.2107253342905722	0.9999436909831231
8.2139736248649857	1.0000531996908384
8.2172508822419434	0.9999479476785564
8.2205577868485449	1.0000485886145714
8.2238992015044623	0.9999529227010820
8.2272778184497142	1.0000430513687946
8.2307012568871372	0.9999591908249426
8.2341763447892156	1.0000357592299685
8.2377170587416142	0.9999679219653237
8.2413408288421728	1.0000250169809093
8.2450809801287601	0.9999811103858638
8.2489956223147551	1.0000126184766824
8.2532364015281932	0.9999490661822312
8.2601149219923684	1.0001395093667222
8.2644936626133561	1.0000063219702633
8.2682100311625533	1.0000718366534822
8.2717020958364991	0.9999702363778148
8.2751390715095798	1.0000515528806753
8.2785854628084401	0.9999647989731745
8.2820707018109427	1.0000386790646230
8.2856161024095183	0.9999697660718692
8.2892424807697367	1.0000259661170452
8.2929840588306689	0.9999816835451316
8.2968994971731416	1.0000129227265164
8.3011404844926098	0.9999492008866927
8.3080841190274217	1.0001273133044504
8.3128675688317735	1.0000229546191459
8.3171801356655131	1.0000376614113564
8.3215559804171306	0.9999568032835021
8.3286061308811643	1.0001331564844247
8.3335139852874640	1.0000263641160159
8.3380935783829937	1.0000812994507213
8.3452644976855002	0.9998698499168255
8.3501636343044261	0.9999778272406326
8.3545210794239360	0.9999618528511491
8.3589106038204761	1.0000429593596227
8.3659050564641095	0.9998531400565919
8.3703733098064728	0.9999879995476828
8.3741532701682022	0.9999286994321193
8.3776963056214413	1.0000251563366738
8.3811852679071972	0.9999506019502755
8.3846873546404161	1.0000300353967306
8.3882407183350640	0.9999650633414175
8.3918707396491037	1.0000232007820331
8.3956144215045523	0.9999802076264133
8.3995308180150374	1.0000121244507654
8.4037721489734309	0.9999487711430602
8.4106691253398207	1.0001359403899814
8.4151563589472591	1.0000107289993139
8.4190060507835707	1.0000623996187801
8.4226457501199157	0.9999790692155869
8.4262521104272903	1.0000387615741548
8.4299042069659471	0.9999787411908779
8.4336558466589544	1.0000203340601441
8.4375765856699463	0.9999876523046219
8.4418181532510435	1.0000506158289704
8.4486422629964100	0.9998489510573666
8.4527206217878597	1.0000058485053926
8.4561156610765558	0.9999022054004894
8.4592897559702038	1.0000488515439225
8.4624040427475897	0.9999200426589225
8.4655059819808205	1.0000595448066698
8.4686146260703765	0.9999290453558417
8.4717326205297550	1.0000619242966906
8.4748633026935778	0.9999337214377407
8.4780047135339522	1.0000616738766763
8.4811583881603241	0.9999365351357986
8.4843221043402828	1.0000605636536448
8.4874972643066009	0.9999385601511798
8.4906818007320854	1.0000591969139196
8.4938771971111358	0.9999402428937556
8.4970815524463763	1.0000577690773991
8.5002964636695708	0.9999417788035632
8.5035201863803636	1.0000563257099480
8.5067544445929837	0.9999432682326214
8.5099976565670339	1.0000548546883898
8.5132516947851204	0.9999447792945514
8.5165151657001807	1.0000533174612487
8.5197901289362648	0.9999463751205133
8.5230754298467790	1.0000516564088324
8.5263733824786723	0.9999481293094284
8.5296831607918797	1.0000497908302881
8.5330074501326418	0.9999501404430186
8.5363459115540330	1.0000476037164867
8.5397018120508541	0.9999525534967899
8.5430755929175444	1.0000449144482506
8.5464715073227300	0.9999555998918123
8.5498913637685003	1.0000414214344004
8.5533412616309406	0.9999596838398476
8.5568256932449227	1.0000365683409833
8.5603547290406912	0.9999655931306997
8.5639390535856919	1.0000292030799540
8.5675991550018491	0.9999750013120908
8.5713645408027315	1.0000173033541446
8.5752958700751449	0.9999862446894121
8.5795398851377840	1.0000503385958417
8.5864939686622517	0.9998738881899448
8.5913662672050624	0.9999753411986249
8.5959353199800255	0.9999193218421589
8.6030721993487962	1.0001334814441922
8.6078075240094716	1.0000141914435494
8.6118693371353210	1.0000510892262131
8.6157152272516804	0.9999883128942536
8.6195547535083712	1.0000244247210217
8.6235142670295364	0.9999898707038111
8.6277684349480595	1.0000526055752150
8.6347188191788131	0.9998725051051296
8.6395256524624493	0.9999763185977906
8.6438562810735462	0.9999615792959967
8.6482357486691601	1.0000428183246561
8.6552854571312192	0.9998660936022205
8.6602036694140097	0.9999729874917422
8.6647876875878040	0.9999176946573272
8.6719630332669677	1.0001284335807017
8.6770429390866166	0.9999716825033551
8.6845629652697767	1.0001704899401294
8.6894321374612336	1.0000243521773937
8.6934715766415671	1.0000640413703090
8.6972146235099110	0.9999841189208084
8.7008853242960118	1.0000383335735268
8.7045805933551570	0.9999805998359123
8.7083612626173714	1.0000202986440752
8.7122988102021708	0.9999878752787110
8.7165450128863657	1.0000513324701392
8.7234796618584411	0.9998704363437170
8.7282134939701095	0.9999790702146940
8.7324093050606724	0.9999579504421229
8.7365013057465610	1.0000016385952346
8.7408035241430504	0.9999409300115232
8.7477925813424804	1.0001247644736471
8.7526856710407444	1.0000230166277126
8.7572594766371967	1.0000798387379142
8.7643955984671873	0.9998652910525411
8.7691399094068352	0.9999846359100040
8.7732103357933280	0.9999480655594283
8.7770602980704844	1.0000105930283241
8.7809039469579790	0.9999746231502021
8.7848643396579806	1.0000091397291946
8.7891200460487369	0.9999463473229435
8.7960028869468356	1.0001388279213681
8.8004025012694438	1.0000055028870107
8.8041159057970422	1.0000735888496224
8.8075760518820765	0.9999659352078275
8.8109487686220085	1.0000583969686427
8.8142931882187572	0.9999551787515013
8.8176303046116242	1.0000521191119172
8.8209691233379122	0.9999522672146269
8.8243113806076181	1.0000492903083631
8.8276597170677995	0.9999518420400201
8.8310132387466567	1.0000477113847146
8.8343739099948362	0.9999523061243353
8.8377405746297217	1.0000465109124486
8.8411152935059629	0.9999531669726794
8.8444970702917214	1.0000453295840908
8.8478882365544944	0.9999543100429797
8.8512881390446552	1.0000439740093094
8.8546995462505382	0.9999557793338073
8.8581223785114336	1.0000422709902317
8.8615601344503112	0.9999577261296502
8.8650137199781955	1.0000399825232287
8.8684879581123539	0.9999604386300893
8.8719855832285166	1.0000367036399325
8.8755140758093614	0.9999644665890300
8.8790800694361689	1.0000316465526691
8.8826972239579440	0.9999709587651722
8.8863823608511350	1.0000231316782719
8.8901678458357836	0.9999819682697002
8.8941099679070490	1.0000127004381951
8.8983581509942731	0.9999481578161883
8.9052605755290859	1.0001337870171279
8.9098357411585987	1.0000125321909690
8.9137669758233375	1.0000588800332699
8.9174641698485182	0.9999796469074352
8.9210991675749138	1.0000389653592667
8.9247452164471408	0.9999756292405123
8.9284437039528228	1.0000254773964041
8.9322354676833076	0.9999833575097434
8.9361806334623832	1.0000134367001219
8.9404297154602972	0.9999484600815118
8.9473602582487732	1.0001286519354531
8.9521187710327066	1.0000202382767416
8.9563340346602445	1.0000406565965259
8.9604397462188778	0.9999972272567642
8.9647443606528174	1.0000584491487436
8.9716760840537830	0.9998639489656720
8.9762068579463659	0.9999897201979936
8.9800582251593077	0.9999341077349606
8.9836477161954154	1.0000264850307103
8.9871474850114588	0.9999494891114254
8.9906172451927837	1.0000360202758429
8.9940842773793861	0.9999559713909824
8.9975570475620810	1.0000377331097545
9.0010431726322473	0.9999597148605468
9.0045452446144818	1.0000364626072014
9.0080696289608948	0.9999632311357981
9.0116205479494784	1.0000331894365848
9.0152078014406705	0.9999680735993489
9.0188415638649921	1.0000272566448221
9.0225417581322223	0.9999761926076951
9.0263369841294931	1.0000167555861599
9.0302865284511888	0.9999862015718328
9.0345354617274296	1.0000509632424583
9.0414357601857240	0.9998646494785609
9.0459922781807585	0.9999875532550824
9.0498917023183161	0.9999372376627669
9.0535373491741726	1.0000231401663184
9.0570991287426583	0.9999537698636751
9.0606379799884440	1.0000314961189753
9.0641840136407801	0.9999615651651886
9.0677496245499114	1.0000313082097618
9.0713482183258449	0.9999677456514878
9.0749909931669599	1.0000265084913129
9.0786983562881112	0.9999761571801598
9.0824988608059609	1.0000165304248987
9.0864516354693112	0.9999861204740129
9.0907014424587320	1.0000510333273225
9.0976056328333996	0.9998655132185200
9.1021933086639581	0.9999864643140549
9.1061319109888252	0.9999397058808570
9.1098208001078032	1.0000208090988643
9.1134310682800006	0.9999571481950675
9.1170264103364556	1.0000278364468755
9.1206410985433326	0.9999664413552358
9.1242936811037954	1.0000253165424360
9.1280077522848000	0.9999757938304942
9.1318127838006831	1.0000161734763566
9.1357682421347466	0.9999859581434354
9.1400187838305378	1.0000510388719164
9.1469194992214984	0.9998649354687678
9.1514905454200886	0.9999873382636214
9.1554018422078300	0.9999375815712729
9.1590528439766228	1.0000234487421713
9.1626117782362719	0.9999530134820610
9.1661376915286112	1.0000330709085072
9.1696579164983945	0.9999590406918991
9.1731808860397717	1.0000350792751733
9.1767141295053793	0.9999622696740277
9.1802600249164321	1.0000342391368053
9.1838247055166011	0.9999652282029913
9.1874120809172624	1.0000315107385944
9.1910316343920577	0.9999694443433919
9.1946931393136442	1.0000262285964958
9.1984160654579021	0.9999768554731731
9.2022283727540071	1.0000164543435406
9.2061884223990926	0.9999861728502664
9.2104402068874744	1.0000513182820165
9.2173595702971749	0.9998687264371143
9.2220616915379274	0.9999821307398907
9.2261628715693362	0.9999502143596853
9.2300585270283158	1.0000090162279187
9.2339421767216265	0.9999754512079578
9.2379283267982562	1.0000092236843250
9.2421908596457651	0.9999454321009887
9.2491262604059372	1.0001275863686423
9.2539179293679226	1.0000201095612011
9.2581618901932874	1.0000398561812285
9.2622853780008061	0.9999968999140416
9.2665948673595935	1.0000588680194522
9.2735721587355471	0.9998730621088111
9.2784365429987314	0.9999768793967211
9.2828033264991188	0.9999620032690731
9.2871929921864975	1.0000441598172278
9.2941966369115310	0.9998588431117333
9.2988673824459926	0.9999831478489772
9.3028575214552891	0.9999398859920618
9.3065790556879602	1.0000194866476959
9.3102095813574355	0.9999572829869089
9.3138142993036865	1.0000279741152387
9.3174263892382800	0.9999653129646467
9.3210609808288805	1.0000274202779018
9.3247352162865020	0.9999722004238972
9.3284662863920449	1.0000213445121329
9.3322860765731583	0.9999823135105835
9.3362491863555999	1.0000126200132937
9.3405030888839864	0.9999473858747052
9.3474079921322524	1.0001323536798004
9.3520438909121442	1.0000135697169623
9.3560324804504731	1.0000566001091498
9.3597693881701876	0.9999798065449778
9.3634210816838852	1.0000395920827219
9.3670548061840240	0.9999725422717084
9.3707015750775824	1.0000310136414361
9.3743831598817788	0.9999745430889885
9.3781194093454410	1.0000224190065587
9.3819426615997212	0.9999830155953872
9.3859078679584780	1.0000129713748509
9.3901623303963362	0.9999474932840273
9.3970649580626233	1.0001327622749057
9.4016902533008828	1.0000130112714978
9.4056604128651653	1.0000580229215477
9.4093707460737157	0.9999779783492162
9.4129854750434205	1.0000425020998629
9.4165680795959315	0.9999687574148240
9.4201439282040251	1.0000364541915143
9.4237261646186514	0.9999671863554233
9.4273208534995252	1.0000328125152227
9.4309361291400879	0.9999688737818847
9.4345785279557610	1.0000286756797472
9.4382610805643381	0.9999734963411375
9.4419996650472662	1.0000216414580956
9.4458252795884903	0.9999826991721844
9.4497920571693292	1.0000127772468803
9.4540469443020143	0.9999473326393182
9.4609752980655539	1.0001277977444176
9.4657759821659528	1.0000204228924903
9.4700297773782633	1.0000397324393928
9.4741597728379841	0.9999968723181759
9.4784710213113659	1.0000590782409584
9.4854214470796858	0.9998683810186551
9.4901201964354147	0.9999843117434517
9.4941801025788699	0.9999466793642963
9.4979970093947479	1.0000148486805724
9.5017502121947750	0.9999664727232331
9.5055169665868124	1.0000175890472416
9.5093542698643674	0.9999805057814011
9.5133255121038793	1.0000116433387269
9.5175820468335974	0.9999466970598098
9.5245114217842310	1.0001276333201181
9.5293127639626363	1.0000203406585566
9.5335669076837490	1.0000396887250436
9.5376970781176311	0.9999968515546577
9.5420083782224872	1.0000590747159066
9.5489845463693683	0.9998731575331598
9.5538578216446695	0.9999769213745423
9.5582311581769659	0.9999620624075898
9.5626226106627392	1.0000444200795588
9.5696398402073957	0.9998616318476924
9.5744140092304129	0.9999793477574225
9.5785560282057389	0.9999497118402727
9.5824759873149130	1.0000081175320508
9.5863747283084990	0.9999753723252142
9.5903692614788572	1.0000091315583797
9.5946342166869467	0.9999451366872798
9.6015409794004913	1.0001327258680883
9.6061566581609092	1.0000121550903156
9.6101084017044229	1.0000592315639512
9.6137944171828362	0.9999764236501901
9.6173793669387333	1.0000445807825520
9.6209262891032381	0.9999664116916234
9.6244596642813907	1.0000393870900586
9.6279913447876044	0.9999638207772431
9.6315255782771967	1.0000369343122717
9.6350677275946506	0.9999639560493453
9.6386201242153611	1.0000348145724569
9.6421889249263071	0.9999657629223948
9.6457785318120202	1.0000317497187026
9.6493988441612473	0.9999695607901852
9.6530601505918998	1.0000263600225596
9.6567823604411611	0.9999768629460409
9.6605938536764153	1.0000165046124287
9.6645533198543987	0.9999861919427628
9.6688049627601416	1.0000513086130529
9.6757125637964805	0.9998664850352038
9.6803370121767163	0.9999852797006605
9.6843219699198411	0.9999426000832298
9.6880638097540714	1.0000178977482828
9.6917373841520558	0.9999616766551096
9.6954132227485612	1.0000224077646531
9.6991366158446670	0.9999742248159559
9.7029450753540836	1.0000153269197192
9.7069018082299490	0.9999854884596197
9.7111527949662833	1.0000508097658776
9.7180776556582167	0.9998692789017551
9.7228008840469577	0.9999807415541617
9.7269457540407860	0.9999535289920481
9.7309177547418351	1.0000044561275445
9.7349373321741961	0.9999791455345202
9.7392100667071126	1.0000483180535473
9.7461359647146129	0.9998647007894028
9.7507655928784747	0.9999842786040386
9.7547574941185662	0.9999429651431152
9.7585148484638644	1.0000161715231388
9.7622177772270149	0.9999641987672411
9.7659437011546046	1.0000184078655050
9.7697504156047170	0.9999797896410336
9.7737028653291276	1.0000114813130372
9.7779542879547261	0.9999472604265913
9.7848607465932584	1.0001327430009381
9.7894690108519988	1.0000134784779737
9.7934408164505147	1.0000563151157864
9.7971838448553044	0.9999820957120201
9.8008737499326326	1.0000350819267569
9.8045910279826494	0.9999802206157524
9.8083899044349323	1.0000192368774012
9.8123390672039470	0.9999874405562565
9.8165883266198648	1.0000514977817938
9.8234925393998438	0.9998651979602375
9.8280593704121699	0.9999867670611512
9.8319821476158111	0.9999395161576551
9.8356681782999402	1.0000197670185460
9.8392937838909837	0.9999594280366352
9.8429294702967187	1.0000236560245603
9.8466205694577180	0.9999731549772987
9.8504050561058420	1.0000156674603411
9.8543471614706721	0.9999854775263876
9.8585941758278253	1.0000502873122639
9.8654717847100830	0.9998597172492086
9.8698721908816296	0.9999931810140790
9.8735868244276865	0.9999250499370012
9.8770435634310516	1.0000332352709327
9.8804126550369542	0.9999401321070278
9.8837513789756635	1.0000440173531298
9.8870852977248589	0.9999466624203834
9.8904216528567481	1.0000465077169820
9.8937669787290634	0.9999501627400822
9.8971223827008075	1.0000460409282959
9.9004921278248599	0.9999529100545405
9.9038771782171882	1.0000441119128323
9.9072822560357938	0.9999559359674894
9.9107095059777368	1.0000409943737310
9.9141653315378573	0.9999599195040915
9.9176544683672283	1.0000363451702066
9.9211872007597162	0.9999657314111839
9.9247743763411052	1.0000291004890920
9.9284366149009440	0.9999750615358954
9.9322035033356286	1.0000172798787468
9.9361357238771468	0.9999862457129570
9.9403799833957827	1.0000503721368716
9.9472574931054307	0.9998595434444547
9.9516432281013980	0.9999933965763382
9.9553489332023055	0.9999248840466758
9.9588039805636352	1.0000328122501494
9.9621778267523631	0.9999408411453746
9.9655270673680096	1.0000428879827385
9.9688769051685249	0.9999481343601587
9.9722344392895224	1.0000446943377612
9.9756062782949719	0.9999523520120187
9.9789938391519275	1.0000434878074831
9.9824019671832769	0.9999559130115289
9.9858326218856064	1.0000406234872996
9.9892920474877478	0.9999600578567479
9.9927847744222618	1.0000360992253330
9.9963209235355741	0.9999658739370008
9.9999111769376920	1.0000289567801832
