            0		            0
0.009369624448102		            0
0.01656962343966		            0
0.02998249633529		            0
0.0450487104331		            0
0.0653588631088		            0
0.08778243423026		            0
0.1021629676694		            0
0.1165247600788		            0
0.1324008778024		            0
0.1498896894989		            0
0.1677168921323		            0
0.1845010146091		            0
0.2000622885617		            0
0.2152237103083		            0
0.2309155191173		            0
0.2474862722874		            0
0.2645224082779		            0
0.2812840988701		            0
0.2974088969595		            0
0.313128621682		            0
0.3289372152063		            0
0.3451561669891		            0
0.3617210626359		            0
0.3782962870103		            0
0.3946018389946		            0
0.4106344455462		            0
0.4266078875751		            0
0.442736759421		            0
0.4590691998593		            0
0.4754801418595		            0
0.4918048678676		            0
0.5079814306957		            0
0.5240790168304		            0
0.5402146407672		            0
0.5564507977987		            0
0.5727568677073		            0
0.5890518057992		            0
0.605279597867		            0
0.6214492710565		            0
0.637614054232		            0
0.6538198562708		            0
0.6700702740318		            0
0.6863322294954		            0
0.7025698634474		            0
0.7187738971239		            0
0.7349635993715		            0
0.7511655058065		            0
0.7673907849447		            0
0.783629472126		            0
0.7998627230545		            0
0.816079709915		            0
0.8322846681294		            0
0.8484903997058		            0
0.8647063125746		            0
0.880931608974		            0
0.8971580158604		            0
0.9133779165496		            0
0.9295903299396		            0
0.9458003172605		            0
0.9620137205339		            0
0.9782323282729		            0
0.9944532964028		            0
1.010672354988		            0
1.026887531612		            0
1.043100243759		            0
1.059313489332		            0
1.07552911632		            0
1.091746600571		            0
1.107963939956		            0
1.124179569386		            0
1.14039351504		            0
1.156607056518		            0
1.17282144273		            0
1.189036909662		            0
1.205252695868		            0
1.221467860972		            0
1.237682072037		            0
1.253895747949		            0
1.270109570598		            0
1.286323888424		            0
1.302538507662		            0
1.318752958481		            0
1.334966929343		            0
1.351180481335		            0
1.367393926507		            0
1.38360752401		            0
1.399821288428		            0
1.416035023825		            0
1.43224852869		            0
1.448461751811		            0
1.46467480832		            0
1.480887846164		            0
1.497100927768		            0
 1.5133139894		            0
1.529526924055		            0
1.545739667257		            0
1.561952244959		            0
1.578164725603		            0
1.59437716096		            0
1.610589539349		            0
1.626801811183		            0
1.643013927066		            0
1.659225879218		            0
1.675437689385		            0
1.691649385972		            0
1.707860969934		            0
1.724072418236		            0
1.740283696863		            0
1.756494786522		            0
1.772705684145		            0
1.788916395908		-9.502697910873e-163
1.805126918595		-8.988655039318e-154
1.821337235398		-2.026472020823e-146
1.837547319004		-5.630774165402e-140
1.853757143944		-3.675509414808e-134
1.869966691675		-7.96910391864e-129
1.886175949091		-7.120773862333e-124
1.902384900739		-3.037319439096e-119
1.918593523133		-6.878553401383e-115
1.934801785166		-8.963876565277e-111
1.951009651915		-7.158600067068e-107
1.967217089798		-3.685172548352e-103
1.983424065874		-1.274710442768e-99
1.999630546217		-3.067247897065e-96
2.015836490796		-5.287371642841e-93
2.032041853817		-6.696572364382e-90
2.048246583213		-6.369609671259e-87
2.064450624719		-4.638477259533e-84
2.080653920857		-2.63046057534e-81
2.09685641192		-1.179428953718e-78
2.113058032139		-4.238486155129e-76
2.129258710258		-1.235923657104e-73
2.145458367878		-2.957104457896e-71
2.161656921969		-5.864952646162e-69
2.17785428419		-9.732951655156e-67
2.194050362114		-1.363143981959e-64
2.210245057668		-1.624062787787e-62
2.226438267155		-1.658123270548e-60
2.242629880995		-1.460629072882e-58
2.258819784289		-1.117163315975e-56
2.275007858306		-7.46272883721e-55
2.291193980297		-4.377790392842e-53
2.307378025527		-2.266708617143e-51
2.323559866132		-1.040815976536e-49
2.339739373276		-4.256987555717e-48
2.355916416934		-1.557266103511e-46
2.372090869336		-5.114665287249e-45
2.388262605228		-1.513622556093e-43
2.404431504887		-4.049639427049e-42
2.420597454156		-9.825974494204e-41
2.436760347271		-2.168585840116e-39
2.452920087608		-4.365439977529e-38
2.469076589973		-8.036632193985e-37
2.485229783313		-1.356444374617e-35
2.501379610077		-2.104009994144e-34
2.517526028625		-3.006092463976e-33
2.533669013541		-3.964750319238e-32
2.549808557302		-4.837291685809e-31
2.56594466976		-5.470696323183e-30
2.582077378137		-5.746292425781e-29
2.598206726477		-5.616435598979e-28
2.614332774389		-5.117514934465e-27
2.630455596579		-4.354677197882e-26
2.64657528122		-3.466584453359e-25
2.662691929321		-2.585982272554e-24
2.678805650688		-1.810653273402e-23
2.694916562908		-1.191843235332e-22
2.711024790281		-7.3866254189e-22
2.727130462242		-4.316847658841e-21
2.743233711768		-2.382395723685e-20
2.759334672994		-1.243377689863e-19
2.775433479722		-6.145154969129e-19
2.791530263962		-2.879953173152e-18
2.807625155368		-1.281525424708e-17
2.823718280593		-5.421373361726e-17
2.839809762677		-2.183071291729e-16
2.855899721131		-8.377702496967e-16
2.871988270047		-3.067525002932e-15
2.888075517335		-1.072880518688e-14
2.904161565623		-3.588354319016e-14
2.920246513335		-1.148915093335e-13
2.936330454928		-3.525208851121e-13
2.952413480649		-1.037599399608e-12
2.968495676056		-2.932610499096e-12
2.984577122163		-7.966715242256e-12
3.000657896103		-2.082158627828e-11
3.016738072112		-5.240306694984e-11
3.03281772224		-1.271149152621e-10
3.048896916709		-2.974485569874e-10
3.06497572404		-6.72003853873e-10
3.081054212041		-1.467019808383e-09
3.09713244736		-3.097099985457e-09
3.113210495389		-6.328071738468e-09
3.129288422045		-1.252327964432e-08
3.145366295176		-2.402265850942e-08
3.161444185178		-4.469908985836e-08
3.177522164946		-8.07350267867e-08
3.19360030986		-1.416495082409e-07
3.209678698337		-2.415768299645e-07
3.225757412976		-4.00750139643e-07
3.241836541855		-6.47076247094e-07
3.25791617957		-1.017607281668e-06
3.273996427918		-1.559632103629e-06
3.290077396506		-2.331043342212e-06
3.306159203814		-3.399606557031e-06
3.322241979343		-4.840788460565e-06
3.338325862373		-6.733894958147e-06
3.354411004587		-9.156462815015e-06
3.370497572748		-1.217708749997e-05
3.386585750832		-1.584715016531e-05
3.402675741477		-2.019217828188e-05
3.418767767309		-2.520379428474e-05
3.434862072864		-3.083332796994e-05
 3.4509589274		-3.698814906308e-05
3.467058628273		-4.353159109879e-05
3.483161504343		-5.028699147722e-05
3.499267919125		-5.704590481127e-05
3.515378273649		-6.358001910669e-05
3.531493011437		-6.965585196686e-05
3.547612616438		-7.50505984392e-05
3.563737615927		-7.956775404662e-05
3.579868582036		-8.305073903498e-05
3.596006128714		-8.539298505404e-05
3.612150900548		-8.654337001685e-05
3.628303549502		-8.650649884851e-05
3.644464692963		-8.533794826829e-05
3.660634841315		-8.313511185387e-05
3.67681427413		-8.002460433847e-05
3.693002834967		-7.614745014329e-05
3.709199576938		-7.16427589423e-05
3.72540219871		-6.663166718566e-05
3.741606185354		-6.120355386219e-05
3.757803589321		-5.540818326275e-05
3.773981573804		-4.926184823686e-05
3.790121349545		-4.278087636401e-05
3.806199059562		-3.605285519777e-05
3.822190867645		-2.932399728261e-05
3.838082988881		-2.302011962217e-05
3.853882237911		-1.761556987329e-05
3.869618025943		-1.341145919378e-05
3.885330620228		-1.041989252036e-05
3.901052120495		-8.43807132647e-06
3.916793858692		-7.200323214409e-06
3.932548867578		-6.48281823081e-06
3.948305593415		-6.13383681519e-06
3.964060700665		-6.060148120029e-06
3.97982150801		-6.203046406727e-06
3.995598567705		-6.521663480565e-06
4.011396585674		-6.985910899342e-06
4.027211509317		-7.574567421007e-06
4.043035105398		-8.274589621622e-06
4.058862012488		-9.080032072956e-06
4.074693137281		-9.990256649228e-06
4.090533360651		-1.1007756785e-05
4.106386500059		-1.213626597464e-05
4.12225211596		-1.337969908971e-05
4.138126393662		-1.474201301022e-05
4.154005629236		-1.622760061102e-05
4.169889016143		-1.78416122125e-05
4.185778611692		-1.958978411221e-05
4.201677042054		-2.147782312803e-05
4.217585222427		-2.351076170179e-05
4.233501926028		-2.569268225026e-05
4.249425202433		-2.802688191106e-05
4.265354154929		-3.051620158228e-05
4.281289576232		-3.316314988443e-05
4.297233146178		-3.596967015481e-05
4.313186111085		-3.893671931982e-05
4.329148608695		-4.206397180735e-05
4.345120063971		-4.534983092383e-05
4.361100138542		-4.879166524568e-05
4.377089366958		-5.238602180936e-05
4.393089026756		-5.612862834859e-05
4.409100489161		-6.001420831893e-05
4.425124663007		-6.403629824789e-05
4.441161942901		-6.818724173261e-05
4.457212568922		-7.245837150028e-05
4.473276953992		-7.684022957972e-05
4.489355579645		-8.132264040495e-05
4.50544836989		-8.589453807217e-05
4.52155369913		-9.054354040696e-05
4.537667152032		-9.525523884262e-05
4.553779910078		-0.0001000120330149
4.569876567314		-0.0001047912874147
4.58593286415		-0.0001095631381108
4.601915765618		-0.0001142901329593
4.617790601887		-0.0001189333794198
4.63353794528		-0.0001234675301184
4.649171909706		-0.0001278946213574
4.66474152658		-0.000132239612276
4.680307149472		-0.0001365285656441
4.695907981246		-0.0001407697814355
4.711546373801		-0.0001449510424371
4.727199647008		-0.0001490501832329
4.742846728467		-0.0001530488457198
4.758486527833		-0.0001569394310474
4.774135473777		-0.0001607219615214
4.789810787327		-0.0001643962823769
4.805516013251		-0.0001679572196155
4.821240153966		-0.0001713956346401
4.836968665975		-0.0001747029957515
4.852695262371		-0.0001778750241173
4.868424816884		-0.0001809117014487
4.884166735295		-0.0001838145176097
4.899925982423		-0.000186583893844
4.915699433039		-0.0001892187722307
4.931479482849		-0.0001917180612004
4.94726064563		-0.0001940822007338
4.963043236596		-0.0001963134504848
4.97883171304		-0.0001984149623794
4.994630027967		-0.0002003897751515
5.010438305833		-0.0002022406585923
5.026253265357		-0.0002039707264988
5.042071342154		-0.0002055840253185
5.057891481021		-0.0002070855021585
5.073715403804		-0.0002084805521023
5.089545614276		-0.0002097748495039
5.105383176672		-0.0002109748640398
5.121227099835		-0.0002120887533211
5.137075520522		-0.0002131269990815
5.152927393237		-0.0002141025585153
5.168783228367		-0.0002150310248972
5.184644463919		-0.0002159315396631
5.200512236858		-0.0002168286514356
5.216386658928		-0.0002177545602424
5.232267087117		-0.0002187510777865
5.248152985512		-0.000219871347741
5.264044574334		-0.0002211821219066
5.279942784586		-0.0002227671561582
5.295848686558		-0.0002247309306811
5.311762951002		-0.0002272004409715
5.327685767183		-0.0002303223130494
5.343617188842		-0.0002342525919826
5.359557530344		-0.0002391351276367
5.375507449562		-0.0002450589187873
5.391467647437		-0.0002519735051077
5.407438390543		-0.0002595236500274
5.423419091704		-0.0002667365569943
5.439407972472		-0.0002714457343406
5.455401577926		-0.0002692445346236
5.471393829679		-0.000251601379058
5.487374488904		-0.0002025166536096
5.503327402003		-9.278771988729e-05
5.519229800772		0.0001292670250847
5.535055069138		0.0005516718978684
5.550781332949		0.001318448125582
5.566404211574		0.002659459862492
5.581944956651		0.004943434166624
5.597444114608		0.008775163242905
5.612941946344		0.01515616798755
5.628459542691		0.02571922259904
5.643994611817		0.04303201330794
5.659533314899		0.07091860754763
5.675066711656		0.114610135702
5.690598522124		0.1802304715309
5.706140249731		0.272748108328
5.721700493953		0.3918796559369
5.737278403466		0.5279104406371
5.752865846126		0.6626618750594
5.768454950825		0.7779281937548
5.784043946503		0.8643224723301
5.799636942297		0.9225548632283
5.815239031224		0.958789092787
5.83085158058		0.9800028608458
5.846471455854		0.9917991536007
5.862094046183		0.9980221060832
5.877716919406		1.00108847611
5.893341038024		1.002436067929
5.908969030754		1.002885643917
5.92460248436		1.002888834756
5.940240622827		1.002685880474
5.955881166069		1.002401181495
5.971522252001		1.002098036709
5.987163669071		1.001807870711
6.002806538031		1.001544920938
6.018451999643		1.001313757539
6.034100156186		1.001113715409
6.049750067784		1.000941833484
6.065400601046		1.000794655706
6.081051280727		 1.0006690253
6.096702457377		1.000562195307
6.11235478742		 1.0004716865
6.128008576824		1.000395195694
6.143663542507		1.000330624845
6.159319101455		1.000276150858
6.174974851984		1.000230248316
6.190630821866		1.000191646797
6.206287328232		1.000159261807
6.221944636766		1.000132143489
6.23760273287		1.000109457523
6.253261366767		1.000090484753
6.268920283108		1.000074619994
6.284579413025		1.000061360893
6.300238882139		1.000050290062
6.315898862967		1.000041057905
6.331559420389		1.000033370429
6.347220475613		1.000026981399
6.36288189441		1.000021685983
6.378543604314		1.000017314006
6.394205640627		1.000013722935
6.409868097794		1.00001079173
6.425531043447		1.000008416341
6.441194471668		1.00000650679
6.456858324463		1.00000498521
6.472522551663		1.000003784349
6.48818715325		1.00000284628
6.503852173311		1.000002121331
6.519517659765		1.00000156723
6.535183628841		1.000001148393
 6.5508500619		1.000000835278
6.566516930856		1.00000060372
6.582184226164		1.00000043425
6.59785196431		1.000000311425
6.613520172983		1.000000223178
6.62918886954		1.000000160234
6.644858051895		1.000000115577
6.660527706824		1.000000083986
6.676197825618		1.000000061635
6.691868413251		1.000000045766
6.707539485235		1.000000034417
 6.7232110576		1.000000026212
6.738883140314		1.000000020198
6.754555740399		1.000000015721
6.770228873245		1.000000012336
6.785902576737		1.000000009738
6.801576924987		1.000000007719
 6.8172520472		1.000000006136
6.832928165008		1.000000004887
6.848605667669		1.000000003898
6.864285256117		1.000000003114
6.879968217798		1.000000002495
6.895656973034		1.000000002007
6.911356177774		1.000000001627
6.927074711087		1.000000001336
6.94282825481		1.000000001119
6.958640414582		1.000000000966
6.974537936347		1.000000000872
6.990537116266		1.000000000828
7.006629342348		1.000000000825
7.022780992327		1.000000000853
 7.0389518448		1.000000000901
7.055118017619		1.000000000962
7.071281014172		1.000000001036
7.087457601602		1.000000001132
7.103661445515		1.000000001258
7.119892040725		1.00000000142
7.136137923722		1.000000001617
7.152388595087		1.000000001847
7.168643580913		1.000000002116
7.18491174818		1.000000002434
7.201203139384		1.000000002819
7.217521308249		1.000000003289
7.233862259833		1.000000003856
7.250219600695		1.000000004527
7.266590575012		1.00000000531
7.282977869932		1.000000006225
7.29938645972		1.000000007293
7.315818931793		1.000000008538
7.332273354006		1.000000009959
7.34874491165		1.000000011531
7.365229251061		1.000000013198
7.381724436795		1.000000014876
7.398230117745		1.000000016455
7.414745049484		1.000000017777
7.43126528918		1.000000018631
7.447784455854		1.000000018769
7.464295552257		1.000000017966
7.480792775101		1.00000001611
7.497272083316		1.000000013297
7.513730581804		1.000000009915
7.530165834904		1.000000006715
7.546575935263		1.000000004831
7.562960259899		1.000000005748
7.579320109975		1.000000011197
7.595658506871		1.000000023005
7.611979130004		1.000000042921
7.628285044499		1.000000072385
7.644577941558		1.000000112177
7.660858129903		1.000000161932
7.677124948742		1.00000021959
7.693377083708		1.000000280917
7.709612537194		1.00000033928
7.725828429213		1.000000385909
7.742021017654		1.000000410911
  7.758186179		1.000000405195
7.774320256754		1.000000363071
7.790420936535		1.000000284744
7.80648779983		1.00000017766
7.822522396417		1.000000056003
7.838527902002		0.9999999384567
7.854508556208		0.9999998450365
7.870469086803		0.9999997939894
7.88641425707		0.9999997994866
7.902348584096		0.9999998703396
7.918276207697		1.000000009605
7.934200860026		1.00000021477
7.950125886312		1.00000047821
7.966054294497		1.000000787728
7.981988814857		1.000001127167
7.997931959241		1.000001477239
8.013886115031		1.000001816777
8.029853631095		1.000002124527
8.045836883255		1.000002381285
8.061838316242		1.00000257195
8.077860473131		1.000002686858
8.093906021089		1.00000272172
8.109977779582		1.000002675647
8.126078741862		1.000002546905
8.142212076483		1.000002326134
8.158381090298		1.000001986639
8.174589135015		1.000001470852
8.190839407537		1.000000671202
8.207134544266		0.9999994025877
8.223475786773		0.9999973633862
8.239861264533		0.9999940859198
8.256282536236		0.9999888970564
8.272718003859		0.999980976451
8.289122289319		0.9999697602056
8.305416232557		0.9999560607569
8.32149770642		0.9999434270409
8.337299522826		0.9999368241395
8.352862264684		0.9999376529733
8.368332194069		0.9999422874991
8.383867941178		0.9999465920587
8.399541172596		0.9999491414834
8.41531428964		0.9999508558181
8.431103331026		0.9999533240499
8.446864609178		0.9999571414988
8.462630253823		0.9999614942788
8.47847413477		0.9999652168635
8.494450117299		0.9999678183363
8.510556557636		0.9999696122013
8.526749219259		0.9999713093831
8.542981278426		0.9999735196918
8.559226061916		0.9999765112711
8.575452210044		0.9999804185834
8.591565674407		0.9999854427723
8.60740368188		0.9999912079357
8.622870849083		0.999996147863
8.638082109622		0.9999990778501
8.653295270752		1.000000372775
8.668707105623		1.00000086952
8.684320345146		1.000001033763
8.699981934953		1.000001004088
8.715542942269		1.000000833265
8.730987421356		1.00000061037
8.746425127072		1.000000418928
 8.7619845576		1.000000285122
8.777712753772		1.000000196395
8.793556664266		1.000000134219
8.809426125455		1.000000087836
8.825274177882		1.000000053839
8.841125056714		1.000000030879
8.857036308535		1.000000016585
8.873036891052		1.000000008067
8.889091304591		1.000000003103
8.905108797874		1.000000000412
8.920981877646		0.9999999992762
8.936633342072		0.9999999991105
8.952063878291		0.9999999993586
8.967370194997		0.9999999996431
8.982694131607		0.9999999998346
8.998133042671		0.9999999999404
9.013688275205		0.9999999999937
9.029290817408		1.000000000017
9.044874940285		1.000000000024
9.060433252705		1.000000000022
9.07601248343		1.000000000017
9.091666333615		1.000000000012
9.10741197665		1.000000000009
9.123223688482		1.000000000006
9.139061824459		1.000000000004
9.154907537032		1.000000000002
9.170774020776		1.000000000002
9.186689750916		1.000000000001
9.20267275171		1.000000000001
9.218718335265		1.000000000001
9.234807737677		            1
9.250926979391		            1
9.267078829942		            1
9.283279339584		            1
9.299544661735		1.000000000001
9.315880717822		1.000000000001
9.332283835116		1.000000000001
9.348750183393		1.000000000001
9.365285176775		1.000000000001
9.381905753689		1.000000000002
9.398636013149		1.000000000003
9.415502961265		1.000000000004
9.432539529331		1.000000000007
9.449797349458		1.000000000011
9.467359880057		1.000000000019
9.485251758915		1.000000000036
9.502589082993		1.000000000053
9.517845816695		1.000000000034
9.531760713166		1.000000000012
9.546138275339		1.000000000005
9.562204910852		1.000000000002
9.579877960062		0.9999999999984
9.597838430896		0.9999999999859
9.614796967734		0.9999999999672
9.630659664127		0.9999999999624
9.646314839062		0.9999999999678
9.662698546017		0.9999999999723
9.680078323303		0.9999999999827
9.697941639787		1.000000000036
9.715513977611		1.000000000178
9.732482937948		1.00000000036
9.749183151934		1.000000000505
9.766198199128		1.00000000067
9.78384869256		  1.000000001
9.801991454463		1.000000001794
9.820209702273		1.000000003981
9.838194924348		1.00000001017
9.855927278962		1.000000025337
9.87342948816		1.000000054504
9.890389453456		1.000000085966
9.906473894565		1.000000086167
9.921945588688		1.000000060013
9.937506586135		1.000000037194
9.953718374445		1.00000002342
9.97061348533		1.000000010742
9.987735835718		0.9999999909387
           10		0.9999999956648
