0.0000000000000000	0.0000000000000000
7.5328615376805930	0.0010000000000000
7.5392520949607267	0.0009739685206675
7.5450155675057227	0.0013176689462750
7.5515888622292593	0.0010581439783113
7.5621710903532966	0.0015552508372146
7.5657279875924157	0.0020003520123805
7.5692802911973658	0.0022177671790995
7.5730138467791868	0.0026190986886778
7.5769316235379156	0.0029742010614011
7.5809851721945041	0.0034527081308110
7.5851537197012311	0.0039545469686254
7.5893981233401737	0.0045777816667362
7.5937156279106652	0.0052696611224270
7.5980758969139313	0.0061028655445338
7.6024906262270004	0.0070509705238807
7.6069293056207350	0.0081748779890303
7.6114155626410804	0.0094702732222855
7.6159123164108244	0.0109915247858871
7.6204557990070887	0.0127579549503193
7.6249977919421656	0.0148190413262927
7.6295899919631820	0.0172236816470925
7.6341688517273285	0.0200148018689539
7.6388061834028056	0.0232832584961480
7.6434184521642408	0.0270592373307042
7.6481031232711478	0.0314970466608953
7.6527510940248069	0.0366003096285343
7.6574904739360621	0.0426192919133171
7.6621788314313823	0.0495035298315231
7.6669750078012644	0.0576348251875046
7.6716924191979254	0.0668523648766534
7.6764946678302612	0.0776267641297426
7.6812516073933770	0.0899229421701217
7.6858485175351747	0.1034783725574613
7.6902753961002883	0.1181641588520970
7.6948630616263740	0.1352840548121231
7.6994470834657109	0.1544635100150398
7.7042906231690962	0.1770653138163188
7.7107493070252451	0.2117549224488591
7.7317321022240764	0.3551612599574259
7.7369197342131573	0.3975927987750851
7.7409189200668660	0.4314575586906800
7.7449811996499927	0.4667948012933733
7.7488707533477887	0.5010090671447791
7.7531198291918431	0.5385866456717053
7.7573150684354211	0.5753967923636536
7.7621358630107418	0.6169699032965377
7.7670965328745654	0.6577877986870182
7.7723904304264382	0.6997202583817531
7.7766191141510035	0.7308429591065787
7.7805422482410869	0.7580359936791669
7.7843608761821850	0.7826137591084643
7.7882071093084875	0.8056495963504459
7.7921153400906107	0.8270807361705558
7.7960426518390724	0.8468048071557721
7.8000684851009332	0.8650461002320219
7.8040928211280001	0.8814963099411987
7.8082831502410368	0.8967262753245262
7.8125313813468420	0.9104905054519036
7.8166161905591052	0.9221224118446377
7.8205983849154768	0.9321586263720110
7.8247162374406036	0.9412482254922673
7.8288341611279879	0.9491987837024726
7.8330946137607764	0.9562916687166367
7.8373236006926801	0.9624189909215597
7.8417201580796920	0.9678020247825111
7.8475336957334383	0.9741529320324561
7.8634649775111889	0.9856271522077055
7.8669408846119255	0.9871685252494059
7.8700265866812407	0.9886741305898731
7.8731220426929580	0.9897566276569431
7.8762647152941128	0.9909894801244447
7.8794723886080540	0.9918878865677015
7.8827254178363866	0.9929044004769176
7.8860363387017642	0.9936307967103787
7.8893884492234569	0.9944617562502325
7.8927926370389097	0.9950407080994107
7.8962551062538457	0.9957085838651734
7.8997932030553057	0.9961742531123852
7.9034128154188750	0.9967100413168862
7.9071556155737301	0.9970972186083921
7.9110701893288669	0.9975192573717248
7.9153141940039404	0.9978180376770716
7.9221420797265605	0.9984842757014458
7.9266697227503009	0.9986143791602654
7.9305474713613480	0.9988511170437568
7.9342212430953030	0.9989260271500024
7.9378802183757342	0.9991122938685167
7.9416233743731910	0.9991828018698328
7.9455337510819897	0.9993209071514592
7.9497754926390733	0.9993572022058634
7.9566478272707455	0.9996796968279286
7.9610449179406260	0.9996175218171678
7.9648004601885276	0.9997278155336983
7.9683596776207990	0.9996784052060049
7.9719007650335314	0.9997805345389189
7.9755022908011091	0.9997487837716222
7.9792174779801552	0.9998219505964046
7.9831166799078508	0.9998153489244617
7.9873525480553642	0.9999024707510377
7.9942944139662426	0.9997552125454027
7.9989529058209827	0.9998838488964803
8.0030840392541762	0.9998742538567638
8.0071367879964779	0.9999304876768962
8.0114284676080079	0.9998817921545684
8.0184226330655530	1.0000786002774762
8.0232875651178084	0.9999851470997192
8.0278540441503718	1.0000469436572708
8.0349861199397186	0.9998385887730262
8.0396399801907812	0.9999654405341754
8.0436227879077062	0.9999267963521535
8.0474046610397441	0.9999964072028208
8.0512004178736039	0.9999602320719336
8.0551326823345590	0.9999975357963229
8.0593807031050666	0.9999375923895831
8.0663436716845940	1.0001176319212581
8.0712018873738174	1.0000178624332701
8.0757656999456096	1.0000744233399148
8.0829076195930227	0.9998621794943217
8.0876484381855054	0.9999802418951085
8.0917464581497995	0.9999487723160413
8.0956678541030822	1.0000031548902824
8.0996534446976796	0.9999772419605626
8.1039173256331161	1.0000454418876801
8.1108164591790768	0.9998564162965538
8.1151947842283008	0.9999916137991809
8.1188974354983561	0.9999238204302560
8.1223566972213526	1.0000311035612521
8.1257406527150344	0.9999410882695664
8.1291041642960202	1.0000411109257159
8.1324710634549131	0.9999489472985510
8.1358473197638972	1.0000429938727704
8.1392386493018609	0.9999533268245775
8.1426457655833833	1.0000419845421782
8.1460729454125378	0.9999568332836581
8.1495217193880212	1.0000393977605611
8.1529979817083635	0.9999608017317581
8.1565059894213192	1.0000351976431203
8.1600556482404514	0.9999663702269536
8.1636574400231794	1.0000284054724240
8.1673316599094097	0.9999753455339929
8.1711075176925636	1.0000170411497415
8.1750452208185855	0.9999861747811376
8.1792909530665874	1.0000505127002099
8.1862245110741121	0.9998702955780141
8.1909672013045629	0.9999788049253497
8.1951712627717654	0.9999580267083346
8.1992684425788696	1.0000016183120850
8.2035720642511034	0.9999407217570848
8.2105074592383840	1.0001344511296586
8.2150548303128090	1.0000103731957317
8.2189366020289132	1.0000619341848782
8.2225766116160628	0.9999764469831387
8.2261483117190046	1.0000430654644106
8.2297221528080708	0.9999712360497418
8.2333333843093168	1.0000311048219077
8.2370109042175645	0.9999768827177327
8.2407879218564464	1.0000179289497308
8.2447259084523559	0.9999866634015916
8.2489717993228808	1.0000507793849913
8.2559155465659426	0.9998722882977992
8.2607264856263374	0.9999761011602185
8.2650612801778642	0.9999615151039020
8.2694417777253424	1.0000429499837347
8.2764366076587716	0.9998563886761052
8.2810089935393645	0.9999852050919074
8.2848983699382099	0.9999349430326473
8.2885366526191451	1.0000216603946432
8.2921060573116687	0.9999550326802715
8.2956754020370731	1.0000275299019488
8.2992840205357403	0.9999674766947003
8.3029577569241564	1.0000220219634059
8.3067334223442053	0.9999808901831554
8.3106691170464497	1.0000122191924199
8.3149156504173867	0.9999481471093011
8.3218463457322738	1.0001287404193886
8.3265877147997838	1.0000200215102932
8.3307875922467165	1.0000409730523991
8.3348837177197268	0.9999973365831805
8.3391857243008030	1.0000581885078903
8.3460045373039105	0.9998428134645402
8.3499402045994309	1.0000142945326289
8.3531816958043699	0.9998888925980490
8.3562131815306735	1.0000587925280351
8.3591944363833068	0.9999078744950644
8.3621709408240168	1.0000690561266856
8.3651610202172133	0.9999187179007800
8.3681673437738642	1.0000704749465976
8.3711937409348796	0.9999252193390633
8.3742387545156305	1.0000688853367750
8.3773045866797098	0.9999298470476273
8.3803895875391241	1.0000661651899259
8.3834958717850103	0.9999337438707813
8.3866220372138027	1.0000629678418886
8.3897704012622114	0.9999374310246583
8.3929399307771231	1.0000594780355094
8.3961333122227355	0.9999411916271961
8.3993500398941947	1.0000556727132046
8.4025933959082622	0.9999452496650428
8.4058636955864507	1.0000513997467162
8.4091652301864173	0.9999498735371201
8.4124997294444785	1.0000463617441369
8.4158733654701141	0.9999554878761031
8.4192906270021801	1.0000399982394901
8.4227617080409356	0.9999628957390242
8.4262974679113949	1.0000311516385332
8.4299186845890670	0.9999737696122867
8.4336554560674433	1.0000178374633295
8.4375694793306621	0.9999862774740121
8.4418088511368534	1.0000497425101051
8.4485696569452866	0.9998369507153864
8.4523682653964727	1.0000184073063398
8.4555223514746825	0.9998827870154605
8.4585038077775234	1.0000599589003165
8.4614588813136677	0.9999060430314282
8.4644254286790126	1.0000683710336018
8.4674175298122893	0.9999193334655178
8.4704350819751966	1.0000686470360765
8.4734800709153717	0.9999272028219632
8.4765496636213804	1.0000662894747780
8.4796450767799119	0.9999326384460607
8.4827639430757547	1.0000630249978182
8.4859078813755549	0.9999370696307031
8.4890752073125633	1.0000593968743854
8.4922681148902033	0.9999411887666927
8.4954856617590444	1.0000554903580523
8.4987307856174379	0.9999454059675504
8.5020035049613902	1.0000511738393658
8.5053078692476287	0.9999500787427813
8.5086454042614150	1.0000461427744132
8.5120221118215351	0.9999556779718888
8.5154423395953653	1.0000398231595982
8.5189161612291340	0.9999630332720105
8.5224543354810294	1.0000310438919420
8.5260775527725823	0.9999738349695396
8.5298158267303030	1.0000178058874554
8.5337307652942247	0.9999862740240534
8.5379703796871134	1.0000497725672264
8.5448513272268070	0.9998593474446777
8.5492224698789947	0.9999927414501206
8.5529342165443349	0.9999267472511262
8.5564208515388440	1.0000288511860544
8.5598547510098069	0.9999471149559731
8.5632970728911353	1.0000342487871736
8.5667803369384963	0.9999600850431306
8.5703226325698498	1.0000292269830338
8.5739480207329706	0.9999728802905210
8.5776874032692696	1.0000172475225599
8.5816029475003113	0.9999859792023158
8.5858427195850346	1.0000496391960818
8.5927898665334190	0.9998717409168142
8.5975695011033384	0.9999759465059471
8.6018818623693001	0.9999612618727576
8.6062563146804951	1.0000420373516707
8.6133096392331314	0.9998659939147666
8.6182141898148608	0.9999726827694903
8.6227946392974939	0.9999180307557191
8.6299707466119582	1.0001290442753941
8.6348664904735646	1.0000212033936065
8.6392199165854500	1.0000371535802022
8.6436095760917855	0.9999561085972840
8.6505992904753519	1.0001461138725500
8.6550644726341606	1.0000108019244047
8.6588383242178448	1.0000705874900275
8.6623775270443364	0.9999736013717946
8.6658616615329258	1.0000485801766699
8.6693611506856385	0.9999687754990396
8.6729108951212375	1.0000340087634270
8.6765395259791944	0.9999756797077343
8.6802807207741086	1.0000187683573518
8.6841970498591863	0.9999868124906925
8.6884371155365674	1.0000500973192112
8.6953367410396964	0.9998629872045832
8.6998168005539203	0.9999883184584311
8.7036623582362314	0.9999362845585306
8.7072970914251506	1.0000199777645846
8.7109010298359379	0.9999600146539126
8.7145497678517092	1.0000202410209276
8.7183004585397477	0.9999785448464301
8.7222191984677107	1.0000112565441237
8.7264614811339722	0.9999483084425483
8.7332693595184576	1.0001526050744740
8.7372851471502635	0.9999902111370454
8.7406199440483334	1.0001014404441411
8.7437444298069060	0.9999470447014868
8.7468137211054877	1.0000827272186004
8.7498765869084476	0.9999365723292623
8.7529474028150673	1.0000730030476446
8.7560316682741721	0.9999344117811717
8.7591288188807130	1.0000678393037894
8.7622401292476617	0.9999348798675726
8.7653634599104286	1.0000646826137982
8.7684999155221526	0.9999361969212562
8.7716473211922832	1.0000623983422312
8.7748069663777049	0.9999377543011135
8.7779768202982815	1.0000605051340923
8.7811583491461072	0.9999393570684647
8.7843496842246154	1.0000587877760090
8.7875524493699828	0.9999409629618430
8.7907649435823494	1.0000571343205673
8.7939889484495311	0.9999425880784375
8.7972229470441494	1.0000554694591857
8.8004688997315981	0.9999442746345125
8.8037255093459752	1.0000537253490402
8.8069949617581305	0.9999460832877358
8.8102762455087333	1.0000518252081469
8.8135718576241349	0.9999480971213361
8.8168811895022277	1.0000496683236080
8.8202072031721350	0.9999504349531386
8.8235499054111841	1.0000471084025890
8.8269130106951419	0.9999532787699885
8.8302975503730039	1.0000439134003851
8.8337085717190842	0.9999569312398998
8.8371489966317451	1.0000396789179613
8.8406265253674512	0.9999619488029559
8.8441480693357910	1.0000336146856976
8.8477275752409117	0.9999694802921041
8.8513822968396738	1.0000240465857941
8.8551451935231515	0.9999815418355585
8.8590735694308353	1.0000126539735998
8.8633180407132901	0.9999486077620549
8.8702691025517115	1.0001252491402299
8.8751424631144502	1.0000237576470798
8.8797100775001052	1.0000799969300556
8.8868405897470257	0.9998652176831944
8.8915728464680441	0.9999848698791022
8.8956317557220945	0.9999476220978888
8.8994725441611191	1.0000107452728502
8.9033095783606893	0.9999744491565574
8.9072660254555789	1.0000090853489654
8.9115206576695627	0.9999464490415758
8.9184696508884791	1.0001265959170609
8.9232751352459125	1.0000226426196304
8.9276024425681761	1.0000374153642924
8.9319823360444648	0.9999562117551880
8.9390295923513783	1.0001330882741732
8.9439485433405892	1.0000261430333872
8.9485310167006524	1.0000816140242443
8.9557050128090641	0.9998711104749132
8.9607833596000273	1.0000285859655018
8.9682773135592857	0.9998273207400621
8.9731547241815566	0.9999748913616266
8.9771940307140188	0.9999345773241018
8.9809308744695215	1.0000152197031618
8.9845965649108663	0.9999604437534861
8.9882858824070659	1.0000186030336848
8.9920635811652900	0.9999786796319182
8.9959978523752433	1.0000111728514967
9.0002444394649341	0.9999477926487941
9.0071768112291473	1.0001288005645499
9.0119082271589992	1.0000199177954670
9.0160991610674959	1.0000411904923596
9.0201897509397035	0.9999974350432382
9.0244902482607419	1.0000580738803806
9.0314811211676282	0.9998743661613962
9.0363707872577645	0.9999760259310935
9.0409454292873779	0.9999194272777386
9.0480848046240805	1.0001338773030124
9.0528209814385452	1.0000142661268696
9.0568817549212373	1.0000512532331265
9.0607262413269662	0.9999883261840248
9.0645645760229101	1.0000244934917906
9.0685233286697216	0.9999899029387885
9.0727772980062902	1.0000525968095444
9.0796571258563450	0.9998592451189510
9.0840232403712502	0.9999946207073428
9.0877032161601594	0.9999230751500160
9.0911302970351660	1.0000347330697195
9.0944734689124349	0.9999383585632384
9.0977881078824190	1.0000455723110053
9.1010980046485592	0.9999448327940217
9.1044087312850817	1.0000484618140992
9.1077251971759114	0.9999478190033703
9.1110467645567947	1.0000488143623016
9.1143757991282577	0.9999495319012290
9.1177110449510934	1.0000482474348020
9.1210546172790483	0.9999508620513891
9.1244053892611667	1.0000472627585744
9.1277656319819478	0.9999521804373904
9.1311345173561076	1.0000459779432349
9.1345146504613179	0.9999536872108177
9.1379056686119888	1.0000443491490805
9.1413107371306186	0.9999555596691332
9.1447302531929555	1.0000422242170419
9.1481683535687672	0.9999580379872290
9.1516267781802760	1.0000393131086740
9.1551115064620170	0.9999615269131044
9.1586269109824290	1.0000350643085467
9.1621829365008001	0.9999668143126742
9.1657900801946592	1.0000283296693142
9.1694686076505043	0.9999755778698621
9.1732476581148461	1.0000170658881118
9.1771873046181369	0.9999862371940061
9.1814335620974923	1.0000506331441288
9.1883376268066694	0.9998648854599285
9.1928956523049727	0.9999867569887592
9.1968118395544405	0.9999392422463675
9.2004940577864858	1.0000197434313656
9.2041178884006136	0.9999593792049755
9.2077530845153639	1.0000236039167891
9.2114443905301595	0.9999731711393033
9.2152293215073957	1.0000156467679353
9.2191717804728057	0.9999854756489016
9.2234188732763798	1.0000503014857687
9.2303526927978972	0.9998702956050011
9.2351018416951920	0.9999787245015050
9.2393115986195298	0.9999581499003145
9.2434122992621557	1.0000016691569138
9.2477168829293994	0.9999406384195177
9.2546444368679737	1.0001357783743521
9.2591509379042130	1.0000083990930964
9.2629729238335994	1.0000665117016163
9.2665365391455019	0.9999712157894898
9.2700107052441503	1.0000510014044379
9.2734580712155186	0.9999616810763213
9.2769025204760638	1.0000442749850962
9.2803556014886670	0.9999600865954115
9.2838217848966007	1.0000402918416669
9.2873069019140342	0.9999615420347473
9.2908142210159994	1.0000365285695494
9.2943512890338358	0.9999650482355135
9.2979247861818486	1.0000314175975995
9.3015483124025877	0.9999712533474561
9.3052386249615004	1.0000230039878291
9.3090279689763431	0.9999820504462376
9.3129724501187283	1.0000127114816788
9.3172212714651081	0.9999480793934412
9.3241166008574830	1.0001350088281131
9.3286528864164726	1.0000107199140218
9.3325268382969746	1.0000630794013656
9.3361503002511572	0.9999748180250096
9.3396901835057538	1.0000463643546884
9.3432106340938752	0.9999665338616457
9.3467384213834954	1.0000382719754686
9.3502891845995695	0.9999669152297509
9.3538731477930543	1.0000317863990444
9.3575049338697180	0.9999719800224958
9.3612017843659086	1.0000230545476629
9.3649959254942878	0.9999822643229631
9.3689433338530677	1.0000127871697702
9.3731929461406995	0.9999480152990390
9.3800926551348951	1.0001340682349686
9.3846619832546256	1.0000119015936573
9.3885772929780327	1.0000604188245608
9.3922462920911727	0.9999773131677412
9.3958370836153051	1.0000427566192163
9.3994166963706007	0.9999704068906736
9.4030160644266481	1.0000331315302058
9.4066571148003710	0.9999731701612593
9.4103602358570129	1.0000234343845169
9.4141585769258036	0.9999826185401325
9.4181084642109667	1.0000129485906970
9.4223587542892400	0.9999480150683026
9.4292541859677907	1.0001348055351338
9.4338015107606896	1.0000108135669268
9.4376828811623419	1.0000630019904322
9.4413068704197176	0.9999742459635337
9.4448387560511211	1.0000474737098195
9.4483407281642560	0.9999645950204678
9.4518367259628757	1.0000412230521782
9.4553383435859484	0.9999626869404163
9.4588499342580725	1.0000377690167053
9.4623771836597772	0.9999637018225491
9.4659231103187356	1.0000345705915910
9.4694950213954883	0.9999666629020183
9.4730992803420921	1.0000300821762738
9.4767491643251205	0.9999722301810223
9.4804609993060271	1.0000223588485531
9.4842664816796756	0.9999823289150900
9.4882208586066383	1.0000127312257125
9.4924723652031755	0.9999477423835726
9.4993887928391043	1.0001305958452575
9.5040804458304322	1.0000165738219691
9.5081677318067293	1.0000492260980840
9.5120534868066802	0.9999897206144926
9.5159281426318856	1.0000236616346097
9.5199103058343901	0.9999897518990019
9.5241704599342718	1.0000533528116549
9.5311083975875217	0.9998713263601088
9.5358892934037875	0.9999788676656273
9.5401262096379504	0.9999589201426158
9.5442436086549716	1.0000019926644732
9.5485527819439540	0.9999402680992298
9.5555299693948026	1.0001260350901464
9.5603890113409733	1.0000220978110916
9.5647495356990895	1.0000370145876316
9.5691388280969285	0.9999550034981611
9.5761388037767663	1.0001407454240074
9.5807907937802845	1.0000153065069970
9.5847569644892729	1.0000602797829554
9.5884578145185895	0.9999786531136512
9.5920678847111063	1.0000427073672640
9.5956556968353350	0.9999702262290019
9.5992510492212446	1.0000343861489969
9.6028724188319252	0.9999709702708601
9.6065337287364159	1.0000271912079346
9.6102557389819587	0.9999773159199664
9.6140671641037674	1.0000167545001644
9.6180265889307517	0.9999863272974646
9.6222782213700224	1.0000513769415431
9.6291844557140820	0.9998662583819299
9.6338000193365581	0.9999857871840434
9.6377692891580242	0.9999413131223791
9.6414865544873258	1.0000197797206956
9.6451222677625612	0.9999584759637091
9.6487401950526870	1.0000269529920975
9.6523746717900210	0.9999673298488871
9.6560441631141725	1.0000247491764327
9.6597720599582431	0.9999762215713577
9.6635874807819562	1.0000160123415156
9.6675493327510438	0.9999859535899477
9.6718016135639822	1.0000512636923746
9.6787055779210878	0.9998658530201644
9.6833113057075124	0.9999863332845169
9.6872628898612323	0.9999398866144229
9.6909540999115560	1.0000216295308824
9.6945530027471190	0.9999555007132019
9.6981195463098384	1.0000308310486383
9.7016822595628067	0.9999617329826220
9.7052509356725754	1.0000323029446643
9.7088349091567601	0.9999655524747538
9.7124390365365478	1.0000304760909988
9.7160732135709758	0.9999698675666038
9.7197471854325617	1.0000256855272356
9.7234803199512836	0.9999770934097634
9.7273003021325835	1.0000162945458564
9.7312650851133835	0.9999861456385297
9.7355181580357311	1.0000514715778013
9.7424494241285728	0.9998711845874394
9.7472428141998897	0.9999785210885151
9.7514928423991716	0.9999591209223511
9.7556188322205504	1.0000020456722594
9.7599303291973616	0.9999399998105459
9.7668797819049455	1.0001307855869190
9.7715722769528739	1.0000144794784931
9.7756230964981352	1.0000525983901845
9.7794340424584139	0.9999839071700788
9.7831807772130244	1.0000326730655600
9.7869440033071520	0.9999812484359085
9.7907771811197115	1.0000184913634005
9.7947473863409318	0.9999873026641224
9.7990023586346364	1.0000521675887741
9.8059343425050880	0.9998713866795801
9.8107303937921468	0.9999786041380954
9.8149825797849886	0.9999592136519375
9.8191098801877299	1.0000020919529808
9.8234217419047649	0.9999399845256086
9.8303974171517385	1.0001258959618424
9.8352697637779780	1.0000220480149498
9.8396400818748795	1.0000369354487659
9.8440320420167176	0.9999546266386133
9.8510473413281439	1.0001375078160175
9.8558204213735436	1.0000195759248283
9.8599585570702182	1.0000493624954681
9.8638771942741421	0.9999908101457025
9.8677733996102646	1.0000236247488417
9.8717679131819089	0.9999898415337297
9.8760315648196428	1.0000538034793520
9.8829417354073907	0.9998665802341397
9.8875634047443466	0.9999864400369939
9.8915274953958328	0.9999404665654166
9.8952262357912737	1.0000217549189980
9.8988274158347149	0.9999553720949994
9.9023905190591766	1.0000315149038030
9.9059431174652808	0.9999606947944836
9.9094935510389668	1.0000339726903031
9.9130489833701532	0.9999631827028599
9.9166111432703179	1.0000338251830159
9.9201851830746079	0.9999652294073427
9.9237735289244924	1.0000321365614757
9.9273833749699953	0.9999680979830746
9.9310208091052825	1.0000285911068645
9.9346989348135786	0.9999731651541822
9.9384337273707093	1.0000216656452925
9.9422564071044324	0.9999826009526001
9.9462213452274639	1.0000127491714286
9.9504757366227121	0.9999473843191923
9.9573830673028780	1.0001318307935403
9.9620390310924769	1.0000143528139160
9.9660563221933831	1.0000546822076291
9.9698301681141412	0.9999820659101337
9.9735305951176567	1.0000359594966268
9.9772312131841794	0.9999772608565496
9.9809734696287773	1.0000240530930473
9.9847977415322884	0.9999838064813467
9.9887627573680486	1.0000134272944099
9.9930172582600179	0.9999477642782379
9.9999394380268036	1.0001293328893057
