0.0000000000000000	0.0000000000000000
7.4662925035655343	0.0009999999999999
7.4725458927741979	0.0010803518233295
7.4782501240664763	0.0015644559023644
7.4837295046319170	0.0013435708723358
7.4884999535580947	0.0015880331156095
7.4924362278841583	0.0017374287098747
7.4960992672641753	0.0020617044865106
7.4997852223958610	0.0022662756145921
7.5035906942492998	0.0026323858980720
7.5075370518053228	0.0029653135453588
7.5116020482830130	0.0034246843823215
7.5157728044302337	0.0039090631175943
7.5200160144307473	0.0045165507746638
7.5243276876735337	0.0051909250398515
7.5286775195827120	0.0060063943710263
7.5330754965519997	0.0069310724096511
7.5374919866355654	0.0080296545607976
7.5419499746935115	0.0092902053120858
7.5464148460225280	0.0107723622265068
7.5509222532951030	0.0124865769885178
7.5554272935862548	0.0144880644206615
7.5599801302331286	0.0168161168941891
7.5645207737750182	0.0195194823741853
7.5691171498221701	0.0226769798524373
7.5736900445900632	0.0263249623589680
7.5783255031840744	0.0305924539981157
7.5829187945512944	0.0354923870454673
7.5875608662778600	0.0412352167810065
7.5921507332366351	0.0477835741851535
7.5968121985767247	0.0553975552344476
7.6014159327058932	0.0640171531503523
7.6061388737513553	0.0741498051154747
7.6108570054178211	0.0858150842097576
7.6156627686193810	0.0994898178502229
7.6204148478264901	0.1147662976816362
7.6253882715804515	0.1329148120753813
7.6302772616259649	0.1531304284593585
7.6352130512897576	0.1761045480572045
7.6400741723581715	0.2014668881413097
7.6474595763311948	0.2448513036887872
7.6639138659060917	0.3639317641293528
7.6676749434268920	0.3948671048533978
7.6711900540451898	0.4244664154879310
7.6753152903225956	0.4601770203336228
7.6796061140884655	0.4978581100095554
7.6844512752502361	0.5406956385957694
7.6894565048430010	0.5841890957687030
7.6967516750728269	0.6465002594070628
7.7034495236041742	0.6990462571609307
7.7093612933224041	0.7422817005831672
7.7149097484170177	0.7788646382625728
7.7205722070955147	0.8130970003196607
7.7385482976884647	0.8938199189030634
7.7515245043592982	0.9319100965303634
7.7706296136291506	0.9651016642844346
7.7779910427285923	0.9730734476929669
7.7834274975842233	0.9783437288577197
7.7885997013953565	0.9819355661309673
7.7936111164372202	0.9851727339924476
7.7985357438913399	0.9871701185476282
7.8016217731673363	0.9888323096952945
7.8047805981718206	0.9899439695628295
7.8080493295787567	0.9912011611665171
7.8114023968317188	0.9921381140418816
7.8147422295419746	0.9931401459418060
7.8180523282830299	0.9938242811259286
7.8213175982041996	0.9946220919097684
7.8245743068520826	0.9951229567566621
7.8278325905156620	0.9957727492255256
7.8311145500499109	0.9961511949923231
7.8344158380912701	0.9966858734769639
7.8377460012976208	0.9969748579631211
7.8410970400974325	0.9974155061573654
7.8444770137558937	0.9976325888605161
7.8478825694897969	0.9979945807108597
7.8513260156667428	0.9981573621064596
7.8548114432972174	0.9984514980186091
7.8583584688418497	0.9985789439478806
7.8619832703907315	0.9988106997116164
7.8657243433038619	0.9989238390932581
7.8696383893233275	0.9990978953751553
7.8738809138820960	0.9991668944704291
7.8807512533647728	0.9995308569297401
7.8852163094502679	0.9994961279323181
7.8890460486718572	0.9996164207343621
7.8926841783707529	0.9995906570370593
7.8963184675398432	0.9996937697653565
7.9000439223360939	0.9996876883692923
7.9039444537514107	0.9997578062481697
7.9081826272549112	0.9997310433165969
7.9150661165806833	0.9999694162468797
7.9194486401729263	0.9998637184981032
7.9231977269230534	0.9999422957013028
7.9267560280386702	0.9998667991817829
7.9302994326106093	0.9999455878937720
7.9339041083895916	0.9998938103693867
7.9376224148713552	0.9999483568546228
7.9415234709578089	0.9999250901383783
7.9457597928279986	0.9999966877115058
7.9526990613622912	0.9998286238722465
7.9573686230917877	0.9999456119157636
7.9615094390488510	0.9999278310798879
7.9655681435692820	0.9999766858365868
7.9698613207050286	0.9999211894116253
7.9768558033368011	1.0001093206191805
7.9817249044499201	1.0000108559094949
7.9862924153320920	1.0000688634024477
7.9934283881341957	0.9998563138315787
7.9981077085880656	0.9999792703613344
8.0021170400620161	0.9999404241999206
8.0059206160164855	1.0000068343597555
8.0097321671409958	0.9999700892571913
8.0136738333718860	1.0000058071626741
8.0179243790014798	0.9999443064445181
8.0248854481445999	1.0001229946055414
8.0297511519425786	1.0000222052670937
8.0343168943377119	1.0000783842886118
8.0414588585038747	0.9998654940624792
8.0462225557730918	0.9999823303615631
8.0503423395996325	0.9999515315171923
8.0542797723729205	1.0000047862962569
8.0582748608260495	0.9999787753233086
8.0625413383949578	1.0000470267542707
8.0694431277123719	0.9998582500799094
8.0738539660445490	0.9999915187824726
8.0775864430191717	0.9999261821782097
8.0810691487582229	1.0000308062917842
8.0844713040825216	0.9999426771780028
8.0878490639430112	1.0000409237905481
8.0912271823064934	0.9999499524017875
8.0946123046232437	1.0000429046931263
8.0980106178067626	0.9999539601588219
8.1014232181025889	1.0000419642473317
8.1048546722085106	0.9999572311326197
8.1083067566587346	1.0000394187936636
8.1117855597435469	0.9999610493116671
8.1152954985598615	1.0000352387206801
8.1188466097566732	0.9999665216768158
8.1224494770773941	1.0000284532492287
8.1261244747375052	0.9999754343415574
8.1299008651183424	1.0000170896137208
8.1338388802157873	0.9999862209745811
8.1380846991999238	1.0000505612784045
8.1450182029151339	0.9998703257516964
8.1497612479683816	0.9999788257379195
8.1539655931433721	0.9999580505794873
8.1580629390707919	1.0000016353255263
8.1623666078173756	0.9999407294336725
8.1693018526315484	1.0001344826189007
8.1738486078817392	1.0000103546082122
8.1777295550072324	1.0000619921488116
8.1813686934345160	0.9999764108842956
8.1849395409767283	1.0000431182376777
8.1885125849532692	0.9999712052595322
8.1921231051768313	1.0000311391199757
8.1958000274089269	0.9999768677641010
8.1995765901530220	1.0000179406991188
8.2035142964437391	0.9999866665875787
8.2077601123845323	1.0000507718432996
8.2147039005088196	0.9998722836618583
8.2195144124309802	0.9999761011447174
8.2238488956340898	0.9999615132792959
8.2282293095709615	1.0000429385849576
8.2352239256679400	0.9998563352506984
8.2397943538997964	0.9999852577718872
8.2436816124801009	0.9999348256319839
8.2473179760426607	1.0000217331654770
8.2508856992603885	0.9999549423832668
8.2544535937219656	1.0000275854546359
8.2580609899472126	0.9999674247583092
8.2617337398074540	1.0000220492565679
8.2655086727147786	0.9999808752688755
8.2694439215671380	1.0000122173494641
8.2736903346864672	0.9999481617719230
8.2806210525176933	1.0001287564061230
8.2853615468427542	1.0000200154053347
8.2895606403017510	1.0000409920963400
8.2936562783951402	0.9999973435710529
8.2979581526177686	1.0000581759453873
8.3047698903580223	0.9998415018074296
8.3086742983218098	1.0000157096727007
8.3118896468807915	0.9998867665246699
8.3149008542718779	1.0000599724923731
8.3178657917013563	0.9999063940770166
8.3208287060314596	1.0000699638384412
8.3238072341065585	0.9999177039637618
8.3268036132866783	1.0000711790009842
8.3298213963643448	0.9999245070052390
8.3328589064501308	1.0000694275337134
8.3359181856348741	0.9999293336824076
8.3389974431063454	1.0000665795308210
8.3420986862254605	0.9999333668150674
8.3452204156148557	1.0000632826151887
8.3483648736790563	0.9999371511028418
8.3515309585761823	1.0000597156372295
8.3547213035528447	0.9999409834603822
8.3579353537431977	1.0000558501712533
8.3611763533094177	0.9999450962471798
8.3644445822167892	1.0000515296761432
8.3677443047583751	0.9999497631927432
8.3710772254414731	1.0000464533149798
8.3744494976925825	0.9999554125133329
8.3778655929963808	1.0000400579699078
8.3813356935292749	0.9999628498257850
8.3848706491621403	1.0000311840349503
8.3884912330250092	0.9999737493969224
8.3922275448524886	1.0000178460934617
8.3961412922936862	0.9999862779456629
8.4003805901384663	1.0000497329830054
8.4071415047728735	0.9998369573559608
8.4109401784674738	1.0000183909202560
8.4140945187939682	0.9998828216889570
8.4170763477989947	1.0000599201298555
8.4200318728819550	0.9999060919486459
8.4229989254510116	1.0000683239002344
8.4259915675131563	0.9999193856317501
8.4290096819199025	1.0000685979196244
8.4320552428342097	0.9999272534223858
8.4351254082465861	1.0000662419947561
8.4382213873023275	0.9999326851984708
8.4413408071023337	1.0000629813003921
8.4444852815544067	0.9999371113573751
8.4476531227847644	1.0000593582017960
8.4508465214418838	0.9999412248203494
8.4540645329297828	1.0000554574024012
8.4573100925951614	0.9999454359899210
8.4605832174580460	1.0000511469626641
8.4638879552533375	0.9999501025521635
8.4672258307429331	1.0000461221395165
8.4706028443896191	0.9999556955025335
8.4740233430213419	1.0000398088063265
8.4774973990349487	0.9999630445365035
8.4810357700601973	1.0000310357644602
8.4846591449504185	0.9999738400827639
8.4883975347552205	1.0000178036717668
8.4923125432310371	0.9999862738937724
8.4965521763012628	1.0000497749766752
8.5034332100317673	0.9998593670120697
8.5078049706720762	0.9999927212542440
8.5115173419627155	0.9999267859468935
8.5150045201008133	1.0000288278735057
8.5184388851293118	0.9999471436229669
8.5218816055311706	1.0000342310695201
8.5253652077885054	0.9999601025636660
8.5289077840469947	1.0000292165664590
8.5325333953771381	0.9999728880604253
8.5362729413723351	1.0000172447539255
8.5401885840647083	0.9999859791954688
8.5444283825060925	1.0000496426681804
8.5513755151376607	0.9998717430065313
8.5561552934977012	0.9999759468745246
8.5604677572327628	0.9999612629071166
8.5648422370244273	1.0000420414421329
8.5718955374251120	0.9998659943970134
8.5768001707823025	0.9999726844410364
8.5813806417186758	0.9999180284848539
8.5885567304246031	1.0001290425025080
8.5934526213846141	1.0000212028357556
8.5978061533098469	1.0000371526078198
8.6021958413082906	0.9999561045461238
8.6091856469646988	1.0001460926912393
8.6136515446927859	1.0000108222695083
8.6174261188121086	1.0000705446810352
8.6209659430722319	0.9999736254180324
8.6244506005546278	1.0000485499814800
8.6279505272546473	0.9999687924739157
8.6315006311458404	1.0000339923854675
8.6351295464346229	0.9999756875798361
8.6388709488300517	1.0000187637363018
8.6427874028832345	0.9999868118554995
8.6470275020104506	1.0000501013944512
8.6539271865285752	0.9998630042183078
8.6584078538559996	0.9999883024893215
8.6622540203859266	0.9999363166719037
8.6658892667233420	1.0000199614625365
8.6694936200164978	0.9999600338665184
8.6731426813169961	1.0000202332399339
8.6768936059019293	0.9999785505080578
8.6808124858979721	1.0000112576088902
8.6850548062060291	0.9999483041629877
8.6918647321915454	1.0001522184958513
8.6958901823382195	0.9999906424701626
8.6992337533772091	1.0001007390037040
8.7023655934004847	0.9999474865892763
8.7054412763209186	1.0000821631305319
8.7085098900304114	0.9999369752111246
8.7115859957461499	1.0000725486615203
8.7146751917129333	0.9999347788752608
8.7177769765123649	1.0000674583614018
8.7208926639664277	0.9999352126131626
8.7240201460955227	1.0000643529141982
8.7271605487885822	0.9999364976943054
8.7303117172038682	1.0000621070614351
8.7334749537734844	0.9999380260521534
8.7366482415120323	1.0000602447971385
8.7398330545788401	0.9999396025578593
8.7430275339058099	1.0000585539217495
8.7462333079159276	0.9999411843951845
8.7494486822587678	1.0000569242435606
8.7526754407275966	0.9999427870395177
8.7559120708478844	1.0000552815337573
8.7591605334789406	0.9999444521513310
8.7624195342599069	1.0000535586509385
8.7656912583175455	0.9999462399386435
8.7689746957485379	1.0000516792869061
8.7722723419442570	0.9999482331419060
8.7755835889033342	1.0000495430532734
8.7789113963846059	0.9999505503305497
8.7822557710177787	1.0000470038760558
8.7856204245452467	0.9999533733214334
8.7890063875222264	1.0000438298513288
8.7924187041063924	0.9999570046711764
8.7958602945855979	1.0000396166579548
8.7993388559443062	0.9999620007102874
8.8028612958387082	1.0000335740572379
8.8064415568425130	0.9999695103013672
8.8100968856496173	1.0000240278755150
8.8138602313822858	0.9999815503095055
8.8177888796252244	1.0000126547567922
8.8220334242622798	0.9999485987325204
8.8289844246630658	1.0001252484739926
8.8338580046560207	1.0000237536713090
8.8384256760335056	1.0000800030638024
8.8455562153254892	0.9998652359193685
8.8502893127056161	0.9999848562872108
8.8543490690717448	0.9999476566380601
8.8581905412843707	1.0000107336343460
8.8620280704315455	0.9999744615487093
8.8659848130280832	1.0000090885855508
8.8702395256354514	0.9999464407976153
8.8771884830899825	1.0001265910692201
8.8819943706082558	1.0000226417571330
8.8863219677544372	1.0000374128617122
8.8907019394324092	0.9999562006105405
8.8977491313474211	1.0001330869698144
8.9026683133744964	1.0000261382107183
8.9072508468272726	1.0000816201308633
8.9144247415299631	0.9998711068364956
8.9195031103549258	1.0000285924957475
8.9269971260922123	0.9998273477415495
8.9318757556088411	0.9999748737493803
8.9359163540765358	0.9999346419437247
8.9396543028979760	1.0000151900430865
8.9433208918926752	0.9999604845782437
8.9470109133962641	1.0000185877878334
8.9507891245791296	0.9999786921162670
8.9547237044125207	1.0000111755351402
8.9589703749474516	0.9999477834700692
8.9659027332150583	1.0001287900624105
8.9706347450818313	1.0000199223606379
8.9748262092630959	1.0000411777331362
8.9789171273374038	0.9999974305015127
8.9832177137349838	1.0000580824749936
8.9902085157801288	0.9998743659975058
8.9950984356751871	0.9999760301568031
8.9996731439907371	0.9999194198071775
9.0068125449846068	1.0001338571640139
9.0115496729491653	1.0000142816516506
9.0156114027903538	1.0000512145921747
9.0194566621609660	0.9999883395317293
9.0232955565715027	1.0000244797486757
9.0272546439079218	0.9999898995461510
9.0315087042130227	1.0000526065243491
9.0383892319007213	0.9998593898911616
9.0427598694406708	0.9999944540327411
9.0464446990716301	0.9999234052156991
9.0498763220107943	1.0000344908761418
9.0532237542953826	0.9999386720615174
9.0565424563663939	1.0000453192036907
9.0598562739524748	0.9999451160946851
9.0631708104275877	1.0000482119427279
9.0664909843776513	0.9999480781207446
9.0698161641539770	1.0000485748871690
9.0731487120446737	0.9999497705024740
9.0764873714351157	1.0000480226886075
9.0798342508032377	0.9999510810635179
9.0831882201622989	1.0000470557354333
9.0865515423539502	0.9999523791453434
9.0899233846439831	1.0000457911582976
9.0933063428295799	0.9999538639788379
9.0967000483642000	1.0000441850522639
9.1001076564746501	0.9999557123340308
9.1035295573980779	1.0000420853332037
9.1069698773685221	0.9999581640686587
9.1104303475613175	1.0000392019728448
9.1139169380215588	0.9999616237344413
9.1174340098815332	1.0000349835923608
9.1209914974176396	0.9999668792709396
9.1245998840755238	1.0000282819776745
9.1282794200108270	0.9999756086635669
9.1320592213048997	1.0000170524840317
9.1359993260837538	0.9999862363215063
9.1402457072680967	1.0000506489627807
9.1471499374008935	0.9998649386691373
9.1517099886596007	0.9999867060668175
9.1556283200928732	0.9999393532500052
9.1593124418865930	1.0000196790741316
9.1629378982935794	0.9999594580111602
9.1665744500227166	1.0000235612879229
9.1702668431599044	0.9999732081451854
9.1740525790386513	1.0000156352709584
9.1779955278556624	0.9999854761483258
9.1822427532988087	1.0000503190401637
9.1891765370717486	0.9998703124337340
9.1939266227685188	0.9999787185165890
9.1981372214433446	0.9999581701499727
9.2022384461915347	1.0000016767984703
9.2065431727185079	0.9999406251915517
9.2134711663559035	1.0001356776566792
9.2179812561709316	1.0000085117974584
9.2218071885012378	1.0000662739744322
9.2253745164567942	0.9999713870400631
9.2288521261293539	1.0000507816072493
9.2323027093454186	0.9999618517582176
9.2357501773318216	1.0000440902704069
9.2392060911863769	0.9999602403385153
9.2426749180362489	1.0000401414107591
9.2461624823283266	0.9999616696523945
9.2496720388350511	1.0000364130621919
9.2532111213634920	0.9999651432002864
9.2567863926983485	1.0000313395867639
9.2604114352698215	0.9999713104692990
9.2641029828120480	1.0000229667108143
9.2678932505106459	0.9999820667616608
9.2718382967784301	1.0000127127663594
9.2760872711978326	0.9999480603131331
9.2829829247563609	1.0001349222464255
9.2875223710009553	1.0000108106400947
9.2913997905740580	1.0000628828829503
9.2950264824204023	0.9999749521500971
9.2985693046787432	1.0000461932696478
9.3020924274820356	0.9999666574461478
9.3056226346370998	1.0000381431256500
9.3091755684029316	0.9999670115618627
9.3127614414626976	1.0000317006590946
9.3163948611159473	0.9999720393542445
9.3200930437860663	1.0000230136753712
9.3238881829137821	0.9999822812682055
9.3278362026709818	1.0000127882744350
9.3320859807697065	0.9999479945103309
9.3389859485544875	1.0001339917736829
9.3435581828303000	1.0000119787451480
9.3474766662630184	1.0000602483383849
9.3511485894937021	0.9999774241452106
9.3547419933727092	1.0000426166456939
9.3583239201097310	0.9999705004855786
9.3619253093246115	1.0000330386843324
9.3655680828021008	0.9999732295658522
9.3692726074734800	1.0000233902586453
9.3730720002996648	0.9999826354322159
9.3770225322357792	1.0000129493258023
9.3812729973769997	0.9999479929516786
9.3881688198739504	1.0001347028425707
9.3927199023027974	1.0000109240840915
9.3966054880427325	1.0000627589894087
9.4002335048853247	0.9999744223218910
9.4037691672400481	1.0000472442262731
9.4072746981309052	0.9999647752841186
9.4107740603055721	1.0000410265793109
9.4142788581420049	0.9999628525510367
9.4177934379657291	1.0000376058417291
9.4213234750019730	0.9999638419762570
9.4248719690077838	1.0000344427013366
9.4284462086527707	0.9999667692778169
9.4320525332357921	1.0000299940002282
9.4357041951525424	0.9999722954336597
9.4394174879992345	1.0000223158935462
9.4432240676465806	0.9999823478306578
9.4471791193745354	1.0000127328075281
9.4514308093985999	0.9999477195977495
9.4583472828222437	1.0001305565590699
9.4630407649268413	1.0000166036078597
9.4671299342107176	1.0000491525585251
9.4710172552239182	0.9999897465902964
9.4748930723190394	1.0000236345389542
9.4788759418105286	0.9999897449363531
9.4831362890942312	1.0000533735225661
9.4900741718767314	0.9998713461774648
9.4948563335356511	0.9999788599368195
9.4990944021150980	0.9999589464315385
9.5032125257014339	1.0000020028062389
9.5075218973858338	0.9999402495042718
9.5144989917400355	1.0001260255260500
9.5193589796150420	1.0000220946947356
9.5237201975116434	1.0000370090320911
9.5281096785301855	0.9999549769093206
9.5351099031859050	1.0001406685004923
9.5397649569978125	1.0000153800534382
9.5437345435097836	1.0000600986890233
9.5474385921594589	0.9999787729988325
9.5510515687869049	1.0000425504693460
9.5546420086464234	0.9999703362779966
9.5582397174004097	1.0000342722381068
9.5618631687747264	0.9999710513528102
9.5655262666349596	1.0000271229766431
9.5692497445895608	0.9999773564479253
9.5730622749962109	1.0000167344412232
9.5770223811657544	0.9999863250909149
9.5812741988309966	1.0000513999205800
9.5881806271901500	0.9998663271990151
9.5927989717957267	0.9999857187065713
9.5967713192355451	0.9999414708903859
9.6004914470922973	1.0000196761461888
9.6041297379527393	0.9999586080589485
9.6077499611261707	1.0000268634951142
9.6113864557616431	0.9999674190042925
9.6150576762669004	1.0000246912285675
9.6187869907758010	0.9999762646906261
9.6226034794632902	1.0000159955991434
9.6265659898652043	0.9999859528152775
9.6308184499841865	1.0000512865930629
9.6377226332625945	0.9998659255954934
9.6423312360702447	0.9999862586650662
9.6462860443271126	0.9999400586674849
9.6499803109961277	1.0000215088087090
9.6535820430378543	0.9999556583192640
9.6571512045952392	1.0000307115640068
9.6607163433021874	0.9999618612453171
9.6642872575535126	1.0000321991718224
9.6678732794703990	0.9999656512427786
9.6714792557395217	1.0000303961967774
9.6751150696073420	0.9999699352614573
9.6787904483096945	1.0000256358993038
9.6825247378220070	0.9999771265124451
9.6863455906391085	1.0000162800083749
9.6903109110921104	0.9999861444084607
9.6945641305843804	1.0000514899545963
9.7014953418462557	0.9998711997446980
9.7062896872883080	0.9999785161596063
9.7105405897878754	0.9999591406861447
9.7146671318137905	1.0000020534634533
9.7189787804631269	0.9999399856072620
9.7259282982279451	1.0001307529607608
9.7306223548175179	1.0000145100175686
9.7346748430854593	1.0000525247649634
9.7384872674151186	0.9999839474630251
9.7422352417700342	1.0000326242993323
9.7459994646842691	0.9999812702724713
9.7498333836562487	1.0000184762415092
9.7538040436001410	0.9999872998371070
9.7580591403632599	1.0000521820949020
9.7649910777572178	0.9998713985114784
9.7697879120637925	0.9999786001653709
9.7740408126998197	0.9999592296858347
9.7781685640086096	1.0000020983242701
9.7824805497517424	0.9999399729550082
9.7894561631105788	1.0001258908328658
9.7943290779114882	1.0000220459052553
9.7986998141273567	1.0000369321809823
9.8030918885189138	0.9999546106097171
9.8101071892826752	1.0001374886085477
9.8148812385383977	1.0000195878698483
9.8190203677209613	1.0000493251619869
9.8229398252787341	0.9999908221543967
9.8268366360251100	1.0000236108822671
9.8308315176826717	0.9999898377805823
9.8350952707634196	1.0000538142141413
9.8420053891510300	0.9998665858548024
9.8466275190140600	0.9999864404204681
9.8505918878216754	0.9999404679843842
9.8542906383136177	1.0000217737979193
9.8578915701753544	0.9999553440625273
9.8614541901052544	1.0000315566610845
9.8650060931596677	0.9999606433293469
9.8685556462192885	1.0000340323059729
9.8721100424373649	0.9999631168072641
9.8756710459849888	1.0000338941810523
9.8792438476523738	0.9999651594803731
9.8828309171915691	1.0000322040313965
9.8864394940829090	0.9999680357735050
9.8900757151801120	1.0000286448864355
9.8937527332377773	0.9999731227782636
9.8974865758374762	1.0000216941363338
9.9013085180044769	0.9999825879734807
9.9052729949831431	1.0000127479618970
9.9095272616404309	0.9999473998536551
9.9164343786875140	1.0001318924687603
9.9210879273786929	1.0000142913375278
9.9251024146208593	1.0000548226836403
9.9288735658070451	0.9999819725809710
9.9325715394436802	1.0000360731380071
9.9362700013665837	0.9999771918307506
9.9400104567914358	1.0000241111285959
9.9438333526079958	0.9999837861391485
9.9477975151790705	1.0000134269163254
9.9520517841754685	0.9999477938149386
9.9589739432705500	1.0001293760138634
9.9637195808561643	1.0000184179297202
9.9678837763199386	1.0000447482235399
9.9718723808103533	0.9999945484120024
9.9759005486171812	1.0000197146737031
9.9801769160159939	0.9999502179142423
9.9871022577046507	1.0001335155039237
9.9917688834400042	1.0000153866152097
9.9957976889687004	1.0000541814061503
9.9995898306465687	0.9999837337774814
