0.0000000000000000	0.0000000000000000
0.6084677587537760	0.0010000000000000
0.6148322040557794	0.0011242457975911
0.6201266411704986	0.0014258994654744
0.6293440506306911	0.0018619779664535
0.6330162829217697	0.0023884730706224
0.6367127039431641	0.0027527820896599
0.6407266205940760	0.0033312555142828
0.6453009694012566	0.0040349881975300
0.6528415344963421	0.0057778351952720
0.6581160953430705	0.0071260452982523
0.6627278959191027	0.0086629241864896
0.6671090365390773	0.0103592571590219
0.6713113052252393	0.0123527701754338
0.6753858609164425	0.0145269212383952
0.6792775358412423	0.0170497156397487
0.6830717454165444	0.0197424285140258
0.6867481634645448	0.0228837880890784
0.6904115988082407	0.0262804076830040
0.6940159397481994	0.0302486254782786
0.6976558267665530	0.0346115631296763
0.7012538112683951	0.0396619443560519
0.7049062474697027	0.0452724759060767
0.7085147004552305	0.0516868932400142
0.7121855378768914	0.0588505520553372
0.7158053328761304	0.0669421929132790
0.7194907736061230	0.0759926706614337
0.7231186146447295	0.0861033347677442
0.7268106366150494	0.0973883558408590
0.7304420662395448	0.1098720459672489
0.7341294669888285	0.1237210807338908
0.7377599453614360	0.1389142655571844
0.7414290540906786	0.1555907456707055
0.7450546980278393	0.1737701230548012
0.7486906940046322	0.1934146552837029
0.7523086655430151	0.2147444700415618
0.7558978390185912	0.2373234007950460
0.7595065466239340	0.2618000554027943
0.7630397861167222	0.2870818038131169
0.7666394794712631	0.3144922647505073
0.7701165730336523	0.3420697685653775
0.7737107434289114	0.3719828294054107
0.7771442792308356	0.4013387323726092
0.7807421094662568	0.4331406086513639
0.7841595471647088	0.4637237115315376
0.7877770486791701	0.4966708506230190
0.7912163926902495	0.5279061775749442
0.7948707667747975	0.5611255625391557
0.7983698476221989	0.5923405278470296
0.8020746354189179	0.6248473963448401
0.8056691961018461	0.6552866358219767
0.8094439529985153	0.6861541584121261
0.8131669262316510	0.7150306463988161
0.8170163484038091	0.7433264300746970
0.8208607057948676	0.7696619428235253
0.8247645874228896	0.7945544397262545
0.8287116184279781	0.8176166117762786
0.8326718580151887	0.8387987416591262
0.8367377485256519	0.8584177996252758
0.8408534513392731	0.8762859544870086
0.8453099777749411	0.8933475530441665
0.8512889293096637	0.9132941151662041
0.8557600081090735	0.9256680415446749
0.8592367223407453	0.9343598552936933
0.8625107114323343	0.9414729648932753
0.8657475963726095	0.9480050527976247
0.8691074495776437	0.9538767257792223
0.8725262614864920	0.9593607037890208
0.8761123015466078	0.9643220016056410
0.8797942196010994	0.9689063256067096
0.8837188744987339	0.9730964963642239
0.8879603677761743	0.9770879352523498
0.8956828148569818	0.9826867534112519
0.8996185986335202	0.9852120646933854
0.9031262176333815	0.9869739069243630
0.9065294275988771	0.9886515832937056
0.9099724100753382	0.9899737940022902
0.9134652329998105	0.9912971760273138
0.9170618757946948	0.9923618848374569
0.9207718475240063	0.9934177856066562
0.9246803505287083	0.9943065450501046
0.9289176084879394	0.9952223120310111
0.9359597461458263	0.9961824991620595
0.9403128442450097	0.9968825966882879
0.9440564481614578	0.9972422401982509
0.9475959140766249	0.9976825045588610
0.9510902013880694	0.9979056839503330
0.9545778371120524	0.9982490032421862
0.9580801754728544	0.9984023813464229
0.9615927818276057	0.9986793587328512
0.9651201248610491	0.9987810921686914
0.9686555914131026	0.9990078913476927
0.9722032135225850	0.9990699981642566
0.9757594662371541	0.9992577320559949
0.9793300222424526	0.9992906425721322
0.9829141957365837	0.9994469606915563
0.9865190818820228	0.9994597892714236
0.9901465505231386	0.9995895819686742
0.9938062157293048	0.9995905956725315
0.9975051439338525	0.9996957995986020
1.0012616273122705	0.9996943316721500
1.0051002496657429	0.9997723214758772
1.0090773228816419	0.9997778877269414
1.0133336646040909	0.9998757566410258
1.0202440676128084	0.9997326995273045
1.0248863348778310	0.9998735309569033
1.0288851275905344	0.9998477509361179
1.0326384079306534	0.9999348445794932
1.0363292345151189	0.9998921855525644
1.0400395072724655	0.9999574469143832
1.0438315793110455	0.9999261945326404
1.0477742684920330	0.9999656698545065
1.0520232854346747	0.9999086252414571
1.0589793931855247	1.0000937270495747
1.0639870201895276	0.9999573857535080
1.0719677603340259	1.0001528560711674
1.0774149452385116	0.9996759240922103
1.0825197436724079	0.9997904237037897
1.0899748376445002	0.9999044415912884
1.0941548016121381	1.0000200956482148
1.0978510182846248	0.9999606886149685
1.1013741735537093	1.0000546958604861
1.1049077375684511	0.9999936286489570
1.1085526888799722	1.0000524890126441
1.1124055762242395	1.0000239395309012
1.1166301857804886	1.0000897168890259
1.1235552558810533	0.9999111929416459
1.1283956848196912	1.0000247362785448
1.1329293914811513	1.0000043519474793
1.1372880771659526	1.0000634410216585
1.1419244841106131	0.9996514472356585
1.1474219313408716	1.0002837181676902
1.1574279549598370	0.9997075956836317
1.1640235449659613	0.9999015534800068
1.1686659114689457	0.9998791378854591
1.1727430814549968	0.9999426334842196
1.1766782474865665	0.9999431986068077
1.1806097680055214	1.0000141856696272
1.1845751858452283	1.0000089753568264
1.1885863337971794	1.0000572613518524
1.1926382318421334	1.0000409685101865
1.1967440789956096	1.0000682393793248
1.2008982531816319	1.0000460918010421
1.2050836601207511	1.0000661577080121
1.2092979611231662	1.0000344347480856
1.2135974739079098	1.0001035753972132
1.2196365304581664	0.9997731268812075
1.2248678790540266	1.0000855682751875
1.2299104221379580	0.9997347260783824
1.2339496070652627	0.9999904825492694
1.2380390480312387	1.0000322759731921
1.2420105068960590	1.0000828547892795
1.2460733217863433	1.0000646378584663
1.2503455204682894	1.0001465398907785
1.2565145164328790	0.9998824147620109
1.2682417881737624	0.9996350380397683
1.2844956140347354	0.9998047750802941
1.3005811707942099	0.9996587946255081
1.3189237202987676	0.9998232836415519
1.3220266930322782	1.0000323119452827
1.3253083931146841	0.9999380902296486
1.3289360134986556	0.9999987320827763
1.3331184906413440	0.9999597680820310
1.3401441900859521	1.0001524958596721
1.3438667784777256	0.9999841459562216
1.3471520600814291	1.0000914424772207
1.3503817036465322	0.9999628787818478
1.3536664960178086	1.0000571095705619
1.3570448471102721	0.9999669021220173
1.3605412574486113	1.0000329693202876
1.3641895104944461	0.9999812478894572
1.3680497687639004	1.0000135854070107
1.3722760030210499	0.9999514492451446
1.3791445567894964	1.0001440554736230
1.3833727075723385	1.0000036531738210
1.3869843801662034	1.0000756456655826
1.3904360462610181	0.9999732142690255
1.3938977766352139	1.0000458929690788
1.3974412238115148	0.9999762344418435
1.4011164036124630	1.0000223566521707
1.4049920665839790	0.9999880552587190
1.4092215816337459	1.0000492541509447
1.4160761619848692	0.9998525879814266
1.4202301598874731	0.9999994704756064
1.4237520389688267	0.9999156218148930
1.4270972446119696	1.0000334884150630
1.4304314193470022	0.9999419596710598
1.4338105842272448	1.0000349949386333
1.4372667212731300	0.9999606290062072
1.4408219939525617	1.0000253206089091
1.4445121848077902	0.9999789978953518
1.4483967980865169	1.0000119599550967
1.4526296261715348	0.9999497893811604
1.4595623046135744	1.0001306420810476
1.4642032331641686	1.0000192091498494
1.4683159996421762	1.0000431813899116
1.4723590861243669	0.9999981162582665
1.4766467439603010	1.0000568416860161
1.4835584810209417	0.9998578111391349
1.4878638166411022	0.9999949615526622
1.4915202921149000	0.9999248219237561
1.4949817199419011	1.0000278274498897
1.4984240690302482	0.9999499824772242
1.5019127894344375	1.0000284049568362
1.5054897819183843	0.9999690309504807
1.5091918980631791	1.0000168597322803
1.5130847268049978	0.9999853909644268
1.5173184732826368	1.0000485129521568
1.5242052865616513	0.9998590755584913
1.5285609880382487	0.9999919480434701
1.5322794889671034	0.9999285673993045
1.5357974370104921	1.0000251752788802
1.5392883354950853	0.9999526369955875
1.5428174239228358	1.0000268534167120
1.5464265402176136	0.9999702331068892
1.5501521499261375	1.0000164592133349
1.5540590677458439	0.9999854024289502
1.5582965490554337	1.0000490144425973
1.5652223712043125	0.9998671028275911
1.5698378444154182	0.9999820688452625
1.5738817086593628	0.9999501008310603
1.5777792433468227	1.0000048095573477
1.5817545277410412	0.9999787942821038
1.5860150615958521	1.0000466265255961
1.5929308393276123	0.9998608923844967
1.5974106560471799	0.9999880656642992
1.6012428444588831	0.9999341130937076
1.6048481910043091	1.0000226212878314
1.6083991536980748	0.9999547102311476
1.6119589145088677	1.0000276833369015
1.6155632798039963	0.9999674841725913
1.6192357662515469	1.0000219775550125
1.6230115388908766	0.9999809147569233
1.6269475874733381	1.0000122152320190
1.6311941573030597	0.9999481276335309
1.6380834520475525	1.0001364547265064
1.6425652944863622	1.0000091205100290
1.6463817126945299	1.0000661883729220
1.6499558624833053	0.9999731770234986
1.6534583241892093	1.0000478875841345
1.6569566979118631	0.9999667348048971
1.6604828489648504	1.0000367303010436
1.6640599878925100	0.9999707746193687
1.6677102192739641	1.0000251796759829
1.6714686159216108	0.9999819289041645
1.6753940052590073	1.0000129144340477
1.6796377089492864	0.9999488487567361
1.6865886261402592	1.0001255027790505
1.6915859914147782	0.9999733741787338
1.6990596843634702	1.0001650399074000
1.7040696220945604	1.0000299282495781
1.7083628257499270	1.0000468954716470
1.7124876552969208	0.9999998223220525
1.7168007774074658	1.0000594622137697
1.7237712609349451	0.9998682152790749
1.7284321331101660	0.9999827778154425
1.7325015419908090	0.9999510541805999
1.7364126778518907	1.0000050957224247
1.7403946769488099	0.9999789909140688
1.7446572634498554	1.0000469195532187
1.7515862149881756	0.9998634644188154
1.7561529672045881	0.9999840696390528
1.7601112112670239	0.9999437468581966
1.7638880698015751	1.0000109319979855
1.7676841158834100	0.9999731420244745
1.7716174163054941	1.0000086012657567
1.7758656182350554	0.9999469011415818
1.7828270467371770	1.0001248279908950
1.7876866963672546	1.0000237521774289
1.7922509314783968	1.0000794062888836
1.7994133646396064	0.9998695784498722
1.8042968978503220	0.9999776334554732
1.8086445642141384	0.9999617064623565
1.8130313708600947	1.0000425826057604
1.8200948103929224	0.9998653433641492
1.8251280080533769	1.0000226613747323
1.8326452547251348	0.9998318966015799
1.8376303297890189	0.9999682869378008
1.8418993743050349	0.9999509638482205
1.8460071601968884	0.9999985437306508
1.8503170259150388	0.9999396017114491
1.8572462298189814	1.0001381550155168
1.8616648187409002	1.0000078757724373
1.8654377740490313	1.0000657602123082
1.8690262801983188	0.9999792690474819
1.8726215173585434	1.0000366876982740
1.8763184517539166	0.9999848290686799
1.8802022156188760	1.0000155893100293
1.8844354750630932	0.9999521852632168
1.8912547873946324	1.0001542264129810
1.8952508562151256	0.9999931772366061
1.8986126604782607	1.0000972411257065
1.9018046027863262	0.9999560128001956
1.9049744615376938	1.0000728637634717
1.9081652678450485	0.9999494920034233
1.9113867821934407	1.0000601281209680
1.9146399864236252	0.9999496396529365
1.9179203793634463	1.0000535767694616
1.9212256281330582	0.9999512247633796
1.9245508851071136	1.0000498821486969
1.9278952732208559	0.9999530159141239
1.9312558998657405	1.0000472167546346
1.9346343583782326	0.9999550743360658
1.9380304594789730	1.0000444006208322
1.9414487576473418	0.9999579368890952
1.9448923333811654	1.0000404853169969
1.9483695109861254	0.9999623831626521
1.9518881306485028	1.0000344340134830
1.9554632274892949	0.9999696402220672
1.9591131503098556	1.0000245595833253
1.9628718711407134	0.9999816391139816
1.9667975403687394	1.0000127120038638
1.9710413208725508	0.9999486290334650
1.9779929863825427	1.0001250003585533
1.9828636609483004	1.0000234040203717
1.9874306053817825	1.0000794095502201
1.9945110180200964	0.9998556784699808
1.9989397899824668	0.9999955843480232
2.0026143530416296	0.9999206492694026
2.0060208307229490	1.0000353505370640
2.0093454509442394	0.9999366686829513
2.0126490336671878	1.0000448149812948
2.0159570675824146	0.9999445105777868
2.0192755887007681	1.0000463232097330
2.0226095196767870	0.9999488429399759
2.0259580425167485	1.0000454249964501
2.0293232385322977	0.9999517826627262
2.0327035499724402	1.0000437657014363
2.0361007384830812	0.9999542114620755
2.0395133880629408	1.0000418446127473
2.0429434617923135	0.9999565163580587
2.0463899799844798	1.0000397455584136
2.0498554669145772	0.9999589477429988
2.0533397793549000	1.0000373347542260
2.0568466390188216	0.9999618113542873
2.0603776032119994	1.0000342516514864
2.0639389582848811	0.9999656595429695
2.0675360947670769	1.0000297130826827
2.0711814411073184	0.9999716627585659
2.0748905500996275	1.0000219962930044
2.0786944853647227	0.9999819685681718
2.0826480547015307	1.0000124353008062
2.0868993125141513	0.9999475250839517
2.0937765788782539	1.0001377844098152
2.0982229659524112	1.0000061597439178
2.1019686106501791	1.0000727126067888
2.1054366951332124	0.9999643997676919
2.1087940478632179	1.0000607199655267
2.1121027968349888	0.9999512388097207
2.1153875573318226	1.0000567013818016
2.1186615899052033	0.9999469514344206
2.1219311624337118	1.0000546763089406
2.1252036145751134	0.9999464604478310
2.1284824987961231	1.0000525329227421
2.1317739636604816	0.9999480445181960
2.1350805043802268	1.0000497089405227
2.1384074722852269	0.9999509042063861
2.1417567013697636	1.0000461720801910
2.1451332033853689	0.9999546685841567
2.1485389505332417	1.0000418947040790
2.1519797445830600	0.9999593655255492
2.1554593866481460	1.0000365273411782
2.1589869992877051	0.9999656005576230
2.1625721807748133	1.0000289882470390
2.1662343094455196	0.9999750405936427
2.1700018767996379	1.0000171748646280
2.1739347206235329	0.9999861808964645
2.1781791039127012	1.0000503456360204
2.1850958243016652	0.9998669387482340
2.1897191457277123	0.9999841178651646
2.1937246465723330	0.9999446878254347
2.1975077902009286	1.0000147936931343
2.2012418633851003	0.9999658281495041
2.2049987959727391	1.0000173834959190
2.2088316038163485	0.9999803221602729
2.2128008983117127	1.0000114920983978
2.2170567424757470	0.9999466075513269
2.2239605553813000	1.0001321968643120
2.2286263760159288	1.0000149847570550
2.2326462936363862	1.0000563291767677
2.2364091966438644	0.9999817456137733
2.2400777326362435	1.0000411373617373
2.2437142577127531	0.9999733670181339
2.2473420154714674	1.0000362759539776
2.2509706807327272	0.9999715987840043
2.2546011503448184	1.0000349437976772
2.2582346704094638	0.9999714361989807
2.2618687003200817	1.0000348568694855
2.2655043073957177	0.9999716306057999
2.2691404832225834	1.0000347228530648
2.2727814857334359	0.9999724153041859
2.2764307859669262	1.0000332643973329
2.2800986013988811	0.9999748520113295
2.2837962075951332	1.0000288459361861
2.2875450676298015	0.9999808230381310
2.2913749173047959	1.0000192850066534
2.2953452299365642	0.9999888519971232
2.2995999160561280	1.0000539197064464
2.3065205197962335	0.9998707948671165
2.3112524899207689	0.9999818465648851
2.3154015173064133	0.9999540024098045
2.3193742281127330	1.0000045488570337
2.3233935131788197	0.9999787390642274
2.3276663057705336	1.0000474696713322
2.3345713314669583	0.9998592972350699
2.3390787394109509	0.9999856812566095
2.3429372365342371	0.9999344447683548
2.3465868761657913	1.0000156438464445
2.3502257068410217	0.9999612674662388
2.3539497694594789	1.0000112289529532
2.3578502295031427	0.9999807485146029
2.3620868623031046	1.0000445301646288
2.3690026506907382	0.9998600095549640
2.3734743547029691	0.9999825759945279
2.3773779971316435	0.9999423522867913
2.3811701055329269	1.0000040404235548
2.3850828223878020	0.9999772692354321
2.3893267281967492	1.0000440987812236
2.3962257508689428	0.9998566052265959
2.4005545352854876	0.9999920571025003
2.4042586886901698	0.9999293084155089
2.4077726771761387	1.0000271429964245
2.4112582371991436	0.9999541927464126
2.4147663218861020	1.0000334722358823
2.4183210495347183	0.9999684657222062
2.4219331907929429	1.0000310475435832
2.4256206720875686	0.9999806436313661
2.4294088646906982	1.0000223514030420
2.4333548846102571	0.9999923530886664
2.4376026660617440	1.0000573424401635
2.4444660787678143	0.9998641941617981
2.4487993891593285	1.0000024483929608
2.4524376276164288	0.9999259435761851
2.4558228967392148	1.0000425531579831
2.4591294357274540	0.9999412474924543
2.4624165290667177	1.0000510935112015
2.4657113194438409	0.9999487075042307
2.4690219659734574	1.0000505179344941
2.4723555991948136	0.9999529767100103
2.4757132457597590	1.0000468336919048
2.4790988024995078	0.9999561019895914
2.4825124471005613	1.0000419508945018
2.4859580142573927	0.9999590977655377
2.4894367253806173	1.0000363340122320
2.4929543538192624	0.9999628000427125
2.4965156411803986	1.0000295431558297
2.5001323027594990	0.9999685395286595
2.5038193020890631	1.0000199550354547
2.5076073159278707	0.9999786041851112
2.5115513209860074	1.0000089172736444
2.5157999396458659	0.9999440166276691
2.5226753575732017	1.0001343659219077
2.5274201649967698	1.0000213474143063
2.5315487292910217	1.0000532136360585
2.5354543467186446	0.9999925726292805
2.5393118543287327	1.0000293001137324
2.5432066566222695	0.9999870412262462
2.5472115296823352	1.0000110141437664
2.5514772854206464	0.9999379985313103
2.5582465432069519	1.0001358468819801
2.5628756073980075	1.0000071302520155
2.5668167678449407	1.0000525531902575
2.5705436102828845	0.9999789859552073
2.5742864533137095	1.0000207492601114
2.5781855428595795	0.9999838236969423
2.5824242796012764	1.0000440641361259
2.5892381733238747	0.9998365837565094
2.5966337464279365	1.0002506954442942
2.6022301391735083	0.9999434856990153
2.6080615724871219	1.0003035518332071
2.6361596523135522	1.0000500860856516
2.6401482491049824	0.9999104106851094
2.6440630372342793	0.9999548003879910
2.6483298557208075	0.9999026281160377
2.6547708524102260	1.0001323464619194
2.6683131250692527	1.0004666263362418
2.6916232140620582	0.9999606235173436
2.6979223674260440	0.9996837551978472
2.7054091135454592	1.0001715080422253
2.7113709843117819	0.9996472421984481
2.7154999432431359	1.0000401323291808
2.7189391415556106	0.9999598531782296
2.7221742633638963	1.0001152311163317
2.7255491935765201	1.0000324902229676
2.7292368624722210	1.0000543706936165
2.7334270075270570	0.9999582485773975
2.7394541171629871	1.0002245070407441
2.7495288018255097	0.9996428792899394
2.7526950174379827	0.9999453995008665
2.7559669387929935	0.9998736652707537
2.7594954497312409	0.9999748130643153
2.7632931923291433	0.9999604852011235
2.7674986803301591	1.0000293271222658
2.7744448369885486	0.9998659267077106
2.7792898680062468	0.9999480736745291
2.7838460230591955	0.9997973638720329
2.7885498039290209	1.0001854074024450
2.7925663557626810	1.0000156603553239
2.7966386884303112	0.9999828208593934
2.8005775826431294	0.9999336897034443
2.8043134303986692	1.0000142549967443
2.8078592165909768	0.9999463467129124
2.8113366575131566	1.0000410688637695
2.8148485579598832	0.9999802453865216
2.8184471904679382	1.0000476810523631
2.8221516253146754	1.0000036399351468
2.8259555278850526	1.0000458842893041
2.8298466702778278	1.0000097331439395
2.8338022259152029	1.0000400369411073
2.8378055823461219	1.0000054969684820
2.8418415757651543	1.0000318115884730
2.8459132395049305	1.0000003497380434
2.8500420310088823	1.0000241434703270
2.8543418389125330	0.9999496022981602
2.8604477172195617	1.0002717010775934
2.8656446990216144	0.9999665698808091
2.8706748418027814	1.0003210717757143
2.8783780507525010	0.9997081015449285
2.8865529477569685	0.9996296793892874
2.9010286052356218	0.9995591491637750
2.9047746508164098	0.9998309734006534
2.9082475152254816	0.9998008434951140
2.9118307870757127	0.9999091662665226
2.9156474114208635	0.9999037261008401
2.9198629029140637	0.9999798913044643
2.9269219653647611	0.9998273855613699
2.9322480553195307	1.0003287023185854
2.9379482040591065	0.9997276877407583
2.9421628858028717	0.9999457283600439
2.9464031171967355	0.9999942968282777
2.9505875237492143	1.0000418732124099
2.9548133667888048	1.0000652951795670
2.9591289854522627	1.0001588696029242
2.9650293112857615	0.9997676088128521
2.9745351283997126	1.0001026872720387
2.9787758653266163	0.9999585312738701
2.9832248172931521	1.0000045886787219
2.9875180676560751	0.9999625296038458
2.9921138244308576	1.0002888259946425
2.9968198666280150	1.0000352045948613
3.0015995449519171	1.0001236177199593
3.0078201483058331	0.9997915183679956
3.0132280770491029	1.0001274053803566
3.0191504257122563	0.9997785576583667
3.0249948009440675	1.0004022473639465
3.0313422547183460	0.9997120871617464
3.0377026984868172	1.0002322568512787
3.0425107446835473	1.0000170831021660
3.0463378388476650	1.0000302959787668
3.0499632588501968	0.9999145524599661
3.0536764220334063	0.9999270379140978
3.0575513630649773	0.9998883282629576
3.0615789863568397	0.9999036185698074
3.0658424822940469	0.9998070278438560
3.0712313862117728	1.0001788090709789
3.0856013034366936	0.9996159056933942
3.0910694972593649	0.9998396140246352
3.0959663032385163	0.9997710780988721
3.1031086980198874	1.0000800884682175
3.1067321800643253	0.9999154994559855
3.1099662603644416	1.0000526430210250
3.1133244302274141	0.9999868924844560
3.1170094357683462	1.0000472168641077
3.1211912145150253	0.9999862001416440
3.1267946186129318	1.0003254630843015
3.1372757779086005	0.9997320399242753
3.1422857551614722	0.9999032370069908
3.1467696344615934	0.9998876459423235
3.1511379976343830	0.9999538678435412
3.1557897795086531	0.9995903583193178
3.1595421287526309	0.9999649387318799
3.1640904641370113	0.9998456571892114
3.1680462019349913	1.0000550989143067
3.1713675141115902	0.9999570981940655
3.1743751966960132	1.0001412040520934
3.1773118755262280	0.9999796275379172
3.1802670036832477	1.0001360555022332
3.1832745608495512	0.9999828243992646
3.1863343244059443	1.0001138594818182
3.1894462479015750	0.9999765812926444
3.1926033718296702	1.0000918131344985
3.1958047189975995	0.9999696330589813
3.1990463928846573	1.0000736085029571
3.2023297490189293	0.9999654957140447
3.2056539882342845	1.0000591105370304
3.2090232115669473	0.9999649671107171
3.2124402192694763	1.0000468482231819
3.2159136563166606	0.9999682951031178
3.2194531825792785	1.0000346041616508
3.2230784447598899	0.9999765139126991
3.2268187294551227	1.0000194788988519
3.2307349912683412	0.9999873544102816
3.2349749462975472	1.0000504201380986
3.2418922755620430	0.9998664182719277
3.2464818895640142	0.9999839232758376
3.2504721324360131	0.9999456682023299
3.2542787555085746	1.0000102651451361
3.2580979767927385	0.9999736818102215
3.2620455423486878	1.0000086092755496
3.2662975034881701	0.9999463453752514
3.2732266516581161	1.0001301588658273
3.2778939433178347	1.0000170927863210
3.2819823082690633	1.0000470586576329
3.2859140404358591	0.9999942134743640
3.2899080547306077	1.0000199866542558
3.2941749726953589	0.9999516030278018
3.3011079307423961	1.0001336983499776
3.3057545595661848	1.0000168019027307
3.3097934942928147	1.0000518728567647
3.3136397902623691	0.9999896697104153
3.3174859202691875	1.0000248323790419
3.3214509749158454	0.9999903904942915
3.3257064255541593	1.0000533054638967
3.3326610918168025	0.9998742178382005
3.3376600221977304	1.0000264365774696
3.3451213672918927	0.9998324085240773
3.3500413920143175	0.9999736765683402
3.3541673006486810	0.9999407920227292
3.3580061747341414	1.0000110409899021
3.3617860348910487	0.9999677478155367
3.3656108070807607	1.0000123940803731
3.3695713212713767	0.9999839030596903
3.3738240803574557	1.0000500429285493
3.3807398111440992	0.9998665591298815
3.3853688150528427	0.9999843986097862
3.3893756362702123	0.9999451334652083
3.3931641374490389	1.0000140429917190
3.3969197133502775	0.9999687555997080
3.4007317364253518	1.0000131330711002
3.4046857141577189	0.9999841817160161
3.4089365676299037	1.0000499319686857
3.4158716609628570	0.9998700420154323
3.4206212427408800	0.9999787984350611
3.4248299036029168	0.9999581714385887
3.4289295343455488	1.0000017503525473
3.4332338897201140	0.9999407672951232
3.4402212709219668	1.0001248545151527
3.4451195095297527	1.0000229931129896
3.4496947019076947	1.0000800523285565
3.4568250373527958	0.9998646530285306
3.4615509531564772	0.9999853010634072
3.4655966704898589	0.9999468881635483
3.4694226782055977	1.0000112444767191
3.4732469915126312	0.9999741633370526
3.4771952895237686	1.0000090617611321
3.4814478201474452	0.9999467246651359
3.4883591583856703	1.0001340760903243
3.4929039574829210	1.0000132173861416
3.4968365000509150	1.0000558450475270
3.5005926370675549	0.9999871722520693
3.5043712119456099	1.0000260725498449
3.5082953306050868	0.9999903344332326
3.5125398593314081	1.0000516692944066
3.5194642220424939	0.9998662388024974
3.5240295659998830	0.9999835574426890
3.5280207789571110	0.9999482135523645
3.5318772388161559	1.0000052913539403
3.5358276330471390	0.9999786858027255
3.5400815619402657	1.0000457218721082
3.5470620203341463	0.9998718243094735
3.5519052590601023	0.9999740209494471
3.5564673978481158	0.9999199920108935
3.5635669726872807	1.0001425198545573
3.5679697748440593	1.0000042019591442
3.5716637897101244	1.0000729208992574
3.5751438163650824	0.9999711886311233
3.5785958087109933	1.0000482401357751
3.5820927879561100	0.9999705689937313
3.5856746790984024	1.0000294699210852
3.5893818393065327	0.9999819228504584
3.5932762816363559	1.0000132908122867
3.5975116808930085	0.9999500192801154
3.6044395058894789	1.0001312007362089
3.6092270064755549	1.0000249429894192
3.6135402888646584	1.0000361589782465
3.6179162846072939	0.9999478438454678
3.6235960338726425	1.0003418952523389
3.6288794533556192	0.9998257936485933
3.6328986634093128	0.9999837428453811
3.6374169468419062	0.9999086164333736
3.6421172627930303	1.0003321738397655
3.6456265622508730	1.0000096248649981
3.6491663150719531	1.0000589530193296
3.6526918654618723	0.9999529749322724
3.6564693815215410	0.9999672391189053
3.6606798238655562	0.9998862779320493
3.6671395074418811	1.0001062210440554
3.6714415664396127	0.9999621906734695
3.6750734462270689	1.0000355993638188
3.6785508379912653	0.9999405260252088
3.6820522741572246	1.0000117844418377
3.6856404768250273	0.9999514063753110
3.6893556163475951	0.9999986972441027
3.6932568127749783	0.9999694244749079
3.6974927909995436	1.0000350713863810
3.7044387917634380	0.9998593891921881
3.7088531840704033	0.9999886926600933
3.7126579215755866	0.9999370360395579
3.7162719258307582	1.0000234152621987
3.7198677840050176	0.9999644645662816
3.7235154704035880	1.0000249624514934
3.7272680376189511	0.9999835049778237
3.7311885749148992	1.0000154548785014
3.7354312149775457	0.9999510579273455
3.7422907990257266	1.0001420080452281
3.7467284077815637	1.0000112561215986
3.7505194760404290	1.0000666898793857
3.7541184321471324	0.9999798795332064
3.7577184939805939	1.0000362133050871
3.7614172840685547	0.9999835805982825
3.7653017177340038	1.0000136325147637
3.7695352504338326	0.9999495846641837
3.7764238234004224	1.0001381174814343
3.7807563968072468	1.0000043540383630
3.7844682279543407	1.0000664089778029
3.7880046518865380	0.9999734210060527
3.7915366607155581	1.0000390281668865
3.7951363344675784	0.9999747615337180
3.7988528517927640	1.0000182415996040
3.8027532884405777	0.9999849169748635
3.8069893042204761	1.0000470959756151
3.8139323388639177	0.9998673918351720
3.8185999437000180	0.9999775527407667
3.8227403433394178	0.9999548381465261
3.8267991611255514	0.9999994318420529
3.8310922482616352	0.9999400148927396
3.8380881848601507	1.0001224243279951
3.8429562636732606	1.0000206403215299
3.8475234706041603	1.0000757176380517
3.8546105428193096	0.9998507765167447
3.8589370242064107	0.9999919169142885
3.8626030004514487	0.9999253639516055
3.8661355907753885	1.0000141130206699
3.8697549739355255	0.9999647511194060
3.8735845796041670	1.0000041161240276
3.8778056946334072	0.9999462928426167
3.8847894482038736	1.0001213369077284
3.8895607276285280	1.0000209893025276
3.8941027845989638	1.0000724365531628
3.9012039273347270	0.9998484746215409
3.9054173426843906	0.9999913671100451
3.9090673799140374	0.9999307282999907
3.9126820841537029	1.0000058676347494
3.9164946834006158	0.9999762230808085
3.9207124871213819	1.0000398950165077
3.9274676512579818	0.9998239241359526
3.9310104080551129	1.0000222128515397
3.9341020283528323	0.9998882966384723
3.9371660475244838	1.0000440341935899
3.9403095618107304	0.9999305173472774
3.9435481611979832	1.0000425772317072
3.9468826631040526	0.9999534432365121
3.9503028889442344	1.0000372471528856
3.9538028469875073	0.9999660569743309
3.9573727111587989	1.0000317827684553
3.9610072091473207	0.9999733821915062
3.9646980043384965	1.0000271983513414
3.9684410249700366	0.9999777978224150
3.9722294240426264	1.0000234956869551
3.9760612549535637	0.9999807092080573
3.9799332052206680	1.0000199961254121
3.9838500239871957	0.9999838066250287
3.9878218856935312	1.0000149627665309
3.9918859266640339	0.9999868352191023
3.9961659337911293	1.0000557899119031
4.0032372739528066	0.9999038802620041
4.0080452390104613	0.9999757378514461
4.0124494433332636	1.0000159453801494
4.0166571197172276	1.0000313350718864
4.0207067876609992	0.9999594951328450
4.0245480216459688	1.0000001927264246
4.0282480238478975	0.9999273928660150
4.0318783164452956	0.9999887098305579
4.0354975111761844	0.9999261817388029
4.0391403746567462	0.9999861694854992
4.0428288700344224	0.9999372784781010
4.0465806538698281	0.9999906278286281
4.0504209209703435	0.9999594315953630
4.0543990120374751	0.9999959921491405
4.0586553118285407	0.9999359346526576
4.0655574280133848	1.0001278900273201
4.0703299044338408	1.0000221182305684
4.0745432760630473	1.0000465420475304
4.0786439608526699	1.0000048248479492
4.0829478606636878	1.0000673789019174
4.0898386547079140	0.9998656587352530
4.0941281561030216	1.0000051628984576
4.0977743965222340	0.9999356849075388
4.1012580771808089	1.0000326943425102
4.1047754836789627	0.9999682631142723
4.1084165438704732	1.0000238202413736
4.1122692410367678	0.9999915916956211
4.1164930751033131	1.0000531531167332
4.1232927547778768	0.9998449560713010
4.1270584205318244	1.0000244246237517
4.1302516174826467	0.9998992971538305
4.1333238911461034	1.0000577062389027
4.1364098323871845	0.9999296352496382
4.1395413045534468	1.0000609606515987
4.1427293205663238	0.9999469876759128
4.1459714696178729	1.0000572004832047
4.1492680524263976	0.9999573027929649
4.1526146603559253	1.0000514359486536
4.1560109418633209	0.9999639777590609
4.1594529228164170	1.0000453082936498
4.1629403335455413	0.9999685191968479
4.1664695076944760	1.0000394068092680
4.1700402859561505	0.9999716402592148
4.1736491936248736	1.0000339362850685
4.1772963846754569	0.9999738163377622
4.1809789157869783	1.0000289022470772
4.1846980186060430	0.9999755782850729
4.1884527613324698	1.0000239807062747
4.1922483231124605	0.9999779303911629
4.1960914240725282	1.0000178918536970
4.2000029088589681	0.9999830691579464
4.2040252279248911	1.0000113532816572
4.2082951069616490	0.9999434689554920
4.2146699843793849	1.0002235895358778
4.2198378550044477	0.9999148525566971
4.2248435945154759	1.0002619037505958
4.2286021151518476	0.9999369802452156
4.2330911297683009	0.9998983624667500
4.2387355724196238	0.9996563624419375
4.2461204244829176	1.0001561351918091
4.2510060387461079	0.9999863416257988
4.2547701041621648	1.0000585965656894
4.2583524452325925	0.9999792868745500
4.2620235938844626	1.0000222498854150
4.2658884968294712	0.9999884456426720
4.2700967052412375	1.0000613171215558
4.2767078790132480	0.9998976079830940
4.2904634579725789	0.9997792842570844
4.2954706333753112	0.9999889331065185
4.2999822828299985	1.0000110016327888
4.3043974640096847	0.9999711057802076
4.3148747103172491	0.9997633841924719
4.3185111988563758	0.9999352590099354
4.3222020098323783	0.9999174697507015
4.3264368006380263	1.0000250756484457
4.3329789055949135	0.9998598205142479
4.3377158446126707	1.0000014883117321
4.3419347346553954	0.9999948110269743
4.3459524136452634	1.0000334407694247
4.3498007692673326	0.9999579953154067
4.3534203654836761	1.0000282424691005
4.3568638584930515	0.9999268956644835
4.3602466395864719	1.0000155893591225
4.3636807645615896	0.9999354034841660
4.3672566288902095	0.9999937716764822
4.3710689187185503	0.9999607344137933
4.3752836296743185	1.0000240663553153
4.3823114610710352	0.9998646461633321
4.3869472630737221	0.9999526690055145
4.3910006539950626	0.9999053929567449
4.3947609031208019	0.9999865881950366
4.3983718896769366	0.9999274260869772
4.4019310601350892	1.0000147857987378
4.4055132627348277	0.9999634672047729
4.4091662656822059	1.0000288531657122
4.4129324808927555	0.9999944296354689
4.4168588330924816	1.0000361414177168
4.4210416825694985	0.9999760485215405
4.4253126839085244	0.9999639841684179
4.4324262175736493	0.9998557725557922
4.4362047166028971	0.9999994536747879
4.4399944180181716	0.9999927059426080
4.4442399351137114	1.0000619741615742
4.4516395826732449	0.9998673853015969
4.4563798384939739	0.9999776446226500
4.4609064911689140	1.0000037219977660
4.4686413774712506	1.0001379976217701
4.4727363516699548	1.0000517831270153
4.4767201797844436	1.0000374921714590
4.4810166997341554	0.9999656946897523
4.4894793454932653	1.0000793684937581
4.4947377609697776	0.9996465788323363
4.4983370443237183	1.0000662025578348
4.5013061157839855	0.9998978542222683
4.5041542768322964	1.0001255149849053
4.5071509171109110	0.9999931154092363
4.5103283002468961	1.0001077503556923
4.5136786984515247	1.0000174353038525
4.5171722716343199	1.0000783002366809
4.5207988986367242	1.0000149375201641
4.5245586203676380	1.0000475885271032
4.5284921247428036	1.0000091213819622
4.5327355071631770	1.0000665644802333
4.5396756471817294	0.9998809412827766
4.5444757250553875	0.9999834106225906
4.5487410553181595	0.9999629355046465
4.5528797079265626	1.0000041876918344
4.5571941165825702	0.9999407121271434
4.5641540685602440	1.0001282932446736
4.5689556160530067	1.0000173049681575
4.5731417063767621	1.0000463827535748
4.5770886633450001	0.9999882076711657
4.5809619811121349	1.0000278095011039
4.5848357472538313	0.9999840668682596
4.5887562765747196	1.0000170757318096
4.5927819986597491	0.9999873583681408
4.5970520908126709	1.0000544348095239
4.6039858635817987	0.9998750061952463
4.6089147480229817	0.9999781577495841
4.6133385585032451	0.9999643130818572
4.6177431782242886	1.0000492515400965
4.6246536729367858	0.9998502155458395
4.6291261564857615	0.9999923016669271
4.6328224506704663	0.9999185766147833
4.6362246836820997	1.0000350297980882
4.6395387784595457	0.9999350960820227
4.6428415973217279	1.0000420160367482
4.6461694588516105	0.9999461544446409
4.6495346412621146	1.0000392788328150
4.6529448484156166	0.9999541382389728
4.6563991921203440	1.0000347888771026
4.6598973593565587	0.9999598796450735
4.6634335326718706	1.0000313247338386
4.6670035834060375	0.9999636969149458
4.6705989910141472	1.0000297573851895
4.6742138824702932	0.9999658223205695
4.6778392169712539	1.0000299739075464
4.6814701536181511	0.9999667477186016
4.6851004391302844	1.0000311105441340
4.6887298409399483	0.9999674553828199
4.6923582518630624	1.0000317052212055
4.6959927676636681	0.9999693820594480
4.6996414703197509	1.0000299591273913
4.7033208542025093	0.9999742954321900
4.7070509752611907	1.0000237285434264
4.7108671421010282	0.9999842701536301
4.7148271967516466	1.0000146814591973
4.7190804343765871	0.9999495127815788
4.7260240818195927	1.0001271414106214
4.7309206114868347	1.0000250359749883
4.7354944054773149	1.0000821381904319
4.7426195600037184	0.9998667518632622
4.7473923230741866	0.9999853535462786
4.7514854337544303	0.9999492802763413
4.7553495845157547	1.0000108400044976
4.7592014294622071	0.9999748630954969
4.7631661202018467	1.0000090510887147
4.7674231202524160	0.9999458938793137
4.7743709725091845	1.0001259970924117
4.7791834235127881	1.0000218984753761
4.7835154498542858	1.0000365776453679
4.7878966717407936	0.9999551950449849
4.7949430146570959	1.0001322476221128
4.7998649851590898	1.0000252744760254
4.8044482893497804	1.0000809388505771
4.8116210009977145	0.9998704242133315
4.8166996501586317	1.0000281361106234
4.8241690235876300	0.9998233615544782
4.8289101901553471	0.9999779393630212
4.8327919121980232	0.9999254498409315
4.8363840099078637	1.0000201725377675
4.8399254922336103	0.9999542597938876
4.8435140182384657	1.0000212705213882
4.8472170105274897	0.9999768760248087
4.8511061667907702	1.0000109635433199
4.8553407902430372	0.9999493481816557
4.8622705166110958	1.0001315666856470
4.8668869282455596	1.0000190388120644
4.8709759055251149	1.0000441604733432
4.8750039548296726	0.9999986498885155
4.8792877395268572	1.0000567987563103
4.8862917677616240	0.9998746201799448
4.8911309808726440	0.9999755355952629
4.8956926932406768	0.9999212177822308
4.9027972804985014	1.0001433288582897
4.9071951641926779	1.0000071788379485
4.9109333957068584	1.0000665957660528
4.9145274489693342	0.9999837233112473
4.9181899349399902	1.0000297545810573
4.9220460186822139	0.9999913503991971
4.9262726296571753	1.0000499540586394
4.9329359239992376	0.9998150229939755
4.9362862665499687	1.0000382987814689
4.9391732088676310	0.9998654905447804
4.9420163157488846	1.0000630195956355
4.9449138849230554	0.9999036998057941
4.9478775804886386	1.0000641269964290
4.9509062850089380	0.9999244758501744
4.9539893625919253	1.0000609987623799
4.9571210156973793	0.9999356587079264
4.9602919397137546	1.0000572987699721
4.9634978869816102	0.9999420211596136
4.9667317290681305	1.0000541197460806
4.9699908501824437	0.9999458977626562
4.9732699205258886	1.0000516173735190
4.9765678655298489	0.9999485024875109
4.9798810293458402	1.0000495588665290
4.9832099267544177	0.9999505923957752
4.9865526032549781	1.0000475586826059
4.9899112585944367	0.9999527456167597
4.9932857361727958	1.0000451741141474
4.9966800971233045	0.9999554829091668
5.0000962802188988	1.0000419107172427
5.0035407590963548	0.9999593768254846
5.0070185623213934	1.0000371119272671
5.0105403880721999	0.9999652785625892
5.0141175842240333	1.0000296128126180
5.0177712833450654	0.9999748399878093
5.0215316027235355	1.0000174550070970
5.0254597648410879	0.9999862859299317
5.0297029471610042	1.0000502485187253
5.0365991191087591	0.9998628258053817
5.0410847002347756	0.9999887509551675
5.0449233593675009	0.9999349965637540
5.0485361032308109	1.0000222093214211
5.0521001514111710	0.9999563226173221
5.0556852604667704	1.0000251996866099
5.0593363153880961	0.9999717056300873
5.0630914561223550	1.0000160294561939
5.0670158254955489	0.9999853949209396
5.0712580460846972	1.0000495905497182
5.0781929594664010	0.9998695612543075
5.0829061819478891	0.9999789161753202
5.0870838894043660	0.9999573054722176
5.0911647462871867	1.0000013237302352
5.0954639379999795	0.9999410865524665
5.1023863364058535	1.0001374234767846
5.1068266248532534	1.0000067480653012
5.1105868483219714	1.0000697177585303
5.1141026225412691	0.9999696901509270
5.1175416927485813	1.0000527744646330
5.1209644943393036	0.9999609676804583
5.1243931386638106	1.0000448504036110
5.1278376837362876	0.9999600545172845
5.1313013198977471	1.0000401280937596
5.1347886489242391	0.9999619412090575
5.1383017608517081	1.0000360144621383
5.1418470430339829	0.9999655949770293
5.1454300493349789	1.0000308771167608
5.1490633061693609	0.9999716826224602
5.1527625517882196	1.0000226864920656
5.1565590869991844	0.9999821794407108
5.1605081149454888	1.0000127119800368
5.1647581393130073	0.9999479155954009
5.1716624414479098	1.0001330908062602
5.1762641169055348	1.0000128634869319
5.1802171877855416	1.0000584009665754
5.1839211132085570	0.9999784691058993
5.1875400694812583	1.0000416734731408
5.1911373285931468	0.9999702793861673
5.1947387244607039	1.0000343263850897
5.1983587633400052	0.9999700756858187
5.2020062080624934	1.0000289366177362
5.2056941438568662	0.9999740431674160
5.2094380290227074	1.0000216199514587
5.2132681107105494	0.9999828737499773
5.2172377971050334	1.0000128306052121
5.2214934467810101	0.9999472565676319
5.2283956812070222	1.0001325599443769
5.2330299805037130	1.0000131693140824
5.2370097333038919	1.0000574257506809
5.2407311297561208	0.9999787233892591
5.2443620737634102	1.0000409647690804
5.2479714920199720	0.9999711958858840
5.2515922794299543	1.0000323431683860
5.2552482396034046	0.9999734828947741
5.2589613589956334	1.0000231785132785
5.2627661037410904	0.9999826755443832
5.2667196051630771	1.0000129419531836
5.2709709415757846	0.9999478863727999
5.2778446683731755	1.0001387415633309
5.2822699546317420	1.0000061581974369
5.2860032367536869	1.0000726812597776
5.2894771307813624	0.9999665067189644
5.2928621437114698	1.0000572824875391
5.2962219595505955	0.9999565891074015
5.2995816446902948	1.0000497760917346
5.3029539731917490	0.9999554617730557
5.3063444740209382	1.0000447477867818
5.3097598536947137	0.9999577952987034
5.3132040273887018	1.0000398495459939
5.3166849850329179	0.9999623598821560
5.3202097748337120	1.0000335806246883
5.3237922603134082	0.9999696908025636
5.3274495691551467	1.0000240069344490
5.3312144763324083	0.9999816125627663
5.3351441008545599	1.0000126776281073
5.3393889019091336	0.9999485806391724
5.3463040003824558	1.0001319728179408
5.3509319441690675	1.0000155478651049
5.3549558904021541	1.0000517301537213
5.3587904796018231	0.9999889010992399
5.3626279956215717	1.0000245581906122
5.3665878476122675	0.9999899873086341
5.3708418940468547	1.0000527101730099
5.3777818174318064	0.9998707724427862
5.3825254409267629	0.9999790904559381
5.3867292794879704	0.9999581576492079
5.3908261784861811	1.0000017008272741
5.3951297250953223	0.9999407902355061
5.4021096705970209	1.0001262616734232
5.4069435019652543	1.0000221774445455
5.4112858145379930	1.0000371653177245
5.4156701399872231	0.9999557035173444
5.4226665582461093	1.0001422057332150
5.4272581017678103	1.0000139781708590
5.4311610414737279	1.0000635931999540
5.4348056919745567	0.9999766514172089
5.4383666854764998	1.0000453769573145
5.4419113569129856	0.9999684497011792
5.4454687430519328	1.0000362533294971
5.4490569623719427	0.9999696743069135
5.4526900064857671	1.0000282894802537
5.4563889218244741	0.9999766706273439
5.4601830171965782	1.0000170726383613
5.4641317905687687	0.9999863591388608
5.4683805332793671	1.0000510147025305
5.4752651850283325	0.9998617028210035
5.4797268996590418	0.9999908496634731
5.4835151305835561	0.9999305681265952
5.4870546012620363	1.0000276667726486
5.4905225406323810	0.9999487261753507
5.4939854519893503	1.0000339803298386
5.4974800460371815	0.9999604802426526
5.5010276760085164	1.0000293057842480
5.5046548789757761	0.9999729067119516
5.5083944302641887	1.0000173106016967
5.5123097561594561	0.9999859999740726
5.5165495388705486	1.0000496401598082
5.5234000519730948	0.9998535574286541
5.5276077286940595	0.9999993496957319
5.5311435697864342	0.9999140512664114
5.5344610985177747	1.0000385242548406
5.5377278186376575	0.9999341467666728
5.5409971770883084	1.0000458761607240
5.5442930677434745	0.9999457921415270
5.5476225775520458	1.0000443705322086
5.5509937851878064	0.9999542265769205
5.5544108628536160	1.0000391410609077
5.5578835447537829	0.9999626437945366
5.5614218533507884	1.0000307476843511
5.5650459012436766	0.9999737608842856
5.5687851241921082	1.0000177110846729
5.5727007361734637	0.9999862405118861
5.5769405071964631	1.0000497839704456
5.5838759662412611	0.9998696324204658
5.5885787472143909	0.9999790926397230
5.5927479557988784	0.9999571977699016
5.5968237917090011	1.0000013219652568
5.6011215875094926	0.9999412740323492
5.6080643050464065	1.0001338800521253
5.6126160469505342	1.0000116143839219
5.6165244668848535	1.0000591180639846
5.6202150052044857	0.9999806491859727
5.6238645586408618	1.0000366552982609
5.6275519790810220	0.9999796219434423
5.6313300751983162	1.0000196873180618
5.6352669617448612	0.9999875372712331
5.6395128296233707	1.0000511249174195
5.6464483071263079	0.9998705690752392
5.6511892392040437	0.9999789019589528
5.6553924270796720	0.9999580907858475
5.6594892999196382	1.0000016564258927
5.6637927910853119	0.9999407604245422
5.6707726738271207	1.0001262102796227
5.6756081331045287	1.0000221743861855
5.6799517312320420	1.0000371556224141
5.6843363873246053	0.9999556556625849
5.6913524237557374	1.0001385641354428
5.6960704670001636	1.0000189529694115
5.7001546961010758	1.0000513875622417
5.7040304543779987	0.9999902344061261
5.7078958672404116	1.0000243506447766
5.7118719372568396	0.9999900435679915
5.7161304847646823	1.0000532748319941
5.7230347415502330	0.9998647314531870
5.7275817767005055	0.9999884731257449
5.7314626514042963	0.9999358482525765
5.7350818973489677	1.0000251306304422
5.7386080490121110	0.9999508935937551
5.7420997351887175	1.0000351092014645
5.7455838301448177	0.9999567040145956
5.7490684833439678	1.0000374283636160
5.7525609452083346	0.9999597019451476
5.7560632808916870	1.0000369077257458
5.7595810443919788	0.9999623303347260
5.7631171804631540	1.0000346512354723
5.7666793935084693	0.9999659005056843
5.7702743667086098	1.0000303629435876
5.7739158030817395	0.9999718111417263
5.7776204145661429	1.0000225371222520
5.7814203204589401	0.9999822033908311
5.7853712267896666	1.0000127109633492
5.7896218004818163	0.9999478555735102
5.7965267698395966	1.0001329135581685
5.8011366460884055	1.0000133736059724
5.8051050791318302	1.0000570044333699
5.8088357376490780	0.9999807696325922
5.8124996475450068	1.0000376017848722
5.8161700926778659	0.9999764047974860
5.8198883337815195	1.0000248335764155
5.8236948548354821	0.9999835880474970
5.8276490459836507	1.0000134549713717
5.8319005792254384	0.9999481701043142
5.8388233499280275	1.0001297360133028
5.8435504025019203	1.0000182769604242
5.8476969032287753	1.0000453497621695
5.8516722848195863	0.9999945442385557
5.8556925068518444	1.0000198243216438
5.8599666587061812	0.9999505754359972
5.8668883663756972	1.0001345870043321
5.8715159639329082	1.0000144740591570
5.8754999797020409	1.0000565068367027
5.8792496737352566	0.9999824213994916
5.8829427188405914	1.0000352510457842
5.8866610630271161	0.9999803406950968
5.8904600266120362	1.0000193825993173
5.8944090430490688	0.9999875651805789
5.8986583022578305	1.0000516156348498
5.9055552859137297	0.9998639396343998
5.9100779320133405	0.9999880973085082
5.9139539789905191	0.9999375275010984
5.9176051374674303	1.0000202200768822
5.9212160173743689	0.9999603332372462
5.9248663925739118	1.0000206055094643
5.9286164410352367	0.9999787108756493
5.9325342989752805	1.0000114563058142
5.9367764475790752	0.9999485318143784
5.9436407802202265	1.0001423803203200
5.9479370223893584	1.0000039723055292
5.9515780505193048	1.0000758652083708
5.9550206448206469	0.9999700499988561
5.9584403009560338	1.0000506660879522
5.9619083623229221	0.9999697096279740
5.9654656691058658	1.0000308740720838
5.9691540436575341	0.9999819600869213
5.9730370478076180	1.0000136984181016
5.9772694791370791	0.9999508299088724
5.9841003397338897	1.0001503660345437
5.9881747016821523	0.9999954183160548
5.9916005327012556	1.0000920846077168
5.9948400218478577	0.9999574187289912
5.9980469575804793	1.0000691875426384
6.0012694454714035	0.9999505955402144
6.0045213649501976	1.0000566679704996
6.0078072258428863	0.9999512992278268
6.0111256817389735	1.0000493031240452
6.0144771291893715	0.9999540967385985
6.0178590137706474	1.0000442114280119
6.0212721514279579	0.9999574594246774
6.0247148236322827	1.0000399961050628
6.0281892156391574	0.9999611293877984
6.0316954814217514	1.0000357764836421
6.0352385387774614	0.9999655070920426
6.0388225325134792	1.0000305365383662
6.0424587352224739	0.9999717676033310
6.0461617016663425	1.0000224094038725
6.0499616978148261	0.9999821399227011
6.0539130383749873	1.0000125932409500
6.0581636517460682	0.9999477022111463
6.0650709673508176	1.0001322436051090
6.0696970710345806	1.0000133657408599
6.0736780912821686	1.0000568313094951
6.0774071930320606	0.9999790397486493
6.0810456545235017	1.0000408287288474
6.0846541225350235	0.9999698885080798
6.0882550186531912	1.0000351143388004
6.0918581569095869	0.9999675965547665
6.0954655897952019	1.0000327239885383
6.0990804124914515	0.9999674589094224
6.1027024339686013	1.0000312437387933
6.1063350976179711	0.9999683435168598
6.1099795940168828	1.0000295273719286
6.1136419367091825	0.9999703619354030
6.1173271340793436	1.0000265442538856
6.1210472300132786	0.9999745178608985
6.1248170541760389	1.0000205328901286
6.1286664921287821	0.9999828974545651
6.1326480719750851	1.0000126453655322
6.1369070105909902	0.9999466810861234
6.1438130106906845	1.0001311915261899
6.1484978256201614	1.0000142508635397
6.1525344216393218	1.0000545947920387
6.1563067321212959	0.9999800487364764
6.1599767879558067	1.0000396356388530
6.1636073941916276	0.9999704407661703
6.1672227237585373	1.0000347868990263
6.1708338620113992	0.9999676835995681
6.1744435409421659	1.0000330514491826
6.1780549815646806	0.9999669978059668
6.1816674225418318	1.0000323190553868
6.1852828832800801	0.9999669755845302
6.1889000015289533	1.0000318917736151
6.1925206360820244	0.9999671864850241
6.1961433530499983	1.0000315314635917
6.1997700701847691	0.9999675120547473
6.2033994622669653	1.0000311344011639
6.2070336569135929	0.9999679546371343
6.2106716320309854	1.0000306092745161
6.2143159800661092	0.9999685991424054
6.2179663467145545	1.0000298051998930
6.2216263263562750	0.9999696503714606
6.2252970377754897	1.0000284125614740
6.2289843340994260	0.9999715643568694
6.2326928076061732	1.0000257400288624
6.2364339447156114	0.9999754015141928
6.2402217975162024	1.0000201701060640
6.2440853055206311	0.9999832702791825
6.2480757483070883	1.0000128069630454
6.2523371090915729	0.9999465141451123
6.2592358583433638	1.0001322617246529
6.2638938453547723	1.0000127757215327
6.2678809505486992	1.0000583458082688
6.2715834598860933	0.9999757081658147
6.2751639249595543	1.0000460819744326
6.2786853966181368	0.9999634793618032
6.2821728815048941	1.0000433818533616
6.2856391495278299	0.9999586797908562
6.2890896595606796	1.0000430755395726
6.2925310420135263	0.9999568923424011
6.2959668028324680	1.0000427318254972
6.2994036495195198	0.9999570265436506
6.3028456601100062	1.0000413491631723
6.3063005905155913	0.9999589305983000
6.3097739303027636	1.0000383546726141
6.3132756206942968	0.9999628968648010
6.3168145216462719	1.0000330284801526
6.3204062254401041	0.9999698566936996
6.3240692914287688	1.0000238506852197
6.3278376428694676	0.9999816266152801
6.3317691282943924	1.0000126618932637
6.3360144798361873	0.9999485035046312
6.3429002619187473	1.0001374067010755
6.3473524005774991	1.0000081763038378
6.3511353921849540	1.0000684535932531
6.3546741538134608	0.9999710152783741
6.3581349949278296	1.0000514251357289
6.3615789058068106	0.9999622738359524
6.3650289227228827	1.0000434280253683
6.3684960536569166	0.9999615539057460
6.3719844820380347	1.0000384281809926
6.3754999959782994	0.9999638771984865
6.3790462345544965	1.0000337106036410
6.3826319028641558	0.9999684120749673
6.3862662037692504	1.0000272960615579
6.3899680202866564	0.9999763642676920
6.3937650758177611	1.0000167444967247
6.3977159114175981	0.9999862128316964
6.4019651607785937	1.0000510107856546
6.4088811651452389	0.9998676785532518
6.4135362562826543	0.9999840175079319
6.4175674928638022	0.9999455313014856
6.4213627907093027	1.0000156447599466
6.4250921108741483	0.9999647069320278
6.4288219759730447	1.0000206245551508
6.4325937894793377	0.9999761139987520
6.4364409177213799	1.0000149871971102
6.4404221637318946	0.9999857886460507
6.4446797164632423	1.0000520141786584
6.4515471588238151	0.9998601380415986
6.4559732406524093	0.9999941780772651
6.4596886639729982	0.9999243013588398
6.4631278162870762	1.0000354119154222
6.4664727343590309	0.9999388646954518
6.4697914326710455	1.0000447473932115
6.4731189498784651	0.9999478252359089
6.4764713274065127	1.0000433746173292
6.4798639680300525	0.9999560547737645
6.4833078812649436	1.0000367574503723
6.4868199804211955	0.9999660947486932
6.4904195261268534	1.0000254258293992
6.4941413147342590	0.9999803212006708
6.4980447366244727	1.0000121593274545
6.5022825603433656	0.9999489720628603
6.5091826356007845	1.0001354674712797
6.5136622205276158	1.0000101182863488
6.5175053138776127	1.0000625304978175
6.5211321357254413	0.9999769150611370
6.5247083232876584	1.0000417295837054
6.5282977133448679	0.9999720939961729
6.5319302096021223	1.0000294572163828
6.5356299942165164	0.9999772658999326
6.5394261433670460	1.0000170543225118
6.5433765358159102	0.9999862006673677
6.5476256366069130	1.0000508225472968
6.5545681349497098	0.9998724573951927
6.5594046049941870	0.9999759204332997
6.5637586300663351	0.9999614977834813
6.5681442168506559	1.0000435722779022
6.5751565512781660	0.9998605078767213
6.5798806343243639	0.9999811396048373
6.5839477993919111	0.9999446860162474
6.5877603549555337	1.0000149400956537
6.5914962310306100	0.9999642151666455
6.5952261359017701	1.0000206568699135
6.5989945379417358	0.9999757593359295
6.6028372948092136	1.0000150178141425
6.6068153159812946	0.9999857401351592
6.6110720818117663	1.0000518650135430
6.6180018945323660	0.9998715983874215
6.6228028001549335	0.9999793631086564
6.6270576272495205	0.9999604116804770
6.6311859609066719	1.0000039792841335
6.6354982484896325	0.9999428949354526
6.6424762357158240	1.0001310724802139
6.6470662746965852	1.0000155242951996
6.6510537442383209	1.0000558133048281
6.6548605830867569	0.9999932876163788
6.6586574342868712	1.0000352568986359
6.6624964670487321	0.9999885484253329
6.6663733636148281	1.0000237522480091
6.6702571988407868	0.9999753684423759
6.6741006941772483	1.0000214648876546
6.6778744064006252	0.9999631511902641
6.6815766111350525	1.0000245259644838
6.6852408921267878	0.9999645668948329
6.6889185098238944	1.0000230949581419
6.6926752399007539	0.9999823704732023
6.6965937703146512	1.0000183671592748
6.7008368094552706	0.9999594230489773
6.7076681731443086	1.0001667478459964
6.7115515821748088	1.0000010289861123
6.7148921926273726	1.0001002989900016
6.7181692009381555	0.9999787875006281
6.7215451989771529	1.0000543717745158
6.7250954589301450	0.9999892769530250
6.7288959787205158	1.0000205755102867
6.7331073320936730	0.9999576830906514
6.7400281242952689	1.0001382654247448
6.7444018679078797	1.0000117865612836
6.7482403957012362	1.0000541646190821
6.7519995062778246	0.9999902753366205
6.7558948164133135	1.0000170973351412
6.7601346716121729	0.9999510196922914
6.7670914854966737	1.0001285193439546
6.7716957992438482	1.0000155122314212
6.7757808217141458	1.0000400729992653
6.7798084454624075	0.9999945906640196
6.7840917370093363	1.0000528460338920
6.7910961015625215	0.9998714463572502
6.7959416937972890	0.9999726265022237
6.8005046345756446	0.9999183712374821
6.8075079880524942	1.0001581631749459
6.8124114098254926	1.0000498606627493
6.8166352581122114	1.0000729331882818
6.8206513994425899	1.0000073762730750
6.8246910866074026	1.0000123812533077
6.8289693389687445	0.9999109602086345
6.8348764972483727	1.0002064031190219
6.8699271269105244	1.0002313886894540
6.8794602874782225	1.0002738095902906
6.8875945771595788	0.9998608280434019
6.8921503308358343	0.9999942792357067
6.8960217790019147	0.9999454344604899
6.8998931048884105	0.9999958974629670
6.9041262234724572	0.9999469761193549
6.9110541282772138	1.0001328906131197
6.9153445498879238	1.0000007370514534
6.9190429196374836	1.0000609213763600
6.9225882591252299	0.9999709697307346
6.9261166735276980	1.0000389082596066
6.9296886666900814	0.9999702368215336
6.9333366466579758	1.0000237514899128
6.9370952729014856	0.9999803051770882
6.9410215167945699	1.0000112187171522
6.9452651906803178	0.9999473091851581
6.9521508695389302	1.0001365758194836
6.9568204542527727	1.0000194643771176
6.9608459730439796	1.0000597913403564
6.9646127743292476	0.9999837338252344
6.9682757582716954	1.0000429468404755
6.9718921272422243	0.9999698805246331
6.9754839623900171	1.0000355204395481
6.9790648368190649	0.9999631252638206
6.9826430662007217	1.0000299565691595
6.9862291683240727	0.9999605325416928
6.9898296196090781	1.0000245388995150
6.9934522558891601	0.9999605436410658
6.9970995952070556	1.0000196874361922
7.0007751003235956	0.9999617642229022
7.0044772142905067	1.0000161198452768
7.0082065648493970	0.9999635806390206
7.0119605981782902	1.0000139052252663
7.0157416028191228	0.9999665291836369
7.0195520497339752	1.0000119906311669
7.0234040152400308	0.9999724488847569
7.0273176632914254	1.0000079905526302
7.0313418642149736	0.9999806502593018
7.0356112029411939	1.0000499052480760
7.0425263461034646	0.9998706051957278
7.0474059304217036	0.9999789852729776
7.0517310709288603	0.9999626507779751
7.0559034901369984	1.0000060970125006
7.0602281203938428	0.9999434818827566
7.0671702241275742	1.0001372176947945
7.0718488276351703	1.0000191020807612
7.0758688392152216	1.0000601613060218
7.0796496902087833	0.9999897141166264
7.0833859145284981	1.0000371656906673
7.0871799187386264	0.9999913145675582
7.0911200089240305	1.0000204672723516
7.0953686644699197	0.9999548088432256
7.1022626987805122	1.0001415872810353
7.1067466388006633	1.0000144311918358
7.1105805857604896	1.0000679042296905
7.1141924697354142	0.9999802082587235
7.1177561733732899	1.0000455027490132
7.1213441172373075	0.9999765563902272
7.1249969942574065	1.0000294305896933
7.1287555105767320	0.9999849813509121
7.1326806255102104	1.0000152623124916
7.1369242632958478	0.9999506972159073
7.1437957220055015	1.0001418013871604
7.1481506259972489	1.0000060416510059
7.1518337042087428	1.0000752420578496
7.1552890296599259	0.9999687781696311
7.1586883715605802	1.0000547600549496
7.1620979753634009	0.9999633053590463
7.1655487803439666	1.0000410205526300
7.1690635191709413	0.9999688291217713
7.1726643171864950	1.0000271891416339
7.1763865941172877	0.9999815661538233
7.1802902770640991	1.0000131106300971
7.1845281556860421	0.9999497619681906
7.1914130359584725	1.0001390313731517
7.1958064224217484	1.0000081622031307
7.1995613077497485	1.0000677443636172
7.2031204536591309	0.9999764130798430
7.2066613482532471	1.0000419512732805
7.2102622456357395	0.9999774844069629
7.2139768503321600	1.0000212731474554
7.2178754383414203	0.9999878260031335
7.2221110981797034	1.0000499285304605
7.2289805017657658	0.9998563561072974
7.2332478089554364	0.9999963161038503
7.2368578200126104	0.9999200726015158
7.2402524904289320	1.0000337235095456
7.2435964157267403	0.9999400972131138
7.2469413440793939	1.0000411594460770
7.2503093120161246	0.9999506152657140
7.2537052762461736	1.0000406701780613
7.2571347016178018	0.9999573095440339
7.2605987180085290	1.0000373120528170
7.2641030878189010	0.9999632118368453
7.2676524382069960	1.0000318971201239
7.2712586363425995	0.9999705348738178
7.2749368643361327	1.0000231668564554
7.2787181997826860	0.9999818560414810
7.2826580656965643	1.0000126509267244
7.2869055814416734	0.9999481993816509
7.2938156048631955	1.0001324014351021
7.2984337429983643	1.0000140074903723
7.3024198765139046	1.0000557273987054
7.3061738845823134	0.9999819672328786
7.3098636689238656	1.0000361909005777
7.3135599534999045	0.9999774031377734
7.3173016548361414	1.0000239955933974
7.3211270122199625	0.9999838795792527
7.3250931349985722	1.0000134342053493
7.3293478503040603	0.9999477207304395
7.3362720195644666	1.0001288433730098
7.3410368847317731	1.0000187725692982
7.3452230674098979	1.0000439700138148
7.3492302500635924	0.9999947002237960
7.3532702673197337	1.0000196592836736
7.3575498280641849	0.9999497836116482
7.3645072761526293	1.0001269535251116
7.3694252519560361	1.0000236829435172
7.3740050334072871	1.0000813960379618
7.3811248235134475	0.9998653720925923
7.3858931134441788	0.9999868613736743
7.3899356280417390	0.9999428218556184
7.3936776199632037	1.0000216169874077
7.3973022079915252	0.9999561360383865
7.4008751013167426	1.0000320071385649
7.4044262338880618	0.9999600771500029
7.4079649051646568	1.0000354009479682
7.4114985526153738	0.9999613531148962
7.4150288009456178	1.0000363517165136
7.4185601243848991	0.9999621113714435
7.4220935177550178	1.0000361068333012
7.4256334374666579	0.9999631552081846
7.4291813526140702	1.0000349566097537
7.4327424997937230	0.9999648953012159
7.4363196363536685	1.0000327668608069
7.4399200835389481	0.9999678296826403
7.4435499621079053	1.0000289165140417
7.4472222382642554	0.9999730338152599
7.4509526975952181	1.0000218038160105
7.4547723598839122	0.9999825851880502
7.4587355096906336	1.0000127706500048
7.4629893977567683	0.9999474693718197
7.4698943296467464	1.0001323782624616
7.4745306458077767	1.0000134796396578
7.4785167824881400	1.0000570388911205
7.4822456126430872	0.9999789393907053
7.4858804894525601	1.0000412798072891
7.4894846812463465	0.9999699780795026
7.4930837492633433	1.0000350596183096
7.4966915154514835	0.9999687381004043
7.5003153400138700	1.0000309757177592
7.5039656340626779	0.9999711854324316
7.5076526818914679	1.0000256785811565
7.5113959866314852	0.9999776015653316
7.5152233766430223	1.0000163208462856
7.5191926462312297	0.9999862219705650
7.5234469638153598	1.0000516793953937
7.5303492901138362	0.9998659852858298
7.5349633249263892	0.9999860460050485
7.5389275370236959	0.9999411587289778
7.5426424478922405	1.0000193332783136
7.5462863536577265	0.9999600723600982
7.5499327531590952	1.0000236110352196
7.5536295926757786	0.9999732996126729
7.5574169137513563	1.0000157037640407
7.5613603411873642	0.9999855029273486
7.5656077967401831	1.0000503427311485
7.5724812041730480	0.9998589370879686
7.5768595592814281	0.9999937558958993
7.5805545100924947	0.9999241504544193
7.5840002420069217	1.0000330618601647
7.5873687843870430	0.9999407775735489
7.5907180830974816	1.0000424085629060
7.5940739554642933	0.9999489469444575
7.5974434914028848	1.0000434702618528
7.6008327633229404	0.9999538148708271
7.6042421414229695	1.0000418392076369
7.6076749320877806	0.9999575487851278
7.6111310700854506	1.0000391213394011
7.6146142115850859	0.9999611692172083
7.6181256176611996	1.0000355632387243
7.6216711980310059	0.9999654781873184
7.6252558902134435	1.0000305922963717
7.6288916638297053	0.9999717494045103
7.6325936481360479	1.0000225324026202
7.6363925950019134	0.9999822040874430
7.6403432012087436	1.0000126997818222
7.6445936339988441	0.9999478522860265
7.6518054693449260	1.0000743387906237
7.6564848935418972	0.9999723675792282
7.6605413554175259	1.0000010889122695
7.6643738209151797	0.9999732917834654
7.6680866804442100	1.0000534612666392
7.6716919253823690	0.9999899765266896
7.6752193005887701	1.0000722730626808
7.6787194675733579	0.9999928240335433
7.6822294136890745	1.0000641751886605
7.6857784463320877	0.9999901907925491
7.6893768046533379	1.0000479208840716
7.6930312300149648	0.9999856732225713
7.6967386438672403	1.0000335471763377
7.7004971171157752	0.9999817914375867
7.7042994443531629	1.0000238499923142
7.7081409896077524	0.9999793842172570
7.7120131256741375	1.0000185497716696
7.7159101811156798	0.9999781032475794
7.7198229915739009	1.0000165281068223
7.7237463291982023	0.9999775058414240
7.7276730464189338	1.0000164007609573
7.7316026002007590	0.9999779145710919
7.7355359572565598	1.0000161962805991
7.7394852314232274	0.9999809336044693
7.7434706385074037	1.0000131349135211
7.7475394103238227	0.9999856318560187
7.7518215259726260	1.0000554365287337
7.7587415884228790	0.9998752809110282
7.7637195728329811	0.9999794332417044
7.7683169927924896	0.9999187937697106
7.7746225795982769	1.0002684911775392
7.7798993608425260	0.9999647197286229
7.7851572561674303	1.0003062679620920
7.7937789692609023	0.9996751539303195
7.7983396326303680	0.9998896800899389
7.8019375549686307	0.9998332525681916
7.8054207087637630	0.9999521601491201
7.8089281372297421	0.9999010402850212
7.8124816815117644	0.9999876114059287
7.8160906377765809	0.9999393231705033
7.8197668089661230	1.0000019088287158
7.8235440885598440	0.9999669291986334
7.8274805828833847	1.0000026938449640
7.8317273910372327	0.9999416952682173
7.8386240307345902	1.0001312094674368
7.8431719327372624	1.0000102570138385
7.8470887787273940	1.0000565563770141
7.8508009491869730	0.9999817425574309
7.8544939289801290	1.0000316147372879
7.8582616611829001	0.9999846390212689
7.8621875062095352	1.0000143158684944
7.8664319963943781	0.9999495023524612
7.8733329432338879	1.0001357064554022
7.8778299744331557	1.0000105652064146
7.8816854170139257	1.0000621891554275
7.8853215176682063	0.9999775582278937
7.8889092723970036	1.0000406954387633
7.8925193617918579	0.9999742916127163
7.8961911954087043	1.0000259415807780
7.8999642840185009	0.9999827439114932
7.9038984019156260	1.0000130758912760
7.9081444276420259	0.9999484854802801
7.9150608060888201	1.0001314382280426
7.9197021014040700	1.0000151620588371
7.9237304042946226	1.0000522875131224
7.9275476978543624	0.9999860313941148
7.9313303175737744	1.0000291119591034
7.9351667068327343	0.9999862513367626
7.9391348533039885	1.0000148470737913
7.9433906706490678	0.9999486062005616
7.9503327287338843	1.0001266821081098
7.9551832087015404	1.0000229671098861
7.9595446241793848	1.0000373599730741
7.9639335817356640	0.9999549903587560
7.9712779431813194	1.0000760683175511
7.9761052703381106	0.9999997051350028
7.9806190486673456	1.0000239506175697
7.9880060729078703	0.9999237228400041
7.9922913013598569	0.9999948902283938
7.9963665181208379	0.9999856902478159
8.0005503051588196	1.0000655318623031
8.0048468338898040	1.0001386196209436
8.0148175387715916	1.0002394713442806
8.0198944640817587	1.0001126772095870
8.0245019527223604	1.0000311129706791
8.0345159275712721	0.9998243516849339
8.0470203571642411	1.0002764079534805
8.0530691356734216	0.9996838540177700
8.0785001403806689	1.0001150753962633
8.0820876973633471	1.0001454538908610
8.0863875388358437	1.0000528380765372
8.0938485014442030	1.0001995594613025
8.0974650545006561	1.0000299665364294
8.1009908356324036	1.0000881550364238
8.1047351507615115	1.0000354023901235
8.1089439458461090	1.0000863403682634
8.1156402764685840	0.9998519178017469
8.1196885903018714	0.9999976239375764
8.1232121453375630	0.9999219178174602
8.1266968962312767	1.0000138534892449
8.1303075446293338	0.9999684081604542
8.1341398896127970	1.0000086780175390
8.1383586381786497	0.9999454552680892
8.1449239776161164	1.0001660129593666
8.1569778157505599	0.9997107455952084
8.1685129433937043	1.0003758914936340
8.1718742724742626	1.0000877570073969
8.1759111965941162	1.0001253233012815
8.1801054217430256	1.0001175406119451
8.1843317033115142	1.0000891572244746
8.1885641557773141	1.0000175581924196
8.1927138584721213	1.0000241665195135
8.1967615051888885	0.9999649319847957
8.2007622695220626	0.9999895771318873
8.2048189960932376	0.9999549398508525
8.2091021504490733	1.0000234328629836
8.2157090852596042	0.9997889977138956
8.2327118803203163	0.9996397886160787
8.2423932356057286	1.0003630422047984
8.2495302064765426	1.0000036499002560
8.2590596273724692	1.0003445056338873
8.2620940057970991	1.0000135346977814
8.2654931128934628	1.0000484320525058
8.2696864568671788	0.9999748433773034
8.2775596326367555	1.0000317181935547
8.2815778873235431	0.9999094660943830
8.2859711856140432	0.9999801041149451
8.2921054630667879	0.9997841678740033
8.2962764822902386	0.9999378182426994
8.3001544588737648	0.9999296331549044
8.3040725575835168	0.9999945339253806
8.3081798209178235	0.9999444749013491
8.3124347639574694	0.9999869600547414
8.3182847981722361	0.9997974731568969
8.3330995363128650	1.0005167890126496
8.3363349753380120	1.0001931555169827
8.3397566846244686	1.0002238854010153
8.3439638761096120	1.0001403030809082
8.3515964697701701	1.0002349068557008
8.3550739130000533	1.0000395798167878
8.3584372163820291	1.0001117033841305
8.3619019542927475	1.0000145850979600
8.3655326151785605	1.0000511950498738
8.3693845087607563	1.0000073251638759
8.3736072501464136	1.0000608399663391
8.3805826804226431	0.9998817791551988
8.3853987660720133	0.9999793482641591
8.3899518334930097	0.9999242252205012
8.3971413841868721	1.0001286412156798
8.4020676626932609	1.0000237018525029
8.4066542794701693	1.0000792085324144
8.4138214099383646	0.9998641892698663
8.4184958686026086	0.9999844028132329
8.4225282964135246	0.9999490528940791
8.4264012820468892	1.0000057847199830
8.4303583672392062	0.9999790155911961
8.4346144738220694	1.0000461022176403
8.4415398540589504	0.9998615590115136
8.4460266452242934	0.9999857522029417
8.4499106509339388	0.9999405932609544
8.4536308511271478	1.0000120164146871
8.4573874623458050	0.9999721689650457
8.4612977736930013	1.0000084286539084
8.4655397557299779	0.9999476321969002
8.4724771988491447	1.0001303243487787
8.4771206819457845	1.0000189745382217
8.4812336984402421	1.0000431304981969
8.4852765255718676	0.9999980969938288
8.4895641725206588	1.0000568353834050
8.4965199144823895	0.9998659223265971
8.5010734441485081	0.9999843409682314
8.5050467403880408	0.9999475843641434
8.5088889408300865	1.0000055039809375
8.5128307356481301	0.9999786566793456
8.5170823762307943	1.0000453943427690
8.5240188058664987	0.9998631127132906
8.5285529957474751	0.9999828718208902
8.5325164055753611	0.9999465318137618
8.5363537986475322	1.0000049608066979
8.5402934145496356	0.9999783074426356
8.5445443528089911	1.0000451045866665
8.5515286237488048	0.9998719498360439
8.5565254318449782	1.0000232597923344
8.5639747247461688	0.9998249003832548
8.5686172359746031	0.9999787103994491
8.5724324816022612	0.9999212472392194
8.5759577671268463	1.0000252690670075
8.5793953757712558	0.9999427069936849
8.5828058383972259	1.0000379540325184
8.5862098450621236	0.9999500246021699
8.5896065440890013	1.0000431790045663
8.5929941563985874	0.9999509958305297
8.5963662749411256	1.0000469465189870
8.5997211684674770	0.9999493179213009
8.6030556444239075	1.0000502201929102
8.6063719610408871	0.9999471740168367
8.6096710566289918	1.0000525117345334
8.6129586979449861	0.9999459381838655
8.6162384645482657	1.0000532179910335
8.6195178727111976	0.9999462970619302
8.6228014780848898	1.0000520677185636
8.6260972987284639	0.9999484409635294
8.6294101896038704	1.0000490351114018
8.6327485868137117	0.9999523972426514
8.6361182214247645	1.0000440510961948
8.6395292196129070	0.9999583892547085
8.6429904530187258	1.0000366471535755
8.6465175499243720	0.9999672820722509
8.6501292699073318	1.0000254165476379
8.6538600185200103	0.9999808148978522
8.6577688467220835	1.0000124385202840
8.6620081048095106	0.9999490211821476
8.6688866692338440	1.0001394305156674
8.6732536817862851	1.0000055697327845
8.6769586178254734	1.0000722388580652
8.6804374081964415	0.9999686208056366
8.6838544559518187	1.0000531787048152
8.6872680663767419	0.9999609474462436
8.6906995062076966	1.0000434459410001
8.6941587264517146	0.9999613230136215
8.6976495369939109	1.0000370769162368
8.7011780005806063	0.9999648555966387
8.7047490032775272	1.0000309546660757
8.7083740399500904	0.9999711041892533
8.7120679290653413	1.0000224050734454
8.7158611246191047	0.9999817612408283
8.7198083040480601	1.0000123645643815
8.7240577844241880	0.9999476855222621
8.7309680479363951	1.0001318428400587
8.7356036103773853	1.0000140428989035
8.7396033293173474	1.0000554534707131
8.7433608992407752	0.9999812040639967
8.7470398269425065	1.0000379348079349
8.7507046818063898	0.9999742582566052
8.7543840130952013	1.0000295831151842
8.7580972228395773	0.9999759682797151
8.7618617792555842	1.0000217604593553
8.7657076404510779	0.9999836798854762
8.7696871897040474	1.0000133104414182
8.7739455128546435	0.9999473435873836
8.7808849125156705	1.0001255366170898
8.7857997510250847	1.0000233806325709
8.7903782006412463	1.0000815595567505
8.7975099255440661	0.9998684173965970
8.8023827886563719	0.9999833002187699
8.8065877041999094	0.9999535830362587
8.8105491720185256	1.0000092067165378
8.8144751816583096	0.9999769017776382
8.8184854940600417	1.0000100132937189
8.8227549089280455	0.9999452766405506
8.8296959309353973	1.0001263023852320
8.8347010630111349	0.9999723369605542
8.8417996824552016	1.0002214707086623
8.8471705906308120	0.9998693777166996
8.8522703404929999	1.0002147849806386
8.8567466744844374	1.0000535879085830
8.8610121449378259	1.0000081822676854
8.8649188802317607	0.9999311548336424
8.8685170079020814	1.0000185992755273
8.8719173857328393	0.9999234281910954
8.8752343389102286	1.0000347885143310
8.8785328042791498	0.9999357263921752
8.8818413180671936	1.0000416692818523
8.8851732299089115	0.9999469077061299
8.8885309715346548	1.0000427872865760
8.8919175110140003	0.9999535307744656
8.8953306405125350	1.0000404545466210
8.8987710945561016	0.9999567773212105
8.9022353399994980	1.0000368050001796
8.9057228795506553	0.9999581487079235
8.9092294009255628	1.0000334170462348
8.9127537297818051	0.9999587288790446
8.9162914250635268	1.0000310779619110
8.9198415804485425	0.9999592435653434
8.9234007521674599	1.0000298185862724
8.9269696983938616	0.9999602895431705
8.9305474885491147	1.0000290382938075
8.9341382424926170	0.9999625570873872
8.9377453507153479	1.0000276288705365
8.9413785089209412	0.9999670322379581
8.9450485382996909	1.0000239313264943
8.9487761982392513	0.9999754020752807
8.9525908958482674	1.0000156207390685
8.9565520612841354	0.9999860290603713
8.9608042286893266	1.0000518978918009
8.9676886804638887	0.9998636899681494
8.9721738621207123	0.9999922401380953
8.9759861474528275	0.9999345781525246
8.9795508356340061	1.0000287507783332
8.9830491283765372	0.9999541935804362
8.9865517503981192	1.0000338793736174
8.9901004813204572	0.9999680116956670
8.9937238264487913	1.0000268197023077
8.9974611851323640	0.9999832588306715
9.0013733748976179	1.0000152253395744
9.0056136682788086	0.9999518882810030
9.0124680759614684	1.0001468345653526
9.0167096972861316	1.0000032615184284
9.0202764396282920	1.0000849978726003
9.0236207719724888	0.9999636163462255
9.0269060351387242	1.0000656241151789
9.0301881642359287	0.9999549304432758
9.0334865813879794	1.0000551125797263
9.0368101767993672	0.9999546188355741
9.0401616203300552	1.0000481997828958
9.0435455489216796	0.9999574265725107
9.0469642823599585	1.0000420831861592
9.0504246639310608	0.9999622546188347
9.0539328804548109	1.0000349602461029
9.0575021992931966	0.9999697474328693
9.0611493740363827	1.0000247278571990
9.0649070033262156	0.9999817944717517
9.0688322737817977	1.0000128804135764
9.0730758902664466	0.9999488499945848
9.0799979484394715	1.0001308675913114
9.0846610685997202	1.0000173142809898
9.0887458935213665	1.0000472639635885
9.0926747447321308	0.9999941182247990
9.0966669583794513	1.0000198271644780
9.1009334025437010	0.9999514144358694
9.1078488125001940	1.0001367153016310
9.1123825094125799	1.0000119850340055
9.1162662755433761	1.0000616725786324
9.1199213488266704	0.9999783665784511
9.1235211244967402	1.0000406563679549
9.1271384426139495	0.9999747183375977
9.1308143657406244	1.0000261699304107
9.1345896460604248	0.9999830527778009
9.1385248607390341	1.0000133689458457
9.1427712312137626	0.9999487379226319
9.1496485561751442	1.0001390248960393
9.1540549106566953	1.0000060952599144
9.1577781551112345	1.0000729161298172
9.1612496086146500	0.9999667632436083
9.1646359028056139	1.0000571693891041
9.1679976061861002	0.9999566524303428
9.1713575237369866	1.0000499871230444
9.1747267444839995	0.9999549441410696
9.1781095000267587	1.0000456428167177
9.1815113877379684	0.9999564679792401
9.1849351952938303	1.0000416613977310
9.1883875009468898	0.9999599705812352
9.1918732626693558	1.0000366774314937
9.1954028627444835	0.9999656689495331
9.1989872786915843	1.0000292675041789
9.2026472164538760	0.9999750207999334
9.2064123684769150	1.0000173350250257
9.2103435230095414	0.9999862644827912
9.2145874981356073	1.0000503491153845
9.2214702765356726	0.9998604888420718
9.2258839236219270	0.9999921173287597
9.2296255514801366	0.9999276755241527
9.2331217877752696	1.0000300269615472
9.2365435984335846	0.9999448915700476
9.2399499763222259	1.0000384819637753
9.2433690630675009	0.9999538923095845
9.2468115929979930	1.0000379873580409
9.2502889244975766	0.9999608400870906
9.2538091610724855	1.0000331464914123
9.2573870522820183	0.9999690765227960
9.2610401601069015	1.0000239369843908
9.2648017462090699	0.9999814277322585
9.2687292834486392	1.0000126130595306
9.2729735401112059	0.9999486238775394
9.2799235673527498	1.0001254919039573
9.2849211036584496	0.9999733205443658
9.2923573087071212	1.0001708713945581
9.2971385702223319	1.0000221575970549
9.3010867673058399	1.0000690840877300
9.3047385860576881	0.9999797878077373
9.3083137439428718	1.0000444223772000
9.3119017127416690	0.9999744896921724
9.3155507319276669	1.0000278326137060
9.3193048053610479	0.9999830732837527
9.3232268586642206	1.0000136146227914
9.3274697317672235	0.9999493614364388
9.3343255498350111	1.0001437950107768
9.3385888029680171	1.0000015210348006
9.3421741862649537	1.0000814203247999
9.3455358038034824	0.9999627141698182
9.3488417055850146	1.0000615214204083
9.3521526930962704	0.9999559850099775
9.3554934782534236	1.0000491755919205
9.3588789929531107	0.9999590546647982
9.3623196381748226	1.0000387097536356
9.3658306192752878	0.9999673403887536
9.3694303319522056	1.0000262133878532
9.3731526543029009	0.9999809809317742
9.3770565448520671	1.0000127158095604
9.3812944530497973	0.9999494921110950
9.3881443806309761	1.0001453856421960
9.3923499869757858	0.9999995686950890
9.3958841664658959	1.0000848985030493
9.3992018145485385	0.9999602067193929
9.4024645647358618	1.0000653227683665
9.4057270310104730	0.9999520388944299
9.4090079126455795	1.0000547218980202
9.4123157201250134	0.9999522657752047
9.4156529523642281	1.0000478246307687
9.4190241504180161	0.9999556142036761
9.4224315954787521	1.0000417594100266
9.4258821021291688	0.9999609595720169
9.4293818521173272	1.0000346861340454
9.4329441045368689	0.9999689297158580
9.4365856472024117	1.0000244824842703
9.4403391357955009	0.9999814023672114
9.4442619055977666	1.0000126564913798
9.4485048485390664	0.9999488046793191
9.4554364622830143	1.0001291627936821
9.4601567301169496	1.0000199243145511
9.4643382777798735	1.0000414292588113
9.4684231859229353	0.9999975052300110
9.4727221255622069	1.0000579020096279
9.4796519663460188	0.9998627887839739
9.4841319920281677	0.9999905027598095
9.4879432461168189	0.9999327396365536
9.4915139493696525	1.0000256483339873
9.4950192869326226	0.9999514670870301
9.4985227064694975	1.0000316831779954
9.5020579032500354	0.9999627447221986
9.5056434038445268	1.0000276836769109
9.5093032523764514	0.9999740711462692
9.5130679579004003	1.0000168379657421
9.5169988037181188	0.9999859852637624
9.5212426857307122	1.0000501854211232
9.5281300866724621	0.9998612601897473
9.5325686843615216	0.9999911544888980
9.5363386759046964	0.9999294683456855
9.5398614495636380	1.0000288088438773
9.5433061905386776	0.9999461755947331
9.5467301774083122	1.0000379492690052
9.5501591990351784	0.9999538730547683
9.5536007503857832	1.0000390669815638
9.5570617094428787	0.9999584985032008
9.5605439806562096	1.0000372439959921
9.5640532305967501	0.9999626143547597
9.5675929637721193	1.0000335639726077
9.5711722479776533	0.9999678186419494
9.5748005522717587	1.0000273935510651
9.5784971531343110	0.9999761168696397
9.5822901239927436	1.0000167831214395
9.5862384089256931	0.9999862041828549
9.5904869756119808	1.0000509214890301
9.5974029182433167	0.9998675437119192
9.6020554177371675	0.9999835861350336
9.6060924739524882	0.9999465153440852
9.6099108520869496	1.0000128989831853
9.6136927906601812	0.9999694979372994
9.6175254816669309	1.0000126279063390
9.6214923629610531	0.9999839924896110
9.6257466694931271	1.0000501992188719
9.6326538053879052	0.9998652726045604
9.6372525055892861	0.9999861412027748
9.6411998536121466	0.9999398874686162
9.6448937805911008	1.0000207799945813
9.6485056948115311	0.9999570544802522
9.6520999474621281	1.0000280354957514
9.6557115866596526	0.9999662018161836
9.6593600086950033	1.0000255410962877
9.6630696694027129	0.9999756222515508
9.6668708739337763	1.0000162503334935
9.6708238334983356	0.9999859607705063
9.6750737271532756	1.0000509488887059
9.6820056312596172	0.9998706480930607
9.6867726015986690	0.9999786858676891
9.6909978696570995	0.9999585283193744
9.6951080769866138	1.0000018172638399
9.6994152882314957	0.9999403995064926
9.7063493449016889	1.0001342397176083
9.7109132833680665	1.0000105114083271
9.7148067477470228	1.0000615697072590
9.7184524774027903	0.9999763507952732
9.7220255859708775	1.0000431173935844
9.7255981514608987	0.9999710214225269
9.7292066872863341	1.0000312576091224
9.7328810851523873	0.9999767389952517
9.7366553291392002	1.0000179830527125
9.7405914998052801	0.9999866620077039
9.7448369271902635	1.0000507116830180
9.7517204024711557	0.9998608582219510
9.7561462350740467	0.9999919347718018
9.7598969262259985	0.9999279713690814
9.7633963570854618	1.0000303747154291
9.7668142460905170	0.9999440848100555
9.7702078811159438	1.0000400742248463
9.7736028170739182	0.9999513347013935
9.7770061815238094	1.0000417369988774
9.7804242897451488	0.9999554275144507
9.7838581417377544	1.0000406086964717
9.7873119766842507	0.9999587197359541
9.7907870996798305	1.0000380551042907
9.7942890048412892	0.9999624007971650
9.7978214127116257	1.0000340759999551
9.8013936294847159	0.9999675440001313
9.8050154563738889	1.0000276942889861
9.8087064868393714	0.9999759557127376
9.8124951470479829	1.0000168700324261
9.8164407484869560	0.9999862111728542
9.8206885980593093	1.0000508270201651
9.8276003955631754	0.9998666260671883
9.8322200983833294	0.9999847555149910
9.8362122953013564	0.9999436980411486
9.8399756185885963	1.0000159163732414
9.8436869457249490	0.9999647547459005
9.8474215825941567	1.0000181593222339
9.8512357093747820	0.9999799804679848
9.8551929548177455	1.0000115145751660
9.8594456289080199	0.9999471075828770
9.8663920073492140	1.0001249911824655
9.8712860370803988	1.0000232748212741
9.8758590422850645	1.0000805014976046
9.8829887382924593	0.9998662761920071
9.8877772854640753	0.9999845782292540
9.8918808350156056	0.9999483058999942
9.8957342760272926	1.0000129951347145
9.8995366959643700	0.9999702478448785
9.9033819931045386	1.0000127071122793
9.9073558762837539	0.9999841012691963
9.9116121996074522	1.0000504752597239
9.9185474181774538	0.9998707573031377
9.9233405506868380	0.9999783332368645
9.9275900505477566	0.9999590193688673
9.9317156965680056	1.0000019979625054
9.9360270903893522	0.9999399939725476
9.9430091467018542	1.0001247401292912
9.9479282950648198	1.0000225366985740
9.9525089164442360	1.0000805638053514
9.9599445518753029	0.9999198508104149
9.9647068898658677	1.0000234443923821
9.9687419615282025	0.9999880273601005
9.9724685595810776	1.0000373337222415
9.9759899231793163	0.9999328775110279
9.9793448480832030	1.0000262106946225
9.9826185309582005	0.9999125896090794
9.9858820381860749	1.0000195329684691
9.9892050775021755	0.9999275449790815
9.9926387394315999	1.0000078748175112
9.9962336909808602	0.9999580447141997
