0.0000000000000000	0.0000000000000000
7.5899534710382603	0.0010000000000000
7.5963346337737025	0.0009026062110813
7.6011080152382338	0.0010970015929669
7.6056960858981544	0.0012681889641801
7.6103905826220544	0.0014175201753963
7.6150711867658147	0.0015682112434762
7.6239600176546256	0.0020347452977341
7.6278226580413184	0.0021336010645268
7.6318103648800601	0.0024472557954690
7.6359709361759265	0.0027877983696212
7.6402498681195041	0.0032422503845271
7.6445933251186275	0.0037543846259084
7.6489606745774763	0.0043825630359910
7.6533519628432805	0.0050816083061252
7.6577537212671745	0.0059173247054610
7.6621906715224055	0.0068634077717376
7.6666440682123387	0.0079803578363855
7.6711437960061541	0.0092659843627988
7.6756566901091743	0.0107727804838214
7.6802205965929087	0.0125244797646249
7.6847877600415124	0.0145672288910889
7.6894105993966759	0.0169562121038404
7.6940244645389066	0.0197303454145282
7.6987018367883016	0.0229880593340052
7.7033554712784698	0.0267543171153260
7.7080824498089715	0.0311890984050005
7.7127663729847757	0.0362877416946463
7.7175328066688680	0.0422959909156303
7.7222328008931811	0.0491527528930401
7.7270226773292521	0.0572203324334309
7.7317194542883145	0.0663385967437692
7.7365075980402356	0.0770227639590601
7.7411707832029055	0.0889586946337333
7.7458931638904378	0.1027252025260264
7.7504904481057215	0.1179316400842882
7.7551655403593740	0.1353725154413984
7.7597416943581887	0.1545545786925586
7.7643708493103221	0.1761898662180933
7.7689463583512826	0.1999123148312734
7.7735614407602549	0.2262543808375208
7.7782159667657922	0.2553178488544385
7.7828658420722379	0.2868211117505833
7.7876558544512964	0.3217193102633853
7.7924272762520781	0.3587178000854539
7.7973685751536976	0.3991064788220395
7.8045820623791284	0.4609792877914030
7.8092489977152555	0.5020436693596866
7.8134800557482498	0.5394335972908877
7.8178994810739191	0.5782048297532443
7.8219954447414075	0.6133982512508956
7.8262189547083887	0.6486858803065508
7.8302368614990190	0.6808818354631756
7.8343923381956806	0.7126304970000954
7.8384837535410599	0.7420311393448329
7.8427547499980648	0.7706925651899402
7.8472653625581756	0.7984541656730850
7.8542371516319598	0.8366500538784445
7.8652809546539144	0.8847646932896662
7.8707333695449622	0.9039230556724910
7.8746394162818225	0.9157029794191146
7.8780584108200475	0.9251088390519032
7.8815722236421717	0.9336128148251251
7.8851917867331673	0.9415461329464744
7.8890989177404149	0.9490378331779036
7.8933373765096695	0.9562030606353298
7.9024208713991921	0.9683099958513967
7.9114047242505725	0.9774202604322422
7.9146554426580451	0.9797118169872334
7.9178015937140191	0.9820191228687204
7.9209892355131011	0.9838507040640916
7.9241732877552362	0.9857221296248688
7.9273792328039159	0.9871810018205976
7.9305966631620706	0.9887062443499386
7.9338745871068515	0.9898883408125057
7.9372212197074026	0.9911421592423333
7.9406899472791892	0.9921397976830461
7.9443038622693942	0.9931700563411322
7.9481504836890462	0.9940464972792188
7.9523646409189572	0.9949678956471160
7.9594047684017433	0.9959545616686037
7.9636277545573844	0.9966601862595728
7.9672931351811398	0.9970233735484663
7.9708316925656577	0.9974735437834062
7.9744135726894108	0.9977358976487505
7.9781058803580045	0.9980751629607577
7.9819936054974674	0.9983072177326876
7.9862261052370602	0.9986154747586680
7.9931668275543055	0.9987549886283162
7.9975046087469703	0.9990521605950110
8.0012285622503772	0.9991127094279606
8.0047706168603909	0.9993062591145149
8.0083059216828865	0.9993289368693233
8.0119032037038274	0.9994722703018164
8.0156184677529208	0.9994994776726897
8.0195160216006478	0.9995974115933820
8.0237534027087953	0.9995954168915879
8.0306758930650251	0.9998570514321442
8.0353429208086915	0.9997896363105130
8.0394761654187565	0.9998456971797973
8.0435311896499790	0.9998284665076999
8.0478222365764545	0.9999125472063871
8.0548273367517709	0.9997630547692394
8.0596859233453877	0.9998827046066210
8.0642528244341261	0.9998423537419365
8.0713966390149690	1.0000756263519683
8.0760257717722599	0.9999619983190550
8.0799871727528956	1.0000116077499464
8.0837552630346092	0.9999491788403332
8.0875401908690687	0.9999929678511758
8.0914675494306039	0.9999618734550308
8.0957130333746061	1.0000275149872870
8.1026801953681176	0.9998556699860701
8.1075314748320455	0.9999597365209612
8.1120952720228736	0.9999071035191783
8.1192417460206485	1.0001235202350018
8.1239621070927921	1.0000071958466343
8.1280397540709277	1.0000412079412471
8.1319484111570279	0.9999875012362405
8.1359251720331045	1.0000147188969701
8.1401878480941239	0.9999477667599126
8.1470780523146953	1.0001392748984594
8.1514242798101453	1.0000025432206339
8.1550933578580658	1.0000739094124893
8.1585265578485444	0.9999639353812332
8.1618879855907416	1.0000567944814578
8.1652345912876587	0.9999548801760924
8.1685862109469376	1.0000490061090432
8.1719514111629241	0.9999537603825399
8.1753322454118251	1.0000447459690347
8.1787322611035123	0.9999553608634937
8.1821522489306311	1.0000413767271084
8.1855966560875455	0.9999583952503526
8.1890680011912167	1.0000375406483484
8.1925735330498703	0.9999629277043836
8.1961198082086373	1.0000320874880941
8.1997204362447107	0.9999699655804286
8.2033923191046334	1.0000232063796830
8.2071679968267457	0.9999815141024144
8.2111041574956438	1.0000124480981649
8.2153507245366875	0.9999481584546762
8.2222813354194635	1.0001286079191680
8.2270255984314336	1.0000199665375633
8.2312282090093429	1.0000408258090474
8.2353260709473215	0.9999972402924963
8.2396285435416203	1.0000581709697787
8.2465652345099585	0.9998645095217291
8.2511109759538073	0.9999884873380960
8.2549938166515684	0.9999369647129709
8.2586331608192509	1.0000224217710467
8.2622059489649100	0.9999558451494097
8.2657792675658754	1.0000276430498161
8.2693916329454105	0.9999678105503081
8.2730685842996063	1.0000220116826455
8.2768466982480025	0.9999809825680279
8.2807839063233768	1.0000122429820508
8.2850308428222021	0.9999481019694376
8.2919715904868099	1.0001267736833295
8.2967852009981637	1.0000228099817865
8.3011194191904227	1.0000374270754047
8.3055011053603245	0.9999559443763282
8.3124939024532338	1.0001426393924113
8.3170698664329841	1.0000137583759683
8.3209600259835756	1.0000639075557147
8.3246006844780567	0.9999773226455874
8.3281705833779576	1.0000438258535687
8.3317418953379310	0.9999714415026796
8.3353506588066555	1.0000314098394729
8.3390260321527467	0.9999769273946263
8.3428014141230005	1.0000180248624460
8.3467383867380320	0.9999867024663330
8.3509840084268667	1.0000507650605939
8.3579176546367382	0.9998703452806188
8.3626573161002060	0.9999788970747391
8.3668585557198654	0.9999580005370478
8.3709539555165620	1.0000016236827283
8.3752570969405458	0.9999407897040091
8.3820807170900711	1.0001550947826838
8.3860441140795565	0.9999857994554611
8.3893071945047986	1.0001082231453653
8.3923571031724613	0.9999411602348223
8.3953518117673482	1.0000897572410665
8.3983412404700122	0.9999306644293451
8.4013406937963744	1.0000793004430391
8.4043568013309944	0.9999290636628229
8.4073900284580283	1.0000730513241949
8.4104426861497004	0.9999305049825388
8.4135135447908471	1.0000685908729257
8.4166046263107752	0.9999331060839242
8.4197146036020722	1.0000648090664774
8.4228456753053198	0.9999362097401353
8.4259967259046160	1.0000612043377277
8.4291702618858455	0.9999396266188409
8.4323655568815852	1.0000575053531617
8.4355855875427377	0.9999433754324634
8.4388302527343804	1.0000534954972951
8.4421032926178885	0.9999476047744610
8.4454056544631637	1.0000489113356115
8.4487424309417278	0.9999526094867273
8.4521165007376347	1.0000433319836313
8.4555356454246517	0.9999589484495638
8.4590068248938248	1.0000359572822355
8.4625441325574773	0.9999677764907797
8.4661651023576905	1.0000251117740564
8.4699031586905704	0.9999810703777483
8.4738165278865267	1.0000126168078103
8.4780569686203062	0.9999491101782112
8.4848149473519889	1.0001620005742216
8.4886162096453326	0.9999805151959683
8.4917698993031454	1.0001161226154369
8.4947522206082891	0.9999389257268163
8.4977062366954375	1.0000928819548547
8.5006734400671213	0.9999304951123376
8.5036643107629626	1.0000795943049212
8.5066824029411201	0.9999302098796711
8.5097261053463846	1.0000717217400574
8.5127961857517178	0.9999325624148502
8.5158903044904495	1.0000662805912501
8.5190096423098662	0.9999358249250537
8.5221523057971993	1.0000618432773047
8.5253201092934408	0.9999394535930757
8.5285117794515699	1.0000577183358330
8.5317298239037171	0.9999433628692311
8.5349737601693665	1.0000534962834866
8.5382470057542292	0.9999476843048303
8.5415502417883253	1.0000488201991293
8.5448883365460713	0.9999527226807478
8.5482639832841869	1.0000432199581890
8.5516848071532579	0.9999590525969233
8.5551576394866782	1.0000358666453624
8.5586964652790076	0.9999678439530342
8.5623187271956329	1.0000250654108762
8.5660577706531260	0.9999810888824198
8.5699717451121806	1.0000126167620940
8.5742123455734589	0.9999490884551661
8.5810900878954044	1.0001396857068370
8.5854632133391284	1.0000061396637516
8.5891739199871182	1.0000721859648232
8.5926610700417303	0.9999700266243695
8.5960938445719179	1.0000518108049217
8.5995366449879640	0.9999646400862512
8.6030188429645431	1.0000388363283961
8.6065617221374264	0.9999696728595661
8.6101860982192928	1.0000260357924800
8.6139262096107068	0.9999816587684429
8.6178407652631055	1.0000129225172230
8.6220815158696968	0.9999492314835056
8.6290252659089450	1.0001273320603778
8.6338074368844939	1.0000229577559674
8.6381190916547705	1.0000376702526483
8.6424946914062062	0.9999568388526729
8.6495450414431776	1.0001331613340352
8.6544521660171654	1.0000263794389550
8.6590315703011385	1.0000812804773240
8.6662026477311525	0.9998698335624771
8.6711004840979324	0.9999778216652897
8.6754569887646902	0.9999618435053289
8.6798462603729938	1.0000429221118721
8.6868399436352810	0.9998529554468804
8.6913019551979502	0.9999881757193153
8.6950756210196101	0.9999283272657475
8.6986132521495723	1.0000253644423731
8.7020976682971671	0.9999503399094148
8.7055959563790388	1.0000301822701922
8.7091461994919079	0.9999649213380893
8.7127737537780892	1.0000232688684916
8.7165156342408601	0.9999801674651804
8.7204309471323054	1.0000121186572881
8.7246719875649497	0.9999488057755870
8.7315684499318316	1.0001360855175314
8.7360504778258967	1.0000105926361091
8.7398949535206203	1.0000626742493965
8.7435302532241916	0.9999789297209936
8.7471330584151872	1.0000389259601488
8.7507823833571017	0.9999786745730410
8.7545320189986562	1.0000203824339344
8.7584515569516448	0.9999876611630026
8.7626928021038086	1.0000505784076021
8.7695016083408373	0.9998460510673990
8.7735066579237255	1.0000090917075495
8.7768343104514432	0.9998968616150562
8.7799514800745975	1.0000522597895423
8.7830160146649394	0.9999156909047227
8.7860729668673976	1.0000626867745370
8.7891400566499307	0.9999255052442553
8.7922191493737074	1.0000648086413457
8.7953131567642764	0.9999307277317905
8.7984197945217435	1.0000643045180382
8.8015404038538474	0.9999339245261561
8.8046725744206569	1.0000629546090225
8.8078175958497500	0.9999362385209402
8.8109732760180268	1.0000613679929646
8.8141410293411262	0.9999381557295494
8.8173188691201911	1.0000597393767769
8.8205083520464012	0.9999398939664298
8.8237076751199695	1.0000581104723167
8.8269185426720398	0.9999415666794819
8.8301393340859420	1.0000564645879892
8.8333719172026726	0.9999432500964216
8.8366148743410946	1.0000547589935520
8.8398702715740836	0.9999450126684615
8.8431369413130358	1.0000529326415364
8.8464172121865765	0.9999469316199049
8.8497102537792678	1.0000509021967334
8.8530187718873830	0.9999491080280435
8.8563424298091498	1.0000485487399224
8.8596845191755982	0.9999516885449137
8.8630454888680053	1.0000456903648192
8.8664296198495407	0.9999549056538641
8.8698387334530988	1.0000420247096300
8.8732789594707207	0.9999591642674550
8.8767548137506207	1.0000369953090202
8.8802763968770169	0.9999652527489138
8.8838544386417713	1.0000294495158508
8.8875094815298787	0.9999748430434507
8.8912711264970969	1.0000173712288936
8.8952001844593180	0.9999862484430950
8.8994435884493086	1.0000502597795322
8.9063982227865175	0.9998738821372360
8.9112686726853561	0.9999753077442665
8.9158372446176912	0.9999193752364065
8.9229739301473607	1.0001336308970314
8.9277022354743707	1.0000140753830089
8.9317569954958795	1.0000513745190280
8.9355971872985460	0.9999882139460299
8.9394325886086232	1.0000245258989207
8.9433896361204646	0.9999898954544632
8.9476431339429432	1.0000525337008133
8.9545938541850578	0.9998724640575986
8.9593973078511677	0.9999763093169133
8.9637255069629358	0.9999615562813629
8.9681043195208723	1.0000427217874208
8.9751546029454996	0.9998660830455385
8.9800708658583090	0.9999729470955798
8.9846543757403907	0.9999177475691805
8.9918305736699260	1.0001284027525141
8.9969102863606452	0.9999717390304116
9.0044297609429904	1.0001707212058992
9.0092888200613324	1.0000241965342735
9.0133175584285716	1.0000645767899408
9.0170514213781612	0.9999838687936705
9.0207146408590315	1.0000386708384807
9.0244040360636735	0.9999804704375727
9.0281804285316110	1.0000204003651183
9.0321153968097363	0.9999878951206752
9.0363609028947085	1.0000512522008971
9.0432957074689124	0.9998703480859383
9.0480245491716378	0.9999791062713493
9.0522159216160780	0.9999578423368090
9.0563051780977286	1.0000015984642376
9.0606066502068412	0.9999409987803696
9.0675962496698030	1.0001247634339525
9.0724872443884212	1.0000230521725906
9.0770605037081840	1.0000797798377303
9.0841963748688705	0.9998651210718460
9.0889328151482847	0.9999847618777112
9.0929952818216062	0.9999477427091212
9.0968388003824892	1.0000107024772629
9.1006777747931800	0.9999745070099284
9.1046353724807698	1.0000091095230632
9.1088903180406362	0.9999464257255293
9.1157676928572080	1.0001399591447895
9.1201315686581594	1.0000041968319602
9.1238064495506812	1.0000761879610083
9.1272304078332667	0.9999640192718903
9.1305691112434655	1.0000608783959815
9.1338810408192526	0.9999531665116850
9.1371867329429612	1.0000543683765897
9.1404949893475873	0.9999502733519848
9.1438074369438791	1.0000513538216966
9.1471267063957988	0.9999499240683793
9.1504518966709174	1.0000496173367046
9.1537850152943232	0.9999504991536797
9.1571249279733760	1.0000482657427046
9.1604737577411885	0.9999514957356069
9.1638305441266077	1.0000469265529546
9.1671976922992400	0.9999527957735879
9.1705745957495690	1.0000453988267588
9.1739641053913807	0.9999544430915429
9.1773661980834333	1.0000435049092509
9.1807844610383587	0.9999565900317821
9.1842198688200494	1.0000410044538233
9.1876773290712741	0.9999595263497697
9.1911596677181979	1.0000374910868475
9.1946744480837985	0.9999638014481003
9.1982284093259850	1.0000321760021640
9.2018353168415654	0.9999705637020772
9.2055121358022518	1.0000233820445044
9.2092914184334074	0.9999818549361645
9.2132297548757087	1.0000126898666539
9.2174769142104154	0.9999482838892224
9.2243779632711504	1.0001342165792295
9.2289366052860249	1.0000121169940537
9.2328502987044878	1.0000597826598190
9.2365318724186096	0.9999791185576559
9.2401535123215641	1.0000396086243224
9.2437884011018383	0.9999752775952774
9.2474779333206509	1.0000257796678020
9.2512630558426814	0.9999832612006724
9.2552041796898408	1.0000134385265209
9.2594521651744088	0.9999486012325346
9.2663829491782064	1.0001287893516313
9.2711337812432077	1.0000201880670876
9.2753421258200408	1.0000408212256751
9.2794435181353112	0.9999972878159790
9.2837469567867323	1.0000583363248479
9.2906752928241030	0.9998631501211742
9.2951773752325941	0.9999906093098146
9.2989970782318583	0.9999322142448286
9.3025567255962667	1.0000278504722409
9.3060287487489877	0.9999477313604349
9.3094725583255169	1.0000373882363125
9.3129151927575151	0.9999544892976493
9.3163650451952726	1.0000389704365851
9.3198297429967081	0.9999585039246373
9.3233119592082314	1.0000374938491523
9.3268181555584526	0.9999622984249744
9.3303526844332954	1.0000339600342973
9.3339254762463693	0.9999674419731189
9.3375468698712254	1.0000277222724532
9.3412369728026636	0.9999758904018587
9.3450246478141707	1.0000168894287775
9.3489695651239035	0.9999862122796740
9.3532172462105692	1.0000508052991550
9.3601150695654773	0.9998639634716119
9.3646463249379419	0.9999882713415729
9.3685179533846838	0.9999356741130079
9.3721376698862997	1.0000242104514534
9.3756758006220231	0.9999524035803766
9.3791931278163396	1.0000324872694335
9.3827196320433064	0.9999605329096454
9.3862677109173287	1.0000320841275936
9.3898508495792115	0.9999670568182815
9.3934803956847333	1.0000269885481332
9.3971769516574550	0.9999758282869950
9.4009693561231717	1.0000166683797616
9.4049171605441053	0.9999861296009007
9.4091656207511196	1.0000508624053941
9.4160678650347869	0.9998649096663526
9.4206323850109666	0.9999870727981698
9.4245456385671407	0.9999383538439768
9.4282111424388102	1.0000216913294924
9.4318004741575745	0.9999560341655997
9.4353772546878005	1.0000285842477765
9.4389756999530512	0.9999657001707783
9.4426144251859725	1.0000257932432668
9.4463171883033699	0.9999754407223991
9.4501137423398553	1.0000163095407109
9.4540639961315680	0.9999859637419352
9.4583131256466650	1.0000508578197433
9.4652109494405785	0.9998641432798616
9.4697527194975901	0.9999881872861441
9.4736311021269017	0.9999357018215783
9.4772506311045905	1.0000248134094956
9.4807800119249279	0.9999512350343216
9.4842780735851342	1.0000344704168063
9.4877719394681197	0.9999575159159406
9.4912699901168587	1.0000363684242379
9.4947797836880810	0.9999610011527449
9.4983038049517461	1.0000353332736240
9.5018483127755271	0.9999642320084206
9.5054173852148161	1.0000323440266747
9.5090206784375955	0.9999687561564298
9.5126681821090049	1.0000267419606266
9.5163796094735602	0.9999765199894283
9.5201832590371822	1.0000166042927716
9.5241379759685501	0.9999861858535928
9.5283883119888273	1.0000511365377933
9.5353074137545057	0.9998684228895044
9.5399951944114303	0.9999823617758907
9.5440815972409201	0.9999496407814739
9.5479649642252156	1.0000092187087029
9.5518394877695378	0.9999752389024028
9.5558200870593346	1.0000091677899932
9.5600810986414384	0.9999455916930452
9.5670168639418272	1.0001277409549034
9.5717986702455686	1.0000200487539523
9.5760336306046092	1.0000400597873642
9.5801514434944401	0.9999969768319513
9.5844593809593182	1.0000587178993601
9.5914374961973508	0.9998729883553461
9.5962944390371234	0.9999768512864599
9.6006557620876745	0.9999619564917401
9.6050439431423058	1.0000439448425882
9.6120458252694512	0.9998582616506186
9.6166932138497856	0.9999836968856042
9.6206572962411965	0.9999385144474656
9.6243544397927643	1.0000203900030751
9.6279627898484428	0.9999560938336901
9.6315474693816014	1.0000288057488511
9.6351415793097850	0.9999644488318851
9.6387602919996489	1.0000280342733090
9.6424208773091422	0.9999716818343134
9.6461407432736852	1.0000216517910305
9.6499520853769205	0.9999821600807284
9.6539099877137229	1.0000126015036919
9.6581624715554568	0.9999475580299884
9.6650659386736741	1.0001328574818007
9.6696812521357494	1.0000130689467641
9.6736470556974403	1.0000577580124803
9.6773627612617030	0.9999790462514409
9.6809953880829980	1.0000405610250727
9.6846121353908927	0.9999718854044889
9.6882440026826657	1.0000316673062599
9.6919128175423417	0.9999741175674591
9.6956386060873658	1.0000227351662681
9.6994539727440241	0.9999828920125829
9.7034143185532233	1.0000129642841369
9.7076674543734853	0.9999476592369163
9.7145686140360024	1.0001332576722621
9.7191739736172149	1.0000125071255963
9.7231219190762577	1.0000591912525774
9.7268113384715189	0.9999771707684180
9.7304068887843016	1.0000435545452198
9.7339719003131151	0.9999679711021006
9.7375316096878279	1.0000372953274421
9.7410990794534911	0.9999665143380748
9.7446803759128571	1.0000334497849415
9.7482836517374878	0.9999683635400147
9.7519155064814900	1.0000291071415621
9.7555890439353181	0.9999731825461493
9.7593202644200154	1.0000218510939709
9.7631403405360278	0.9999826076879260
9.7671037055108112	1.0000127691430631
9.7713576592563651	0.9999474477450053
9.7782863325694009	1.0001278905965101
9.7830811065016583	1.0000203932298843
9.7873295026407963	1.0000398537796822
9.7914560864647378	0.9999969195095376
9.7957663981886576	1.0000589884243141
9.8027165921621116	0.9998682027291635
9.8074064494621975	0.9999844748147906
9.8114570180476957	0.9999462751010546
9.8152657978010414	1.0000150601554594
9.8190122848548125	0.9999662114062923
9.8227737074708799	1.0000177011707816
9.8266070773509657	0.9999804249312557
9.8305759175638361	1.0000116268621007
9.8348317918006760	0.9999467715179708
9.8417614068213606	1.0001276892375905
9.8465588380089226	1.0000203216538524
9.8508094410384555	1.0000397669317580
9.8549373835387577	0.9999968820845496
9.8592480699686629	1.0000590159219966
9.8662245866283396	0.9998731353150614
9.8710951419584543	0.9999769095246350
9.8754664858097971	0.9999620453916993
9.8798573925995878	1.0000443414339297
9.8868747421320009	0.9998615599722297
9.8916449772487276	0.9999793866454408
9.8957831198077262	0.9999495703594093
9.8996999883204797	1.0000081561741732
9.9035965041424738	0.9999753205894542
9.9075897023295720	1.0000091161462670
9.9118542858857506	0.9999451737149827
9.9187625895652918	1.0001324873607840
9.9233853222008488	1.0000124819293195
9.9273478192021081	1.0000585036076599
9.9310470257360031	0.9999771746248911
9.9346471815645252	1.0000435610061573
9.9382111176683487	0.9999674295905635
9.9417630968997948	1.0000382140064108
9.9453146987992973	0.9999649851129438
9.9488698087755054	1.0000357103738136
9.9524333877229818	0.9999651405197236
9.9560072946121085	1.0000336560708454
9.9595972010652840	0.9999668294282377
9.9632069745473650	1.0000307887157338
9.9668459837133643	0.9999703666386680
9.9705239475938399	1.0000257321361166
9.9742601982212147	0.9999772764729639
9.9780824547414255	1.0000163154909461
9.9820486136365432	0.9999861746927758
9.9863020688123125	1.0000515368480976
9.9932120849012342	0.9998672639155721
9.9978675342325314	0.9999845167974493
