0.0000000000000000	0.0000000000000000
7.9923114553363597	0.0010000000000000
7.9991499024966854	0.0006428410313285
8.0037800878494760	0.0008712660380520
8.0074129853568650	0.0008596291668996
8.0110508890095780	0.0010782560769565
8.0147606567610907	0.0011768314290948
8.0185848539551294	0.0013953159744900
8.0225973612496606	0.0015724450856175
8.0268263303265428	0.0018280249942622
8.0314208755755132	0.0020907781044646
8.0408631174395779	0.0028081445717169
8.0494753627721813	0.0038841537841111
8.0550097786421002	0.0050837297872820
8.0604167978599683	0.0057145829589779
8.0657728463922993	0.0067947221439365
8.0744446473693703	0.0085516087606271
8.0780160099965759	0.0098933686226461
8.0814954259085017	0.0110471369340898
8.0851749759700642	0.0125859015425155
8.0890883942225020	0.0143135268970728
8.0931511936256602	0.0164041468205037
8.0973810907629034	0.0188448101395155
8.1016643240948909	0.0217029789607925
8.1060453813549618	0.0250286269651375
8.1104325796547094	0.0288796002789625
8.1149041637288590	0.0333701983982157
8.1193551226504308	0.0385287883422273
8.1238988348956287	0.0445662223731840
8.1284057041974229	0.0514594981315720
8.1330220478448787	0.0595546871836400
8.1376001186257998	0.0687697441108085
8.1423984352387020	0.0797558060564864
8.1487312346102989	0.0971269467647097
8.1629060282135715	0.1478326412000361
8.1720184053046765	0.1905749206871643
8.1777901189069446	0.2230326589304412
8.1817211639299909	0.2471368068954709
8.1856436348203463	0.2731073027643857
8.1897912455141064	0.3023684837167257
8.1945693254614653	0.3383533362551001
8.2010786952752746	0.3904216553040454
8.2068249817580377	0.4395911599654080
8.2110030995828236	0.4759064129040651
8.2156123256445657	0.5166092830413151
8.2201789294652183	0.5568573509426098
8.2298798036537377	0.6402170539883102
8.2342509959821140	0.6753520806520569
8.2384253982796825	0.7075204789066766
8.2426548173107701	0.7381779887730624
8.2471416450019959	0.7685036459763643
8.2516506330223063	0.7965745828796620
8.2622450430654428	0.8525740039887536
8.2675428052573796	0.8754217968297318
8.2722551665997699	0.8932207664038964
8.2798598795649543	0.9169153142362938
8.2844110595601972	0.9290427651581792
8.2883270337890398	0.9380277550923667
8.2922047326142021	0.9459610262090944
8.2965330854973143	0.9535928869291785
8.3034552698708559	0.9638428945783711
8.3131134860919857	0.9743650055604289
8.3185976922775939	0.9791384014164328
8.3343364473542874	0.9878079206867274
8.3376813257666704	0.9894962554536186
8.3409980185696497	0.9906339749543535
8.3444876968517558	0.9918703562351815
8.3481590476465541	0.9928839409221220
8.3519652754986105	0.9938738474406618
8.3559447788585235	0.9946998743265308
8.3601983462277349	0.9955385530617539
8.3673462592402732	0.9964090755844465
8.3710558298174647	0.9970261599648902
8.3744159289476254	0.9972915301587334
8.3778629674041003	0.9976976662495390
8.3815937882294627	0.9979641968629075
8.3857904493749640	0.9983135296995176
8.3926471764518169	0.9984898681073368
8.3961938370386147	0.9988487726096048
8.3993051767520424	0.9988433996698211
8.4023705270068287	0.9991116798092146
8.4054840654425060	0.9990908569807900
8.4086519946615823	0.9993080501057867
8.4118721190081551	0.9992811949025041
8.4151321300529318	0.9994645983914645
8.4184284093396453	0.9994301459549120
8.4217541602952082	0.9995886766079956
8.4251105278467779	0.9995482710826465
8.4284961458372667	0.9996859772054184
8.4319163277281817	0.9996433523683252
8.4353744462357163	0.9997611176887643
8.4388807378503401	0.9997216099778784
8.4424456321593286	0.9998173022540179
8.4460901115697826	0.9997888955619691
8.4498437987567421	0.9998562448194157
8.4537681828961198	0.9998470472553023
8.4580103839826908	0.9999313181226532
8.4649487739073255	0.9997784302378274
8.4696622166978326	0.9999024605613037
8.4738406796451144	0.9998920139145925
8.4779221132579412	0.9999452734279155
8.4822215492716460	0.9998933301699251
8.4891495669706600	1.0000991600692941
8.4936359210497301	0.9999775439249571
8.4974561141698697	1.0000380683053451
8.5010436331066863	0.9999507940674859
8.5045720666874853	1.0000243595914733
8.5081104537127548	0.9999515322419702
8.5116932160922367	1.0000160520096535
8.5153485197117007	0.9999620370504226
8.5191095045094851	1.0000057442096275
8.5230378182042976	0.9999757823522536
8.5272811201645666	1.0000410049245361
8.5342267154077440	0.9998646600519343
8.5390249584050633	0.9999696698038835
8.5433506766457210	0.9999558782893775
8.5477287139652969	1.0000377662438882
8.5547237190359535	0.9998521223325676
8.5592768863647635	0.9999821682203287
8.5631495286043897	0.9999312240756701
8.5667757771307205	1.0000192810173067
8.5703369156827556	0.9999523138311345
8.5739007089077077	1.0000255380199612
8.5775056639572345	0.9999654742562502
8.5811770463731190	1.0000203875127822
8.5849512477851171	0.9999793860544404
8.5888861361943309	1.0000109133714354
8.5931324341806832	0.9999470398351478
8.6000633485191464	1.0001278206465432
8.6048046875217210	1.0000192624613784
8.6090047414043820	1.0000402981071992
8.6131010369129886	0.9999967543759966
8.6174030807577164	1.0000576924290661
8.6242601209955367	0.9998494286742217
8.6283715243864201	1.0000061889768295
8.6317701958908284	0.9999011379414574
8.6349296824631132	1.0000509907352200
8.6380179430093449	0.9999170650962552
8.6410864005135544	1.0000626114596365
8.6441567471228904	0.9999253824707218
8.6472337763971598	1.0000652514752917
8.6503226613210451	0.9999301244374527
8.6534230662667611	1.0000647316525719
8.6565380230258100	0.9999335151076193
8.6596666640477054	1.0000629094604419
8.6628117115530276	0.9999365163036382
8.6659723475246349	1.0000604427270172
8.6691513468114305	0.9999395349908142
8.6723481162894878	1.0000575391026771
8.6755656859486034	0.9999427826780778
8.6788038808087116	1.0000542037358520
8.6820662388226229	0.9999464369849516
8.6853533221430439	1.0000503109333598
8.6886696096553742	0.9999507348700879
8.6920170120212301	1.0000455856445862
8.6954018340618759	0.9999560785612439
8.6988286902016281	1.0000394856261887
8.7023078586988092	0.9999632542455925
8.7058502666028907	1.0000308677030367
8.7094767235524291	0.9999739223567289
8.7132173066069782	1.0000177538212465
8.7171336191042244	0.9999862631701798
8.7213736049680737	1.0000498129177671
8.7281371388564306	0.9998375603196027
8.7319499597523631	1.0000178239141198
8.7351139637487414	0.9998835043823333
8.7381016852651410	1.0000597101610600
8.7410606754971951	0.9999063477740076
8.7440295750815356	1.0000683076501469
8.7470229181146770	0.9999194091227521
8.7500409019255354	1.0000686817007070
8.7530857160311442	0.9999271620111936
8.7561546836742465	1.0000663777212691
8.7592491387894977	0.9999325423172151
8.7623668082982213	1.0000631388277528
8.7655093855980599	0.9999369521160311
8.7686752466179811	1.0000595175079918
8.7718666349670240	0.9999410694616175
8.7750826481448474	1.0000556051803184
8.7783262578671160	0.9999452966209514
8.7815975095670247	1.0000512744959116
8.7849004765944834	0.9999499865546938
8.7882367033150075	1.0000462238658545
8.7916122087761099	0.9999556073306637
8.7950313539542080	1.0000398813587867
8.7985042255925539	0.9999629867123253
8.8020415936452032	1.0000310774389174
8.8056641601563452	0.9999738135060219
8.8094019533196146	1.0000178150383094
8.8133166010840984	0.9999862744762611
8.8175561379390022	1.0000497624710405
8.8244366550353828	0.9998592524396500
8.8288048292842003	0.9999928402129137
8.8325135492242755	0.9999265581617005
8.8359975307034713	1.0000289668366076
8.8394291390708641	0.9999469730649329
8.8428694876541094	1.0000343375319145
8.8463510688027220	0.9999599975097805
8.8498919625128618	1.0000292794493935
8.8535162326484294	0.9999728412897521
8.8572547948327234	1.0000172615220329
8.8611698445470992	0.9999859792689761
8.8654094843676177	1.0000496217749650
8.8723567027013299	0.9998717302664825
8.8771356098400016	0.9999759446814740
8.8814474524889935	0.9999612566539977
8.8858217657913450	1.0000420166665411
8.8928752125334505	0.9998659914448360
8.8977793431338448	0.9999726742984328
8.9023596838372061	0.9999180422847247
8.9095358847934030	1.0001290534263243
8.9144308778244525	1.0000212062237044
8.9187837636511738	1.0000371585487269
8.9231732777486936	0.9999561292802855
8.9301624915075042	1.0001462283227767
8.9346238286401167	1.0000106914728490
8.9383937861714955	1.0000708192206973
8.9419296300120887	0.9999734703810853
8.9454109299895759	1.0000487443712505
8.9489080423773331	0.9999686827565216
8.9524558307709849	1.0000340980917841
8.9560829118931373	0.9999756366371494
8.9598229746984313	1.0000187935834604
8.9637386221914426	0.9999868159441536
8.9679785055230496	1.0000500750869203
8.9748777954035539	0.9998628917794279
8.9793544622619841	0.9999884081867392
8.9831966172163682	0.9999361045401639
8.9868284790374489	1.0000200694268082
8.9904300934827166	0.9999599068034829
8.9940770192033614	1.0000202848062407
8.9978263980917355	0.9999785130603063
9.0017443523654013	1.0000112505860610
9.0059864239883858	0.9999483324565894
9.0127796750428733	1.0001553548511801
9.0167282744864838	0.9999871627058197
9.0200032100715912	1.0001062825327378
9.0230781454128763	0.9999440485291942
9.0261047528228353	1.0000865467872688
9.0291295121670991	0.9999338889821879
9.0321654810167722	1.0000760341080093
9.0352174513658738	0.9999319947487169
9.0382844060557073	1.0000703482133324
9.0413673321913990	0.9999327092327929
9.0444638612559718	1.0000668307344431
9.0475749397024057	0.9999342508636944
9.0506982467763013	1.0000642789012728
9.0538349740548991	0.9999360090725895
9.0569829905038404	1.0000621727425112
9.0601437007665524	0.9999377912513531
9.0633151658514617	1.0000602753880665
9.0664989721934166	0.9999395594776854
9.0696933695368021	1.0000584623577906
9.0729001187908089	0.9999413343805267
9.0761176690151384	1.0000566507077326
9.0793479717249728	0.9999431621087358
9.0825897069995545	1.0000547676888873
9.0858450603056404	0.9999451064495285
9.0891130058598080	1.0000527332362243
9.0923960463185942	0.9999472528527216
9.0956935651589603	1.0000504443959490
9.0990085343531319	0.9999497218550287
9.1023409577695169	1.0000477533501912
9.1056945630223609	0.9999526966423825
9.1090703828612494	1.0000444270377988
9.1124734804926728	0.9999564806981400
9.1159067841717896	1.0000400604051507
9.1193780130903388	0.9999616311278795
9.1228940959771609	1.0000338628977616
9.1264690037185474	0.9999692971125853
9.1301200310261947	1.0000241606092577
9.1338801977440038	0.9999814901811819
9.1378069189344799	1.0000126491977337
9.1420509446484015	0.9999486626043661
9.1490023796081914	1.0001252532037916
9.1538744067155129	1.0000237817638318
9.1584416748740800	1.0000799596434053
9.1655720181767251	0.9998651060808904
9.1702991469941058	0.9999849531328334
9.1743528973197694	0.9999474112412576
9.1781895268990592	1.0000108161410270
9.1820235536235355	0.9999743736356702
9.1859782063175235	1.0000090656304477
9.1902323504801924	0.9999464990559107
9.1971815600980591	1.0001266254611032
9.2019845946005798	1.0000226477632257
9.2063101421302953	1.0000374305920503
9.2106895608879267	0.9999562794255477
9.2177372077349080	1.0001330962361217
9.2226547559974570	1.0000261722894859
9.2272368646250911	1.0000815769566740
9.2344114761709850	0.9998711325629757
9.2394896892240865	1.0000285463413461
9.2469832565610144	0.9998271550651034
9.2518532127253525	0.9999749997253660
9.2558846373911550	0.9999341818378749
9.2596147522193437	1.0000154005681372
9.2632749791830715	0.9999601947190188
9.2669600209847207	1.0000186956549810
9.2707346104366550	0.9999786035880300
9.2746670101740616	1.0000111564937995
9.2789130914230427	0.9999478482564379
9.2858455432462073	1.0001288645622779
9.2905733388473646	1.0000198898700605
9.2947610550771618	1.0000412680903026
9.2988496550179924	0.9999974626159361
9.3031496123917332	1.0000580218074766
9.3101409144259275	0.9998743671198945
9.3150290417896748	0.9999760003553059
9.3196032820918866	0.9999194725702572
9.3267424960012839	1.0001340003916390
9.3314728818610604	1.0000141711569943
9.3355278431103450	1.0000514887142582
9.3393676385900140	0.9999882450705544
9.3432025802020089	1.0000245770817013
9.3471593053966426	0.9999899235662035
9.3514127238364484	1.0000525380118563
9.3582878598748813	0.9998582839585622
9.3626243244862533	0.9999957276756856
9.3662727107601569	0.9999209035511218
9.3696703796658358	1.0000363167252331
9.3729860617111012	0.9999363119446082
9.3762745593485342	1.0000472159477518
9.3795592955080203	0.9999429945343774
9.3828456346243740	1.0000500759453874
9.3861384225898004	0.9999461473664074
9.3894369790082752	1.0000503535367857
9.3927436878073447	0.9999480012993290
9.3960572939580729	1.0000496845500118
9.3993799520353463	0.9999494648763794
9.4027105513561615	1.0000485796620155
9.4060514109983586	0.9999509196715812
9.4094017280268325	1.0000471599013623
9.4127641613056099	0.9999525716136889
9.4161383802314447	1.0000453821696142
9.4195276082959865	0.9999546011623993
9.4229322806627707	1.0000430941061904
9.4263565950173280	0.9999572502300202
9.4298023371967528	1.0000400056059042
9.4332755439723428	0.9999609247029329
9.4367806508194203	1.0000355650528054
9.4403276615476059	0.9999664119456082
9.4439271526746946	1.0000286243413690
9.4475994796990825	0.9999753877678998
9.4513739193403286	1.0000171484193692
9.4553107541554393	0.9999862424277383
9.4595562530673760	1.0000505360075369
9.4664592645257244	0.9998645517048473
9.4710046768698462	0.9999870766112218
9.4749075587393889	0.9999385496251256
9.4785779970918735	1.0000201433396734
9.4821917885799447	0.9999588899444939
9.4858186289166451	1.0000238673925936
9.4895032444002734	0.9999729422318280
9.4932832281602302	1.0000157175122391
9.4972226792995240	0.9999854723750553
9.5014689581023024	1.0000501935948842
9.5084029923722646	0.9998701912987931
9.5131463689933682	0.9999787618656879
9.5173509484816101	0.9999580248654626
9.5214484294725725	1.0000016221158146
9.5257521359165054	0.9999407195821767
9.5326767945984443	1.0001364328233453
9.5371602600169467	1.0000076662171655
9.5409570489083002	1.0000680449663992
9.5444970550339878	0.9999701168601791
9.5479493888958231	1.0000524093640104
9.5513764088287001	0.9999605929507385
9.5548018109577466	1.0000454514921093
9.5582370575757452	0.9999591114696107
9.5616866337942561	1.0000412446985858
9.5651564080400640	0.9999607366469561
9.5686497285159486	1.0000372563200974
9.5721742170204198	0.9999644518200446
9.5757366558519763	1.0000319066640988
9.5793507472478243	0.9999708962368622
9.5830333879835869	1.0000232366905322
9.5868170021786199	0.9999819488116978
9.5907579816239998	1.0000127036186406
9.5950058551268018	0.9999481976604617
9.6018990459988487	1.0001355697306074
9.6064150827080947	1.0000101311028033
9.6102669224367077	1.0000643442010417
9.6138698643533793	0.9999739588064205
9.6173911285687552	1.0000474582890055
9.6208946906724702	0.9999657474204391
9.6244072172192059	1.0000390912965376
9.6279443195748495	0.9999663053998747
9.6315162855631264	1.0000323287495088
9.6351378285179763	0.9999716062150801
9.6388263398598557	1.0000233119227602
9.6426142431527655	0.9999821580025902
9.6465578346436196	1.0000127804510197
9.6508064125702919	0.9999481451605803
9.6577044044888307	1.0001345647170019
9.6622550702662178	1.0000113996403834
9.6661500862416130	1.0000615187140722
9.6698004517249636	0.9999766003792161
9.6733746409266033	1.0000436539714157
9.6769395808866658	0.9999698097553729
9.6805261588727536	1.0000337235850492
9.6841563256956427	0.9999727931376856
9.6878505966126554	1.0000237144739754
9.6916423165100625	0.9999825118261860
9.6955881506062180	1.0000129442198482
9.6998373408647094	0.9999481542394202
9.7067300821114504	1.0001354950316741
9.7112525380278854	1.0000100686287656
9.7151061324701615	1.0000646239056514
9.7187036673194243	0.9999730722471387
9.7222107999197664	1.0000489976413875
9.7256894870489710	0.9999634018226290
9.7291635055603169	1.0000425223269263
9.7326443788485477	0.9999615954041225
9.7361365021701971	1.0000388432673666
9.7396456262509457	0.9999627821206879
9.7431748878408921	1.0000354085094230
9.7467317095160837	0.9999659681202456
9.7503226057304690	1.0000306570450941
9.7539610076122027	0.9999718060494339
9.7576634430521931	1.0000226376091164
9.7614618617871312	0.9999822064743460
9.7654119003115394	1.0000127212146095
9.7696622286790138	0.9999478889472415
9.7765783308960135	1.0001308544237948
9.7812580669182889	1.0000163771554675
9.7853331168605404	1.0000497071061689
9.7892087215505317	0.9999895512810216
9.7930758650069993	1.0000238382219149
9.7970534657814081	0.9999897971639570
9.8013123729688534	1.0000532192472480
9.8082506533962448	0.9998711962407967
9.8130233205105650	0.9999789190980919
9.8172527626290602	0.9999587486727962
9.8213654699484714	1.0000019268763078
9.8256733595145853	0.9999403883580891
9.8326511437226571	1.0001260979801334
9.8375040422320019	1.0000221174607793
9.8418600704227348	1.0000370508481053
9.8462481408903617	0.9999551758942825
9.8532463564519848	1.0001412705510031
9.8578777040835845	1.0000148011975165
9.8618209357481881	1.0000615100220043
9.8655003576054803	0.9999778402639958
9.8690909896530368	1.0000437685813539
9.8726612510322838	0.9999694841119039
9.8762408844534928	1.0000351536373595
9.8798483842412121	0.9999704258700752
9.8834977973499107	1.0000276490009057
9.8872100549549398	0.9999770450063673
9.8910141458092085	1.0000168886821188
9.8949690550404359	0.9999863419652544
9.8992194611293876	1.0000512247076070
9.9061242764342872	0.9998657771195535
9.9107206770930993	0.9999862685818711
9.9146687845578452	0.9999402156024471
9.9183663947451528	1.0000205001975029
9.9219844242227566	0.9999575596964319
9.9255866101324237	1.0000275729082400
9.9292072601918235	0.9999667131450477
9.9328649120925530	1.0000251491096332
9.9365831114420935	0.9999759243235889
9.9403912354452775	1.0000161275178978
9.9443485931695879	0.9999859587211288
9.9485996514192347	1.0000511073289127
9.9555018865349947	0.9998653132728976
9.9600866389102976	0.9999868944616074
9.9640146523657034	0.9999386072348165
9.9676834432894523	1.0000225356499046
9.9712615065415608	0.9999543198229279
9.9748086768942645	1.0000317331484470
9.9783533587125142	0.9999607639458211
9.9819053235153792	1.0000330912114916
9.9854739418680314	0.9999648013394119
9.9890641624631034	1.0000310857100450
9.9926859930918397	0.9999693507544430
9.9963493308769955	1.0000260649411243
