0.0000000000000000	0.0000000000000000
8.1143560647750430	0.0010000000000000
8.1195432262143310	0.0007552578116804
8.1232759902604794	0.0008372826920387
8.1270130474320190	0.0007802802430318
8.1309564883249443	0.0008476715009317
8.1351487983513433	0.0008932660042645
8.1397510349569231	0.0010328697184412
8.1491882245572462	0.0013700368986205
8.1592455791052227	0.0022296227454187
8.1628945744581340	0.0023304979915522
8.1668097834004811	0.0026851663843974
8.1713952401463938	0.0030237584553631
8.1782475336753393	0.0039393506347089
8.1825821766415565	0.0043541281708859
8.1864403959699530	0.0049758299392061
8.1905011464599227	0.0056450666942063
8.1950858817794909	0.0066153337037678
8.2031915872907071	0.0084614298861927
8.2090387914404293	0.0108742226229133
8.2142118111077949	0.0127844911023054
8.2191634529361686	0.0148707668899977
8.2326227722961978	0.0227054638307183
8.2434604487189915	0.0322440091842739
8.2494624095337663	0.0396694899840501
8.2551157991022848	0.0471774449094809
8.2586628759770253	0.0531883015454440
8.2623379995217370	0.0597224356469083
8.2659942244777778	0.0671301586640333
8.2698389435701927	0.0756730841947637
8.2738050367508382	0.0855896312410241
8.2780406361672743	0.0974039526980082
8.2823414861571791	0.1108859631606721
8.2868492714884336	0.1267427435283460
8.2913444543105630	0.1444985569271023
8.2959782482042108	0.1649756619143088
8.3006043436321271	0.1877708209074453
8.3054493368726092	0.2142095413203550
8.3141824963599884	0.2690693372757118
8.3200199062274223	0.3102043313217475
8.3245898784944572	0.3450201058780645
8.3282891918452222	0.3744837933835689
8.3320206655747455	0.4054870801493798
8.3356573074065370	0.4364221893496629
8.3396084092959200	0.4708599411868517
8.3434592522988442	0.5047418978491102
8.3476402982597691	0.5417008929213722
8.3516943263595991	0.5772054402217054
8.3561567906284644	0.6155721298709194
8.3607163758359402	0.6534561245426194
8.3720026203758469	0.7398645955356861
8.3759636179808243	0.7663512607241705
8.3799848873102949	0.7916199988899446
8.3845369147086295	0.8177072100403771
8.3913039437590182	0.8520464839511982
8.3956977031228401	0.8711972964269823
8.3995202560165030	0.8862625767576543
8.4034912000996904	0.9002072473656675
8.4078112781141581	0.9137359067005714
8.4159169035829198	0.9344086899042751
8.4197297550974923	0.9427336383230150
8.4232484747263872	0.9493241057653709
8.4267769846689209	0.9553526011978111
8.4305036332745136	0.9608753808421227
8.4343846111423826	0.9660011484712577
8.4384467347408609	0.9706365861935917
8.4427133094726479	0.9749062168704978
8.4470574756102987	0.9785510812941696
8.4525731415184318	0.9827267614239298
8.4577713536053896	0.9853854582494417
8.4627576598962762	0.9881881687985570
8.4662564740341200	0.9893483375895475
8.4699559613119035	0.9907502600916005
8.4736980266460442	0.9918958913450937
8.4776168185973120	0.9930114934623669
8.4818664195184184	0.9939369949364851
8.4871634788801718	0.9953513550420269
8.4948685686286129	0.9960340613889601
8.5085038540737017	0.9982003312033966
8.5138643898839863	0.9982579880931921
8.5172940391908867	0.9985725110234428
8.5205885030462643	0.9986121682534407
8.5240129140256933	0.9988364652427751
8.5276224618616396	0.9989229778834270
8.5314626307192452	0.9990898672374735
8.5356848396879439	0.9991585105081543
8.5426327322053268	0.9995111112934857
8.5472862843814923	0.9994988300729278
8.5514227859784704	0.9995947535540856
8.5554843176566475	0.9996126733203652
8.5597763431887763	0.9997286071338338
8.5667201853601949	0.9996091272568804
8.5711755110981507	0.9997757793781800
8.5749746272387952	0.9997462987403909
8.5785459709005618	0.9998616021161523
8.5820639320668963	0.9998100046301790
8.5855925915238078	0.9999039586751115
8.5891689222396703	0.9998567298057430
8.5928176300439940	0.9999272041599213
8.5965752227523673	0.9998975592371864
8.6005000677600236	0.9999405301283145
8.6047437677696550	0.9998873530886018
8.6116845602382348	1.0000798692570256
8.6164820800574944	0.9999834624316516
8.6208047323044301	1.0000040020936962
8.6251833249215579	0.9999278819021800
8.6321726389547475	1.0001217332291970
8.6367100287745835	0.9999944120563391
8.6405624345941039	1.0000498241656468
8.6441721784081142	0.9999623352632444
8.6477175803568294	1.0000327663695818
8.6512695369713022	0.9999600335212403
8.6548632503391509	1.0000225784180883
8.6585271703997293	0.9999683993850785
8.6622944353389713	1.0000110050766298
8.6662265483377894	0.9999805046957367
8.6704708623382274	1.0000452749163500
8.6774052712242735	0.9998661015459122
8.6821375385464208	0.9999754430560301
8.6863324838297444	0.9999548511727111
8.6904240737776490	0.9999989736995112
8.6947261628022758	0.9999386602896068
8.7015880707861477	1.0001464569933800
8.7057249934126162	0.9999920495554209
8.7091481096432020	1.0000940502560920
8.7123318566473404	0.9999480028154899
8.7154410613305906	1.0000786222294384
8.7185307239038394	0.9999366037322817
8.7216191853693044	1.0000708673794885
8.7247147664666400	0.9999340247281395
8.7278191371627258	1.0000666185159102
8.7309354881132606	0.9999345258592962
8.7340633891180826	1.0000636421906954
8.7372055159561626	0.9999362953301189
8.7403611774776220	1.0000609843904558
8.7435330921242524	0.9999386999502574
8.7467206556467296	1.0000582489050107
8.7499267840144164	0.9999415432912822
8.7531511549190508	1.0000552348544887
8.7563970618954663	0.9999448242684845
8.7596647174064586	1.0000517743061710
8.7629581020179437	0.9999486693425166
8.7662784012887958	1.0000476389130835
8.7696308848147737	0.9999533531071958
8.7730186055466426	1.0000424341508221
8.7764494665382689	0.9999594170998455
8.7799305412838216	1.0000353804233733
8.7834759902588573	0.9999680014327292
8.7871033790400190	1.0000248172451678
8.7908461096633026	0.9999810789900139
8.7947622856619567	1.0000125532847275
8.7990034802992518	0.9999489555051591
8.8057660995583937	1.0001609654694958
8.8095900056626544	0.9999814323688211
8.8127601489730978	1.0001148408879490
8.8157534992215876	0.9999393950350195
8.8187150694278493	1.0000922190713288
8.8216874993972603	0.9999307034549860
8.8246819434516830	1.0000792918949568
8.8277023822943601	0.9999302747459587
8.8307474979221361	1.0000716145989377
8.8338182763143180	0.9999325424152726
8.8369125438820664	1.0000662774625495
8.8400316132401180	0.9999357572078849
8.8431736955844773	1.0000618928607687
8.8463406905800728	0.9999393635338792
8.8495313937535283	1.0000577906301682
8.8527483700482303	0.9999432678242718
8.8559911834710388	1.0000535730194473
8.8592632910328373	0.9999475959568942
8.8625654057708179	1.0000488899314226
8.8659024237375821	0.9999526487059884
8.8692770604226538	1.0000432754726412
8.8726969609409654	0.9999589978287099
8.8761689727397410	1.0000359035457644
8.8797070958511437	0.9999678111420170
8.8833287871950297	1.0000250815264169
8.8870674070967919	0.9999810783015856
8.8909811250877357	1.0000126141970525
8.8952216571703477	0.9999490954090879
8.9020989675530888	1.0001397773023613
8.9064691995990550	1.0000060412718113
8.9101769390168819	1.0000723712897459
8.9136614723532812	0.9999699107689162
8.9170919781477664	1.0000519511100252
8.9205328162301445	0.9999645507112028
8.9240133359596321	1.0000389233155027
8.9275548133704348	0.9999696197908519
8.9311780702595041	1.0000260745583995
8.9349173590500186	0.9999816443827453
8.9388314189386637	1.0000129221038543
8.9430720368171901	0.9999492484397591
8.9500158504681409	1.0001273427905719
8.9547972928782791	1.0000229593700773
8.9591084275976201	1.0000376751932076
8.9634838878083922	0.9999568590450321
8.9705343514396052	1.0001331641435502
8.9754410578639821	1.0000263881933296
8.9800203541185635	1.0000812695977546
8.9871915205810353	0.9998698238832586
8.9920886030147749	0.9999778184750897
8.9964445620611180	0.9999618380791638
9.0008336871560211	1.0000429005037037
9.0078268547241596	0.9998528357049015
9.0122848630615504	0.9999882910968175
9.0160544696015563	0.9999280851375207
9.0195885965206379	1.0000255015048882
9.0230700500605607	0.9999501680081015
9.0265658521905614	1.0000302795218292
9.0301140463329688	0.9999648276820757
9.0337399769865936	1.0000233140769572
9.0374806702432409	0.9999801409562981
9.0413952686695893	1.0000121148822805
9.0456361177473816	0.9999488286385855
9.0525322127594361	1.0001361866531320
9.0570106486975721	1.0000104973176918
9.0608515175895992	1.0000628653412345
9.0644837686929076	0.9999788321626988
9.0680841058854540	1.0000390406124828
9.0717315041293194	0.9999786279401396
9.0754797455550751	1.0000204161874067
9.0793984478142846	0.9999876673160253
9.0836394688198698	1.0000505523626486
9.0904311301967979	0.9998428311799118
9.0943583257453664	1.0000126480607410
9.0976170618763810	0.9998912656130824
9.1006774316859804	1.0000557019113299
9.1036932131335444	0.9999113057545038
9.1067067230569592	1.0000657499556462
9.1097341952188167	0.9999220434631093
9.1127766248587942	1.0000675567137010
9.1158364317968239	0.9999278747787450
9.1189109572019209	1.0000667643577534
9.1220013067145995	0.9999314905946128
9.1251048508822308	1.0000651534476623
9.1282227384139034	0.9999341140077125
9.1313526319401053	1.0000633345115812
9.1344958561036353	0.9999362763815369
9.1376503239470903	1.0000614991878065
9.1408175353652421	0.9999382209227301
9.1439956172983123	1.0000596839899305
9.1471862399366088	0.9999400757420338
9.1503877338000237	1.0000578669041968
9.1536019485694382	0.9999419259737952
9.1568274330010073	1.0000560006216097
9.1600662464159939	0.9999438457729959
9.1633171989334929	1.0000540204682413
9.1665826206000123	0.9999459161699041
9.1698616671487443	1.0000518403723637
9.1731570516373750	0.9999482408371692
9.1764684299763246	1.0000493394250447
9.1797991052917016	0.9999509681982367
9.1831495243040511	1.0000463343239636
9.1865239828254666	0.9999543319312498
9.1899243049949764	1.0000425217558202
9.1933566389126113	0.9999587377813927
9.1968255105490062	1.0000373446555810
9.2003410426112708	0.9999649749557746
9.2039139941128880	1.0000296500766430
9.2075649462264515	0.9999747144726270
9.2113235707667585	1.0000174262511412
9.2152507969705066	0.9999862514147060
9.2194937084691961	1.0000501961893802
9.2264487865944584	0.9998738771423614
9.2313177450950707	0.9999752808076223
9.2358859293746214	0.9999194183041495
9.2430224477321605	1.0001337533123202
9.2477450444331541	1.0000139801588657
9.2517940878465623	1.0000516069346626
9.2556296736461103	0.9999881337612131
9.2594617475459682	1.0000246080243627
9.2634168085990858	0.9999899155310925
9.2676697669377734	1.0000524758990448
9.2746207560609744	0.9998724307335976
9.2794214832649669	0.9999763020651555
9.2837477256377596	0.9999615376669446
9.2881260109035804	1.0000426440285790
9.2951767565084218	0.9998660744528272
9.3000914495761133	0.9999729146404467
9.3046745504089383	0.9999177901849584
9.3118514341737750	1.0001283779515140
9.3169309914010423	0.9999717845383607
9.3244499943084467	1.0001709116508455
9.3293007825893799	1.0000240677763570
9.3333208143555169	1.0000650153764010
9.3370472351706280	0.9999836655004185
9.3407044109486446	1.0000389452014291
9.3443890725405705	0.9999803660909106
9.3481620251098256	1.0000204828666905
9.3520949216471543	0.9999879112534618
9.3563398686031860	1.0000511878449825
9.3632747939442567	0.9998702764460650
9.3679996115972735	0.9999791358178391
9.3721874137374606	0.9999577549723757
9.3762744666030962	1.0000015661631405
9.3805753397639879	0.9999410539241346
9.3875653735760878	1.0001247626796532
9.3924546862315985	1.0000230806202695
9.3970275072596063	1.0000797325481359
9.4041631635781204	0.9998649823058195
9.4088932266276064	0.9999848650031334
9.4129492686891911	0.9999474806370608
9.4167876021887018	1.0000107908184981
9.4206228238934369	0.9999744131296950
9.4245781812438185	1.0000090851378687
9.4288325173484182	0.9999464884459442
9.4357045014535306	1.0001410537006927
9.4400346865812530	1.0000029323678992
9.4436737757108169	1.0000786577083574
9.4470644513948550	0.9999622212949896
9.4503720939303744	1.0000632001065342
9.4536545232599476	0.9999513040027616
9.4569318297211353	1.0000564477677059
9.4602126152424226	0.9999484470749468
9.4634983992162311	1.0000532397405559
9.4667917951663707	0.9999481849902497
9.4700918888993364	1.0000513397249473
9.4734007184807929	0.9999488775531370
9.4767171616447730	1.0000498340171580
9.4800433876535077	0.9999500116869747
9.4833784590781640	1.0000483381322489
9.4867248357110832	0.9999514653750944
9.4900819419283025	1.0000466446442988
9.4934526891130897	0.9999532814962523
9.4968370915339833	1.0000445724049583
9.5002388010136087	0.9999556125540386
9.5036588357745782	1.0000418792976538
9.5071021693628470	0.9999587487729313
9.5105716842322288	1.0000381586303480
9.5140750036246171	0.9999632397504395
9.5176189426374247	1.0000326207945687
9.5212173422779447	0.9999702327775636
9.5248872749798466	1.0000235906977795
9.5286614357523494	0.9999817604385336
9.5325966520810983	1.0000126810605912
9.5368429685953107	0.9999483876462311
9.5437427947961968	1.0001345872845853
9.5482873865807196	1.0000117577875891
9.5521862693159232	1.0000605535229916
9.5558547296365752	0.9999786709751229
9.5594652062310139	1.0000401522509978
9.5630908033682474	0.9999749829910757
9.5667729035972844	1.0000260331196986
9.5705525296036100	0.9999831811870779
9.5744903151560283	1.0000134404109546
9.5787373960558959	0.9999487179418878
9.5856683679793520	1.0001289050353726
9.5904128091701288	1.0000201451124648
9.5946154179784511	1.0000409587798824
9.5987132391300811	0.9999973380716422
9.6030157065280619	1.0000582432333707
9.6099407984277416	0.9998624080102231
9.6144168977148556	0.9999914369395334
9.6182082304874825	0.9999304818341889
9.6217413549424720	1.0000290875416795
9.6251888692303833	0.9999461451503197
9.6286098708907311	1.0000386111712267
9.6320311622969843	0.9999531669731355
9.6354610523853115	1.0000400647289589
9.6389071689436285	0.9999574355569242
9.6423722396135467	1.0000383967289346
9.6458627954549154	0.9999614844638010
9.6493832859217541	1.0000346280573704
9.6529437382191094	0.9999668964092193
9.6565546158732740	1.0000281221484713
9.6602361676468611	0.9999756317040722
9.6640174630852567	1.0000170035536917
9.6679584802837812	0.9999862211270957
9.6722051074086757	1.0000506721151285
9.6791005457364019	0.9998633290807019
9.6836089788312663	0.9999889380029348
9.6874557314853256	0.9999342476620434
9.6910524129953899	1.0000251781061591
9.6945696554423950	0.9999511734701295
9.6980680623559916	1.0000333713527638
9.7015774743040453	0.9999596139642370
9.7051102716170625	1.0000327689408717
9.7086799915421214	0.9999664501729302
9.7122980942450816	1.0000274081607692
9.7159853339393383	0.9999755413958505
9.7197707775360342	1.0000167880544730
9.7237143213450299	0.9999861371658660
9.7279616288601840	1.0000507158241361
9.7348619708884101	0.9998643481987904
9.7394054413945828	0.9999876414294900
9.7432958478938243	0.9999371126852260
9.7469404189034776	1.0000224944233744
9.7505111104122832	0.9999550244456004
9.7540714400557373	1.0000292558195814
9.7576555481293052	0.9999650356549469
9.7612820881030125	1.0000262168698828
9.7649749428723958	0.9999751271836059
9.7687640926184471	1.0000164294343998
9.7727098125105787	0.9999859681984702
9.7769577138507930	1.0000506999578407
9.7838524892857279	0.9998633537279020
9.7883659320779728	0.9999890407381445
9.7922127335939777	0.9999338502973092
9.7958022453677618	1.0000261512528572
9.7993035519657941	0.9999494998532275
9.8027752367616348	1.0000358283069017
9.8062442080354977	0.9999560396892215
9.8097187890530186	1.0000376092563390
9.8132065601765941	0.9999597833421510
9.8167101005305621	1.0000363776779386
9.8202357796507336	0.9999632844494699
9.8237878234460929	1.0000331323137117
9.8273760379562365	0.9999681079200080
9.8310106001915845	1.0000272230898817
9.8347114335077581	0.9999762069804180
9.8385071310654997	1.0000167438407439
9.8424569626378808	0.9999861976393959
9.8467059741526270	1.0000509700727547
9.8536247641052377	0.9998681309498226
9.8582990373550157	0.9999825857470394
9.8623715967636283	0.9999490961890157
9.8662435053308304	1.0000094100308199
9.8701095515936714	0.9999750389010374
9.8740850096269526	1.0000091155486164
9.8783446145318958	0.9999457391601924
9.8852806903058887	1.0001278891813921
9.8900532388211726	1.0000199891178339
9.8942797881808975	1.0000402523940455
9.8983923156227149	0.9999970488709246
9.9026988098047806	1.0000585785300546
9.9096776779907447	0.9998729174641054
9.9145276458906100	0.9999768264430379
9.9188838692211032	0.9999619123234800
9.9232706658243082	1.0000437440594538
9.9302705644961051	0.9998576574054931
9.9348943247960353	0.9999842759081126
9.9388321973999716	0.9999371022989969
9.9425049071106244	1.0000213184832283
9.9460911007398760	0.9999548784644315
9.9496557991681680	1.0000296522168595
9.9532320138545742	0.9999635714407346
9.9568349535202980	1.0000286543872958
9.9604820091676221	0.9999711593104601
9.9641907962478076	1.0000219596801274
9.9679938058298720	0.9999820064988825
9.9719465839372177	1.0000125833789484
9.9761976746576551	0.9999477274401747
9.9830994156660022	1.0001334124724841
9.9876927300712008	1.0000125112505167
9.9916342528904654	1.0000590218246785
9.9953274007195763	0.9999782149584534
9.9989397500657269	1.0000416151524807
