0.0000000000000000	0.0000000000000000
0.6627907556281661	0.0010000000000000
0.6663553339756049	0.0009054063525773
0.6712438132296532	0.0011091755347140
0.6797830084827846	0.0013494969752106
0.7006148834969834	0.0034132612830281
0.7060141854220978	0.0043958452966941
0.7104116741427771	0.0052983482929539
0.7143908835063222	0.0063724440023626
0.7181631225300650	0.0074079001964638
0.7218072222636442	0.0087186888193737
0.7254213106229650	0.0100263868557348
0.7290077966597397	0.0116895199028284
0.7326221005085384	0.0134221731613271
0.7362266111297522	0.0155681170362401
0.7398696038163619	0.0178664907260260
0.7434963226481263	0.0206400629299220
0.7471642327839794	0.0236625610494628
0.7508065337788655	0.0272352278761299
0.7544939218748714	0.0311738883101420
0.7581463509355755	0.0357523705908054
0.7618485370070101	0.0408381163764617
0.7655058279737068	0.0466665506528315
0.7692167619732724	0.0531672856333337
0.7728724387924020	0.0605233744166778
0.7765835702853839	0.0687351331470011
0.7802300332682588	0.0779202043110708
0.7839304468984230	0.0881500667301077
0.7875602104109796	0.0994731826140129
0.7912378374204991	0.1120143824148668
0.7948456719319396	0.1257730639933825
0.7984896851912958	0.1408773968660448
0.8020754393012614	0.1573407082167011
0.8056795400332439	0.1751968920057457
0.8092506461076691	0.1945944746919046
0.8128156523339577	0.2153145515921911
0.8163871571380410	0.2378206264184231
0.8199208698920296	0.2614208135994731
0.8235118828009204	0.2871099839238537
0.8270267071570284	0.3134736151180760
0.8306550900996085	0.3422402094264094
0.8341655101577032	0.3710691549725623
0.8378421854429893	0.4025213717787763
0.8413621969514948	0.4332868494117372
0.8450864916395046	0.4666570679325808
0.8486286375725914	0.4985891576023740
0.8523899218105898	0.5327606896753339
0.8559687793647468	0.5649319294150817
0.8597591480391811	0.5986604785603977
0.8634021153061217	0.6301802601882422
0.8672388566940102	0.6624358982431374
0.8709968969984981	0.6926112386790279
0.8749275614871216	0.7226813953919178
0.8788785544351821	0.7510176358461181
0.8830545708370816	0.7789101064056457
0.8875431001257409	0.8062845643485795
0.8924359557016979	0.8337085101723994
0.8980647331517222	0.8604435601662963
0.9043090794265729	0.8867996196948211
0.9114668506554328	0.9104979456316361
0.9199398974901201	0.9340313461669090
0.9302411876009565	0.9543820625205556
0.9494492513734755	0.9778113348801879
0.9577169965083487	0.9832398418681559
0.9631895064428564	0.9865186004668463
0.9678359179295110	0.9886553279665020
0.9722410399337494	0.9905278351744605
0.9769336091303861	0.9918819792924097
0.9817204720299025	0.9936192543821269
0.9849747303260540	0.9940329541145005
0.9882698290482587	0.9948439742486583
0.9914788561101378	0.9952966805719764
0.9946968724572820	0.9959428315726360
0.9979779516088764	0.9963228264999812
1.0013246191531837	0.9968538868891706
1.0047370714656225	0.9971630140962672
1.0081957322621833	0.9975938604965970
1.0116974317858940	0.9978295779545185
1.0152270501270653	0.9981760104458222
1.0187868951784891	0.9983473992797505
1.0223693453734866	0.9986252016251086
1.0259819703573707	0.9987466872819657
1.0296244814169853	0.9989683717552671
1.0333111900724552	0.9990558699896269
1.0370535051320386	0.9992285388438119
1.0408838617912661	0.9993001348907203
1.0448530873183821	0.9994282178202361
1.0491098618755323	0.9994521363647825
1.0560020040954081	0.9997540001322508
1.0606744227706564	0.9996998962187339
1.0647066472209863	0.9997852625313637
1.0684970978835060	0.9997515876487133
1.0722221656628879	0.9998337210905027
1.0759650660850748	0.9998079399033408
1.0797814182421384	0.9998701730300088
1.0837410306599626	0.9998600547752629
1.0879932297424433	0.9999439950152567
1.0949484419582471	0.9997924186996558
1.0999466732824112	0.9999598620919214
1.1076452816985658	0.9998232341210997
1.1125717821749905	0.9999422458843205
1.1167797159557038	0.9999469370757357
1.1207098033479319	0.9999750876565090
1.1245062349899200	0.9999039720717311
1.1281526237954580	0.9999683349875905
1.1316576960789726	0.9998835562111527
1.1350712373153542	0.9999768617498451
1.1384704291397307	0.9998944108631380
1.1419255444887841	0.9999745761352842
1.1455286916153566	0.9999314474585820
1.1493643998403191	0.9999715880850915
1.1535788262097191	0.9999185281706441
1.1604970326087876	1.0001106675935478
1.1650897003252743	1.0000039043629505
1.1691613187929699	1.0000348675216908
1.1731833014742787	0.9999936742602349
1.1774629301602773	1.0000591044375369
1.1843260629583505	0.9998691108356810
1.1889096486183848	0.9999905628194053
1.1928981540466723	0.9999504128384824
1.1967508107859040	0.9999992687874605
1.2006989123268295	0.9999584387527500
1.2049518156965986	1.0000054693400839
1.2117422878622806	0.9997560542941908
1.2169491803611114	1.0001822301254375
1.2217731619358727	1.0000226696209469
1.2262855751721100	0.9999049222631274
1.2335179251002917	0.9997132847663804
1.2382800881254492	0.9997819192310688
1.2427460993062844	0.9998591045129444
1.2511067280581842	1.0003291543528594
1.2544026076930355	1.0001462674160591
1.2577708174553921	1.0002295506096239
1.2613770960253805	1.0001477733786921
1.2652128848244801	1.0001461812470014
1.2694316464478745	1.0000550132830688
1.2765895625347523	1.0001870496606264
1.2809655607322943	1.0000614957792755
1.2850195384848042	1.0000761911624354
1.2893270520667084	1.0000077736598303
1.2959624708296718	1.0002839673968897
1.3011395713355978	0.9999773156296854
1.3063719884376643	1.0002656269427430
1.3157897438570505	0.9995272190473541
1.3195414400164529	0.9997612772183947
1.3231517638583450	0.9997672745605619
1.3274027377327675	0.9999103385815618
1.3341336676112616	0.9998018118822412
1.3385414776255808	0.9999403491166825
1.3424728991185961	0.9999258715776742
1.3463054483390051	1.0000079557890613
1.3501288566136547	0.9999849827699850
1.3539484385613756	1.0000491687607309
1.3577772791335443	1.0000157639115153
1.3616505178318670	1.0000597147263730
1.3656437350306996	1.0000324750408935
1.3699049695740839	1.0000992613848330
1.3766243424149960	0.9998776553519989
1.3806571049808187	1.0000352039810934
1.3840324688030849	0.9999296632272858
1.3872590462057772	1.0000590559039295
1.3905144694723737	0.9999562637077919
1.3938576267455913	1.0000481976332662
1.3973253065524365	0.9999762973251854
1.4009507193674482	1.0000273355756288
1.4047986972807482	0.9999923817158628
1.4090205826275715	1.0000521187712486
1.4158896574207955	0.9998567001042294
1.4200719518221256	0.9999986626618608
1.4236498135254469	0.9999229624976336
1.4270763911148967	1.0000275751792527
1.4305218337189674	0.9999530037914386
1.4340524479832593	1.0000235428307362
1.4377203797482325	0.9999767484492829
1.4415905042161858	1.0000110800441817
1.4458197667286936	0.9999499167729745
1.4526672085056662	1.0001473942611596
1.4567982166108568	0.9999986266164659
1.4602981988739041	1.0000846906615739
1.4636282474736593	0.9999648202689289
1.4669494626985657	1.0000577376300217
1.4703201093044393	0.9999635734872391
1.4737682459675983	1.0000386491899433
1.4773189611075006	0.9999734567703081
1.4810045409788259	1.0000200150699960
1.4848878415989342	0.9999869633920557
1.4891190858291987	1.0000490079118398
1.4960555570316962	0.9998683545433191
1.5006895377554359	0.9999797500173891
1.5047993462011093	0.9999556786988539
1.5088392044303549	1.0000007940059534
1.5131272974842458	0.9999421702688679
1.5200358735366373	1.0001415160212019
1.5243328744285998	1.0000036461154314
1.5279794531572437	1.0000746458177385
1.5314345877479172	0.9999708354137317
1.5348705824790676	1.0000492608218716
1.5383557674591595	0.9999703797937185
1.5419286430175010	1.0000300284360109
1.5456292647864391	0.9999820315100173
1.5495198104810586	1.0000135259324663
1.5537541786450062	0.9999504023935942
1.5606345095394112	1.0001405777523982
1.5649745716625336	1.0000063584093037
1.5686740925306859	1.0000714968354900
1.5721769156470571	0.9999730878802984
1.5756533984024852	1.0000470570901192
1.5791719470329089	0.9999716596333169
1.5827711717284765	1.0000290383676798
1.5864909764580060	0.9999823546544031
1.5903929851338352	1.0000135139494046
1.5946303970133964	0.9999499977065311
1.6015519834545067	1.0001322902927752
1.6061569685689685	1.0000166225525644
1.6101876482241244	1.0000492980133577
1.6140768120744808	0.9999940363359806
1.6180455787791845	1.0000201548775791
1.6223055951869287	0.9999524450153651
1.6292141090897070	1.0001391246397902
1.6336637073972240	1.0000099069757156
1.6374616186681128	1.0000667205493730
1.6410383904753161	0.9999751726933745
1.6445633199123930	1.0000455810261342
1.6481025225696619	0.9999704239789113
1.6516883037293668	1.0000321943861239
1.6553474394405774	0.9999765526133659
1.6591118739987405	1.0000182186999520
1.6630424864985858	0.9999867259457846
1.6672863352313141	1.0000505537406656
1.6741798817608688	0.9998625518694294
1.6786546118148518	0.9999896874839433
1.6824709080868225	0.9999328878600062
1.6860471507481520	1.0000253353843387
1.6895560562576091	0.9999514683681311
1.6930608183169307	1.0000316983981494
1.6965955913870503	0.9999626155095703
1.7001795447105987	1.0000277868321801
1.7038373867234580	0.9999739673539022
1.7076002250783635	1.0000168735327921
1.7115298313283898	0.9999859803947801
1.7157734022720981	1.0000501354434572
1.7227258198386248	0.9998734000834807
1.7277216949483385	1.0000253593495856
1.7352025637721777	0.9998344602707037
1.7402151003901303	0.9999689213246042
1.7445156058472266	0.9999522519021010
1.7486437816458462	0.9999991457116008
1.7529590867662352	0.9999393001769515
1.7599268906081851	1.0001305300038246
1.7646043800414253	1.0000163353568210
1.7686867531745833	1.0000473836278256
1.7726091600772844	0.9999938672334250
1.7765963611709614	1.0000198583578344
1.7808616147091474	0.9999517010498821
1.7877879288713774	1.0001351789114841
1.7923740411408748	1.0000151214448865
1.7963475080352160	1.0000544953909511
1.8001375895547862	0.9999881640328064
1.8039413226634129	1.0000255365483788
1.8078805561475000	0.9999902397057874
1.8121291047430903	1.0000521220567065
1.8190927244592381	0.9998742851553057
1.8239535974158838	0.9999753661547580
1.8285198648834133	0.9999198176795503
1.8356871923373252	1.0001291874953375
1.8405740749713604	1.0000213493061840
1.8449226545937116	1.0000372276411482
1.8493109143873712	0.9999562663833548
1.8563697850976428	1.0001335651067003
1.8614047600338297	0.9999756369408922
1.8689052360207636	1.0001676503839974
1.8739077578359937	1.0000304696200855
1.8781855421488489	1.0000477718816647
1.8822992293769791	1.0000001479677108
1.8866095269432746	1.0000591652419086
1.8935530814560801	0.9998623999382451
1.8980132533913912	0.9999897226684050
1.9018326928926608	0.9999358307694411
1.9054591664491836	1.0000185824100500
1.9090858415730669	0.9999637534334647
1.9128039980281832	1.0000141261938702
1.9167017257525327	0.9999838247121616
1.9209374552683331	1.0000477478470253
1.9277521842427330	0.9998447985132225
1.9317348129492753	1.0000077780548344
1.9350753567684411	0.9999001360775754
1.9382377128027777	1.0000463874873105
1.9413747881891192	0.9999239410828868
1.9445278502435872	1.0000534352579815
1.9477116949084703	0.9999368740110638
1.9509254691017812	1.0000532116501264
1.9541696623305209	0.9999440545099960
1.9574399557853315	1.0000511079480394
1.9607360301781664	0.9999485842301135
1.9640545122694490	1.0000485488102220
1.9673962769725977	0.9999520729735062
1.9707597106002457	1.0000456878124921
1.9741475869591709	0.9999555044355671
1.9775606331462774	1.0000421641647532
1.9810043212612176	0.9999597039125361
1.9844828338623248	1.0000372846883783
1.9880062151061684	0.9999656851169606
1.9915853034761870	1.0000298079432470
1.9952408563389272	0.9999752037262879
1.9990026991499736	1.0000177089058686
2.0029318297332841	0.9999865562228852
2.0071752621069376	1.0000505334064933
2.0141299060664966	0.9998740804464419
2.0190002296418026	0.9999754553960254
2.0235687777775504	0.9999194775526750
2.0306556420851392	1.0001423206035047
2.0350902299854252	1.0000026616616997
2.0387681248908613	1.0000772282075046
2.0421771693402753	0.9999625144010456
2.0454999417648971	1.0000615191132698
2.0488006842860971	0.9999526367924632
2.0521020235595504	1.0000538951082303
2.0554136304025983	0.9999508389570869
2.0587374768177042	1.0000496879753449
2.0620762992042718	0.9999515654924831
2.0654291723514033	1.0000468237713653
2.0687979826459730	0.9999531496656685
2.0721814584598892	1.0000444467268452
2.0755815441938057	0.9999550753311279
2.0789971786900829	1.0000421785372637
2.0824306954205873	0.9999572499055002
2.0858816274045857	1.0000397647669437
2.0893531502613119	0.9999598037731160
2.0928460037533578	1.0000368877742676
2.0963651353107640	0.9999630992811948
2.0999138354769769	1.0000329839118336
2.1035009804321376	0.9999679220571120
2.1071359679932278	1.0000268753838462
2.1108379768422876	0.9999759909401622
2.1146349789471834	1.0000164268718776
2.1185857278268414	0.9999859205565560
2.1228349652482850	1.0000507420503080
2.1297158248204218	0.9998608508800648
2.1341589791577209	0.9999921328811113
2.1379093469718842	0.9999264752573038
2.1413862096922558	1.0000332272246060
2.1447592324700522	0.9999393261573648
2.1480864724820234	1.0000458469322147
2.1513945369178402	0.9999437979881590
2.1546920401831744	1.0000499872212694
2.1579870341513732	0.9999457907247560
2.1612821779674469	1.0000507481748002
2.1645831352363634	0.9999475239960406
2.1678918595488645	1.0000497020690691
2.1712135536387871	0.9999497618782249
2.1745500022733451	1.0000474444560199
2.1779063165398709	0.9999527355455392
2.1812844972690959	1.0000441768013077
2.1846902089718223	0.9999566158435210
2.1881266543054219	1.0000397690875966
2.1916015635424997	0.9999618261517005
2.1951216783498579	1.0000335817995356
2.1987006556214088	0.9999694487040011
2.2023554068100282	1.0000239846597567
2.2061185603459816	0.9999815126565292
2.2100471568920508	1.0000126168097958
2.2142916739234866	0.9999485654559341
2.2212014712887624	1.0001329713334262
2.2257928739052208	1.0000137201629353
2.2297575579695783	1.0000562221042022
2.2335029118087806	0.9999826981690791
2.2372010077449493	1.0000345339026391
2.2409287939789606	0.9999806676424146
2.2447374526211452	1.0000189937003661
2.2486931486748523	0.9999873939616563
2.2529440681148598	1.0000516880841024
2.2598563109810139	0.9998670477976690
2.2644841188962053	0.9999854435005457
2.2684711238408299	0.9999424461203389
2.2722050433561574	1.0000196647239090
2.2758504564119266	0.9999585680818924
2.2794644933837165	1.0000288745320487
2.2830727427881459	0.9999643999447221
2.2866813535730537	1.0000313787854063
2.2902950995458129	0.9999668145900658
2.2939129133047271	1.0000319552108456
2.2975368420360063	0.9999681158069003
2.3011657102948972	1.0000317949966482
2.3048025712330755	0.9999693656766961
2.3084483622267395	1.0000308307683992
2.3121092727280534	0.9999714666984758
2.3157907630330450	1.0000282539733205
2.3195056738740538	0.9999757558880006
2.3232698191720007	1.0000223090620850
2.3271141961158417	0.9999843964803125
2.3310924041545871	1.0000142460536197
2.3353504630648061	0.9999483870712425
2.3422695978397150	1.0001304023519657
2.3470352365763665	1.0000197274855256
2.3512166169593907	1.0000454425073144
2.3552169194716774	0.9999956086575379
2.3592517601932590	1.0000205962943365
2.3635300687472740	0.9999507551881808
2.3704441622923165	1.0001359108698971
2.3750525120288000	1.0000140600050391
2.3790133857507398	1.0000572856414671
2.3827511116312885	0.9999832342716547
2.3864571930239276	1.0000322129969508
2.3902309895153881	0.9999850938160849
2.3941595234738036	1.0000145040297821
2.3984049258374660	0.9999493677464736
2.4053165175559417	1.0001333371037167
2.4098901413737290	1.0000148195558984
2.4138802401836532	1.0000503132499461
2.4177343337500310	0.9999927517899055
2.4216810373715547	1.0000194561466631
2.4259353701194861	0.9999525214738451
2.4328240806894845	1.0001434900828303
2.4371116178179877	1.0000045319786606
2.4407544902923330	1.0000753805726568
2.4442023291406363	0.9999698585578218
2.4476189049933206	1.0000520486885796
2.4510619905264326	0.9999658670717220
2.4545552425165984	1.0000381838346972
2.4581148632878023	0.9999712859360143
2.4617572846889630	1.0000260358301680
2.4655129740013684	0.9999829939411389
2.4694375740478769	1.0000141666936220
2.4736808834021855	0.9999503713429057
2.4805482948241209	1.0001429989445250
2.4848845317005024	1.0000056441997744
2.4885335629770977	1.0000801385913349
2.4919361123587134	0.9999655160291254
2.4952586268531771	1.0000641412856068
2.4985608993570927	0.9999555899940715
2.5018652419926077	1.0000562285319397
2.5051824653442791	0.9999541964663033
2.5085161900689714	1.0000512228041587
2.5118710282058303	0.9999557563122731
2.5152480397254124	1.0000469643939278
2.5186513440612521	0.9999585943019921
2.5220822775004552	1.0000424910388783
2.5255461300542965	0.9999623969524464
2.5290463654266602	1.0000370610797065
2.5325919002718771	0.9999677048792329
2.5361921611985725	1.0000294489149471
2.5398664127590731	0.9999761848481650
2.5436429340501796	1.0000175095131256
2.5475812248912821	0.9999863772430155
2.5518270755803032	1.0000504353978532
2.5587535297124449	0.9998684576225950
2.5634098645553705	0.9999833152931069
2.5674612352383646	0.9999478820072742
2.5712993869592080	1.0000123582371301
2.5751020066631973	0.9999705565916130
2.5789525094113359	1.0000124046122318
2.5829309785040877	0.9999837407659925
2.5871883331926115	1.0000497875188519
2.5941182229563458	0.9998678577127603
2.5987740921454372	0.9999833787452844
2.6028192943969546	0.9999474440976521
2.6066608493167824	1.0000099403609815
2.6105000742145910	0.9999736613663919
2.6144581020158317	1.0000079471597374
2.6187132016015418	0.9999448070451020
2.6252050001188802	1.0002079697837380
2.6307029955786718	0.9996437454735683
2.6369518844410278	1.0001613447814528
2.6478925446683124	0.9995238326293783
2.6528080307325723	0.9999024165662135
2.6567904616698574	0.9999763427345730
2.6607116219206230	1.0000857110443591
2.6649927587479390	1.0000710388218135
2.6731233776352181	1.0001189595100353
2.6779523471422286	1.0000473496954170
2.6856399634473540	1.0001974713822146
2.6902668090539712	1.0000181869036864
2.6942641903585769	1.0000246573239591
2.6980559904580934	0.9999392531662857
2.7017964820009781	0.9999864264231264
2.7055790272892826	0.9999477265162724
2.7095124776152657	0.9999905527647353
2.7137573710110012	0.9999365613237543
2.7206685598855782	1.0001190148653427
2.7255498272208638	1.0000219161678634
2.7301147576422600	1.0001032395409555
2.7352219459196765	0.9996376544491218
2.7405431667632945	1.0001566673482125
2.7445241431750449	1.0000295164648674
2.7486466683475954	1.0001144122844785
2.7528884359042656	1.0001306874142040
2.7571713072984982	1.0000773662234101
2.7614863357845625	1.0000301016014601
2.7657466938626638	1.0000373161795448
2.7699145383659256	0.9999924945500775
2.7740168991521750	1.0000212104447621
2.7781175028496259	0.9999873911435171
2.7822653576657586	0.9999827955412492
2.7865711388929544	0.9998432170189624
2.7915653610656608	1.0002222483619303
2.8003401557701655	0.9997266460934834
2.8052501529058689	0.9999555959431804
2.8094542760111079	0.9999293137756323
2.8135388943296546	0.9999507521075612
2.8175015176390046	0.9999314315239746
2.8213097621341499	1.0000151921119007
2.8249678087795020	0.9999626300664541
2.8285490447769983	1.0000455335016161
2.8321238793118502	0.9999828315841154
2.8357235094488433	1.0000498476570889
2.8393592511081587	0.9999889871852899
2.8430233058181646	1.0000460479684288
2.8467100179807057	0.9999870022969192
2.8504109216872258	1.0000406697057651
2.8541262622115977	0.9999840873350022
2.8578560274836549	1.0000354248736643
2.8616063874144704	0.9999833825830799
2.8653807660119224	1.0000308428990885
2.8691862150368066	0.9999849664634473
2.8730267376254441	1.0000267155880334
2.8769123787667459	0.9999886592693419
2.8808576089298441	1.0000211899735223
2.8849037351193321	0.9999928360921801
2.8891788264869254	1.0000610456829200
2.8964311915950716	0.9999429650508981
2.9011751480903012	1.0000278008213350
2.9056643939114495	1.0000023787741315
2.9131690463237887	1.0000080709548569
2.9176094587503933	0.9998667796566527
2.9219007446905669	0.9998514360316623
2.9262219453390492	0.9999027628627319
2.9364583032624343	1.0002140240323247
2.9405962768663509	1.0001217471750687
2.9443673853923440	1.0001649606549610
2.9481385532404722	1.0000990276628055
2.9520537139446215	1.0001057405287554
2.9562796144606880	1.0000184369074698
2.9631717435782661	1.0001544848615762
2.9732525703233286	0.9999596970378898
2.9783552540861131	1.0001231622869782
2.9833113119582264	0.9998819110468224
2.9881943893656002	1.0002640385668200
2.9924897503886752	1.0001245305964015
2.9963561916149444	1.0001136443991312
2.9999640311736373	0.9999888376401893
3.0034965718217377	1.0000269843184781
3.0070648456694942	0.9999367756604471
3.0107488613046112	0.9999689074739437
3.0146274432813147	0.9999283147239193
3.0188566217653561	0.9999930093044623
3.0253961928792141	0.9997628913871799
3.0298448050079441	0.9999071064620272
3.0336053093179456	0.9998555852920924
3.0372134452666644	0.9999457478270595
3.0408895793696811	0.9999100734551362
3.0447529854366677	0.9999579793887121
3.0489823778078007	0.9999088550572752
3.0558186771849210	1.0001236927306363
3.0605413119422513	1.0000213774225155
3.0646381376775382	1.0000645909865673
3.0684800669792436	0.9999992557250178
3.0722024195413908	1.0000569218235285
3.0758510328408075	0.9999850606171380
3.0794496385080441	1.0000497908015340
3.0830278654883378	0.9999744205753682
3.0866178140463791	1.0000338098951052
3.0902605855676426	0.9999701402314256
3.0940027062615436	1.0000072486125027
3.0979169762753513	0.9999672328792421
3.1021571746284300	1.0000206890439225
3.1099193089750106	0.9999809059301084
3.1186157733657240	1.0001878339136416
3.1226477764212599	1.0000227005031537
3.1263407244172488	1.0000591129966503
3.1300387437923551	0.9999776492900629
3.1338053364387650	1.0000041803976045
3.1376360956156866	0.9999486157719644
3.1415135729556032	0.9999781793904668
3.1454300964081821	0.9999359219331702
3.1493965430610316	0.9999649174163715
3.1534545307589412	0.9999352359106849
3.1577337902511338	1.0000028390834452
3.1647294462710356	0.9998321229093939
3.1697767978092855	1.0000477897937843
3.1753307560935595	0.9996853183222416
3.1810966126896862	1.0003046632122083
3.1894226178928640	0.9997155720026070
3.1940777828571885	0.9999616946044099
3.1973507117737414	0.9998389381918027
3.2004421326189432	1.0000073703725643
3.2035543646726365	0.9998934052186319
3.2066986492859884	1.0000309669383312
3.2098604949810334	0.9999174664629117
3.2130230265312747	1.0000472324917373
3.2161829949173590	0.9999286718397069
3.2193405837163978	1.0000558582461179
3.2225036918454220	0.9999365180064842
3.2256779155023079	1.0000584559180330
3.2288717173675860	0.9999437399779963
3.2320892713336624	1.0000571122266375
3.2353369330427251	0.9999505083850040
3.2386172438474388	1.0000531324256798
3.2419358001135747	0.9999567515856175
3.2452954922635793	1.0000468724076608
3.2487048761149779	0.9999633681899512
3.2521698350020340	1.0000422352228655
3.2557041000092424	0.9999745704216693
3.2593237225668505	1.0000320992433747
3.2630616351896502	0.9999878755448265
3.2669752151937819	1.0000190218614238
3.2712153861620998	0.9999547643771836
3.2781258247975322	1.0001378283137554
3.2827076823557233	1.0000186334530279
3.2866854585920815	1.0000571098583335
3.2904828184956920	0.9999911613631696
3.2942933908892007	1.0000277040684260
3.2982371488532998	0.9999922014326169
3.3024868265596119	1.0000539026305229
3.3094179608908085	0.9998695946347552
3.3140691848459567	0.9999828449160323
3.3181447761516716	0.9999520684118907
3.3220651938094541	1.0000053469134271
3.3260539132582445	0.9999793928834592
3.3303181400578366	1.0000475017510877
3.3372534940971414	0.9998653638489220
3.3418786622415015	0.9999828964137738
3.3458992113764014	0.9999467333413790
3.3497289513892583	1.0000099959003981
3.3535645964918714	0.9999743117712164
3.3575218831249249	1.0000089861315757
3.3617765003391398	0.9999463572996646
3.3687309522956008	1.0001252772516478
3.3737310034250338	0.9999731359158128
3.3811883576177255	1.0001677637264401
3.3860944517531899	1.0000256904201577
3.3902021321552573	1.0000595524646858
3.3940275681597538	0.9999882307709005
3.3977954938347521	1.0000321891286250
3.4016132637945393	0.9999870713147705
3.4055681435579932	1.0000156324655178
3.4098206080934697	0.9999495972915783
3.4167345013184223	1.0001330290998531
3.4213632033760177	1.0000150967722179
3.4253687843897564	1.0000542275532285
3.4291595062349232	0.9999854686389067
3.4329162861081204	1.0000305154918241
3.4367312545459807	0.9999862527636176
3.4406857077132900	1.0000151283888707
3.4449379152745583	0.9999492703509635
3.4518702907165317	1.0001291929488780
3.4566289463968025	1.0000204884188528
3.4608433763266375	1.0000408950847854
3.4649483355231090	0.9999973948923073
3.4692527788766809	1.0000585559182555
3.4762407874377406	0.9998744297347888
3.4811410222257315	0.9999762740225501
3.4857184479511130	0.9999191893795859
3.4928552299337650	1.0001337582758099
3.4976069041251288	1.0000143376708293
3.5016793186195776	1.0000509541722524
3.5055305064040456	0.9999883300999759
3.5093722966061489	1.0000244400087670
3.5133327204246503	0.9999898916384419
3.5175872221770930	1.0000526547983091
3.5245038654403111	0.9998661565866117
3.5290900722719312	0.9999848821354967
3.5330659913783911	0.9999450260741461
3.5368549606401416	1.0000111899083988
3.5406585064481297	0.9999735534885277
3.5445959340421536	1.0000087987985571
3.5488453141314555	0.9999468811338530
3.5557677972884001	1.0001320876847080
3.5603701593243144	1.0000159268342363
3.5643918888272803	1.0000496121804281
3.5682716082934891	0.9999937703340218
3.5722340147338962	1.0000201246527582
3.5764924601525903	0.9999526491670173
3.5834657737929621	1.0001273322538946
3.5883219875616117	1.0000249364819334
3.5928857798946581	1.0000797738514342
3.5999758986958645	0.9998564834596328
3.6043953309878991	0.9999945702553081
3.6080987007262761	0.9999260790992983
3.6115794124183562	1.0000279161747831
3.6150301318797240	0.9999503662342972
3.6185227442717425	1.0000284720141970
3.6221016531631203	0.9999691258125047
3.6258047606794754	1.0000168697381897
3.6296980736495161	0.9999853786133860
3.6339319692984202	1.0000484917697114
3.6408837485712957	0.9998712395405487
3.6456310988575034	0.9999755768455766
3.6499209178954035	0.9999602969759078
3.6542893097140725	1.0000396200891724
3.6613675160814081	0.9998659456928933
3.6659086582466651	0.9999909943266078
3.6698314819654687	0.9999490397461045
3.6735463520714102	1.0000265304682634
3.6772183551903446	0.9999729218273503
3.6809069293639327	1.0000321760702378
3.6846487528831524	0.9999855293344071
3.6884749028854098	1.0000241212168397
3.6924436193427912	0.9999921434698974
3.6966976578603066	1.0000537766174014
3.7036366513129755	0.9998649627422163
3.7079761904263151	0.9999954952055543
3.7116775775260997	0.9999281719022185
3.7151819797644259	1.0000235372592208
3.7186742724103921	0.9999509741308256
3.7222327410154654	1.0000177807065840
3.7259168421941289	0.9999704787300723
3.7297955801420652	1.0000034484383640
3.7340272974621977	0.9999411203504900
3.7409142661573904	1.0001305737065469
3.7453014043458603	1.0000008392736723
3.7490631490746629	1.0000594255174104
3.7526384202252645	0.9999709483527253
3.7561994486436125	1.0000347568865828
3.7598201515444520	0.9999729656690992
3.7635510762022690	1.0000163297806814
3.7674599007923821	0.9999839703762653
3.7716982017291665	1.0000471398151609
3.7786006636746658	0.9998607914696087
3.7830476855163990	0.9999876692390640
3.7868721959812426	0.9999355658336238
3.7905081886065530	1.0000175734997834
3.7941440130024393	0.9999638664764676
3.7978692490444814	1.0000138989286944
3.8017713121309682	0.9999838114052471
3.8060081655818880	1.0000478918138334
3.8128938183146324	0.9998581137179824
3.8172377889686366	0.9999916065030571
3.8209512874537226	0.9999285756187721
3.8244782870494003	1.0000228577831951
3.8279977117464021	0.9999553641336004
3.8315822583887074	1.0000210422409683
3.8352874114400679	0.9999765796402468
3.8391791946399247	1.0000101172186295
3.8434142427147817	0.9999481033831341
3.8503477081106565	1.0001291100014353
3.8550038494605783	1.0000182168978640
3.8591299329110473	1.0000416791565816
3.8631811402276686	0.9999968516262340
3.8674709618462155	1.0000558854039494
3.8744706893388909	0.9998732416335051
3.8793304018111097	0.9999743438284716
3.8838972218901757	0.9999190713166278
3.8910064536418432	1.0001395859152695
3.8954883145506125	1.0000072788571297
3.8992940273483150	1.0000618959748437
3.9029332843509290	0.9999827970231725
3.9066241733651297	1.0000272385655036
3.9104958644504189	0.9999894589765079
3.9147267055556685	1.0000486651716036
3.9217057407861033	0.9998724854146019
3.9265089278292851	0.9999727950289740
3.9310605871572486	0.9999197653780140
3.9381668601965658	1.0001415253064330
3.9425464281532898	1.0000073086719254
3.9463159654632132	1.0000595613463168
3.9500059196931376	0.9999906288576846
3.9538571994649918	1.0000199006648667
3.9580864766079755	0.9999558393584113
3.9647910741303178	1.0001815948934154
3.9682186393471546	0.9999689394935563
3.9712004891102306	1.0001221078395308
3.9741606572497501	0.9999479417087177
3.9771965860909995	1.0000799477846589
3.9803248643665272	0.9999500214024232
3.9835416632329190	1.0000567915581215
3.9868403718167538	0.9999560595548963
3.9902121435924736	1.0000437522164849
3.9936514986276310	0.9999623959885212
3.9971511773690978	1.0000356749067387
4.0007077803561844	0.9999679656380025
4.0043158139743387	1.0000300690099861
4.0079740856073087	0.9999727448424676
4.0116798238580476	1.0000254365894641
4.0154365083262231	0.9999775729769922
4.0192496284740047	1.0000198687878834
4.0231392814220310	0.9999846890747129
4.0271481837265011	1.0000137089766334
4.0314142537976183	0.9999467180930897
4.0382334405248050	1.0001468189467682
4.0431784501535821	1.0000457165082652
4.0475783274649375	1.0000578583461526
4.0518136143286050	0.9999989867863424
4.0561435242541268	1.0000604216870539
4.0625730885106579	0.9998410916469426
4.0823410431784506	0.9996387346103323
4.0887198243386500	1.0002089449168643
4.0942117461436194	0.9999457895750726
4.0993659012371557	1.0001236133328002
4.1043322113674563	0.9996837852800132
4.1084561924582399	0.9998605522359583
4.1124315165493437	0.9998838802513780
4.1164837328092796	0.9999277269821036
4.1207540756515231	0.9998458050567598
4.1263749661958036	1.0001555209587611
4.1401296984410063	1.0002661158092607
4.1451312456335918	1.0000741418942241
4.1492947361114805	1.0000891686787337
4.1536621592481318	1.0000107433583960
4.1608548148332032	1.0002158832623289
4.1641016927287771	0.9999804417314718
4.1670366683763085	1.0001375442996332
4.1699778333037258	0.9999571352827293
4.1729848727188328	1.0000938589219341
4.1760620226913803	0.9999521670179764
4.1792028723985792	1.0000715864622278
4.1824019547968643	0.9999534246888396
4.1856528481827793	1.0000589847430696
4.1889529010976547	0.9999570801462003
4.1922975059771117	1.0000507846955273
4.1956856418012309	0.9999612877328632
4.1991136335974764	1.0000447155522119
4.2025812950670289	0.9999652856575654
4.2060855356916456	1.0000397759813064
4.2096267658032902	0.9999688658811119
4.2132025345988611	1.0000354365317774
4.2168142888101015	0.9999721555084519
4.2204611703074670	1.0000311703714659
4.2241473823206652	0.9999756977326142
4.2278768749828028	1.0000259137703793
4.2316629567229551	0.9999811216539839
4.2355269074841662	1.0000174362878815
4.2395201490226295	0.9999877037626201
4.2437808424608647	1.0000537307553674
4.2509355478377842	0.9999159019216901
4.2556666238667802	1.0000046361971027
4.2598416995681490	0.9999994164301181
4.2639718221624490	1.0000020485118615
4.2682659296189520	1.0000003862075206
4.2725406674935202	1.0001120727260258
4.2771926663823097	0.9996994303007555
4.2824911395832457	1.0002191767213346
4.2866348666514087	0.9999856354993668
4.2911545558186992	0.9999621668203830
4.2970535189599932	0.9997333932979603
4.3021310093372573	1.0001444992950694
4.3070997463358260	0.9999134863467969
4.3120245896745875	1.0000652637952108
4.3171910890213701	0.9996500086951381
4.3234220039368072	1.0003185504020491
4.3300800203664433	0.9998123818536444
4.3363290846037472	1.0004268733679416
4.3409327843294641	1.0002190298202220
4.3455690492188115	1.0001846182630758
4.3503831702565785	0.9996447243054261
4.3556594137884241	1.0001587462334005
4.3590507866017010	0.9998834621983943
4.3632926433365462	0.9999372312286328
4.3676054656831527	0.9999191520980395
4.3722257284581838	1.0003334710313356
4.3757117282370057	0.9999586194905055
4.3795915670734580	0.9999869892503983
4.3832554306543106	0.9999176492114309
4.3867098583928241	1.0000298413155251
4.3900400960118464	0.9999386903194026
4.3933559525706505	1.0000487099974806
4.3967350726754750	0.9999686758658897
4.4002225638336157	1.0000422858737601
4.4038626133503662	0.9999923189472535
4.4077166671213712	1.0000248670488936
4.4119419555484241	0.9999612162427827
4.4188590647541739	1.0001407236740316
4.4233020296514614	1.0000123518848427
4.4271261753666140	1.0000631003320428
4.4307437851777971	0.9999749426365239
4.4343114754793511	1.0000394463483850
4.4378869085225015	0.9999666332661415
4.4414948087625863	1.0000268420603129
4.4451517891138321	0.9999682379883659
4.4488736791294894	1.0000161827399823
4.4526890796029575	0.9999759790431666
4.4566502756979682	1.0000054696223044
4.4609035152344374	0.9999397861870603
4.4678176720740392	1.0001230319712120
4.4726373550844727	1.0000181022555119
4.4769701506734654	1.0000334141499612
4.4813523278616811	0.9999517955969188
4.4883258561215076	1.0001415834532685
4.4932746161779225	1.0000371497174478
4.4978672878040618	1.0001013175520781
4.5048411175814325	0.9998654304765673
4.5097754248026183	0.9999871677617559
4.5141162942229647	0.9999718956743764
4.5185070757012262	1.0000565063869880
4.5247033923487443	0.9997249762778027
4.5324003732743838	1.0001228872888794
4.5449383215042438	1.0003228700083253
4.5496165176868546	1.0001411059320471
4.5539845689244558	1.0000816310228888
4.5582554491955820	1.0000428587318624
4.5625161672244579	1.0000277554002421
4.5668660633212044	0.9999389212587498
4.5750899840477226	1.0000204890805284
4.5798238961740187	0.9998769112005166
4.5845470062846259	1.0000095019976960
4.5890624320366911	1.0000749255523336
4.5991579953314945	1.0002345006077942
4.6032055719970391	1.0001075057615454
4.6066424795146306	1.0001925763196495
4.6099967794525858	1.0000702106094934
4.6134169677106014	1.0001268896312634
4.6169519577736207	1.0000446710778650
4.6206036454370745	1.0000779587127129
4.6243869354107998	1.0000250606272485
4.6283337066488404	1.0000445588903355
4.6325786939729614	0.9999703217272201
4.6395087872683112	1.0001387882474846
4.6443914334916316	1.0000316950795316
4.6487772627338861	1.0000440349742743
4.6531714146442908	0.9999586639010088
4.6601491631947605	1.0001456255468384
4.6647372629017685	1.0000127533847709
4.6685850136590519	1.0000707209798689
4.6721300734782618	0.9999696870747325
4.6755578470138186	1.0000562861984139
4.6789440837326861	0.9999580064724456
4.6823222915645877	1.0000489178768166
4.6857103835672254	0.9999564253869946
4.6891161842905404	1.0000436130862562
4.6925459668121787	0.9999581808692396
4.6960005503753077	1.0000393577264579
4.6994819127208061	0.9999606910846108
4.7029876508120099	1.0000360531001666
4.7065175232136127	0.9999629300883218
4.7100675150628524	1.0000337032428743
4.7136365708140637	0.9999646267019195
4.7172205661291935	1.0000321215900156
4.7208192518732242	0.9999660024797706
4.7244302377858149	1.0000307960226349
4.7280561149082718	0.9999677118488740
4.7316985041641937	1.0000288018125489
4.7353655066781704	0.9999708908102773
4.7390663011357805	1.0000246254391703
4.7428202374872743	0.9999774636403794
4.7466552111892133	1.0000159864212086
4.7506290473581778	0.9999861457123619
4.7548846401241311	1.0000519139246358
4.7618284057150166	0.9998742421478787
4.7667342096092051	0.9999763588738259
4.7713120871119319	0.9999188283666546
4.7784444229211065	1.0001327200608892
4.7832596502013400	1.0000155853063921
4.7873962311356850	1.0000489503771117
4.7912985269085624	0.9999895394287422
4.7951767677882406	1.0000240027414276
4.7991588595514667	0.9999900569206374
4.8034193251911512	1.0000536232759440
4.8103659923558659	0.9998729091407118
4.8151963573542744	0.9999766023373537
4.8195434724367017	0.9999618542591712
4.8239274938331347	1.0000435216364210
4.8309732836878814	0.9998660435690405
4.8359032071717110	0.9999731003538946
4.8404903794538257	0.9999171989452675
4.8476606719763575	1.0001284036265081
4.8527418063345573	0.9999710807569174
4.8602428926400210	1.0001722732631404
4.8650445059992755	1.0000219840854938
4.8689961874677303	1.0000688999571519
4.8726519079216288	0.9999805423954299
4.8762436629725272	1.0000419612304239
4.8798725867210679	0.9999785580793183
4.8836030126457217	1.0000213298294767
4.8875098390490237	0.9999879168667019
4.8917479185732589	1.0000502292128772
4.8986813395550852	0.9998686210399059
4.9033345945203797	0.9999798118958445
4.9074578308152246	0.9999560678953255
4.9115049271914568	1.0000009993983512
4.9157951159900710	0.9999420888083146
4.9227928239890426	1.0001249185214958
4.9276498942269251	1.0000237297724117
4.9322144706569588	1.0000789557035976
4.9393243637468816	0.9998586771840721
4.9438143435190725	0.9999901697790309
4.9476328549534951	0.9999366714027645
4.9512823562940351	1.0000146678268029
4.9549828268626452	0.9999708133214630
4.9588589002413492	1.0000083176019059
4.9630920738965427	0.9999488140480028
4.9697237019694427	1.0001887455723957
4.9730074275299581	0.9999562756360930
4.9758360784046234	1.0001397581867191
4.9786292050910053	0.9999321811351816
4.9814776342978764	1.0001006474030909
4.9843954258193426	0.9999313539785500
4.9873773097986192	1.0000790646411712
4.9904164839510976	0.9999347843697599
4.9935038793112616	1.0000671571637378
4.9966342373237511	0.9999389230110144
4.9998002984162389	1.0000600879721622
5.0029989180437227	0.9999426645819078
5.0062244992028742	1.0000554959801020
5.0094754906767598	0.9999457976335419
5.0127477055213783	1.0000521874378097
5.0160409574811577	0.9999484799958945
5.0193524184192695	1.0000494567907396
5.0226832636140877	0.9999510204669562
5.0260321163357489	1.0000467826486754
5.0294016692349146	0.9999538030720394
5.0327922608287610	1.0000436820653240
5.0362085158100296	0.9999572961116900
5.0396531651311340	1.0000395893219309
5.0431338867759541	0.9999621636616751
5.0466576907369189	1.0000336289264544
5.0502386965733352	0.9999696011223740
5.0538943530009313	1.0000241051580034
5.0576578016908709	0.9999816191759491
5.0615864735382026	1.0000127191595394
5.0658310328040344	0.9999486553327294
5.0727250903775802	1.0001360094322371
5.0772215130956910	1.0000103951935393
5.0810681005533747	1.0000634664793837
5.0846890215193383	0.9999769231566739
5.0882581105325508	1.0000422762799377
5.0918486669095540	0.9999738132094694
5.0955024139902596	1.0000270378425340
5.0992609446396395	0.9999828610285985
5.1031859057345752	1.0000134454211211
5.1074295352842638	0.9999491600886186
5.1143609423864191	1.0001294011118957
5.1190789747909964	1.0000199311365934
5.1232578982247725	1.0000415217763974
5.1273410072031567	0.9999975258514135
5.1316394919217547	1.0000578392209187
5.1385607841464909	0.9998610904335872
5.1429871040069424	0.9999926084724393
5.1467331797083551	0.9999280985365513
5.1502325969120255	1.0000300216337419
5.1536568650031960	0.9999449956255119
5.1570633167787276	1.0000388253946235
5.1604772926033711	0.9999530115973954
5.1639058303662315	1.0000397118248501
5.1673554408552018	0.9999578685229549
5.1708277426527909	1.0000377240426248
5.1743281997872446	0.9999621545491464
5.1778601991945781	1.0000339044800279
5.1814327509786979	0.9999675087793004
5.1850553318934072	1.0000275923363051
5.1887472710443481	0.9999759617085251
5.1925367534381488	1.0000168306069055
5.1964829002799560	0.9999861957477428
5.2007308884630348	1.0000508362339002
5.2076362875263706	0.9998654513734425
5.2122169720967451	0.9999865301202101
5.2161498135874051	0.9999393870704497
5.2198329705807778	1.0000211968825363
5.2234345194007021	0.9999562380188635
5.2270142616754960	1.0000293398063429
5.2306012800759456	0.9999638222422594
5.2342067860439183	1.0000293945772951
5.2378429415163055	0.9999694576527645
5.2415195948396303	1.0000252180233664
5.2452557693720356	0.9999770373454629
5.2490784833431254	1.0000161382891537
5.2530450943288640	0.9999860867395891
5.2572986342202732	1.0000515052135994
5.2642050371592681	0.9998666082256853
5.2688388710088985	0.9999854903249721
5.2728250760454722	0.9999419662733078
5.2765544215933922	1.0000196074629426
5.2801973735097194	0.9999586540069443
5.2838184806494874	1.0000270456807019
5.2874530483407867	0.9999672132628176
5.2911206013364094	1.0000249244421771
5.2948455910626464	0.9999760902111144
5.2986581452252368	1.0000160788917951
5.3026180352692611	0.9999859565962831
5.3068698218971289	1.0000511923622841
5.3137509004319785	0.9998614418245458
5.3182129316739770	0.9999915869474396
5.3219864707310061	0.9999285712827746
5.3254928724193658	1.0000310482684014
5.3289057367104062	0.9999432675174245
5.3322863175715014	1.0000413858682433
5.3356635908234358	0.9999500596387709
5.3390478374059400	1.0000429319190591
5.3424484077111032	0.9999545963457376
5.3458694109265812	1.0000409078857002
5.3493185122439595	0.9999592081378229
5.3528010576483176	1.0000365220505016
5.3563277685131352	0.9999653479628235
5.3599097177627479	1.0000292548035481
5.3635676929041702	0.9999748975106523
5.3673314033245108	1.0000173229817242
5.3712616887663662	0.9999862422287438
5.3755054280187302	1.0000503026513405
5.3824228481760521	0.9998669327976574
5.3870431088419286	0.9999835003587453
5.3910617711621622	0.9999469342815248
5.3948900540070168	1.0000101328252533
5.3987243642301284	0.9999742659239169
5.4026807728182398	1.0000089137354387
5.4069351712126794	0.9999462803608862
5.4138725110854109	1.0001284072398493
5.4186121537480956	1.0000197756148343
5.4228094511739622	1.0000409350217299
5.4269038327738262	0.9999973023801485
5.4312053684799544	1.0000581061753488
5.4381868533264788	0.9998726985312364
5.4430138508542436	0.9999767509955866
5.4473535041950214	0.9999617646879229
5.4517357983718471	1.0000430905375139
5.4587332113447911	0.9998564252692338
5.4633059530060057	0.9999853315008982
5.4671926390196948	0.9999344590873360
5.4708219468561481	1.0000227467869585
5.4743720497726267	0.9999529530948574
5.4779065850333968	1.0000307984957597
5.4814574886888652	0.9999623512906100
5.4850392848055112	1.0000294266701442
5.4886689687626760	0.9999704925896373
5.4923639874767893	1.0000223227866365
5.4961568739369957	0.9999818159133033
5.5001034995963831	1.0000125576999637
5.5043529098791257	0.9999479274343829
5.5112399613748488	1.0001364339419936
5.5157313086625779	1.0000090833032782
5.5195514531855814	1.0000662782230136
5.5231238112654095	0.9999727639412765
5.5266208269911852	1.0000483560864655
5.5301117058768154	0.9999662206905697
5.5336295487882508	1.0000372023647592
5.5371985386467228	0.9999704032560073
5.5408415580621222	1.0000254377025204
5.5445943149259156	0.9999818203615010
5.5485162046751419	1.0000129112165641
5.5527589862999811	0.9999489715622638
5.5596086988859206	1.0001446739752469
5.5638439012350362	1.0000002149306604
5.5673983707797614	1.0000838048158194
5.5707285928585559	0.9999606034080843
5.5740007708022263	1.0000644886410099
5.5772732054138316	0.9999528812283298
5.5805676241040736	1.0000532692037911
5.5838953291917406	0.9999542225056357
5.5872617746785060	1.0000449825352655
5.5906750140139083	0.9999594456999484
5.5941420256979235	1.0000365407197684
5.5976764958754810	0.9999679448632118
5.6012956564981895	1.0000252978190816
5.6050325938618428	0.9999811379931690
5.6089453542612668	1.0000126634204751
5.6131856162735438	0.9999491583286561
5.6201176209488892	1.0001295585546599
5.6248176354927795	1.0000197711637377
5.6289813312294896	1.0000418786758838
5.6330552647316674	0.9999976662984450
5.6373512348887251	1.0000576222797284
5.6442930452144111	0.9998645721704151
5.6488228985364195	0.9999878610504287
5.6527105776069178	0.9999386682852464
5.6563808507362596	1.0000189225585452
5.6600148037066056	0.9999615223875012
5.6636880661481888	1.0000196385020281
5.6674571418459108	0.9999790106809837
5.6713870888925317	1.0000113469432881
5.6756323523577521	0.9999479698000070
5.6825651793173293	1.0001287333694904
5.6872959272255237	1.0000199247602257
5.6914870471678398	1.0000411428153544
5.6955779755019149	0.9999974002655885
5.6998785248211732	1.0000580507707082
5.7068605003887436	0.9998727124511990
5.7116847094355805	0.9999767452029975
5.7160224820703833	0.9999617503856911
5.7204042471878509	1.0000430178435549
5.7274221592880528	0.9998600860660951
5.7321185548367879	0.9999802752961471
5.7361839508846613	0.9999467773430650
5.7400426909183286	1.0000089595475372
5.7438972750062183	0.9999743080944703
5.7478653442600303	1.0000088256524295
5.7521229885588001	0.9999458703575360
5.7590247925561178	1.0001346593665990
5.7635575283220941	1.0000101409535158
5.7674228785515202	1.0000637626619859
5.7710321550949155	0.9999735244575229
5.7745499917873682	1.0000483687079096
5.7780375644317719	0.9999637083865329
5.7815179147375559	1.0000423173544657
5.7850018739363698	0.9999614977514195
5.7884931066224432	1.0000391998308167
5.7919965444755634	0.9999620707118201
5.7955142835975249	1.0000365270335601
5.7990522845263550	0.9999643388309171
5.8026148600288634	1.0000329545982236
5.8062118404752754	0.9999686137206861
5.8098535385767267	1.0000270644851987
5.8135599488359446	0.9999764127231781
5.8173597039852227	1.0000167042644890
5.8213119880202653	0.9999862078307522
5.8255616726607640	1.0000510624402936
5.8324691313563415	0.9998661200353478
5.8370763711884743	0.9999855759283203
5.8410446810075101	0.9999418669364665
5.8447731913488488	1.0000182196208365
5.8484365755253176	0.9999612528167623
5.8521047836655100	1.0000225834952494
5.8558226058049776	0.9999740568922564
5.8596272106604435	1.0000153694488125
5.8635816697320244	0.9999854872713334
5.8678320201518188	1.0000507330490722
5.8747574847682991	0.9998693037039661
5.8794795757191505	0.9999807247224647
5.8836240540545459	0.9999535452349670
5.8875961503107792	1.0000044513100066
5.8916159018594296	0.9999791557520783
5.8958886620571276	1.0000483394428219
5.9028146763576927	0.9998647664877596
5.9074459141043478	0.9999842804112348
5.9114392701018321	0.9999430380759597
5.9151975248232329	1.0000162011944225
5.9189008297013483	0.9999642279019820
5.9226267738575098	1.0000184543823440
5.9264333494013979	0.9999798192402665
5.9303856709330791	1.0000115185653140
5.9346370675176550	0.9999473045606538
5.9415363377488211	1.0001341457074686
5.9461000689847046	1.0000120855904922
5.9500178387441176	1.0000593328911322
5.9537079301423823	0.9999801765914744
5.9573499288132892	1.0000373323908076
5.9610266752679752	0.9999791740026378
5.9647945907043072	1.0000199931074099
5.9687246654445518	0.9999876135348579
5.9729688350897181	1.0000509503084840
5.9798437833399865	0.9998588589481062
5.9842006064221485	0.9999933444716982
5.9878997256612454	0.9999266918554232
5.9913863819013287	1.0000275506084801
5.9948413153755267	0.9999504490826064
5.9983348712075406	1.0000286510927170
6.0019125573422896	0.9999690897079175
6.0056137498892683	1.0000170400023993
6.0095056471894672	0.9999854986051194
6.0137392312964195	1.0000485730340043
6.0205671112813901	0.9998480465817117
6.0246207608646998	1.0000048888145634
6.0280242504309669	0.9999049707703362
6.0312381949297089	1.0000435158550416
6.0344198528525039	0.9999276113732821
6.0376140929817126	1.0000505337949976
6.0408383614193193	0.9999401180454606
6.0440939876711024	1.0000498532372684
6.0473832777124210	0.9999475491467447
6.0507035557359554	1.0000469592994872
6.0540558746140727	0.9999527638980988
6.0574380808635286	1.0000434010553794
6.0608520275932003	0.9999571695627424
6.0642970517358146	1.0000394386066997
6.0677768921286024	0.9999616648885042
6.0712937064851316	1.0000346598237502
6.0748553478292315	0.9999672831397078
6.0784703415215171	1.0000278813540175
6.0821571653362083	0.9999758977624986
6.0859433616197380	1.0000169023890177
6.0898876459669893	0.9999862109175487
6.0941350998124459	1.0000507716464577
6.1010428925610887	0.9998658142829339
6.1056346388993328	0.9999861172624487
6.1095812873682460	0.9999400782193285
6.1132771000734101	1.0000207982674181
6.1168875200883965	0.9999563414267425
6.1204695554340605	1.0000298126661971
6.1240486957726796	0.9999624455144209
6.1276312802566464	1.0000318634697498
6.1312225363176509	0.9999651691256836
6.1348221255774780	1.0000317490997293
6.1384330155791567	0.9999669199985283
6.1420551389109370	1.0000306458956576
6.1456927935240904	0.9999688452651848
6.1493483898305676	1.0000284659168031
6.1530300306642589	0.9999719754954808
6.1567460860587602	1.0000242124208050
6.1605145636068297	0.9999780814910912
6.1643616338610530	1.0000157885489804
6.1683432970890237	0.9999860355064554
6.1726009703101399	1.0000519721317587
6.1795095505487128	0.9998676575609173
6.1841923508919416	0.9999844340546982
6.1882302068204114	0.9999441642345414
6.1920020850654023	1.0000186610697033
6.1956733732002016	0.9999591081938594
6.1993032449336640	1.0000283252924227
6.2029191095137755	0.9999639236802489
6.2065286511158595	1.0000311531796959
6.2101378844540864	0.9999656218130447
6.2137467130603969	1.0000319081134512
6.2173577113270291	0.9999663229435782
6.2209696223951667	1.0000319888159854
6.2245844531961909	0.9999667298383307
6.2282007996130035	1.0000318222772981
6.2318206101560447	0.9999670813289053
6.2354425337336190	1.0000315272575648
6.2390686287796768	0.9999674795976961
6.2426977389031642	1.0000311030979663
6.2463322261730143	0.9999680144450738
6.2499713842162317	1.0000304656377101
6.2536182536705462	0.9999688372579915
6.2572731212398622	1.0000294083089176
6.2609405303833041	0.9999702612210238
6.2646230211294167	1.0000274706024144
6.2683286662865942	0.9999729839905374
6.2720656230188689	1.0000235867502842
6.2758515238459083	0.9999786301763079
6.2797119272481803	1.0000156493886314
6.2837019203698778	0.9999860879145603
6.2879618792854890	1.0000523295101265
6.2948650363755174	0.9998671074526456
6.2995323211249152	0.9999855976414030
6.3035378574074636	0.9999417298076528
6.3072613683381613	1.0000219274503952
6.3108681875952204	0.9999545384454800
6.3144174169543623	1.0000336653927211
6.3179366655474762	0.9999575234146211
6.3214346789029268	1.0000382338203160
6.3249192163020922	0.9999578794487300
6.3283928602470727	1.0000400502431384
6.3318614803296747	0.9999580586657182
6.3353279691739948	1.0000401533802517
6.3387990480810581	0.9999591242734133
6.3422789593452613	1.0000386112574793
6.3457761364598833	0.9999617244044056
6.3492972164362298	1.0000350558334352
6.3528542231016569	0.9999666354772474
6.3564594818441336	1.0000285107315487
6.3601348283306907	0.9999754048361742
6.3639106988545784	1.0000171339004855
6.3678481781134053	0.9999862327428314
6.3720938983613715	1.0000505482619684
6.3789815534118723	0.9998616625876469
6.3834356157228793	0.9999907977043824
6.3872199803696761	0.9999302994626883
6.3907549187879189	1.0000282857321545
6.3942107119530744	0.9999469506047741
6.3976457330642269	1.0000372605760137
6.4010867012140871	0.9999547694199147
6.4045419708908176	1.0000380753355556
6.4080193623846267	0.9999597463760946
6.4115219501896359	1.0000357161993709
6.4150570422795035	0.9999645682413164
6.4186305594632405	1.0000310248503224
6.4222554407918757	0.9999711971068418
6.4259476863740730	1.0000228153823121
6.4297389110882417	0.9999820387804469
6.4336846600337605	1.0000126820239166
6.4379338016710594	0.9999480169756613
6.4448438027999071	1.0001321722976904
6.4494748017869092	1.0000142749300498
6.4534737551378933	1.0000551743487718
6.4572387636364343	0.9999823260240038
6.4609378272559121	1.0000358206098596
6.4646419041745764	0.9999776864526231
6.4683899583873705	1.0000238552747811
6.4722201168866675	0.9999840194821131
6.4761892048774596	1.0000135182619785
6.4804447302861314	0.9999477132773308
6.4873229069677132	1.0001374463961150
6.4918025704416706	1.0000074868700182
6.4955838613950698	1.0000703743368193
6.4990917107504691	0.9999675454314805
6.5024997927181225	1.0000560586860192
6.5058770059960098	0.9999575968217166
6.5092541153178631	1.0000482658840477
6.5126500257929170	0.9999578383443074
6.5160771001213815	1.0000411242691736
6.5195501422848707	0.9999633636238152
6.5230835677541457	1.0000318484396431
6.5267005929827473	0.9999737986933290
6.5304332191243253	1.0000180932109228
6.5343444430299300	0.9999863581169970
6.5385831341313523	1.0000496636328775
6.5454797190028122	0.9998620053929552
6.5499305475630187	0.9999893273450554
6.5537392447444427	0.9999333596457256
6.5573275240149673	1.0000231532624839
6.5608667017903137	0.9999542046772862
6.5644188548828213	1.0000277160086157
6.5680187163052652	0.9999672211277578
6.5716888195096104	1.0000218043865712
6.5754634607210347	0.9999807052526007
6.5793989984697019	1.0000120022699537
6.5836453933309675	0.9999479303281266
6.5905870222352823	1.0001264128432168
6.5954037146310736	1.0000226139595911
6.5997405930359179	1.0000372129410282
6.6041229211283605	0.9999556645442973
6.6111318907409142	1.0001393733136930
6.6158139112356755	1.0000170020966732
6.6198354288034524	1.0000561500385725
6.6236118669868080	0.9999831724685159
6.6273179979495351	1.0000359313951657
6.6310269461026090	0.9999779492011839
6.6347785374051673	1.0000238113251552
6.6386111657530416	0.9999840510150347
6.6425817360435069	1.0000134955259570
6.6468376713226833	0.9999476290054383
6.6537661696851575	1.0001279136505143
6.6585740879348840	1.0000207181840894
6.6628347209272416	1.0000398830811990
6.6669691323658231	0.9999972179058791
6.6712815743465734	1.0000597561657618
6.6782248518265401	0.9998681653996149
6.6829201867767960	0.9999849343830629
6.6869702690284303	0.9999462303531311
6.6907702239061599	1.0000167339844586
6.6944918413627761	0.9999638241643182
6.6981955968434779	1.0000240328222247
6.7019071116714128	0.9999704971762812
6.7056301126940765	1.0000254029707056
6.7093662816145008	0.9999729117986978
6.7131124625009795	1.0000251081844325
6.7168721545616368	0.9999746258030803
6.7206509576193492	1.0000226165840622
6.7244667576130892	0.9999792743601021
6.7283468968532940	1.0000156513833969
6.7323483171984417	0.9999865318323379
6.7366116057508219	1.0000536262283817
6.7434473664720196	0.9998569736297362
6.7477932915633358	0.9999953323511392
6.7514688625850372	0.9999274019157249
6.7549568149337649	1.0000254856782380
6.7584664700189379	0.9999601130968111
6.7620973467296217	1.0000173163189150
6.7659429319200148	0.9999854746480357
6.7701652114493029	1.0000476716392261
6.7770745077464039	0.9998612977659178
6.7814295252014176	0.9999885060166216
6.7852409932125379	0.9999421442877452
6.7889736985137574	1.0000070067997839
6.7928538526098512	0.9999787194087663
6.7970888533244880	1.0000434772053624
6.8040433592461387	0.9998638841916080
6.8085708137099887	0.9999796308058075
6.8125921337030624	0.9999520985966429
6.8165799730999508	0.9999988939545106
6.8208541536131921	0.9999423100852382
6.8278635902823384	1.0001233789563710
6.8326790041995045	1.0000228222040481
6.8372327159019592	1.0000761802205960
6.8444105052624495	0.9998665201571728
6.8490444559780661	0.9999858122135968
6.8530622628158167	0.9999509374855275
6.8569341399382244	1.0000065378258203
6.8608929716059004	0.9999783995550103
6.8651491734103116	1.0000424454533650
6.8722003129284444	0.9998730669839990
6.8786249299488036	1.0004091271420847
6.8843479519252755	0.9998921767381973
6.8885713822862362	1.0001259800983215
6.8925258378741825	1.0000816061562408
6.8963160189669210	1.0000903407793857
6.9000532544253268	0.9999881699558293
6.9038217777368693	0.9999864404828620
6.9077417266584602	0.9999117360762276
6.9119874689525433	0.9999317725867828
6.9189706885122639	0.9996817827725953
6.9240655959943345	0.9998843108864888
6.9328607468316781	0.9999854418626904
6.9410891502093017	1.0001734452764184
6.9440694729986587	0.9999231535954700
6.9470048141609473	1.0000880290250009
6.9500324302823921	0.9999348609007025
6.9531490024296705	1.0000543962691433
6.9563417326709001	0.9999354369172365
6.9596049810938627	1.0000325585822512
6.9629448789708812	0.9999378693999503
6.9663716106720743	1.0000120398491399
6.9699057233827162	0.9999462801264564
6.9735778897530647	0.9999910356068566
6.9774498291968587	0.9999590213054306
6.9816507881760081	1.0000253529380365
6.9884546658232836	0.9998466710815781
6.9929998511677391	0.9999714712875057
6.9968956674261795	0.9999222000633406
7.0005539100380103	1.0000080734182182
7.0041370319650911	0.9999430422712460
7.0076991431174971	1.0000200012405027
7.0112628031923903	0.9999527429171448
7.0148324906183070	1.0000247677162746
7.0184122756637812	0.9999580840782974
7.0220015572890437	1.0000265946360063
7.0256032760944791	0.9999616244189223
7.0292172409887428	1.0000266842865109
7.0328468179683359	0.9999643744329184
7.0364920953288763	1.0000256047918430
7.0401566019939690	0.9999667773273471
7.0438407353554338	1.0000236735592265
7.0475489426951361	0.9999692922813753
7.0512837027331630	1.0000207461674229
7.0550537757466101	0.9999729616457972
7.0588699432539999	1.0000155926419025
7.0627574741347088	0.9999800328441361
7.0667636877366737	1.0000092547956030
7.0710292717754877	0.9999425272723979
7.0779555152533282	1.0001232822225972
7.0828316052163611	1.0000179713129136
7.0871579413904264	1.0000356923163847
7.0913352266409460	0.9999942179789683
7.0956594277091076	1.0000588405660413
7.1026027416816850	0.9998685175507025
7.1073815061265684	0.9999830262276428
7.1115191499146588	0.9999499359222832
7.1154048769561635	1.0000129922727365
7.1192288297702842	0.9999715002353906
7.1230865036791728	1.0000138082903873
7.1270668183623052	0.9999855139088564
7.1313251618284639	1.0000523318180448
7.1382211511553404	0.9998654193105522
7.1427708001977432	0.9999897360586455
7.1466606512459112	0.9999392103241604
7.1503077552844090	1.0000237188608729
7.1538942670105712	0.9999594310388001
7.1574940852562712	1.0000270870181984
7.1611547820437194	0.9999741130701810
7.1649160639454985	1.0000180104958070
7.1688438885987562	0.9999873431550982
7.1730870843550045	1.0000515321083288
7.1799646896621487	0.9998605357389789
7.1843363167205112	0.9999945165267183
7.1880406346781713	0.9999271661001424
7.1915143353882476	1.0000310625824269
7.1949321063637770	0.9999470036195622
7.1983568719453102	1.0000363174598788
7.2018225926518298	0.9999599948933370
7.2053485832633974	1.0000307782583824
7.2089599785127936	0.9999731081083786
7.2126886252472255	1.0000181122032508
7.2165975777180877	0.9999865622142748
7.2208356151114055	1.0000499069854167
7.2277256401097638	0.9998610490063530
7.2321353834603936	0.9999906648038289
7.2359082679668800	0.9999324527135242
7.2394801156545023	1.0000223812653284
7.2430321488526950	0.9999577052185695
7.2466398629175561	1.0000214666705913
7.2503606434060588	0.9999779507991251
7.2542614440788205	1.0000112479415577
7.2584989451901114	0.9999489608362648
7.2653596661898980	1.0001436353354667
7.2696060141296774	1.0000015698931728
7.2731887247919875	1.0000809161680939
7.2765576043198807	0.9999636279848957
7.2798743328546003	1.0000608553065971
7.2831938649701469	0.9999561119613640
7.2865350882574624	1.0000501039080341
7.2899064524525246	0.9999567031676685
7.2933104801560118	1.0000431146630271
7.2967518834124476	0.9999603058104528
7.3002336245096382	1.0000368485573266
7.3037639590503938	0.9999660877465784
7.3073519716986484	1.0000290773884035
7.3110166373324512	0.9999752847008841
7.3147862055407584	1.0000172502079521
7.3187202966512164	0.9999862623711157
7.3229650100895620	1.0000504466056110
7.3298754683573089	0.9998658461819946
7.3344609891331389	0.9999856293859433
7.3384146028209303	0.9999415015264937
7.3421370688552932	1.0000179436671643
7.3458007142100126	0.9999614416948728
7.3494729649687240	1.0000222089642588
7.3531964455445582	0.9999742744618614
7.3570064672566557	1.0000152201159791
7.3609645909949748	0.9999854583597501
7.3652158683130580	1.0000508438767943
7.3721429025423992	0.9998698069377959
7.3768854204365972	0.9999803502312495
7.3810522468037121	0.9999543066963604
7.3850426835992673	1.0000042867864356
7.3890739708478801	0.9999791934125754
7.3933498457857629	1.0000487457474105
7.4003124404888183	0.9998721435729356
7.4052204601362162	0.9999752207848452
7.4097993528923958	0.9999181328755290
7.4169263337413804	1.0001337076132806
7.4216763604575391	1.0000120212097789
7.4257029911684036	1.0000565326732516
7.4294382117698623	0.9999774703256881
7.4330603379436839	1.0000426610750954
7.4366371407475684	0.9999674137440313
7.4401940993016167	1.0000383553475050
7.4437427061950654	0.9999641953154831
7.4472861520013875	1.0000369644449072
7.4508283809107665	0.9999632345086013
7.4543698303889885	1.0000362833112340
7.4579140861925133	0.9999633304327479
7.4614618945730440	1.0000354239033211
7.4650176821521690	0.9999642733712435
7.4685833212143704	1.0000338864951850
7.4721648836234325	0.9999662776303395
7.4757665908312640	1.0000311019723112
7.4793981562263019	0.9999700195688340
7.4830695585945950	1.0000259585306712
7.4868003505233265	0.9999771166614321
7.4906184620294400	1.0000163896146643
7.4945820541851109	0.9999861877760547
7.4988348108981038	1.0000514577649269
7.5057412626931868	0.9998664818716559
7.5103676299784494	0.9999856872441856
7.5143453178567290	0.9999414482267026
7.5180644404834460	1.0000203193743098
7.5216925069192619	0.9999573142032699
7.5252896238944942	1.0000291749105932
7.5288847869874660	0.9999637237121045
7.5324884990759617	1.0000302766602329
7.5361113136562041	0.9999679545269501
7.5397600770527795	1.0000277386595582
7.5434481213971445	0.9999733124365736
7.5471911833256318	1.0000213124560540
7.5510202006142935	0.9999826511644718
7.5549890728842595	1.0000127326363391
7.5592445367036465	0.9999472426541393
7.5661478637724002	1.0001324030081802
7.5707873098099610	1.0000136309144070
7.5747797919815651	1.0000561973808191
7.5785249586135253	0.9999807561262612
7.5821955375880750	1.0000375058055706
7.5858673368319121	0.9999761744124142
7.5895839488917680	1.0000249332235607
7.5933878814594431	0.9999834701936439
7.5973400949514929	1.0000134179224334
7.6015911702859187	0.9999482077122389
7.6084651386388131	1.0001389907256948
7.6128845664535865	1.0000061158891875
7.6166134416867912	1.0000728931807714
7.6200849836385069	0.9999665219842628
7.6234689948286789	1.0000573445306700
7.6268281567879264	0.9999565268075855
7.6301863445368250	1.0000500278057816
7.6335548728673768	0.9999549537744191
7.6369374426973184	1.0000456851147828
7.6403384151530114	0.9999562586494445
7.6437586151180792	1.0000422218125182
7.6472018404688180	0.9999588368044812
7.6506692378564702	1.0000386665433156
7.6541658919350137	0.9999624307881290
7.6576951509776672	1.0000342426879198
7.6612658283241606	0.9999676015824971
7.6648872517006001	1.0000276983709493
7.6685785317727291	0.9999760022781188
7.6723676756167327	1.0000168610773288
7.6763136557865685	0.9999862126347647
7.6805615909036433	1.0000508402790778
7.6874536559040427	0.9998629537197200
7.6921261707922080	0.9999793881582023
7.6961572550248913	0.9999385507237935
7.6999277377479620	1.0000128911056476
7.7035984774298800	0.9999533294266172
7.7072244566294374	1.0000237681272235
7.7108312476693666	0.9999587573507491
7.7144279048146540	1.0000283795487357
7.7180240640752782	0.9999626773517774
7.7216249997013566	1.0000301907306475
7.7252388810373622	0.9999669826623151
7.7288697731060481	1.0000301930458706
7.7325239047242871	0.9999714275357566
7.7362028508316527	1.0000290425966898
7.7399102413231349	0.9999752985434888
7.7436450252229907	1.0000272828256611
7.7474086019974555	0.9999781351571601
7.7511979816799972	1.0000253139225015
7.7550132486356711	0.9999798992214776
7.7588506946759139	1.0000233332655606
7.7627106863472228	0.9999809851135348
7.7665911015858144	1.0000211519272866
7.7704960290122420	0.9999823814594352
7.7744305833550147	1.0000176928629931
7.7784130805159393	0.9999861061811645
7.7824807321358165	1.0000138725398682
7.7867634088849282	0.9999445366967331
7.7936813580227300	1.0001254901460235
7.7986668708031903	1.0000219141385795
7.8032642397491818	1.0000835206800580
7.8107133591767841	0.9999292188656133
7.8154738072117400	1.0000332309431166
7.8195770796484201	1.0000196808569679
7.8236614735714207	1.0000479293140521
7.8276941492814194	1.0000223846489626
7.8315623047932217	1.0000523188319810
7.8352374552932194	0.9999583269150630
7.8387362947697437	1.0000316602980934
7.8421498509274157	0.9999304754739834
7.8455520708341346	1.0000145673861585
7.8489906860446998	0.9999310505425317
7.8524954953652362	1.0000027528244293
7.8560920773828977	0.9999447257356534
7.8598121096504681	0.9999919416280408
7.8637161367219219	0.9999625857977239
7.8679529154700019	1.0000283843452396
7.8748637976061824	0.9998474446374049
7.8793857524769333	0.9999715655538319
7.8832918630183118	0.9999276574417191
7.8870006332090927	1.0000042561159814
7.8906961990237852	0.9999564849511495
7.8944659353276867	1.0000047000149470
7.8983948436697098	0.9999764626351207
7.9026388483716090	1.0000425767785621
7.9095407407083353	0.9998578343221084
7.9140260986287831	0.9999844662523092
7.9178694274593360	0.9999322032153979
7.9214906410686412	1.0000188655261140
7.9250652402153214	0.9999547001610937
7.9286614183506083	1.0000227825417936
7.9323227167740971	0.9999705189841709
7.9360860872016170	1.0000145684744599
7.9400156254980878	0.9999843245828074
7.9442591971960788	1.0000489102708066
7.9511756705386887	0.9998657462150101
7.9557817737287113	0.9999836987962966
7.9597742170951395	0.9999441712576609
7.9635571563493182	1.0000131640420338
7.9673125836001679	0.9999682579853528
7.9711266635684161	1.0000124749177244
7.9750825070469160	0.9999836861033491
7.9793337449074615	1.0000495799385416
7.9862792221392001	0.9998718518536681
7.9911080918516957	0.9999757612777486
7.9954558211285836	0.9999613752161386
7.9998397727701880	1.0000432655282485
8.0069090389340491	0.9998704532650845
8.0115776361698163	0.9999938107789678
8.0155656052922950	0.9999496175421612
8.0192543236729890	1.0000346608516162
8.0228220106991532	0.9999634767394359
8.0263493877164791	1.0000422502849233
8.0298849041229428	0.9999707312235089
8.0334498739960605	1.0000389324854404
8.0370574420575966	0.9999761324732384
8.0407098894188209	1.0000341483332134
8.0444099659510826	0.9999808353866499
8.0481550005465969	1.0000306879637093
8.0519453724333214	0.9999856979126651
8.0557778959455604	1.0000290938547867
8.0596520930243578	0.9999903324261435
8.0635638754416075	1.0000276612832470
8.0675119871354219	0.9999920944441031
8.0714920245721515	1.0000235863046312
8.0755033684639859	0.9999890449722699
8.0795449713069392	1.0000133480464644
8.0836221530960337	0.9999768851177957
8.0877564441607159	0.9999892527235014
8.0920569389176222	0.9998944544002832
8.0972526569732715	1.0003262597402007
8.1065781329403563	0.9996716980771804
8.1103984075569677	0.9999078584804354
8.1136718547029574	0.9998076213742771
8.1170794609763988	0.9999166397886456
8.1207863101701179	0.9998960613004404
8.1249780995052898	0.9999699516522956
8.1318947547592817	0.9998048654464549
8.1358478181517597	0.9999619043353942
8.1394648244082983	0.9999188272906929
8.1432347095834778	0.9999836767204386
8.1474528761218608	0.9999438679313439
8.1542963503107959	1.0001686547974109
8.1578555041124989	0.9999840661328916
8.1610649282690915	1.0000952537389429
8.1643421470235040	0.9999817106463222
8.1678159470559830	1.0000401332451183
8.1715713987168535	0.9999962312650493
8.1757712797257014	1.0000491068368602
8.1828107492936653	0.9998786832672522
8.1872628790776076	0.9999891043398295
8.1912493220800577	0.9999539893447325
8.1951520511080655	0.9999916905733521
8.1991502949529682	0.9999519256343398
8.2034081179014944	1.0000200041599041
8.2100313162261251	0.9998460329881248
8.2271352941231317	0.9996454272996506
8.2326483053497466	0.9999114182436968
8.2367915364232065	0.9998925793444389
8.2407411314408847	0.9999696496671324
8.2450279036130638	0.9999387984965769
8.2516599795945424	1.0002290351153007
8.2568076671119979	0.9999571988510467
8.2620319961938300	1.0003030105098070
8.2675164808064139	0.9997126725260259
8.2714355720065846	1.0000077499512614
8.2760198258128614	0.9999510617369198
8.2807719709067715	1.0002234321409769
8.2855886957316685	0.9998290950693277
8.2893424396549040	1.0000343587002254
8.2937258515357151	1.0000523225068965
8.3007010555961216	1.0000704194609566
8.3049455283642022	0.9999854007870554
8.3088962187447084	1.0000141633485486
8.3128761677998551	0.9999729026942055
8.3171416456570402	1.0000299530447567
8.3245108539227406	0.9999100481755022
8.3327933393955576	1.0001664366584184
8.3360322264221036	0.9999226244809641
8.3391284556623919	1.0000370173284510
8.3424435084569062	0.9999321564534481
8.3461022539266132	0.9999678089814662
8.3502585587476297	0.9999158166073453
8.3574264594405889	1.0000579972443349
8.3614204207142269	0.9999374324528174
8.3651396089541805	0.9999870273835321
8.3689806238730231	0.9999457489251797
8.3731814215908891	1.0000111819394171
8.3798657570597257	0.9998280505889970
8.3846186699546710	0.9999459862024478
8.3886668108713227	0.9999083833615757
8.3923596987807887	1.0000097707916351
8.3958980683795286	0.9999485273909244
8.3994226508983250	1.0000358183394555
8.4030496807502164	0.9999926966067256
8.4068873074308605	1.0000344300433797
8.4111097862704316	0.9999755528383414
8.4179681016774648	1.0001630814980531
8.4228009059800986	1.0000594643156147
8.4273603528466392	1.0001155402965796
8.4344247396488896	0.9998849120186143
8.4393733092763252	0.9999894540864256
8.4439733408095012	0.9999265540714894
8.4510722386534454	1.0001559906652944
8.4555735509497847	1.0000210740420894
8.4594293773169973	1.0000656056059087
8.4631790391860910	0.9999991530266845
8.4670638217968008	1.0000262090974432
8.4713018347596432	0.9999602967016594
8.4782430658718422	1.0001417420888463
8.4826399574088089	1.0000144128125570
8.4864596801122794	1.0000624808861345
8.4901435059188675	0.9999882750224057
8.4938782873152974	1.0000285839077441
8.4977786515740430	0.9999916867958807
8.5020164344411473	1.0000517941138583
8.5089586703374884	0.9998694077231689
8.5135952065922638	0.9999803400247095
8.5177068355024357	0.9999561306112558
8.5217478210057482	1.0000010954244132
8.5260361883026086	0.9999423481121411
8.5329916766996980	1.0001329098575924
8.5375573049543654	1.0000149329719614
8.5415401973450198	1.0000510165735206
8.5453914256310526	0.9999935692011371
8.5493371656969366	1.0000202750993257
8.5535910668339721	0.9999533088636251
8.5605231915460482	1.0001357784917277
8.5650694384051143	1.0000161438795436
8.5690398172266313	1.0000521085534215
8.5728831623260682	0.9999939105474651
8.5768246142406301	1.0000204937628447
8.5810773049784093	0.9999535375673545
8.5880577820170299	1.0001268543726607
8.5930566912414825	0.9999750196166892
8.6004803618663761	1.0001765756678476
8.6050514472219977	1.0000176145145887
8.6087811518404234	1.0000833206701736
8.6122270002188746	0.9999695910747511
8.6155899714668482	1.0000610738942295
8.6189344766159621	0.9999573348757304
8.6222792145613809	1.0000522255299504
8.6256280963378451	0.9999533215477803
8.6289776834176326	1.0000495269933756
8.6323257716244051	0.9999511763926149
8.6356676757505859	1.0000495323103828
8.6390027189524670	0.9999494683995603
8.6423284724871543	1.0000504001849377
8.6456470350928267	0.9999482662051858
8.6489586202220305	1.0000509817373719
8.6522677722890542	0.9999480152270096
8.6555767062389801	1.0000505539407556
8.6588915946185043	0.9999490966051591
8.6622159237985858	1.0000487129797930
8.6655569700929949	0.9999517518272221
8.6689193539233980	1.0000452041724703
8.6723117855522283	0.9999562307436333
8.6757410317715333	1.0000396538103673
8.6792191890551393	0.9999631022877615
8.6827587169627503	1.0000311293499078
8.6863816645590450	0.9999738054635247
8.6901190909182411	1.0000178643270343
8.6940333415312931	0.9999862909628827
8.6982728100842834	1.0000497492613747
8.7051510953567082	0.9998587608092295
8.7095049748817228	0.9999934895428507
8.7131947969924006	0.9999248657481247
8.7166542469733912	1.0000308904567614
8.7200516792618235	0.9999435395269165
8.7234426455731953	1.0000386900733169
8.7268520127049687	0.9999532091864155
8.7302870834828727	1.0000382472622797
8.7337554328162490	0.9999597333329728
8.7372605828082079	1.0000344850444796
8.7408113152256934	0.9999662155606989
8.7444165912073011	1.0000278610747781
8.7480953063249327	0.9999753170369911
8.7518753402967384	1.0000167394870696
8.7558158304655453	0.9999859767366893
8.7600622642781314	1.0000504248470690
8.7669725851426463	0.9998659213491691
8.7715715240366254	0.9999853974183096
8.7755337297604772	0.9999412902176549
8.7792545620701521	1.0000187948189068
8.7829020327308722	0.9999592827332674
8.7865372607599479	1.0000256979687894
8.7901921587676703	0.9999683033764428
8.7938828478263424	1.0000237449079070
8.7976304881518175	0.9999768076463608
8.8014620025883712	1.0000156714485597
8.8054341473944184	0.9999859112083378
8.8096891666569963	1.0000516257974907
8.8166333149818996	0.9998739898490372
8.8215392504376045	0.9999760094345607
8.8261170813935248	0.9999184253333057
8.8332561695196254	1.0001310822199490
8.8381155680508829	1.0000162354770619
8.8423076530369240	1.0000462212031120
8.8462626924945695	0.9999903302457284
8.8501834613348080	1.0000227261286834
8.8541924510626835	0.9999895786421441
8.8584601288777023	1.0000542472644589
8.8654029598245359	0.9998733926342298
8.8704061413602755	1.0000272588637433
8.8779632940758724	0.9998501003611087
8.8830062984177527	0.9999392819740710
8.8875273938520962	1.0000018352590720
8.8918775684757545	1.0000209985955357
8.8961403304360207	0.9999707295922203
8.9002111503911294	1.0000159493288250
8.9040317624617948	0.9999454906858927
8.9076374481964518	1.0000261162999911
8.9111069146852575	0.9999382898273035
8.9145067135735037	1.0000349102303101
8.9178799977817853	0.9999425195803814
8.9212485712429732	1.0000395596253400
8.9246253122831796	0.9999490033148597
8.9280143830729397	1.0000415709055084
8.9314200969703208	0.9999543903869557
8.9348420934107811	1.0000416259790428
8.9382824665155365	0.9999581723262767
8.9417394530274859	1.0000404114802859
8.9452142202912288	0.9999606159377197
8.9487043699381061	1.0000385870918067
8.9522107242177107	0.9999621619062917
8.9557309010550874	1.0000365619812832
8.9592661501107109	0.9999633167387018
8.9628150381957905	1.0000343868605517
8.9663803514393141	0.9999646917264510
8.9699629237991676	1.0000317133526961
8.9735687449281922	0.9999671197207755
8.9772031665945757	1.0000276861983801
8.9808788577065801	0.9999719539190907
8.9846116622952543	1.0000205421218960
8.9884328078178353	0.9999813859047361
8.9923967995065812	1.0000116013835223
8.9966509299812270	0.9999463658980163
9.0035409046006425	1.0001343288285705
9.0080858899818423	1.0000098447603964
9.0119609449618352	1.0000626863387159
9.0155838765238734	0.9999748257702116
9.0191305226444207	1.0000448295417699
9.0226750511966749	0.9999697139192811
9.0262563743756150	1.0000328184463834
9.0299066478041681	0.9999763690159840
9.0336619710958175	1.0000189555894528
9.0375863587812919	0.9999874123775525
9.0418286797273701	1.0000511551914515
9.0486854449726728	0.9998562545037363
9.0529405431123546	0.9999990400751353
9.0565164540082819	0.9999176018809730
9.0598617099980867	1.0000389168028174
9.0631450179100437	0.9999360360714139
9.0664206711426552	1.0000475063705450
9.0697125076159821	0.9999459568028874
9.0730268752751169	1.0000474708233391
9.0763703650442888	0.9999524738489514
9.0797447425598641	1.0000441859132190
9.0831559350166611	0.9999582952201352
9.0866077834690309	1.0000388247099581
9.0901098886109555	0.9999651840386522
9.0936724368244821	1.0000307850157117
9.0973155971094979	0.9999752236241765
9.1010687382916782	1.0000182064856544
9.1049927218745594	0.9999868841747249
9.1092347426853770	1.0000506433222587
9.1161598095164980	0.9998685230185202
9.1208147825237393	0.9999820025912014
9.1248948376963153	0.9999517100827150
9.1288185652359051	1.0000049708779253
9.1328092483115810	0.9999791519307738
9.1370740185154204	1.0000473928722402
9.1439918353351306	0.9998620425268245
9.1485134218737318	0.9999870874045923
9.1523880337576475	0.9999366466740665
9.1560337597710770	1.0000207130962429
9.1596273893903462	0.9999578017630512
9.1632382041999758	1.0000242494184139
9.1669105084059925	0.9999724684323851
9.1706816515574001	1.0000157857274687
9.1746158096060615	0.9999854200126858
9.1788606426168755	1.0000499608914240
9.1857410622323936	0.9998598418198718
9.1901419640751385	0.9999927483285181
9.1938639124561465	0.9999258634339140
9.1973339336726934	1.0000319996567983
9.2007215544349137	0.9999417598067880
9.2040838087717720	1.0000420572359361
9.2074464079744658	0.9999490199989837
9.2108170355074144	1.0000437569456579
9.2142029696469567	0.9999533871716368
9.2176064655966048	1.0000422588121458
9.2210334023923082	0.9999573602978509
9.2244870999342510	1.0000388020988202
9.2279756357266258	0.9999623205812833
9.2315061653421946	1.0000331559389311
9.2350928719382424	0.9999696988946570
9.2387531514365389	1.0000238554536476
9.2425200477462344	0.9999815965378568
9.2464508176771787	1.0000126506036964
9.2506959412623981	0.9999485230956203
9.2575760716717230	1.0001384772390007
9.2619946986333836	1.0000068812028118
9.2657383737339529	1.0000710881255512
9.2692378961419237	0.9999690008645407
9.2726610588930480	1.0000538945430497
9.2760701668843595	0.9999605493000713
9.2794902749206738	1.0000449238998586
9.2829352936515495	0.9999610354319625
9.2864134028663106	1.0000380080431008
9.2899358690458147	0.9999658557911330
9.2935141889625381	1.0000298073078726
9.2971691714610003	0.9999750328690796
9.3009306701560348	1.0000174931512713
9.3048595999359112	0.9999863165080285
9.3091029794243365	1.0000502952800052
9.3160554143920962	0.9998734782743112
9.3210512055193853	1.0000253887549844
9.3284952141503990	0.9998286216907979
9.3332790555011726	0.9999765678761396
9.3372358300430651	0.9999303601359252
9.3408946143053537	1.0000188156418508
9.3444777691558976	0.9999548864012501
9.3480711049463334	1.0000242106406227
9.3517260214859679	0.9999712695916705
9.3554830003813620	1.0000157819738191
9.3594082566039827	0.9999852941943643
9.3636507426550502	1.0000495918377021
9.3705132302883634	0.9998560059813226
9.3747972174077727	0.9999965895988541
9.3784051643754811	0.9999189379708642
9.3817840214404242	1.0000353776341369
9.3851055532440792	0.9999383961944133
9.3884280049473361	1.0000423238288441
9.3917798048173964	0.9999503517044100
9.3951729214189683	1.0000394631440883
9.3986212529832933	0.9999605437904193
9.4021369304701032	1.0000313632296447
9.4057417055313284	0.9999728411360870
9.4094662046667619	1.0000178750372104
9.4133728037032789	0.9999861831685383
9.4176101983288909	1.0000494323999976
9.4244608108198129	0.9998532388667218
9.4286542959078741	0.9999998214140295
9.4321779090684892	0.9999131224589215
9.4354835791309597	1.0000393982445006
9.4387361647822896	0.9999326992664308
9.4419869904037945	1.0000475845091501
9.4452581166259542	0.9999433952488179
9.4485548010233682	1.0000472998327010
9.4518829980884256	0.9999504203127622
9.4552440622005118	1.0000438436912151
9.4586436735692718	0.9999566372934138
9.4620855156749162	1.0000383575485512
9.4655790961858308	0.9999638831718723
9.4691345675313094	1.0000302230173215
9.4727720901433283	0.9999742691294640
9.4765211000302187	1.0000175749282991
9.4804425858622761	0.9999862516887110
9.4846839386752091	1.0000499951480419
9.4916188454751751	0.9998698091139174
9.4963319059619948	0.9999790227805279
9.5005099474635717	0.9999574120674666
9.5045911423299980	1.0000013979291200
9.5088904022003966	0.9999411353740014
9.5158180006489506	1.0001364826135379
9.5202895984607316	1.0000081505070793
9.5240903011734073	1.0000666949300525
9.5276540823119724	0.9999730037295989
9.5311525059446875	1.0000477761500755
9.5346519474041003	0.9999670664909117
9.5381826181309144	1.0000363442853963
9.5417660888639837	0.9999711507326664
9.5454229722992974	1.0000249173323115
9.5491870579429001	0.9999820615528461
9.5531161085512952	1.0000129307178416
9.5573607526352262	0.9999487331326200
9.5642441710031605	1.0001380074880601
9.5686776173817414	1.0000074862752855
9.5724384669498033	1.0000700233120019
9.5759536149296665	0.9999696382187746
9.5793889201777791	1.0000533662454283
9.5828047600911557	0.9999604112945297
9.5862237212348802	1.0000456834019780
9.5896564672174396	0.9999592579177603
9.5931068238916950	1.0000410417636196
9.5965800086247679	0.9999611061711140
9.6000787133551757	1.0000368561941224
9.6036098816769826	0.9999648819740306
9.6071796096500197	1.0000315150918282
9.6108009272060393	0.9999712202304604
9.6144900786097818	1.0000230159120642
9.6182788747844992	0.9999820500264881
9.6222231112854431	1.0000127117145878
9.6264718476120272	0.9999480878748890
9.6333841963730791	1.0001318149407796
9.6380267199167697	1.0000150648888502
9.6420497822885789	1.0000530141807307
9.6458574228822869	0.9999857192778664
9.6496288910261168	1.0000297560196547
9.6534552728421357	0.9999862066353251
9.6574168145350647	1.0000149338509789
9.6616709259903164	0.9999488510087289
9.6685756524055115	1.0001339013719552
9.6731697149480720	1.0000127203591218
9.6771111885292811	1.0000591798723355
9.6808036908460533	0.9999782089024927
9.6844147850244884	1.0000417608571015
9.6880116275393604	0.9999710629431224
9.6916253434453097	1.0000325235839165
9.6952780566497125	0.9999735428986229
9.6989902898828486	1.0000231651737961
9.7027952556057109	0.9999827181601482
9.7067491469944844	1.0000129519544061
9.7110005373350692	0.9999478763025950
9.7179297144111665	1.0001282910308871
9.7227045271179531	1.0000202740196087
9.7269342999738839	1.0000402923086860
9.7310490205448907	0.9999970827837232
9.7353561083834776	1.0000586734957513
9.7422931514646933	0.9998652759399332
9.7468747917490859	0.9999878952472502
9.7507898464759748	0.9999384373933794
9.7544529933126327	1.0000219081180488
9.7580424978892868	0.9999565945576543
9.7616272688975982	1.0000274240173581
9.7652472999253703	0.9999680953713231
9.7689292551602360	1.0000219565543012
9.7727105060280621	0.9999810562445687
9.7766494636767671	1.0000122667031575
9.7808969056343003	0.9999480561753050
9.7877774477131734	1.0001380296725746
9.7922121725652840	1.0000070541004287
9.7959668465181835	1.0000707777094398
9.7994692061408202	0.9999684522097637
9.8028861590977456	1.0000549363476812
9.8062786618090723	0.9999585879106848
9.8096694749259328	1.0000478695506609
9.8130691678575204	0.9999568150229525
9.8164811218646673	1.0000438745391664
9.8199097333311123	0.9999578925541124
9.8233562987339269	1.0000406118939642
9.8268254968665900	0.9999604548541511
9.8303198672999930	1.0000368968527031
9.8338465450144064	0.9999645004347401
9.8374118247772575	1.0000316607411905
9.8410289976926357	0.9999710019653856
9.8447145502796314	1.0000231073169841
9.8485005460397037	0.9999819815460056
9.8524430373984941	1.0000126977271999
9.8566913083938790	0.9999481402637824
9.8635993264628823	1.0001327075685855
9.8682103426035983	1.0000138770232028
9.8721896347319422	1.0000558248798190
9.8759427539045976	0.9999826376755694
9.8796435587236004	1.0000345696366859
9.8833710915839248	0.9999805559100977
9.8871783178257928	1.0000190610225095
9.8911327863373515	0.9999874205102567
9.8953834425926548	1.0000516758001103
9.9023335886750576	0.9998741102639255
9.9072221980133559	0.9999757163093648
9.9117955136505440	0.9999188884201964
9.9189304255912845	1.0001328369866631
9.9237039691644497	1.0000141750686644
9.9277909703153071	1.0000512279032778
9.9316328318502052	0.9999856970359201
9.9354246531482442	1.0000290257898783
9.9392637571320464	0.9999861735023600
9.9432324199567876	1.0000148544821543
9.9474885682965120	0.9999485879643177
9.9544208912888816	1.0001284832217692
9.9592090245376568	1.0000205722638362
9.9634509084387144	1.0000401248865798
9.9675733246016147	0.9999970436433318
9.9718824934460137	1.0000589109668272
9.9788666954382634	0.9998743442207036
9.9837809991122679	0.9999764361762369
9.9883620909916768	0.9999187044530016
9.9952671104158082	1.0001726732351552
