0.0000000000000000	0.0000000000000000
8.2539206831530212	0.0010000000000000
8.2772121102613436	0.0016567221052560
8.2826897729402944	0.0016855926487961
8.2880628670939238	0.0021736873268359
8.2934019627704547	0.0021389030559708
8.2976006631427541	0.0027447611309247
8.3022775394617465	0.0032828512142153
8.3069694348931336	0.0038792031493266
8.3142857326205917	0.0047454486212229
8.3198434658952163	0.0059494704977074
8.3279326520592960	0.0074147978112544
8.3372355187713865	0.0105111717929747
8.3511961463681317	0.0165628282159242
8.3625907046230417	0.0240572508802331
8.3661825284522298	0.0267087407486839
8.3699991533324827	0.0301675177359136
8.3745993511849761	0.0348366801928141
8.3806561872062222	0.0425729243777759
8.4037504404819909	0.0874187319373798
8.4079318657097044	0.0993299442456628
8.4125945576040078	0.1143782471130323
8.4221822175789089	0.1512883405532618
8.4269317375129429	0.1734115412559502
8.4316853253526034	0.1978619101946462
8.4365242617573060	0.2254197906996118
8.4441030153887287	0.2739053563341133
8.4476895611219973	0.2993296032123199
8.4509615167584560	0.3234136358686245
8.4544420679928347	0.3504461227939693
8.4579811420176476	0.3788474374730673
8.4618648610454930	0.4112525801333560
8.4657360870719831	0.4443741098917923
8.4699833060834671	0.4814969614885657
8.4741146206050466	0.5179205876876859
8.4786778379826462	0.5581159574834920
8.4832713550778855	0.5979635412791520
8.4997578366298434	0.7293116930485047
8.5025458237426239	0.7489865837134193
8.5057203445729872	0.7699220855667283
8.5092280475079569	0.7918690791756344
8.5129787815162974	0.8135495662320512
8.5169794524080906	0.8348417918511458
8.5214097234622717	0.8560578161968344
8.5274956574374610	0.8818114115702134
8.5435362569199835	0.9313143564849744
8.5470369266185084	0.9389751144855073
8.5513504314710111	0.9475195309178114
8.5556652499709109	0.9548373805300796
8.5602763292929858	0.9618289214370799
8.5678823636275432	0.9707054486670982
8.5709924270073099	0.9740752698835002
8.5739278098510763	0.9765472997280383
8.5769288076653183	0.9791347771154301
8.5800585480775791	0.9812798937712169
8.5832607737421522	0.9834664553606354
8.5865626209505823	0.9852661592780695
8.5899255901080895	0.9870705812086460
8.5933825219212281	0.9885488441295338
8.5969090695847044	0.9900154858475921
8.6005442682722055	0.9912235079361983
8.6042874597712231	0.9924036823726622
8.6082180140179272	0.9934086199339655
8.6124615280585051	0.9944314291648862
8.6196073878008352	0.9955718819807318
8.6242772426564080	0.9963647182090559
8.6284536066790274	0.9968675376755600
8.6325398682144669	0.9973478189035545
8.6368444393159294	0.9976808486869431
8.6437070261884976	0.9983856901889955
8.6483290098476910	0.9985396855840989
8.6522601032355819	0.9987905552686364
8.6559235470142450	0.9988682311871945
8.6594985195747327	0.9990743041927796
8.6630654144930404	0.9991219990225916
8.6666630778667688	0.9992903111089682
8.6703265002797067	0.9993295485652380
8.6740905664128451	0.9994563138675581
8.6780209547114850	0.9995014707561960
8.6822649318407024	0.9996361388906466
8.6892243402250458	0.9995527639479479
8.6940123723065064	0.9997088183023617
8.6983312764338283	0.9997338926872916
8.7027074615846427	0.9998487963639120
8.7097065067692903	0.9997062530804300
8.7142158946235249	0.9998608339964024
8.7180455201934794	0.9998228499280547
8.7216349124785761	0.9999278881722162
8.7251651272191921	0.9998694169646509
8.7287030692051797	0.9999553414170788
8.7322867542240150	0.9999023534658817
8.7359413124023746	0.9999665887866883
8.7397031731762507	0.9999320097856482
8.7436306286783587	0.9999701991981619
8.7478749696723810	0.9999125652796574
8.7548054256465058	1.0001012992811162
8.7595334762091071	0.9999967423210674
8.7637216805775271	1.0000214119708333
8.7678106456045999	0.9999804011634735
8.7721107452600116	1.0000434776425839
8.7789775659763620	0.9998399765858557
8.7831221358244100	0.9999951475198765
8.7865579551513662	0.9998961605115606
8.7897537561212467	1.0000412200024493
8.7928771626396198	0.9999137607138565
8.7959796283180296	1.0000542924844382
8.7990826630278427	0.9999230499224206
8.8021909033173920	1.0000583042592155
8.8053092879518289	0.9999284420502421
8.8084373942540672	1.0000590229424560
8.8115781433662832	0.9999322816313404
8.8147306896111921	1.0000582795598232
8.8178977469821689	0.9999355957702710
8.8210785839398547	1.0000567282127066
8.8242760224173029	0.9999388328336530
8.8274895810799450	1.0000545883960374
8.8307223589036852	0.9999422316105627
8.8339742942528385	1.0000518845702742
8.8372489966223480	0.9999459878617214
8.8405471305291687	1.0000485123781635
8.8438732386312200	0.9999503506407128
8.8472293167586287	1.0000442172797017
8.8506217200339901	0.9999557302230927
8.8540551268430630	1.0000384755762610
8.8575398475220517	0.9999629180576034
8.8610868431322096	1.0000301601658856
8.8647169286230127	0.9999735789446802
8.8684601597018986	1.0000173034389621
8.8723780644335566	0.9999859122792371
8.8766184785685720	1.0000495688425366
8.8833863172353489	0.9998381981518941
8.8872189809792683	1.0000167426987263
8.8903981141492192	0.9998845105052917
8.8933966315987600	1.0000589889262259
8.8963636223924034	0.9999069025240104
8.8993386577086948	1.0000678241682319
8.9023367933630162	0.9999196926009264
8.9053585600326777	1.0000683481709414
8.9084063631321193	0.9999272968769204
8.9114776927412542	1.0000661487713114
8.9145740029888785	0.9999325962348009
8.9176931214349970	1.0000629838189943
8.9208368174085759	0.9999369623115681
8.9240035320910369	1.0000594140388339
8.9271955595395838	0.9999410569483660
8.9304120410498502	1.0000555368724868
8.9336559827445754	0.9999452736432096
8.9369274600548394	1.0000512295342157
8.9402305701451006	0.9999499604159519
8.9435668781300439	1.0000461938481238
8.9469424196000897	0.9999555823884162
8.9503615698396199	1.0000398604282617
8.9538344269403147	0.9999629654430156
8.9573717704998614	1.0000310616801122
8.9609943100466598	0.9999737970632895
8.9647320799428662	1.0000178021599457
8.9686467126842597	0.9999862628040103
8.9728862457708587	1.0000497518533422
8.9797666467879669	0.9998592218505682
8.9841341443099658	0.9999928579069991
8.9878421408793177	0.9999265053797037
8.9913254616083975	1.0000289923266805
8.9947564794153472	0.9999469310372519
8.9981963049100262	1.0000343580396098
9.0016774300636353	0.9999599698282499
9.0052179374381804	1.0000292911490214
9.0088418957072118	0.9999728275224555
9.0125802273076445	1.0000172630893689
9.0164951375425133	0.9999859771685258
9.0207347401771099	1.0000496150254456
9.0276819781659103	0.9998717256545302
9.0324606744613174	0.9999759429714865
9.0367723664457955	0.9999612541147792
9.0411466394390487	1.0000420097849059
9.0482001216848555	0.9998659900105087
9.0531041291237369	0.9999726712480987
9.0576844379979047	0.9999180451886160
9.0648606656396655	1.0001290558961717
9.0697554337225448	1.0000212067475034
9.0741081573848277	1.0000371597754323
9.0784976279086749	0.9999561352596499
9.0854866565422956	1.0001462688522103
9.0899466440977807	1.0000106515225560
9.0937152201020570	1.0000709021549266
9.0972498604036254	0.9999734223616470
9.1007301358846675	1.0000488040330788
9.1042263830471608	0.9999686483960708
9.1077734553584033	1.0000341308579224
9.1113999668370020	0.9999756205670352
9.1151396124760993	1.0000188028310657
9.1190550085211566	0.9999868171535105
9.1232948246631658	1.0000500668353567
9.1301939782727093	0.9998628541559972
9.1346693215417183	0.9999884436613048
9.1385101429704942	0.9999360335534100
9.1421408749464188	1.0000201058707896
9.1457415718428763	0.9999598640510007
9.1493877802261920	1.0000203022764533
9.1531366390496665	0.9999785004376417
9.1570542816585867	1.0000112482312444
9.1612962696364235	0.9999483419861283
9.1680808042918702	1.0001569845650990
9.1719907998462258	0.9999853719292648
9.1752322152595234	1.0001090356357181
9.1782798670588566	0.9999423844851929
9.1812832459264779	1.0000886638139639
9.1842874671929895	0.9999324342412549
9.1873048121168743	1.0000776811596195
9.1903396519620362	0.9999307041604794
9.1933906992867289	1.0000716887005983
9.1964587659554109	0.9999315641105329
9.1995413452396946	1.0000679622464073
9.2026392858873649	0.9999332350046005
9.2057501794029157	1.0000652576985742
9.2088751563863767	0.9999351067230282
9.2120120257519442	1.0000630318669137
9.2151621530888974	0.9999369887307447
9.2183235572319298	1.0000610349424328
9.2214977998712353	0.9999388459392282
9.2246831008719283	1.0000591350184027
9.2278812061192070	0.9999407017259698
9.2310905435243207	1.0000572446750142
9.2343130563350257	0.9999426045478693
9.2375474098193457	1.0000552883213518
9.2407957859364274	0.9999446199959400
9.2440571487746475	1.0000531840090856
9.2473340008608584	0.9999468348728674
9.2506257190738044	1.0000508275026110
9.2539352776792789	0.9999493707013291
9.2572626767070165	1.0000480701025349
9.2606116478878562	0.9999524113697034
9.2639832224997054	1.0000446781399708
9.2673824694911087	0.9999562608603796
9.2708123182439071	1.0000402461349032
9.2742804956576066	0.9999614766814275
9.2777939368344882	1.0000339833005254
9.2813666230747138	0.9999692083315801
9.2850158675490420	1.0000242157442325
9.2887747180519060	0.9999814651804433
9.2927006420028437	1.0000126468748129
9.2969444531275620	0.9999486890019625
9.3038960677409364	1.0001252551625777
9.3087674522618986	1.0000237933495830
9.3133345536418837	1.0000799416584538
9.3204648126630989	0.9998650517999126
9.3251894581839423	0.9999849936565691
9.3292407152937731	0.9999473090176273
9.3330753382278857	1.0000108503773011
9.3369079156180312	0.9999743370978381
9.3408617042844959	1.0000090560892072
9.3451156135235234	0.9999465231038158
9.3520649268618570	1.0001266397472999
9.3568667806502113	1.0000226501769829
9.3611914808717849	1.0000374379385939
9.3655706711331046	0.9999563120033127
9.3726185057461358	1.0001331000914100
9.3775353786888527	1.0000261863556068
9.3821173117930190	1.0000815591125534
9.3892922194853874	0.9998711431922148
9.3943703681772899	1.0000285272765344
9.4018637421723099	0.9998270742152245
9.4067300757909855	0.9999750527876997
9.4107576821197476	0.9999339894688202
9.4144845450602883	1.0000154881316166
9.4181421365606415	0.9999600740899479
9.4218251188401112	1.0000187402828959
9.4255982123251698	0.9999785668202543
9.4295297123815054	1.0000111485761036
9.4337755505573764	0.9999478749554307
9.4407080397704615	1.0001288955198762
9.4454340908771890	1.0000198762946051
9.4496202589178466	1.0000413055325159
9.4537079023703647	0.9999974758896804
9.4580076002937208	1.0000579967995167
9.4649991082791551	0.9998743675579312
9.4698864961056515	0.9999759880885142
9.4744605434166989	0.9999194943384447
9.4815996761191581	1.0001340601616719
9.4863272636885778	1.0000141249889796
9.4903794227728842	1.0000516026363300
9.4942169608105260	0.9999882059687069
9.4980502717947850	1.0000246174218468
9.5020060235579802	0.9999899335160652
9.5062591775985155	1.0000525098128359
9.5131317355075691	0.9998577619436879
9.5174523599073932	0.9999963288668062
9.5210840370397758	0.9999197388405858
9.5244662571148186	1.0000371586203096
9.5277675731242741	0.9999352261454351
9.5310424651521508	1.0000480812773611
9.5343141548657524	0.9999420277269764
9.5375878936190652	1.0000509194331453
9.5408684906386370	0.9999452753956175
9.5441552404324757	1.0000511521511299
9.5474505332503004	0.9999472092157182
9.5507531116144779	1.0000504249046021
9.5540651471113680	0.9999487473803249
9.5573855342545961	1.0000492532415575
9.5607166132236934	0.9999502770357337
9.5640575905537375	1.0000477601708389
9.5674111487454230	0.9999520070611099
9.5707769698204217	1.0000459031594298
9.5741583027291366	0.9999541194542562
9.5775555978503775	1.0000435298908927
9.5809730795685457	0.9999568569055104
9.5844125519475512	1.0000403502672528
9.5878800775385997	0.9999606258271546
9.5913801184987193	1.0000358128361493
9.5949227040049152	0.9999662133341680
9.5985184460142268	1.0000287693974599
9.6021877407501979	0.9999752943537881
9.6059599289708455	1.0000171888829343
9.6098953924783199	0.9999862449309419
9.6141405216767915	1.0000504886011536
9.6210429952206749	0.9998643843314678
9.6255821404715718	0.9999872370440600
9.6294784406039522	0.9999382046187548
9.6331430727216318	1.0000203414689717
9.6367519300118207	0.9999586478178534
9.6403746731169502	1.0000239970260754
9.6440560144722625	0.9999728294836588
9.6478335812855711	1.0000157521193620
9.6517715648319431	0.9999854706455061
9.6560174467383444	1.0000501408861673
9.6629515828370049	0.9998701397994816
9.6676921307218144	0.9999787804767335
9.6718941787704420	0.9999579634264542
9.6759900880744887	1.0000015990873070
9.6802933665353326	0.9999407591368399
9.6872164809311130	1.0001367763902687
9.6916880400997396	1.0000072812312177
9.6954718994886449	1.0000688418797476
9.6989998575506675	0.9999695497170179
9.7024410962057850	1.0000531343181938
9.7058578128157400	0.9999600362723654
9.7092735972396564	1.0000460522883696
9.7126998698222469	0.9999586157725125
9.7161411108167375	1.0000417275137428
9.7196032070858411	0.9999603299219391
9.7230895413477292	1.0000376224409124
9.7266077681481882	0.9999641524999243
9.7301647159665485	1.0000321510466601
9.7337741332101650	0.9999707180079391
9.7374529811858608	1.0000233522281750
9.7412337679542738	0.9999818981874810
9.7451730219471777	1.0000126996209326
9.7494204288081860	0.9999482557948738
9.7563124794544542	1.0001358622225780
9.7608181007240127	1.0000098231754375
9.7646586386465994	1.0000649981952956
9.7682511450094474	0.9999735172304122
9.7717629771410852	1.0000480189488599
9.7752580117692993	0.9999653468402995
9.7787628553236186	1.0000395080783122
9.7822930989196681	0.9999659969198864
9.7858590569132495	1.0000326027123789
9.7894754826343622	0.9999714182970855
9.7931598372040813	1.0000234411453091
9.7969446373288900	0.9999821048131287
9.8008863329844704	1.0000127771912268
9.8051343976349106	0.9999482096816817
9.8120314693307655	1.0001348239915182
9.8165725243704518	1.0000111368741489
9.8204571501691582	1.0000620882236844
9.8240980201219603	0.9999762335684538
9.8276637800029576	1.0000441146533796
9.8312212933639760	0.9999695051936595
9.8348014155357681	1.0000340253613100
9.8384261027386639	0.9999726021657963
9.8421159281889619	1.0000238563695709
9.8459043291560828	0.9999824580964175
9.8498481348985489	1.0000129421924726
9.8540967753283741	0.9999482239557672
9.8609880059161519	1.0001358709284451
9.8654971503381184	1.0000096607196316
9.8693359720825367	1.0000655007369454
9.8729195038842725	0.9999724407841122
9.8764135782583260	1.0000498151513557
9.8798800152504498	0.9999627650166848
9.8833424993632217	1.0000432148215379
9.8868125130890316	0.9999610165621593
9.8902944705867579	1.0000394119924205
9.8937941534133476	0.9999622975202244
9.8973147562810944	1.0000358490406522
9.9008637576251033	0.9999656044562154
9.9044477455216420	1.0000309571944777
9.9080802256333342	0.9999715855234274
9.9117778245164718	1.0000227822452088
9.9155726163658677	0.9999821431655050
9.9195204311423844	1.0000127161921424
9.9237701562724023	0.9999479641205782
9.9306860712299407	1.0001309909129186
9.9353595971965429	1.0000162729549260
9.9394282954310302	1.0000499589487577
9.9432986484502877	0.9999894630609523
9.9471619153608728	1.0000239302315947
9.9511371664155561	0.9999898206817384
9.9553954320781237	1.0000531506169827
9.9623338813631310	0.9998711278644800
9.9671022778264042	0.9999789465834550
9.9713278527553708	0.9999586593071087
9.9754381379877479	1.0000018928297267
9.9797453654331783	0.9999404503411194
9.9867234537252116	1.0001261310646605
9.9915731693556502	1.0000221272442067
9.9959268737076208	1.0000370697564542
