0.0000000000000000	0.0000000000000000
0.6729381270053766	0.0010000000000000
0.6799051523385353	0.0011342921788560
0.6851669815364749	0.0014704540312524
0.6905077864466993	0.0014788168384161
0.6958480120660935	0.0022155605495033
0.7010535058353302	0.0026828247179572
0.7059580814143236	0.0031596894699831
0.7210782390152870	0.0056178771913328
0.7245695279558273	0.0068087693120526
0.7278314053509203	0.0076977727913811
0.7311780802680317	0.0090066979104393
0.7346494829263612	0.0103027321586021
0.7381768673519044	0.0119948117854898
0.7417735111353562	0.0137685396549716
0.7453771228937014	0.0159652052232976
0.7490265798194405	0.0183248337671470
0.7526612232851920	0.0211638219322502
0.7563380450094608	0.0242622725521243
0.7599882582878074	0.0279155690387088
0.7636834773585622	0.0319465863626259
0.7673421446384698	0.0366231951300828
0.7710499209844845	0.0418194388015116
0.7747107657210551	0.0477644860740037
0.7784240131044743	0.0543934368662727
0.7820797131295395	0.0618831206276971
0.7857890876922898	0.0702373981227516
0.7894316594646525	0.0795687440031697
0.7931260891191096	0.0899492831725053
0.7967485527438781	0.1014255599987261
0.8004169703111940	0.1141194527526175
0.8040159444746566	0.1280350532214697
0.8076501123209959	0.1432940271293574
0.8112287492579172	0.1599240223095853
0.8148261312012803	0.1779483428981016
0.8183956015956513	0.1975397061410079
0.8219602742735572	0.2184608344441074
0.8255380101291115	0.2412076443353422
0.8290789842624259	0.2650556572426701
0.8326842325415341	0.2910403523581937
0.8362128026832171	0.3176929308594892
0.8398609758468589	0.3467892454738670
0.8433881435402744	0.3759101008449511
0.8470851175463987	0.4076654888667605
0.8506203848586704	0.4386617944812113
0.8543604731561664	0.4722316473376802
0.8579144679342455	0.5042865404126535
0.8616874380302894	0.5385278455721867
0.8652803796577876	0.5707462607769205
0.8690894891598280	0.6044986439570550
0.8727614988125242	0.6360882393242806
0.8766352342745071	0.6683978232726752
0.8804470137115614	0.6987084065589094
0.8844695642146240	0.7290774010013261
0.8885895089901047	0.7581347265197171
0.8929713582194955	0.7868033431541148
0.8975053519232471	0.8138123402563621
0.9049762278354240	0.8525701258395231
0.9098303074768992	0.8739883032210136
0.9161147933355679	0.8978863968211712
0.9222446654357422	0.9168363352603678
0.9278751529873368	0.9320229506137248
0.9491468523332801	0.9682696637061361
0.9576330930705956	0.9769644427672511
0.9659020956510881	0.9831742486044024
0.9697492325598096	0.9853557133524671
0.9735752804656931	0.9873747680509610
0.9776439062981560	0.9891498467308900
0.9818682960530163	0.9907847056088475
0.9858779441389709	0.9920625761725811
0.9896244225175819	0.9931662030468495
0.9931527963441743	0.9939257121821884
0.9965202566431968	0.9947417689737755
0.9998386202019364	0.9952614578988338
1.0031591585103976	0.9959139623709926
1.0065213641195165	0.9963169373823251
1.0099238021079611	0.9968470818058205
1.0133737538264507	0.9971614895598038
1.0168578468213794	0.9975899735097121
1.0203786819395591	0.9978273698624052
1.0239254374337583	0.9981718563455982
1.0275034256098881	0.9983457374193213
1.0311077798552009	0.9986215146915094
1.0347488110437080	0.9987475787719189
1.0384301607120967	0.9989657740476567
1.0421725557287922	0.9990616277369465
1.0459992545054033	0.9992273256244224
1.0499697253640925	0.9993104965078761
1.0542241993202939	0.9994790790198975
1.0611550652015735	0.9994311306214544
1.0658087299017831	0.9996204047522234
1.0698336532915875	0.9996341938743486
1.0736205446452813	0.9997476464714929
1.0773474911590060	0.9997336851255441
1.0810911540941377	0.9998182118449609
1.0849104566453447	0.9998079634425099
1.0888702315857142	0.9998641756202307
1.0931239896482077	0.9998222440020813
1.1000587959450638	1.0000313737496440
1.1050598873666009	0.9998947969235291
1.1122593450863472	1.0001473924153519
1.1267761032046990	1.0003622857199923
1.1388840910413605	1.0002842594828636
1.1459919740738296	0.9998223258685276
1.1510211461763151	0.9999687082599205
1.1550764321710012	0.9999205994557043
1.1594144054401649	0.9999790347276692
1.1669522556556291	0.9998245589755473
1.1709802996948870	0.9999633075178079
1.1747261995589187	0.9999288684032293
1.1785843820603632	0.9999862703282221
1.1828181835239542	0.9999432122825092
1.1898729740042424	1.0001281413606593
1.1942804778592602	1.0000134459927390
1.1981792132497162	1.0000505670156994
1.2019925683196173	0.9999870263895272
1.2059223415031763	1.0000045235547921
1.2101709527465674	0.9999239429581761
1.2170435435826126	1.0000854979639147
1.2218868572049377	1.0000803443668056
1.2263760471583613	1.0000392988665561
1.2307964040274257	0.9998652585832754
1.2368957871386186	1.0001162951560589
1.2613358679184417	1.0003960613369975
1.2642613114178554	1.0001222813994384
1.2674292127155491	1.0002215900691267
1.2709947979150260	1.0001344941352206
1.2751655563368163	1.0001509313331320
1.2821608844899679	0.9999380967440589
1.2864780972057879	1.0000358076559888
1.2905025149421780	1.0000081836280847
1.2948011481843198	1.0000795017529549
1.3020601100792908	0.9999554960373650
1.3067945764116771	1.0000285077185012
1.3112674838319374	0.9999521369224014
1.3160127527207479	1.0003102877110723
1.3234657504561200	0.9996876670556490
1.3287909499498309	0.9998451189084850
1.3335503545895728	0.9998482066366540
1.3420553147432361	1.0001489753830484
1.3451692093844989	0.9999260559543682
1.3484115002981920	1.0000429586549293
1.3518449009206011	0.9999676531886759
1.3554285009218558	1.0000348441364193
1.3591157596098375	0.9999918914142772
1.3628834530665765	1.0000441711411416
1.3667401678717743	1.0000136204920897
1.3707289890937540	1.0000473557413911
1.3749894936836116	0.9999836352540575
1.3818158914426644	1.0001829912433899
1.3858524192039143	1.0000214433112717
1.3892488817581212	1.0001172004218324
1.3924942609080670	0.9999837973545028
1.3957596021419492	1.0000793353260096
1.3991094153332244	0.9999821261678197
1.4025787525731355	1.0000484947836066
1.4062060392813571	0.9999925584008267
1.4100534803985154	1.0000230661199789
1.4142765073827690	0.9999592781064738
1.4211409236169321	1.0001504096351421
1.4253200610081105	1.0000058343499647
1.4288922827902881	1.0000806727397200
1.4323158271469449	0.9999745620855678
1.4357575824742510	1.0000486017994916
1.4392868988645400	0.9999772032459866
1.4429525486066375	1.0000235709958816
1.4468227212346925	0.9999887883802919
1.4510507717022993	1.0000495555988900
1.4579009971607304	0.9998517868492540
1.4620252086484802	1.0000006383434505
1.4655221622830603	0.9999141351769409
1.4688487025980921	1.0000342763018373
1.4721687569394393	0.9999411058536669
1.4755370763397220	1.0000354227436434
1.4789849042280776	0.9999602222083236
1.4825339521414751	1.0000254850112735
1.4862197810399604	0.9999788821085794
1.4901018352875717	1.0000119329030823
1.4943339808377927	0.9999498579682846
1.5012667661012966	1.0001307227096601
1.5059028857391175	1.0000191555522935
1.5100116520449132	1.0000432768794605
1.5140523633937875	0.9999981433220784
1.5183393797407361	1.0000567742936868
1.5252496638306450	0.9998574466300364
1.5295434289666110	0.9999953088254643
1.5331894878216732	0.9999241975013755
1.5366427222392200	1.0000281201407668
1.5400786714635888	0.9999496152192984
1.5435624044753884	1.0000285637043429
1.5471356077748035	0.9999688766326024
1.5508350335473802	1.0000168940620298
1.5547262735380105	0.9999853823638828
1.5589595961293348	1.0000484516174299
1.5658431434017219	0.9998583836810444
1.5701780532334850	0.9999926445735867
1.5738755844127663	0.9999272756365715
1.5773753412398770	1.0000259104330713
1.5808508314469618	0.9999517641868295
1.5843671228771226	1.0000273100848966
1.5879660289585635	0.9999698379116153
1.5916841438322713	1.0000165755458139
1.5955865552680781	0.9999853926809220
1.5998228399837309	1.0000488500780016
1.6067478991906781	0.9998667333680951
1.6113484972907131	0.9999823164325223
1.6153781009707706	0.9999495708709957
1.6192649745341277	1.0000048792240523
1.6232339037852646	0.9999787426901929
1.6274927198852673	1.0000463827785859
1.6344041368793663	0.9998597863343511
1.6388465019941885	0.9999891367877951
1.6426402262529451	0.9999319252502908
1.6462119047004689	1.0000238917932038
1.6497340906523883	0.9999531352453106
1.6532694866080686	1.0000286006317729
1.6568536004796781	0.9999666096224369
1.6605099021474889	1.0000224151837593
1.6642737344663032	0.9999806638572313
1.6682025383189489	1.0000121801632393
1.6724471536162973	0.9999483623956412
1.6793379089576987	1.0001365082328464
1.6838135648256418	1.0000092035249519
1.6876282743935367	1.0000660539830584
1.6912050867331350	0.9999735865660919
1.6947132707917467	1.0000474206179344
1.6982191934304207	0.9999672451694821
1.7017536772852422	1.0000362616315412
1.7053390347884236	0.9999711537968876
1.7089965934490818	1.0000249233958207
1.7127607561945537	0.9999820462052139
1.7166897365043123	1.0000129249694854
1.7209343863992796	0.9999487303760307
1.7278841269495053	1.0001255519110699
1.7328818214511073	0.9999732980796934
1.7403554277585906	1.0001648570256267
1.7453744705553682	1.0000299448602381
1.7496763494879055	1.0000466719111309
1.7538066347721357	0.9999997372826832
1.7581212238365147	1.0000596006950568
1.7650923530113891	0.9998685615365601
1.7697689681838222	0.9999825386481147
1.7738536140461332	0.9999515953525914
1.7777761910797181	1.0000050248339909
1.7817650327265222	0.9999790441324414
1.7860294791730733	1.0000471814118344
1.7929592830685570	0.9998639329968260
1.7975451229240960	0.9999837341897736
1.8015214408790958	0.9999445194891335
1.8053122812301241	1.0000107062495498
1.8091181451374378	0.9999734053590108
1.8130572064391657	1.0000086721657806
1.8173069754911328	0.9999467441906407
1.8242672254394543	1.0001248294475902
1.8291312361151850	1.0000236809303384
1.8336966070899816	1.0000795307977639
1.8408579910272831	0.9998696582124889
1.8457485724754845	0.9999776659368799
1.8501012626355684	0.9999617577850752
1.8544894281370821	1.0000427813614201
1.8615513479744563	0.9998652962578023
1.8665850169799720	1.0000227930313703
1.8741011256260813	0.9998320287030392
1.8790940180091116	0.9999683270285304
1.8833697872638266	0.9999511696163255
1.8874815781157541	0.9999986525578984
1.8917925465975327	0.9999395563667720
1.8987304437248356	1.0001364932907211
1.9032003859802022	1.0000093368629568
1.9070256439839945	1.0000627754062896
1.9106580643911084	0.9999804718680653
1.9142876740149011	1.0000350395521029
1.9180093384386347	0.9999848690002731
1.9219077182155526	1.0000151561338988
1.9261448506514505	0.9999511805285760
1.9329557601353387	1.0001544273673144
1.9369401808317581	0.9999912625291200
1.9402782985527214	1.0000992941153688
1.9434386902769463	0.9999525716677430
1.9465714147995896	1.0000756714858854
1.9497213772982758	0.9999455447167845
1.9529000916934824	1.0000628307216888
1.9561103675689604	0.9999458605198314
1.9593494182142182	1.0000556893489883
1.9626164920898708	0.9999481004894658
1.9659080185517439	1.0000511633127454
1.9692240721294385	0.9999508124135356
1.9725622741744280	1.0000476563384642
1.9759243305827372	0.9999538137990851
1.9793097453201789	1.0000441968827591
1.9827224451377297	0.9999574403510270
1.9861646257854648	1.0000399675664635
1.9896435809335336	0.9999623684753277
1.9931660692167983	1.0000339527125135
1.9967460640221859	0.9999698305397920
2.0004009436813774	1.0000243864308969
2.0041638310470828	0.9999818553799893
2.0080921651053898	1.0000129484812679
2.0123366330555363	0.9999488744843533
2.0192876653192933	1.0001254672544708
2.0241608827467719	1.0000239301133846
2.0287284666250205	1.0000801198364913
2.0358095451702485	0.9998566655495514
2.0402486034051908	0.9999961594652884
2.0439304878842641	0.9999216798814288
2.0473399816048121	1.0000362458732406
2.0506638727168065	0.9999371692726166
2.0539636186952221	1.0000460404495763
2.0572652326341729	0.9999446183834575
2.0605751897114479	1.0000477516792605
2.0638987955130088	0.9999486863759863
2.0672355491333327	1.0000469469614153
2.0705878206952999	0.9999514439494555
2.0739542811867877	1.0000452972525018
2.0773369145764642	0.9999537457486333
2.0807344814279993	1.0000433213535544
2.0841491363668263	0.9999559692510191
2.0875800641599782	1.0000411127605635
2.0910299788676223	0.9999583677881300
2.0944989306677875	1.0000385389329198
2.0979908474443505	0.9999612557846044
2.1015075201805105	1.0000352344039700
2.1050554797459244	0.9999651960620021
2.1086403909964888	1.0000304116994359
2.1122749689150169	0.9999713651794270
2.1159750902663546	1.0000223513064779
2.1197721834000673	0.9999818954458367
2.1237215247839849	1.0000124424247216
2.1279716402233726	0.9999476546673647
2.1348500557768482	1.0001377112653094
2.1392952603801976	1.0000063763638489
2.1430454112424240	1.0000719776361879
2.1465242927444175	0.9999654278873664
2.1498982580492791	1.0000590918849597
2.1532284847342944	0.9999529320566573
2.1565383095361139	1.0000546227595177
2.1598394177418383	0.9999488642967946
2.1631364585487289	1.0000526747353295
2.1664352126011468	0.9999481246734473
2.1697379380370316	1.0000510191694232
2.1730497663758039	0.9999491543989639
2.1763725504595026	1.0000488734203017
2.1797113084119379	0.9999513787359414
2.1830678790327820	1.0000459868040261
2.1864475301777255	0.9999546157451987
2.1898527357219435	1.0000421742083190
2.1932899681355114	0.9999590090829631
2.1967638388386548	1.0000370053596921
2.2002843569546773	0.9999652022234116
2.2038620414535619	1.0000293952611046
2.2075171648302261	0.9999748213051290
2.2112790607575326	1.0000173236878540
2.2152083236757059	0.9999862119501436
2.2194517717452276	1.0000502331857946
2.2263639943776385	0.9998658855260709
2.2309492048838706	0.9999852249127023
2.2349100548081560	0.9999423875102774
2.2386500528069733	1.0000162927586489
2.2423450287796336	0.9999641333802551
2.2460685826795435	1.0000182625677598
2.2498755291033410	0.9999797945571485
2.2538286852175502	1.0000114402912756
2.2580801874936745	0.9999471923440543
2.2649883735984084	1.0001322689878371
2.2696139344759936	1.0000135504267111
2.2735950139450884	1.0000570344659732
2.2773251133556554	0.9999794750236196
2.2809654661383103	1.0000410709433678
2.2845765982970101	0.9999705280923094
2.2881806990604474	1.0000354600860262
2.2917872016011218	0.9999683595377113
2.2953975625733096	1.0000333273829380
2.2990140691705774	0.9999681806859807
2.3026354923858570	1.0000323394156774
2.3062640435460224	0.9999687748494814
2.3098994644760751	1.0000314096389715
2.3135460402569268	0.9999701615140774
2.3172065392652006	1.0000296193387730
2.3208897012182326	0.9999730892937271
2.3246048038427714	1.0000256141290578
2.3283709334947003	0.9999792622451313
2.3322153778605510	1.0000171959712356
2.3361951636804652	0.9999874069207939
2.3404523666307862	1.0000532766102994
2.3473743322379872	0.9998713723083517
2.3521406917257801	0.9999816338503558
2.3563261905911319	0.9999559348130372
2.3603281736185076	1.0000054186331977
2.3643656733491474	0.9999802287939947
2.3686434261867579	1.0000498235249147
2.3755613213574143	0.9998645483032573
2.3801788838922913	0.9999853109805865
2.3841529811869000	0.9999426664037803
2.3879006584742783	1.0000154962639509
2.3916163471801610	0.9999668509312020
2.3953956825390788	1.0000132615234685
2.3993289817045489	0.9999836285060737
2.4035744270611805	1.0000485289979775
2.4104919692581137	0.9998647632621479
2.4150740899988308	0.9999824109195929
2.4190756088551288	0.9999474841563391
2.4229366685915790	1.0000045189390607
2.4268889789527712	0.9999779550639074
2.4311435844655001	1.0000451201961393
2.4380315258756369	0.9998540183303366
2.4423187769890204	0.9999933134022673
2.4459604180382515	0.9999222771577330
2.4494031529683364	1.0000287082399872
2.4528150422588682	0.9999460526570204
2.4562513519363409	1.0000333396447427
2.4597394156475065	0.9999607008609287
2.4632926352480982	1.0000285830769058
2.4669310605108201	0.9999738490493068
2.4706821470787821	1.0000175890169154
2.4746053471676208	0.9999868195249149
2.4788470427550400	1.0000510059975447
2.4857176492377100	0.9998592928454024
2.4900483593217113	0.9999970221744759
2.4936962313025774	0.9999227447323814
2.4970974410036941	1.0000375690151633
2.5004210495577959	0.9999391978175308
2.5037231478796569	1.0000477463307154
2.5070289745410093	0.9999472379187702
2.5103458115778521	1.0000492127693974
2.5136804780826414	0.9999521013302809
2.5170342146088900	1.0000475030607758
2.5204113749754047	0.9999559894765386
2.5238128337657466	1.0000442768198450
2.5272432439474102	0.9999599010057589
2.5307047458233569	1.0000398596059368
2.5342041194479781	0.9999646140673316
2.5377471487267531	1.0000337404993107
2.5413466461130456	0.9999713915352769
2.5450186480606294	1.0000242987731516
2.5487949548379887	0.9999824100064191
2.5527316411496952	1.0000130421774698
2.5569783218773536	0.9999484397271862
2.5638912892505510	1.0001317292946699
2.5685504433931743	1.0000160862008112
2.5725971095973734	1.0000520484872162
2.5764307648472786	0.9999869864804926
2.5802271701208235	1.0000290531102185
2.5840741703667711	0.9999866232825750
2.5880489271889662	1.0000147697872057
2.5923065235089036	0.9999478054724444
2.5992058241544860	1.0001325741629468
2.6038872560490236	1.0000159641759045
2.6079475897786772	1.0000509518702310
2.6118011795018994	0.9999885388812344
2.6156472602636671	1.0000239415743923
2.6196107496634742	0.9999891502902142
2.6238660850095683	1.0000516777782691
2.6308472510396199	0.9998766572996930
2.6356386791224216	0.9999127006808293
2.6426642588252873	0.9997696025631159
2.6478773767989345	1.0002646286922123
2.6513002018258751	0.9998334247080864
2.6549123845802334	0.9999445043251157
2.6584822106093098	0.9999033478383565
2.6621446928819696	0.9999980042227550
2.6660113443683739	1.0000089948507076
2.6702370594658840	1.0001157488469672
2.6759043242364928	0.9997771903063192
2.6892208103188140	1.0004600105505954
2.6930045848702697	1.0001536455608051
2.6964033674128096	1.0002037585501429
2.6998440113640725	1.0000580150468052
2.7033769064163220	1.0000842929137699
2.7070066471650129	1.0000003538272679
2.7107568917421840	1.0000271755520420
2.7146788256129550	0.9999882248850124
2.7189216911536298	1.0000480029099261
2.7259154832087584	0.9998717214702204
2.7307554100159357	0.9999783058243932
2.7352962980814808	0.9999376375913108
2.7396766296881854	0.9999416317489984
2.7467247800915411	0.9998338860980908
2.7505432216985404	0.9999926123387057
2.7543026626585316	0.9999998712468378
2.7581890804278419	1.0000485179608685
2.7622300152444037	1.0000287140589912
2.7663630299208726	1.0000461795448139
2.7705356578154525	1.0000114698573761
2.7746991737863596	1.0000330741677086
2.7788430259592261	0.9999981075855278
2.7829842677047685	1.0000145246123351
2.7871505191507442	0.9999616590829390
2.7914629410208835	0.9999862332090322
2.8002291976679343	1.0000033618710265
2.8086487140802654	1.0001307680906701
2.8119598865492335	0.9999385713789271
2.8154006261780458	1.0000108027600763
2.8189975183523974	0.9999440850741046
2.8226764912659155	1.0000036548677249
2.8263568027987231	0.9999508679395542
2.8300026063951216	1.0000244779498009
2.8336175816766564	0.9999651667924880
2.8372223905985106	1.0000374240061976
2.8408378292227630	0.9999772076390540
2.8444718390131869	1.0000413174025360
2.8481286131426837	0.9999826029557595
2.8518039672675477	1.0000405152843523
2.8554975728202283	0.9999834605597766
2.8592062786598142	1.0000374900521187
2.8629331403800911	0.9999832861102196
2.8666789646971367	1.0000335618244125
2.8704494797155649	0.9999839775482308
2.8742474227048498	1.0000294298651351
2.8780804229573822	0.9999861997744787
2.8819557873693875	1.0000245156466199
2.8858931865592941	0.9999912391183112
2.8899322686226800	1.0000195001051759
2.8942067857095664	0.9999512252158456
2.9007715817811350	1.0001972260465777
2.9185401762664815	1.0003661471860437
2.9423978449164028	0.9999856562300442
2.9584497199843400	0.9994692586390406
2.9650299633348216	0.9998764856849562
2.9702270623107045	0.9998856644048900
2.9767719707022535	1.0002792358773691
3.0015421528894186	0.9993821077207170
3.0060886758451115	0.9997746938120828
3.0093792785594689	0.9997111661933884
3.0126898224919691	0.9998676441204040
3.0162058375859631	0.9998453232301293
3.0199848669035672	0.9999090987895899
3.0241868865097485	0.9998739408030602
3.0313304254070306	1.0000490411198470
3.0353709642054554	0.9999191787261114
3.0389643911484998	0.9999918751979870
3.0425109711450804	0.9999150743393527
3.0461623554271520	0.9999679863591652
3.0500172925240414	0.9999379521102952
3.0542424699651209	1.0000052508553352
3.0612797954643391	0.9998537908235784
3.0658304015852194	0.9999765646627851
3.0698203834767774	0.9999461263644346
3.0735973711905644	1.0000230467085172
3.0772873298367456	0.9999682835830477
3.0809252764749648	1.0000387759571205
3.0845331868004422	0.9999718640268251
3.0881288357421566	1.0000379518536744
3.0917415458674582	0.9999720438408787
3.0954037896063857	1.0000232813209333
3.0991627611346564	0.9999748036279421
3.1030861634367506	0.9999998650184662
3.1073298112822814	0.9999279942908107
3.1130878001756246	1.0003029044433482
3.1183437629641038	0.9997657756488825
3.1216271838025875	1.0000807960527356
3.1249091632780632	0.9999520075973749
3.1282498186861529	1.0000566387297827
3.1317110675344035	0.9999767650799928
3.1352907222889748	1.0000291413624136
3.1389768028354492	0.9999681844486720
3.1427440886009332	1.0000038334136212
3.1465768330979906	0.9999543684924561
3.1504647811164634	0.9999849614985258
3.1544169064409591	0.9999479598938819
3.1584675227395751	0.9999725369091407
3.1627447097183183	0.9999009441216498
3.1694543518947107	1.0001159645840088
3.2480809382456033	1.0003174091237936
3.2514431863733435	1.0000394550091232
3.2545050200984527	1.0001634392541723
3.2577071958962440	1.0000214833757788
3.2610777002604525	1.0000857554616922
3.2646041759349385	1.0000076045531843
3.2682909429138367	1.0000438036787098
3.2721795619018592	1.0000046535846749
3.2764111677733485	1.0000620477269633
3.2833305632871372	0.9998747093267639
3.2878948196929558	0.9999906873315609
3.2918650826731981	0.9999501428569829
3.2956576463018283	1.0000147622629720
3.2994673185355090	0.9999769930774244
3.3034093701717189	1.0000114677665384
3.3076597983690768	0.9999488415444912
3.3145879270045335	1.0001321389685334
3.3192399380515551	1.0000180900404496
3.3233132705329593	1.0000485514501243
3.3272335368901720	0.9999948611706829
3.3312206338929213	1.0000205569637268
3.3354856718908357	0.9999522022274643
3.3424175107992364	1.0001343225652000
3.3470428449395029	1.0000164104553237
3.3510603113466519	1.0000526784808652
3.3548890478660609	0.9999892121938018
3.3587223241537298	1.0000249507601509
3.3626796373663757	0.9999902296003114
3.3669329887190611	1.0000528089924323
3.3738899499026416	0.9998740200502715
3.3788881446615160	1.0000259447846791
3.3863498444950135	0.9998317033097621
3.3912495238540283	0.9999735780643583
3.3953547354416371	0.9999396123186863
3.3991767189073361	1.0000110881161877
3.4029436880940218	0.9999670366237516
3.4067592816875467	1.0000122301708436
3.4107143223363448	0.9999836567859793
3.4149655737492672	1.0000496424465399
3.4218825772810897	0.9998663913501470
3.4265077546894944	0.9999841964782861
3.4305131180785682	0.9999450400533093
3.4343022669247434	1.0000138073946196
3.4380595736837107	0.9999687457819536
3.4418734786612450	1.0000130008791717
3.4458287713046007	0.9999841101597451
3.4500799476213384	1.0000499239583183
3.4570155133665339	0.9998701823559403
3.4617719768433570	0.9999786953426213
3.4659874532584283	0.9999583254502679
3.4700915153678680	1.0000017995233756
3.4743970452336161	0.9999406479284380
3.4813835399734332	1.0001248368883400
3.4862856320095537	1.0000229247473416
3.4908618045271997	1.0000801621082653
3.4979950758082836	0.9998654111426132
3.5027507730928558	0.9999847089660925
3.5068288805635164	0.9999482861483399
3.5106824777294645	1.0000107049330478
3.5145274383561325	0.9999746876558699
3.5184882399175152	1.0000091942756941
3.5227441317646710	0.9999463754267919
3.5296593067147723	1.0001328421749245
3.5342526525761562	1.0000142388483917
3.5382330358524885	1.0000537539758272
3.5420273215377729	0.9999878911514504
3.5458331827674465	1.0000253569805126
3.5497734448323599	0.9999901645099522
3.5540223192626796	1.0000521352421294
3.5609476959744293	0.9998671208692984
3.5655528328105826	0.9999829495709783
3.5695799377012309	0.9999495224869218
3.5734620005132376	1.0000051530582796
3.5774272675397403	0.9999788218498865
3.5816852521653995	1.0000462954840204
3.5886626310675824	0.9998718828074301
3.5935170935461809	0.9999742266932546
3.5980821361805320	0.9999196786716498
3.6051790433649580	1.0001423096786775
3.6095979499718700	1.0000043556374685
3.6133005555571724	1.0000727651369430
3.6167827266787831	0.9999710179756859
3.6202331573857220	1.0000485218985720
3.6237268489887366	0.9999704292937239
3.6273050441863099	1.0000297654156856
3.6310090187091832	0.9999820025596732
3.6349014261906079	1.0000134676271570
3.6391363152148557	0.9999502887307570
3.6460833879653078	1.0001279004850971
3.6508335610109848	1.0000228570813472
3.6551225793840296	1.0000373530635422
3.6594920951799095	0.9999565832914129
3.6664508768079913	1.0001482698565560
3.6710566524182542	1.0000220800657280
3.6749956154031125	1.0000675630012728
3.6787073881466350	0.9999904384114979
3.6823680957937923	1.0000466554670948
3.6860466647178027	0.9999868392803386
3.6897787622762985	1.0000333881601691
3.6935993179145994	0.9999921891940756
3.6975632428286889	1.0000199537700705
3.7018171700012346	0.9999513053621083
3.7086266726949435	1.0001463303841174
3.7130749196466972	1.0000107141213859
3.7168330208071887	1.0000711876536117
3.7203679247386923	0.9999742727800693
3.7238755188979789	1.0000424812803439
3.7274440977274037	0.9999733562377545
3.7311328139326805	1.0000177297430630
3.7350153367558323	0.9999825367532560
3.7392469144184628	1.0000430243908731
3.7461475583230976	0.9998539112453696
3.7505199765700117	0.9999840537729814
3.7542734375347169	0.9999254864843941
3.7578412575996114	1.0000154534330965
3.7613979549065522	0.9999522782903223
3.7650139293968441	1.0000156184947502
3.7687428058593047	0.9999733666786407
3.7726490488662066	1.0000070789503481
3.7768878577019764	0.9999452150064483
3.7837805576925909	1.0001345899003384
3.7882358805693745	1.0000087583600192
3.7920639860887082	1.0000613962887883
3.7957042352557377	0.9999802758417554
3.7993419235296755	1.0000342336402697
3.8030700605959153	0.9999846767097903
3.8069724499674003	1.0000149412264550
3.8112106198486848	0.9999508811430523
3.8180933699648700	1.0001406198104963
3.8224423589940102	1.0000069547621819
3.8261570808764023	1.0000696987644699
3.8296858557533295	0.9999752587396042
3.8332046742792114	1.0000425745207469
3.8367898815892811	0.9999766526922755
3.8404939159918485	1.0000209328731959
3.8443864008514850	0.9999871682626872
3.8486204065971985	1.0000489301242448
3.8555584665413605	0.9998680298254630
3.8602095917901922	0.9999787108871233
3.8643344144137970	0.9999551667332579
3.8683834206986432	0.9999999635426488
3.8726739426997439	0.9999409375004831
3.8796708689141677	1.0001236837923575
3.8845321744162495	1.0000224538366695
3.8890977044183122	1.0000778322503576
3.8962073772045756	0.9998575967651047
3.9007025252370622	0.9999890019363762
3.9045229816043574	0.9999354051864773
3.9081719592161552	1.0000135139221089
3.9118710686112670	0.9999694562943723
3.9157461156560101	1.0000069608637545
3.9199790685536642	0.9999474350737904
3.9269532310304571	1.0001237723195351
3.9317629858914609	1.0000232023203179
3.9363146143394481	1.0000765319635270
3.9434215630212388	0.9998551956421302
3.9478232443999777	0.9999882984632628
3.9516118568514349	0.9999373857793860
3.9553124539429088	1.0000055951618232
3.9591708126071632	0.9999766064543971
3.9634008015602653	1.0000409561192092
3.9701042490344074	0.9998147559625531
3.9735171591678076	1.0000293201263732
3.9764877019969713	0.9998742176282265
3.9794352023625357	1.0000507865537331
3.9824599745934282	0.9999168740511969
3.9855746511173082	1.0000492187857470
3.9887789631654087	0.9999406078949629
3.9920627679111482	1.0000436854671062
3.9954207512903661	0.9999542419320943
3.9988441456511046	1.0000378031069821
4.0023291185477650	0.9999628931761543
4.0058691616873352	1.0000325936981267
4.0094622248949952	0.9999690200815310
4.0131040551525441	1.0000280308676135
4.0167955678262395	0.9999741199771752
4.0205372676027755	1.0000232237192799
4.0243387473284047	0.9999801461010845
4.0282173951061937	1.0000158949498510
4.0322207430486356	0.9999867645714329
4.0364840072606682	1.0000535305731661
4.0434903595428811	0.9998881822872718
4.0483378682625348	0.9999930335713628
4.0526695719421930	0.9999748523143054
4.0568524141546511	1.0000106123581014
4.0611826633519579	0.9999497718371609
4.0678796469253626	1.0002303659376635
4.0730803041340247	0.9999141970402960
4.0781075684646497	1.0002310255885047
4.0828714361515397	1.0000918117001500
4.0873641439408379	1.0000484949992892
4.0943729309817405	0.9999465046319619
4.0992023313817505	0.9999958548753979
4.1082963347738106	0.9996407078542916
4.1113374131808786	0.9999064257104051
4.1145779871623365	0.9998118526780332
4.1180906413334988	0.9998977637304561
4.1218711935540133	0.9998753234287884
4.1260644063832315	0.9999213993891578
4.1334894767128540	0.9997540653005491
4.1385424793231573	0.9999475029803646
4.1463868318692843	0.9998579052443404
4.1507912935080356	0.9999933146746145
4.1548354623204604	0.9999815427822097
4.1591120989124848	1.0000670695270149
4.1655457584258189	0.9998363133875197
4.1691847959898336	1.0000338835253284
4.1722404560478772	0.9998888103525216
4.1752076951205987	1.0000611815602127
4.1782140022195593	0.9999221843966021
4.1812814164288588	1.0000617834793912
4.1844132093239965	0.9999417368952229
4.1876021758465320	1.0000594313489177
4.1908402514795684	0.9999536931054765
4.1941322922472990	1.0000520181990433
4.1974710280503968	0.9999575124877352
4.2008510430877264	1.0000445066830048
4.2042719005406353	0.9999613175306389
4.2077301906311648	1.0000397105043093
4.2112262085905234	0.9999669689673573
4.2147571874568550	1.0000385437402000
4.2183176962887092	0.9999730615473129
4.2219197827579960	1.0000329044002469
4.2255624901084268	0.9999739051101942
4.2292426637198641	1.0000299236798595
4.2329687682698811	0.9999788105798635
4.2367504262838995	1.0000233782987806
4.2406127334019059	0.9999860953190943
4.2446036498342092	1.0000151986617873
4.2488645969147152	0.9999482310518741
4.2556440472446697	1.0001551275892457
4.2697549527101790	1.0004663487837311
4.2951403421191259	0.9999495138062416
4.2991163286476981	0.9998298192848805
4.3031989754761524	0.9999201169578525
4.3074131858213889	0.9999666427365556
4.3117184170914111	0.9999856111369032
4.3203583646063644	0.9997270026729445
4.3248196372576322	0.9999180077165886
4.3292947536392523	0.9999880419680145
4.3362042230109381	1.0000940165171956
4.3442861855580954	1.0000109718738912
4.3478759655446257	1.0001361995282048
4.3517540117433944	0.9999846901637413
4.3559529776197987	0.9999590612827908
4.3599412997780620	0.9999375258971297
4.3639793980491843	0.9999426587924216
4.3680956201812577	0.9999348580924564
4.3723644806458095	1.0000122740514905
4.3764430362951181	1.0000149207889453
4.3804347203225893	1.0000198539297205
4.3843427675312769	0.9999583098354194
4.3880886257187166	1.0000224168878626
4.3916514846480279	0.9999418592941709
4.3950912285550761	1.0000379061728348
4.3984916172229767	0.9999525902618435
4.4019232194550382	1.0000389501482567
4.4054414483950026	0.9999744538703794
4.4090953464534062	1.0000267949788879
4.4129580219750553	0.9999942993199258
4.4171841370506790	1.0000555852930908
4.4240933297770679	0.9998669207714815
4.4285181032803802	0.9999917423661749
4.4323230151505184	0.9999352192615584
4.4359222402595719	1.0000217773694826
4.4394769693384877	0.9999533946325952
4.4430409730199507	1.0000251369645390
4.4466410978026332	0.9999625771035459
4.4502901580378404	1.0000205039362162
4.4540069106874203	0.9999709591653779
4.4578167875063173	1.0000103352254726
4.4617760484197593	0.9999797778888077
4.4660274564017888	1.0000446433399022
4.4729753772424461	0.9998674921778430
4.4777868952574726	0.9999717014287260
4.4821223711173852	0.9999574333226432
4.4865031128690731	1.0000389110865551
4.4936044712632501	0.9998716856559616
4.4984888426028524	0.9999811742891488
4.5030632342037942	0.9999332513871659
4.5103671501143001	1.0001293816785271
4.5151133693717478	1.0000280273323798
4.5193850734070260	1.0000456091203236
4.5237502145420425	0.9999693888266381
4.5313253822339643	1.0000442570793857
4.5396570217123582	0.9997007838791262
4.5450083416439897	0.9998910147117157
4.5496767295061442	1.0000125770624764
4.5541205213875111	1.0000561917007715
4.5585131371291325	1.0000337481438579
4.5628704541093263	1.0000529519665340
4.5672019227423277	1.0000099379990159
4.5715516352578058	1.0000903140117123
4.5767813613561241	0.9996711963766207
4.5856648204528341	1.0001780158921232
4.5906829651880221	1.0000737320947621
4.5953688605378451	1.0001919388947014
4.6007121804458055	0.9997879164189714
4.6115552599456633	1.0005139029528494
4.6224548350073933	1.0003056013930864
4.6262453596301789	1.0001395872299348
4.6299111054037532	1.0001525594305740
4.6337372910637304	1.0000763732125173
4.6379655822724404	1.0001023802910654
4.6450762440701840	0.9999103453627066
4.6497502757221367	0.9999973990953253
4.6540133248399362	0.9999769545555406
4.6583717760275931	1.0000500510419841
4.6653780178539153	0.9998635433806072
4.6698976097493352	0.9999917872999462
4.6737198362120038	0.9999324019489243
4.6772599469193139	1.0000316255247523
4.6806936003031634	0.9999453207454939
4.6840864707022902	1.0000419284013076
4.6874720448494358	0.9999512384294472
4.6908638192770109	1.0000428575309417
4.6942724195945402	0.9999553526522122
4.6977010221821205	1.0000406662761292
4.7011538990687756	0.9999587479180296
4.7046302651275509	1.0000377885054850
4.7081313379546259	0.9999615072601266
4.7116541625155639	1.0000352270301773
4.7151984198394485	0.9999636034468254
4.7187602844226406	1.0000332772758251
4.7223393001046929	0.9999651909275507
4.7259322871697584	1.0000317588674077
4.7295403647767476	0.9999667259171879
4.7331629199208098	1.0000300617371667
4.7368048398294462	0.9999690538316495
4.7404707132972703	1.0000270793763457
4.7441728044263911	0.9999736097108065
4.7479267203396178	1.0000208785083342
4.7517634773971897	0.9999826318293571
4.7557370125730518	1.0000126744156788
4.7599937771704193	0.9999471008924882
4.7669344289994333	1.0001253599221220
4.7718433853887081	1.0000233727407044
4.7764203557187956	1.0000813494325329
4.7835472898230265	0.9998672252736088
4.7883701964050012	0.9999843359951168
4.7925156888812355	0.9999512712705124
4.7964228248308016	1.0000103471141819
4.8003060035528513	0.9999760008703914
4.8042895087433388	1.0000098207189194
4.8085516680244611	0.9999460816824371
4.8154965443799718	1.0001266885461391
4.8203316161798986	1.0000227674262134
4.8246797975355733	1.0000373908395914
4.8290654381776195	0.9999554964603538
4.8361079366479283	1.0001330620552114
4.8410420364625013	1.0000257781049351
4.8456285546264057	1.0000819212335252
4.8527959371219467	0.9998706994894219
4.8578758146054213	1.0000288468929968
4.8653523573280584	0.9998255899808171
4.8701821928656885	0.9999764360387959
4.8741543620551333	0.9999303562075453
4.8778213127475967	1.0000178712085852
4.8814220246008180	0.9999570656550252
4.8850558488662692	1.0000200282583884
4.8887910841542155	0.9999775013939899
4.8926993055677004	1.0000108654039135
4.8969390152241719	0.9999484828696288
4.9038695032346329	1.0001302817978717
4.9085302336676557	1.0000191524604300
4.9126571572006643	1.0000427996502921
4.9167080045118592	0.9999979748315846
4.9209978861740229	1.0000570462914971
4.9279973038714564	0.9998743493423912
4.9328544372013070	0.9999755492004895
4.9374207344666639	0.9999204583133574
4.9445359543346878	1.0001402042421057
4.9490362067526021	1.0000092864702128
4.9528629627861722	1.0000620650545615
4.9565206489614928	0.9999847211742371
4.9602253950272255	1.0000282657284167
4.9641053493207146	0.9999908768329618
4.9683382985823119	1.0000504666203582
4.9749693993553787	0.9998100574432621
4.9782444100521106	1.0000434756076280
4.9810676178951603	0.9998588153686815
4.9838540579941917	1.0000675233142320
4.9866978545267777	0.9998979656926678
4.9896091342707471	1.0000683197675155
4.9925863949966178	0.9999196016569464
4.9956191655841629	1.0000648393293055
4.9987020882120516	0.9999315639741598
5.0018263691675546	1.0000606311320370
5.0049883636116803	0.9999386919903458
5.0081814831618976	1.0000568063639785
5.0114036518027412	0.9999433480580712
5.0146499364555543	1.0000535835311537
5.0179195813535182	0.9999467231893980
5.0212090557652900	1.0000508124817431
5.0245188768790019	0.9999495169308427
5.0278468970939389	1.0000481920568365
5.0311950062426689	0.9999522436937238
5.0345625923988004	1.0000453445052697
5.0379531923145624	0.9999553810164026
5.0413681529016614	1.0000418050896016
5.0448133474902264	0.9999594923653249
5.0482932092863395	1.0000369091546546
5.0518178793389268	0.9999654520044554
5.0553981979039921	1.0000294545023443
5.0590548524907470	0.9999749579896124
5.0628175737271484	1.0000174234198345
5.0667472534726308	0.9999863109042171
5.0709908311192873	1.0000503387752848
5.0778880208856618	0.9998631498164096
5.0823830463136437	0.9999885565708365
5.0862313283058711	0.9999355736614047
5.0898522345257113	1.0000220011502172
5.0934229223507730	0.9999567183767645
5.0970133089254910	1.0000251070307811
5.1006684195527390	0.9999719149109652
5.1044264656137619	1.0000160563165488
5.1083525696915464	0.9999854625916399
5.1125952605728733	1.0000497143699172
5.1195299556699112	0.9998696554803561
5.1242457773986656	0.9999789527100168
5.1284256608444752	0.9999574021566413
5.1325078209618251	1.0000013826405216
5.1368073726687555	0.9999410877137367
5.1437269313905416	1.0001379290477117
5.1481532760375250	1.0000061898034798
5.1518965415029268	1.0000709100690504
5.1553948530514839	0.9999687393733091
5.1588163817607198	1.0000540188004774
5.1622216480076624	0.9999599302246019
5.1656328573495962	1.0000459984510257
5.1690602227777163	0.9999590514950888
5.1725071166186503	1.0000411320588105
5.1759783479299930	0.9999610586244593
5.1794762386343569	1.0000368297939182
5.1830074030721365	0.9999649055571457
5.1865776511585420	1.0000314517693971
5.1901997654338476	0.9999712522933671
5.1938897791684653	1.0000229683577857
5.1976793255048941	0.9999820533556393
5.2016240508364531	1.0000127009582584
5.2058729133485642	0.9999480600718709
5.2127753035314530	1.0001336482596421
5.2173556814228537	1.0000122927309898
5.2212849173950540	1.0000596798858947
5.2249662860376329	0.9999775904632023
5.2285644847227450	1.0000428038805007
5.2321427133968275	0.9999694563368692
5.2357267613627565	1.0000351878394289
5.2393311451872471	0.9999694249109251
5.2429647295974746	1.0000295197286622
5.2466407281523662	0.9999736339867179
5.2503748006484630	1.0000219048649748
5.2541974645693434	0.9999827542242004
5.2581625661723237	1.0000128214187196
5.2624169624969532	0.9999474123471603
5.2693210271867725	1.0001324243876308
5.2739567118139146	1.0000134253042916
5.2779422351709888	1.0000569229288898
5.2816730635094311	0.9999793446142832
5.2853160500821321	1.0000401921343183
5.2889390803971201	0.9999719225063627
5.2925740095714300	1.0000316312118291
5.2962436067718643	0.9999740328180743
5.2999688275068753	1.0000227820828922
5.3037831432842628	0.9999828465154047
5.3077426624675370	1.0000129534415105
5.3119956095204630	0.9999476809474664
5.3188747679006037	1.0001374333186070
5.3233440851207208	1.0000074724252077
5.3271223293700398	1.0000700172964994
5.3306343967941228	0.9999680597223762
5.3340505225938140	1.0000553941920889
5.3374352442387725	0.9999576812549350
5.3408144764978349	1.0000486955465704
5.3442017339927945	0.9999560820691117
5.3476032463657441	1.0000442301395061
5.3510263763360006	0.9999580635060971
5.3544756769661861	1.0000396671876630
5.3579597315823939	0.9999624226738475
5.3614861340672419	1.0000335559508469
5.3650692382209595	0.9999696756417704
5.3687265895773777	1.0000240196647556
5.3724913036980118	0.9999816000842402
5.3764207486375293	1.0000126744152036
5.3806655144972328	0.9999485844078662
5.3875798008877984	1.0001321395930389
5.3922021278065300	1.0000154005040824
5.3962196662748587	1.0000520198902834
5.4000485401116896	0.9999887729243514
5.4038816371632112	1.0000246667053829
5.4078387642327828	0.9999900101316099
5.4120920852309098	1.0000526271282679
5.4190319543952858	0.9998706334173556
5.4237687859745094	0.9999791506494784
5.4279663348479037	0.9999580033806802
5.4320592674540391	1.0000016455271568
5.4363617467114409	0.9999408918418311
5.4433420817509477	1.0001263435629113
5.4481699218543884	1.0000221911976661
5.4525078494164276	1.0000372025698236
5.4568909991084462	0.9999558721669566
5.4638857871076443	1.0001427080749288
5.4684583118741106	1.0000135425800427
5.4723417843719862	1.0000646169223153
5.4759698895634878	0.9999761080371600
5.4795174000173246	1.0000460766339474
5.4830512561021401	0.9999680738859364
5.4866001109152798	1.0000366378438514
5.4901817204627470	0.9999694669231179
5.4938097680551721	1.0000284663987600
5.4975050203218885	0.9999765899110491
5.5012965848767532	1.0000171200568426
5.5052438658920266	0.9999863681403539
5.5094921926026075	1.0000509683983254
5.5163825189042406	0.9998627056403102
5.5208745406453152	0.9999897129818411
5.5246989926812091	0.9999328768233608
5.5282740971541964	1.0000259664662718
5.5317754295275110	0.9999507765619543
5.5352687937182727	1.0000325340289626
5.5387904124413900	0.9999618657084510
5.5423611624142826	1.0000284120588501
5.5460071328317575	0.9999735508038778
5.5497606041213068	1.0000170660048908
5.5536843670335596	0.9999859952377779
5.5579264034582083	1.0000499363081605
5.5647795851621824	0.9998544738921632
5.5690164588940050	0.9999985813755620
5.5725747922942768	0.9999153038129901
5.5759063662669384	1.0000382395035077
5.5791807550704569	0.9999345046790795
5.5824531952315288	1.0000460137185099
5.5857488523043886	0.9999456507996020
5.5890758119668185	1.0000447007573425
5.5924429406923064	0.9999539072162420
5.5958550832934284	1.0000394883768235
5.5993225416509533	0.9999623478937980
5.6028558276006333	1.0000309880185787
5.6064754692999994	0.9999736033687285
5.6102112678697393	1.0000177812193018
5.6141247627239323	0.9999862434399148
5.6183639792181221	1.0000497090645311
5.6252993198359746	0.9998694969270470
5.6299961613150851	0.9999791484716900
5.6341599529051720	0.9999570555254849
5.6382324123549843	1.0000012705118817
5.6425293051959517	0.9999413559645071
5.6494692641345550	1.0001345186947770
5.6539981346139596	1.0000109783877209
5.6578820754923411	1.0000604053687410
5.6615507649556926	0.9999799121981752
5.6651818141478669	1.0000374933085530
5.6688542625971152	0.9999792393871393
5.6726212347279832	1.0000199400630778
5.6765513506091470	0.9999875775664637
5.6807954038374380	1.0000509064807772
5.6877311739853571	0.9998703014544859
5.6924579260351891	0.9999790095194893
5.6966483257089697	0.9999577770407845
5.7007372328257278	1.0000015403838822
5.7050385651737461	0.9999409607100406
5.7120193493504408	1.0001263399307425
5.7168437690065694	1.0000221994579745
5.7211793604336245	1.0000372219847053
5.7255618575639815	0.9999559621768004
5.7325771679288016	1.0001390622834254
5.7372729911010172	1.0000186190317675
5.7413347874991887	1.0000522935002198
5.7451922430692894	0.9999899443474509
5.7490442792361396	1.0000246799569823
5.7530122860995112	0.9999901315396146
5.7572686322086648	1.0000530446124638
5.7641724885881080	0.9998643184606594
5.7687004657006060	0.9999888403924055
5.7725639742119226	0.9999350381047116
5.7761702425315793	1.0000254595612514
5.7796872803275958	0.9999504748483288
5.7831728706663457	1.0000352502459307
5.7866531728364361	0.9999565681207132
5.7901357595882388	1.0000374402792662
5.7936274228230156	0.9999597107606023
5.7971298534502811	1.0000368541395688
5.8006483084403335	0.9999623959128989
5.8041854954465233	1.0000345794346250
5.8077489365825627	0.9999659723764965
5.8113451733108619	1.0000303028646857
5.8149878014785275	0.9999718616451280
5.8186934470758551	1.0000225057520420
5.8224941572496700	0.9999822188392562
5.8264455651615936	1.0000127119861046
5.8306962734177228	0.9999478372030544
5.8376010035921935	1.0001329306808935
5.8422105212126541	1.0000133332384915
5.8461780791374860	1.0000570638131547
5.8499075007544565	0.9999806896578671
5.8535699741473470	1.0000376713991421
5.8572389381266472	0.9999763291264940
5.8609558069627807	1.0000248668814102
5.8647612146295378	0.9999835501766222
5.8687146989398862	1.0000134336357707
5.8729660449005472	0.9999481711372480
5.8798886419095124	1.0001297758060328
5.8846128452073607	1.0000181981011331
5.8887563205944264	1.0000454186457797
5.8927292655568788	0.9999944866979031
5.8967479717700453	1.0000197892255305
5.9010217122096922	0.9999505836899355
5.9079449608819488	1.0001343125724642
5.9125790926797519	1.0000146933569309
5.9165725082253156	1.0000558905680339
5.9203325994396048	0.9999827969629033
5.9240359117109556	1.0000347037182404
5.9277634873902318	0.9999805409072418
5.9315697886051968	1.0000191473695010
5.9355234196657332	0.9999874634792437
5.9397739024125578	1.0000516835304374
5.9466763295814369	0.9998651032844627
5.9512422913754390	0.9999867818024077
5.9551657826147899	0.9999399466354224
5.9588594991387147	1.0000186732018561
5.9625062561114133	0.9999618643724206
5.9661853486507690	1.0000197646494786
5.9699565157420276	0.9999790899764976
5.9738871196606116	1.0000114256938040
5.9781326864920166	0.9999480169853909
5.9850059159258713	1.0001400279849344
5.9893739508656330	1.0000059674219597
5.9930808580684207	1.0000718803457889
5.9965751758724446	0.9999717490092129
6.0000346113223850	1.0000483294100198
6.0035330494946066	0.9999705507824005
6.0071129794309144	1.0000298673346693
6.0108171774300505	0.9999820643750005
6.0147094413388515	1.0000135613079615
6.0189443565343703	0.9999503972073797
6.0257680824676223	1.0001511934745926
6.0298230704497238	0.9999940877186908
6.0332240135944302	1.0000943247238196
6.0364362657002335	0.9999553419650929
6.0396141432842274	1.0000717302925812
6.0428059961732199	0.9999482674648752
6.0460259192487920	1.0000592207367558
6.0492787354274897	0.9999489197114527
6.0525633988600118	1.0000517679816621
6.0558806515110870	0.9999518026504517
6.0592282604316940	1.0000465196557164
6.0626074140067567	0.9999553640173143
6.0660167547549486	1.0000420690352441
6.0694588950651642	0.9999593431522393
6.0729344328478740	1.0000375153281820
6.0764487721321192	0.9999641503402903
6.0800066160681325	1.0000318197339160
6.0836198204009095	0.9999709681966468
6.0873036168359533	1.0000231105766086
6.0910890365549086	0.9999819942975317
6.0950313824223494	1.0000126968875740
6.0992795712208379	0.9999481373653669
6.1061842179771846	1.0001333019150505
6.1107737030637201	1.0000126093033861
6.1147146380575386	1.0000590311114610
6.1184067560097661	0.9999778452849003
6.1220121422503846	1.0000426989172102
6.1255911885947105	0.9999688230014505
6.1291660666800389	1.0000365200905879
6.1327463861691864	0.9999667840624991
6.1363340808817233	1.0000337331662101
6.1399320946242568	0.9999669171602938
6.1435400826390225	1.0000319299134655
6.1471612740373898	0.9999680404801360
6.1507966200897517	1.0000299629381595
6.1544518492282929	0.9999702391037646
6.1581316719869514	1.0000268020397425
6.1618478242047248	0.9999745095052339
6.1656148515579865	1.0000206764832489
6.1694624060353345	0.9999829520088211
6.1734428864658000	1.0000127141540760
6.1777015087515661	0.9999467818479756
6.1846078259410442	1.0001312244692708
6.1892924309769342	1.0000143153141303
6.1933292417384651	1.0000546138229955
6.1971019577537483	0.9999801006578035
6.2007723459050057	1.0000396642826122
6.2044030116238638	0.9999704437171416
6.2080179868033438	1.0000348590174357
6.2116282665247580	0.9999676212889156
6.2152365353485157	1.0000331763555135
6.2188460025291894	0.9999668711366857
6.2224559251586724	1.0000324920640964
6.2260683605738443	0.9999667955921719
6.2296820016413683	1.0000321014739728
6.2332987671050128	0.9999669682308475
6.2369172899168097	1.0000317647534547
6.2405395495008262	0.9999672704330406
6.2441642838640190	1.0000313792372861
6.2477936748222707	0.9999677027825948
6.2514267563582546	1.0000308548748003
6.2550661700613892	0.9999683494042638
6.2587116176619579	1.0000300400266409
6.2623667487840970	0.9999694170966458
6.2660327514236940	1.0000286211552165
6.2697155541464129	0.9999713670517438
6.2734198445924516	1.0000259003655365
6.2771572167207017	0.9999752664757483
6.2809418562553958	1.0000202539347300
6.2848028627488359	0.9999832254264489
6.2887917299226279	1.0000127985736471
6.2930526589661753	0.9999465636170970
6.2999539044743003	1.0001318635386898
6.3046244585219293	1.0000133456907867
6.3086311593871374	1.0000570344298554
6.3123582045184801	0.9999771139025877
6.3159673015633668	1.0000441453510360
6.3195208887366450	0.9999654454467664
6.3230432338150022	1.0000411193045387
6.3265462221632838	0.9999609183806549
6.3300343010765561	1.0000407519882522
6.3335131286970130	0.9999591116790695
6.3369852888973863	1.0000405900887912
6.3404567490343595	0.9999589894706471
6.3439309806184498	1.0000395646030105
6.3474153366531310	0.9999604918679963
6.3509150226263298	1.0000370183786649
6.3544398434432869	0.9999639958463536
6.3579985779228139	1.0000321670057295
6.3616067977655035	0.9999704841442272
6.3652830087137247	1.0000234581797167
6.3690610145030400	0.9999818025950479
6.3729983419802458	1.0000126786590740
6.3772452767349357	0.9999483103866654
6.3841299884435605	1.0001373481326361
6.3885875666408225	1.0000081148832456
6.3923720353719791	1.0000685964210598
6.3959080889462259	0.9999705879684351
6.3993628317889959	1.0000519978505951
6.4027979988432557	0.9999615830058765
6.4062372516340140	1.0000442134785494
6.4096921706891541	0.9999607551736948
6.4131674897337136	1.0000392481144300
6.4166695254998523	0.9999631171039025
6.4202024486020992	1.0000344183479923
6.4237754762014303	0.9999678261555345
6.4273983316174643	1.0000277655668175
6.4310904063955796	0.9999760660202115
6.4348799653133240	1.0000168895953725
6.4388261459976066	0.9999862303726220
6.4430741469666462	1.0000508575426810
6.4499867100026158	0.9998668063307379
6.4546120099469659	0.9999847483014659
6.4586077344250459	0.9999435810250418
6.4623679050600327	1.0000167691141664
6.4660642191736004	0.9999629822299155
6.4697642143942575	1.0000214049556000
6.4735103911424066	0.9999750588881410
6.4773375305158423	1.0000150352139243
6.4813062161607844	0.9999855260368818
6.4855603676875537	1.0000512928015448
6.4924422006116673	0.9998619300743751
6.4969244859044766	0.9999913743318311
6.5007131171386163	0.9999292151793846
6.5042272750183514	1.0000311561310318
6.5076433667788214	0.9999435629134110
6.5110267319443098	1.0000411262161266
6.5144110452808350	0.9999512480581144
6.5178118934569458	1.0000409666374594
6.5212447505552502	0.9999582357573468
6.5247212017294158	1.0000355255512450
6.5282588675738795	0.9999673478084893
6.5318777410443527	1.0000251447778019
6.5356131582884025	0.9999809333884057
6.5395246274196852	1.0000125846084165
6.5437646289797931	0.9999491528142211
6.5506571682542303	1.0001370265530347
6.5551087264302783	1.0000093224941073
6.5589139541253463	1.0000655823291602
6.5624997471075526	0.9999753253442633
6.5660344573566638	1.0000446680600794
6.5695837574219169	0.9999707147164181
6.5731793488518173	1.0000315185880917
6.5768472947325174	0.9999766556468217
6.5806187258637552	1.0000178794246106
6.5845537253305997	0.9999865211620073
6.5887987270137058	1.0000505101680470
6.5957434347323396	0.9998722057244531
6.6005553406891968	0.9999758961500158
6.6048912226127605	0.9999613354942245
6.6092719432352629	1.0000428124404102
6.6162828052380869	0.9998592439620688
6.6209564042259617	0.9999817726882079
6.6249721452497061	0.9999422506926885
6.6287418468891870	1.0000157168499697
6.6324439948644240	0.9999626269237409
6.6361481513006071	1.0000209545910363
6.6398975230321549	0.9999749321618369
6.6437269987815437	1.0000148527101647
6.6476971209474565	0.9999854186231369
6.6519516621528147	1.0000512641008585
6.6588837165087176	0.9998713633310300
6.6636876426834357	0.9999785190618913
6.6679478668917582	0.9999595365780827
6.6720804799750466	1.0000024196684525
6.6763937676362133	0.9999402448171537
6.6833447941528750	1.0001309230462960
6.6880377380023051	1.0000145259326014
6.6920848178025727	1.0000534746109981
6.6958829492383627	0.9999827498737355
6.6995988018720505	1.0000364059344948
6.7032961582215211	0.9999754136492989
6.7069979057097289	1.0000298490890558
6.7107124801742684	0.9999740539686326
6.7144395971810660	1.0000269977906537
6.7181809140930220	0.9999743609238027
6.7219371511118107	1.0000246516598794
6.7257173521542750	0.9999768083429218
6.7295349053131064	1.0000198243491267
6.7334193172176864	0.9999838596212813
6.7374222780076440	1.0000133002969585
6.7416872191651782	0.9999468343974263
6.7485428355537618	1.0001413465655693
6.7529308429288717	1.0000065538952392
6.7566471193232438	1.0000712140842698
6.7601683579898735	0.9999769243984248
6.7637004718119424	1.0000406968195257
6.7673477150611383	0.9999849914912017
6.7712012052319714	1.0000167847284664
6.7754267925066278	0.9999543094437265
6.7823287292462098	1.0001410575920864
6.7866982001526095	1.0000137195706695
6.7905163860388695	1.0000593735613930
6.7942538946311197	0.9999942732662310
6.7981350122040611	1.0000220302437932
6.8023715454860483	0.9999565584322085
6.8093201800570684	1.0001356569593467
6.8138470654968462	1.0000188844714775
6.8178643061291204	1.0000461430801251
6.8218509758196095	0.9999987984207376
6.8261235999393479	1.0000548930183877
6.8331361559772166	0.9998734787112943
6.8379470126377138	0.9999737492707491
6.8425012962454481	0.9999205913214683
6.8496462088549146	1.0001364775331278
6.8542831982012764	1.0000161465983308
6.8582906323842199	1.0000520660728700
6.8621530138231535	0.9999944148469970
6.8661040786771856	1.0000199238675049
6.8703594284428657	0.9999506442604578
6.8768069260949956	1.0002159936315820
6.8850825066082111	0.9999824842370695
6.8896865663847029	1.0000440487799269
6.8937094287791236	1.0000274345815561
6.8975596275706916	1.0000828202715457
6.9013451448585785	1.0000169525288396
6.9051107873463407	1.0000439686851745
6.9089285600629973	0.9999739961885393
6.9128822841882993	0.9999727156622708
6.9171349861660714	0.9998706441657637
6.9239464633275878	1.0000089484503938
6.9779473055647818	1.0006873559373568
6.9952472328894952	1.0001070479150105
6.9989158076305724	0.9999662946824097
7.0023795640208002	1.0000449896036026
7.0058395906507611	0.9999556914836961
7.0093285517763260	1.0000305619242233
7.0128482626509996	0.9999556210743147
7.0163910097048241	1.0000271876453197
7.0199520067269443	0.9999575582820242
7.0235263005940718	1.0000268682912268
7.0271137299861026	0.9999601061935126
7.0307126758610732	1.0000268109852868
7.0343254993588866	0.9999627220243706
7.0379519109462887	1.0000261950277716
7.0415951201121709	0.9999652474110142
7.0452552760183309	1.0000248667871605
7.0489361993337036	0.9999677799963345
7.0526391064198588	1.0000227054228936
7.0563701028236867	0.9999708694152696
7.0601347783590720	1.0000190203053776
7.0639477014859455	0.9999761115657383
7.0678309689498011	1.0000118973559158
7.0718359448075834	0.9999827630143472
7.0760999203431343	1.0000496727927928
7.0830266296353956	0.9998694573351719
7.0878990809044398	0.9999753850455505
7.0922244402536903	0.9999583129721586
7.0963992499848532	1.0000006149497125
7.1007241456013919	0.9999370396307594
7.1076732427962117	1.0001280768703105
7.1124562457057348	1.0000150627482001
7.1166000020268907	1.0000483057040057
7.1204956252010296	0.9999867288289249
7.1243274206830369	1.0000282610545881
7.1281931663938147	0.9999869666325570
7.1321771264033460	1.0000156939129448
7.1364377090843281	0.9999491707637057
7.1433305313897231	1.0001367822360288
7.1478958348011750	1.0000131080465600
7.1517971235376434	1.0000630091351375
7.1554542666375731	0.9999793241216340
7.1590464235932645	1.0000431443208326
7.1626515896304310	0.9999758310338553
7.1663145023137398	1.0000285432848099
7.1700786692396452	0.9999846478048970
7.1740067122315727	1.0000151371349555
7.1782512423769198	0.9999506860299264
7.1851260017597829	1.0001414252012977
7.1895036472452123	1.0000072794136794
7.1932107745015745	1.0000741195982101
7.1966882461449941	0.9999703457744171
7.2001076632970626	1.0000539503410972
7.2035353092534038	0.9999647013072149
7.2070020187666550	1.0000406571516389
7.2105303287835794	0.9999698570926098
7.2141421082631343	1.0000272592763746
7.2178725141791134	0.9999821516749310
7.2217810987312872	1.0000135216644297
7.2260202811601850	0.9999499664138707
7.2329073027599948	1.0001387139544113
7.2373223432501543	1.0000090045144339
7.2410972989116882	1.0000669178742851
7.2446722099806307	0.9999771089267459
7.2482250749006392	1.0000415801860045
7.2518348407021778	0.9999778603289664
7.2555556174908240	1.0000212709611351
7.2594578263063134	0.9999879322373907
7.2636944592454551	1.0000501576222984
7.2705576180451370	0.9998554436313787
7.2747988344575587	0.9999976106840325
7.2783789039220945	0.9999178631224303
7.2817436353407503	1.0000355757214563
7.2850578745320416	0.9999378837839917
7.2883733204617211	1.0000430728918475
7.2917121217518535	0.9999486306441787
7.2950794717577443	1.0000424471147689
7.2984812057926192	0.9999556368331234
7.3019188481051671	1.0000387990590949
7.3053986244999738	0.9999619387727064
7.3089256478165980	1.0000329605489071
7.3125122907517763	0.9999697589495443
7.3161742987143601	1.0000236957316644
7.3199433672695466	0.9999816429702000
7.3238757016963802	1.0000126479899740
7.3281211961366228	0.9999484674034936
7.3350283643206611	1.0001333019747320
7.3396121754498722	1.0000131638197924
7.3435606589565117	1.0000576391562797
7.3472800142571932	0.9999808126519845
7.3509392258928443	1.0000376308534027
7.3546092262607585	0.9999765900578519
7.3583292935945632	1.0000247095835033
7.3621382682039691	0.9999836512582764
7.3660942766820883	1.0000134407653811
7.3703462408405027	0.9999480793420392
7.3772705236722347	1.0001292905322985
7.3820125720382839	1.0000185122834659
7.3861758454874780	1.0000447056330806
7.3901651808515272	0.9999946072856555
7.3941942227870978	1.0000197243390370
7.3984707505694640	0.9999501895382594
7.4054305158571756	1.0001269835471118
7.4103400568438635	1.0000238524334304
7.4149176152635112	1.0000811654349042
7.4220387561173746	0.9998650877832232
7.4267889746335873	0.9999869760713023
7.4308163610116580	0.9999423458009939
7.4345497431431138	1.0000215208401919
7.4381719026089934	0.9999562735586415
7.4417475089075440	1.0000315268260191
7.4453053886834368	0.9999606330830411
7.4488537049362789	1.0000347057734900
7.4523988045846128	0.9999620510855051
7.4559412771888285	1.0000356493106959
7.4594847011633929	0.9999627348131858
7.4630293270972832	1.0000355560333547
7.4665790725205179	0.9999635801668632
7.4701350586444697	1.0000346279199965
7.4737023804931439	0.9999650964120923
7.4772838251138287	1.0000326415087111
7.4808869004226448	0.9999678612743378
7.4845180262989075	1.0000289134722200
7.4881905461508032	0.9999729920322493
7.4919206534142448	1.0000218243000980
7.4957397611369272	0.9999825563631736
7.4997024855941392	1.0000127568475985
7.5039562744947164	0.9999474707044567
7.5108600449877843	1.0001326115099529
7.5154878709981192	1.0000132204912533
7.5194638486958931	1.0000575534254010
7.5231829588819030	0.9999785751283848
7.5268092857167339	1.0000416718536924
7.5304064056882272	0.9999697267482146
7.5340000287107056	1.0000352445836311
7.5376039816983091	0.9999686390560864
7.5412255090846569	1.0000309981045508
7.5448747789223534	0.9999711895443553
7.5485617447888576	1.0000256306894399
7.5523055251355959	0.9999776237666703
7.5561335627090136	1.0000162899816429
7.5601033165373943	0.9999862087041987
7.5643577495564900	1.0000516855927877
7.5712639268099133	0.9998667335672154
7.5759035952674756	0.9999852179928101
7.5798999429123324	0.9999429181839605
7.5836473489368439	1.0000180441768203
7.5873218421317201	0.9999615796356445
7.5909955970034746	1.0000226554200911
7.5947154677389932	0.9999740773838147
7.5985203704549233	1.0000154278812494
7.6024746579938585	0.9999855049864832
7.6067250339758408	1.0000507315039679
7.6136023296291233	0.9998602118520640
7.6180250993224794	0.9999926469417615
7.6217599110324699	0.9999263230664877
7.6252346155750894	1.0000322545064155
7.6286223105338955	0.9999417274221611
7.6319826242543067	1.0000423358096084
7.6353427291674016	0.9999489200597512
7.6387108659570941	1.0000439807684471
7.6420940584163617	0.9999531814174767
7.6454935616867408	1.0000427258844200
7.6489134934038283	0.9999566001559894
7.6523545651009153	1.0000401742828431
7.6558211818782533	0.9999601410084445
7.6593153467320034	1.0000365823019599
7.6628436876364034	0.9999645740582309
7.6664118744131118	1.0000313902975748
7.6700325897118198	0.9999711481160460
7.6737216971513513	1.0000229499649880
7.6775106940981965	0.9999820291497423
7.6814551165081282	1.0000126925725590
7.6857038906182797	0.9999480678845211
7.6926362065639395	1.0001280343195835
7.6972734338851065	1.0000107441911901
7.7012805051467934	1.0000511691165497
7.7050382299714970	0.9999756990440938
7.7087003188893961	1.0000356681289253
7.7123235264903744	0.9999657290652754
7.7159292842760294	1.0000315773335793
7.7195287188288475	0.9999636924053158
7.7231271491194793	1.0000306936413474
7.7267317375197777	0.9999652025134582
7.7303465025162348	1.0000301489833217
7.7339779922011100	0.9999684467097314
7.7376288349172562	1.0000291497616061
7.7413038501934937	0.9999721733653181
7.7450034648772608	1.0000277069126133
7.7487304034175191	0.9999755159273126
7.7524830090245933	1.0000260309191782
7.7562623547032246	0.9999780461532259
7.7600654585376274	1.0000242873964922
7.7638927744886779	0.9999797772228854
7.7677414758258054	1.0000224379860190
7.7716135160643249	0.9999812233660100
7.7755095349224650	1.0000199206963631
7.7794385278155254	0.9999837888021289
7.7834151431063781	1.0000150714015243
7.7874806538062078	0.9999868405677714
7.7917613807493042	1.0000557168603701
7.7986812361549784	0.9998745804538828
7.8036631069397915	0.9999779289644655
7.8082612534770464	0.9999165607664640
7.8149641792350240	1.0002008606784685
7.8325710716610155	1.0003621598476111
7.8371755607822253	1.0001124630570550
7.8407300536206304	1.0001683100505372
7.8440742511428088	1.0000176309149458
7.8474032293195055	1.0000885914360107
7.8507691919964095	0.9999756588786605
7.8541941772614505	1.0000433382921825
7.8576936518024869	0.9999616347211751
7.8612868161199652	1.0000150325481334
7.8650050126325164	0.9999661859826767
7.8689071051386357	0.9999963408997928
7.8731442284287541	0.9999328872213988
7.8800519802522766	1.0001193342179699
7.8845711065054838	0.9999985012823860
7.8884719087847479	1.0000458069196763
7.8921782849075930	0.9999717551858448
7.8958708746087121	1.0000222863627835
7.8996400717018531	0.9999764764202038
7.9035673531492545	1.0000070837550465
7.9078120995610881	0.9999432442373519
7.9147102078310194	1.0001313766750439
7.9191967433369985	1.0000062288339100
7.9230379869090841	1.0000598955895281
7.9266587115355245	0.9999740942302104
7.9302311390330864	1.0000392872079131
7.9338268751551944	0.9999718377223513
7.9374862459969249	1.0000248556721396
7.9412496363130636	0.9999813253100319
7.9451777415121088	1.0000120805483108
7.9494221745622546	0.9999479272078152
7.9563349534665129	1.0001319113563414
7.9609398989747122	1.0000138873674562
7.9649275959798969	1.0000539223463345
7.9687077796532071	0.9999847561535056
7.9724591841712087	1.0000300191621647
7.9762717287678466	0.9999857615414303
7.9802251532303110	1.0000146817313829
7.9844769919171226	0.9999489067051641
7.9914199345356636	1.0001268751552264
7.9962487820921995	1.0000228544024869
8.0005939850363994	1.0000373216201812
8.0049785996468579	0.9999554731536117
8.0119436546143756	1.0001470922500530
8.0166551651102953	1.0000229706229984
8.0206547095566929	1.0000691847466279
8.0243540452459250	0.9999854792955316
8.0279347862082773	1.0000544846710386
8.0314775890632273	0.9999760807916841
8.0350219213870506	1.0000456776243043
8.0385904450055303	0.9999759490980297
8.0421931030554177	1.0000385997535532
8.0458371783515545	0.9999786794046830
8.0495233248606546	1.0000333076322820
8.0532537144374050	0.9999823485752347
8.0570261069877684	1.0000299181492354
8.0608409644039813	0.9999863716842869
8.0646949609728100	1.0000278293536746
8.0685876012153184	0.9999894647647642
8.0725148978585377	1.0000253414004723
8.0764762261121046	0.9999899427266211
8.0804686205335852	1.0000200777229391
8.0844937012154467	0.9999855957341649
8.0885565254451333	1.0000066686977933
8.0926810968157401	0.9999685794511163
8.0969786914842992	1.0000226197457007
8.1050353603292553	1.0000165347279439
8.1122025683283177	1.0001465590047631
8.1158207491312258	0.9999430173187106
8.1191164555560089	1.0000235461030977
8.1225299731374925	0.9999279743050371
8.1262396046394549	0.9999624458676348
8.1304273409280725	0.9999057728551676
8.1372888593626396	1.0001125486074842
8.1412957721912953	0.9999762304898946
8.1449336145434863	1.0000343697474752
8.1487137154821241	0.9999849338165669
8.1529330418662713	1.0000401962636702
8.1597127633555608	0.9998226365552259
8.1632749732133423	1.0000134001419607
8.1664741438240043	0.9999036269648186
8.1697386445384730	1.0000210669717275
8.1732043552877265	0.9999628925829844
8.1769536319375629	1.0000069038163850
8.1811532733190209	0.9999522852704311
8.1880591701802619	1.0001405084791861
8.1925469350990383	1.0000220871437340
8.1965094845563105	1.0000511318080663
8.2003758359557626	0.9999877775465124
8.2043343773021711	1.0000070511639911
8.2085933878092145	0.9999428961242174
8.2151397592996105	1.0002373445473498
8.2203146205368789	0.9999484472393976
8.2253261135586779	1.0003017958018847
8.2293306232842252	1.0000251847985673
8.2335469601866471	0.9999645674231763
8.2376350311646895	0.9999268364209478
8.2416640165453607	0.9999619725256302
8.2457465663968978	0.9999477076871828
8.2500358172465376	1.0000382137127697
8.2570121525095015	0.9999086662489272
8.2619372812404830	1.0000033082208966
8.2703302798680198	0.9998016022943946
8.2738726430758955	0.9999818236810049
8.2775861764197423	0.9999441604108510
8.2815797229199450	1.0000189809019466
8.2857709817710017	1.0000230181146077
8.2898899766632734	1.0000172047433666
8.2940790387068191	1.0000230750711019
8.2984055896634832	1.0001228549745174
8.3051633258849762	0.9998436810594843
8.3100181317509136	0.9999692528419409
8.3141497622654086	0.9999351284500313
8.3181652138983040	0.9999815491338747
8.3224532931998123	0.9999239689050887
8.3287509027237867	1.0002352245165897
8.3351975656597297	0.9997628354155045
8.3473235687883065	0.9996291062222349
8.3564783935416820	1.0001719558587647
8.3694050214261626	1.0003411575615413
8.3759007240085257	0.9997784112751704
8.3861706778017826	1.0002943218696476
8.3908602533730328	1.0000386395544660
8.3944157494307792	1.0001168024113058
8.3977952739797814	0.9999909325233796
8.4011941746374035	1.0000684028267572
8.4046781485542841	0.9999915330716209
8.4083052042744519	1.0000426972096901
8.4121507366546613	1.0000084798173428
8.4163731286781509	1.0000684452055646
8.4234372897192138	0.9999046936400009
8.4281706394535814	1.0000045531717914
8.4327043077932355	0.9999571403916350
8.4400213216599749	1.0001425427040271
8.4448044264610722	1.0000383887996223
8.4493539189026325	1.0000828050858321
8.4565556888902975	0.9998725109350030
8.4609327815513815	0.9999986705991287
8.4647436839703776	0.9999499297359812
8.4684738733483798	1.0000136666819364
8.4723524859521504	0.9999843290032244
8.4765869632193223	1.0000483712374098
8.4835064406520750	0.9998625017925857
8.4878949753501232	0.9999895950779644
8.4917047328817254	0.9999395988251586
8.4953780385372770	1.0000139789545883
8.4991066166372509	0.9999726377266653
8.5030018470447999	1.0000091949901564
8.5072395323006962	0.9999488081208567
8.5141800661150473	1.0001307410769671
8.5188140685808094	1.0000193692140431
8.5229214579238999	1.0000435357977431
8.5269615897458433	0.9999983825227228
8.5312483854497074	1.0000569574352896
8.5382062170716058	0.9998664258656463
8.5427695009245301	0.9999841848801038
8.5467533225413739	0.9999481017817684
8.5506038435894727	1.0000054758029688
8.5545506839874008	0.9999787387335491
8.5588036430178853	1.0000456244878202
8.5657400511030719	0.9998633973142537
8.5702844043320763	0.9999827974590154
8.5742562326588079	0.9999468969202354
8.5780992409433008	1.0000050115480594
8.5820420059506688	0.9999784177348929
8.5862938159496203	1.0000453139440322
8.5932772123312571	0.9998720149633971
8.5982743288517653	1.0000234455149120
8.6057058705137628	0.9998223999183951
8.6102594221933906	0.9999815673775120
8.6139771063774688	0.9999147438905178
8.6174114880936479	1.0000297073146101
8.6207659312925742	0.9999370766347880
8.6241012729140216	1.0000419131556886
8.6274393845538544	0.9999460943546716
8.6307810564955805	1.0000458000555779
8.6341262585850700	0.9999489950561591
8.6374696859008484	1.0000477770904341
8.6408099511431722	0.9999492030634415
8.6441431381418443	1.0000493202849616
8.6474699420884455	0.9999485248103698
8.6507890575754178	1.0000504046330450
8.6541037137185164	0.9999480776708259
8.6574149650402479	1.0000506075252760
8.6607280436137994	0.9999485746398458
8.6640456465928555	1.0000495427694960
8.6673743463386348	0.9999504307998711
8.6707180164869744	1.0000469463446635
8.6740844327719309	0.9999539201561296
8.6774789906344783	1.0000425435823552
8.6809116412956389	0.9999594320815347
8.6843912457729093	1.0000357468547305
8.6879334555639804	0.9999679044821742
8.6915570618873144	1.0000251004733931
8.6952964388425205	0.9999810998209063
8.6992104360786549	1.0000126315895672
8.7034510809767944	0.9999490932795845
8.7103257956813884	1.0001402576519076
8.7146813534906595	1.0000052685806224
8.7183691681127833	1.0000740574170135
8.7218276482278778	0.9999677264164797
8.7252220956101922	1.0000553631643501
8.7286113855800984	0.9999598349793013
8.7320173067692615	1.0000456365131418
8.7354504359837346	0.9999602182868350
8.7389152445111549	1.0000390366775804
8.7424185226727023	0.9999639547521872
8.7459659380213992	1.0000324651758019
8.7495697894809137	0.9999705869423654
8.7532457573907543	1.0000232695041915
8.7570252088161666	0.9999817482912039
8.7609638813631889	1.0000125287728385
8.7652110811944457	0.9999480938638763
8.7721181637943726	1.0001328588314231
8.7767148095070233	1.0000130221516053
8.7806711582962915	1.0000575606203557
8.7843880984974039	0.9999796194068994
8.7880303038125440	1.0000395742170762
8.7916623569440802	0.9999728048611557
8.7953128402599177	1.0000305499627071
8.7990012793253936	0.9999748876971897
8.8027454857460423	1.0000220465198157
8.8065759373559906	0.9999831193723200
8.8105459392945722	1.0000129538583173
8.8148016428777964	0.9999473192070539
8.8217432845484769	1.0001251912752176
8.8266506073829145	1.0000231725779114
8.8312270675889764	1.0000810039639887
8.8383606546078202	0.9998679498376922
8.8432204495685625	0.9999830318230706
8.8474137170198812	0.9999529602523520
8.8513670215020568	1.0000089743030753
8.8552878237018344	0.9999765426182637
8.8592952157543188	1.0000097416598372
8.8635637705244879	0.9999451423228639
8.8705054527364844	1.0001260792869062
8.8755102706789266	0.9999722490876601
8.8829436600379843	1.0001692657029444
8.8955228098080408	1.0004350666238029
8.8988491428336776	1.0001400701741658
8.9022346517791942	1.0001800576403230
8.9057179840837239	1.0000506164848029
8.9092381655362907	1.0000935620915541
8.9127364093420738	0.9999904257457126
8.9161925608220400	1.0000630571584967
8.9196098980326006	0.9999638190264403
8.9230029051012512	1.0000513005357623
8.9263866199317992	0.9999555170449625
8.9297712589494775	1.0000460937238376
8.9331650286138142	0.9999549422195925
8.9365710121670023	1.0000433483138855
8.9399929303835357	0.9999568800261770
8.9434304679754337	1.0000413787317417
8.9468854443343613	0.9999591707050842
8.9503561080849874	1.0000395524283217
8.9538435238503951	0.9999610886326110
8.9573454574294420	1.0000377082599121
8.9608629794857553	0.9999625880440212
8.9643942270452701	1.0000357645141875
8.9679411734785148	0.9999639958007953
8.9715034092992756	1.0000334786308420
8.9750850897811478	0.9999659285192468
8.9786888923983330	1.0000302744409446
8.9823234165132924	0.9999693968606832
8.9859978958854914	1.0000249454344163
8.9897314325260993	0.9999762431769572
8.9935516960065218	1.0000153580545761
8.9975166363252104	0.9999851930813627
9.0017697605896174	1.0000505584905135
9.0086630195360495	0.9998632964216039
9.0132122079224359	0.9999875896547187
9.0170954205951954	0.9999357139700454
9.0207244860644202	1.0000231588661443
9.0242782778791550	0.9999541183490834
9.0278275169017608	1.0000289807842593
9.0314143095200663	0.9999666145865866
9.0350674704984666	1.0000230628882785
9.0388264023035187	0.9999809318588928
9.0427515329129946	1.0000126967499030
9.0469953058904036	0.9999491252883955
9.0538491872733697	1.0001444621049171
9.0581105193531872	1.0000019069757058
9.0616886026675836	1.0000832264759079
9.0650362494959449	0.9999621084792712
9.0683193794663612	1.0000650075485431
9.0715958555504059	0.9999535132268977
9.0748864305323682	1.0000551455945945
9.0782009432171638	0.9999534926703892
9.0815427570435396	1.0000485712281275
9.0849170306631866	0.9999566720055079
9.0883264693598296	1.0000426091463308
9.0917782155319991	0.9999618847356566
9.0952786792026092	1.0000355203186162
9.0988413088230740	0.9999697389410506
9.1024830176413669	1.0000252353606698
9.1062365689321947	0.9999820991661795
9.1101593557084684	1.0000132937806632
9.1144023085342738	0.9999493758287644
9.1213241995972290	1.0001314600479512
9.1259809181710665	1.0000176635647686
9.1300596052630389	1.0000479007160938
9.1339838619904352	0.9999944909254455
9.1379733264796013	1.0000202192626693
9.1422390194170848	0.9999518567449295
9.1491534758671360	1.0001372915839581
9.1536762634101656	1.0000119624737607
9.1575489207560086	1.0000624724248817
9.1611944426118974	0.9999782392509435
9.1647862790141321	1.0000412114271802
9.1683971142500340	0.9999746572041222
9.1720679268062053	1.0000264641282379
9.1758394667543293	0.9999830959150358
9.1797724227051081	1.0000134477017273
9.1840181809102717	0.9999488751748945
9.1908956269874924	1.0001391378864060
9.1952982883303562	1.0000060771150248
9.1990191732620570	1.0000729988970747
9.2024898624155114	0.9999668356157270
9.2058766391879256	1.0000570814229131
9.2092397279278853	0.9999567967558707
9.2126016575409455	1.0000498143632108
9.2159732857407821	0.9999551106044287
9.2193586570488808	1.0000454514104395
9.2227632137176254	0.9999566198404057
9.2261896253181934	1.0000414902356816
9.2296443782045809	0.9999600863880019
9.2331323664748535	1.0000365458060640
9.2366639278841927	0.9999657394320199
9.2402500079679779	1.0000291830764050
9.2439112886642345	0.9999750438773046
9.2476774346943227	1.0000172988161531
9.2516091930691360	0.9999862459582687
9.2558533308101687	1.0000503534231173
9.2627364205851084	0.9998605614358294
9.2671530927771055	0.9999920109936888
9.2708977815267755	0.9999278505901894
9.2743967277449695	1.0000298912749208
9.2778209607225435	0.9999450406573771
9.2812295572930612	1.0000383521146501
9.2846507082149490	0.9999540113716689
9.2880951649975216	1.0000378745161698
9.2915742770344192	0.9999609282675208
9.2950961244533108	1.0000330625440448
9.2986754241529681	0.9999691278217713
9.3023296981973846	1.0000238922954199
9.3060921636482341	0.9999814376875614
9.3100202388229132	1.0000126078344369
9.3142646393006867	0.9999485997236678
9.3212144972582234	1.0001254935469279
9.3262120841508001	0.9999733037456473
9.3336495619054514	1.0001706359518650
9.3384397165341539	1.0000223615785107
9.3423980131363038	1.0000685027697849
9.3460591514721472	0.9999801273187985
9.3496424981543971	1.0000439804724723
9.3532374506056417	0.9999747254008542
9.3568921484762182	1.0000276210358061
9.3606504552840466	0.9999831361864943
9.3645750790053377	1.0000136104874435
9.3688186400434734	0.9999492701210477
9.3756785629126878	1.0001429074685495
9.3799681888472897	1.0000024318242604
9.3835786990974785	1.0000797695657704
9.3869610738568632	0.9999636482252567
9.3902840133228480	1.0000603695936563
9.3936090950700120	0.9999566730632126
9.3969615867705709	1.0000484656588764
9.4003567831393688	0.9999595052566901
9.4038053471339680	1.0000383152920100
9.4073226687074687	0.9999675820616410
9.4109272715657575	1.0000260504525442
9.4146530975685909	0.9999810449107863
9.4185590710952738	1.0000127199250231
9.4227975390627829	0.9999494230976455
9.4296446709277859	1.0001458154356275
9.4338396217895735	0.9999990359658613
9.4373615034198739	1.0000858905251093
9.4406668039360451	0.9999594225765768
9.4439173040890392	1.0000663165970860
9.4471676544702508	0.9999512269737837
9.4504366215808293	1.0000556066797812
9.4537328450801947	0.9999515155733194
9.4570589585800402	1.0000485650402444
9.4604196519501098	0.9999549854238124
9.4638173390018014	1.0000423310789048
9.4672589707051902	0.9999604936412293
9.4707508504624318	1.0000350686166537
9.4743063598757562	0.9999686544197123
9.4779424169351607	1.0000246618083211
9.4816918216937065	0.9999813259543090
9.4856121109008900	1.0000126520190467
9.4898543900734360	0.9999488891122632
9.4967860680785705	1.0001292660893968
9.5015010838082965	1.0000198825782436
9.5056779461511862	1.0000415459514664
9.5097599552276364	0.9999975464424862
9.5140581117264027	1.0000578268004130
9.5209869597174901	0.9998624881840779
9.5254556557307222	0.9999907929251189
9.5292559685956899	0.9999321499250161
9.5328177568487025	1.0000259517433034
9.5363160268003071	0.9999510872463498
9.5398138767863419	1.0000318800316768
9.5433447165185399	0.9999625444065500
9.5469268588330412	1.0000277846986088
9.5505841935437754	0.9999739899036344
9.5543471316732944	1.0000168614451352
9.5582769302511945	0.9999859830071951
9.5625205250375966	1.0000501465912066
9.5694067739675006	0.9998609952321394
9.5738366264983625	0.9999914656170992
9.5775967578521328	0.9999288094030347
9.5811096953090118	1.0000293371994002
9.5845445201736279	0.9999454618024383
9.5879583329269451	1.0000385776643124
9.5913768320813801	0.9999531499205899
9.5948075277800360	1.0000397375097265
9.5982574048272156	0.9999578000707520
9.6017285396981062	1.0000378880888909
9.6052268167344774	0.9999619984594391
9.6087560084517865	1.0000341013266061
9.6123254710084698	0.9999673586578048
9.6159449942930824	1.0000277427318918
9.6196341856465999	0.9999758835165610
9.6234214869277519	1.0000168860268441
9.6273662623005034	0.9999862112251255
9.6316138869936907	1.0000508003763895
9.6385289422499554	0.9998672026993415
9.6431675540557169	0.9999838836822010
9.6471896075396817	0.9999458388869736
9.6509947122548869	1.0000132363937815
9.6547657741822217	0.9999691205589583
9.6585903152409571	1.0000127209039995
9.6625522035539824	0.9999839789758630
9.6668051519904470	1.0000500177317355
9.6737127476754843	0.9998651211991338
9.6783031734546725	0.9999862052778031
9.6822441804860659	0.9999396954083918
9.6859349105391122	1.0000207094179512
9.6895463382049911	0.9999571371018717
9.6931421278570795	1.0000278409214813
9.6967566421306479	0.9999663921239503
9.7004086035799713	1.0000253578696308
9.7041218392075805	0.9999757528147940
9.7079260691322968	1.0000161897408941
9.7118809852735719	0.9999859578285520
9.7161313898597079	1.0000510187429748
9.7230634125104221	0.9998707807944184
9.7278363238952608	0.9999786346314429
9.7320673195877063	0.9999586688992279
9.7361812191740160	1.0000018700967530
9.7404894215949085	0.9999403064362982
9.7474257536843734	1.0001336720156409
9.7520109913442390	1.0000110821413264
9.7559274726634566	1.0000603509051371
9.7595938254762640	0.9999771009813346
9.7631846173333905	1.0000422131186020
9.7667720613230902	0.9999715633141093
9.7703928169562584	1.0000307585450217
9.7740768718501769	0.9999769950177818
9.7778581728667024	1.0000178428574427
9.7817986124498866	0.9999866449619473
9.7860451973551008	1.0000508543306965
9.7929285366494678	0.9998610335045701
9.7973622966451046	0.9999918279168064
9.8011186689654028	0.9999281840373012
9.8046207438207507	1.0000304489865623
9.8080387396670403	0.9999439787144309
9.8114304535794634	1.0000403431998834
9.8148218288158855	0.9999510164006545
9.8182203163747488	1.0000421357593483
9.8216325103468893	0.9999549966980573
9.8250596704635917	1.0000410701408926
9.8285062874738518	0.9999582563749450
9.8319739141204963	1.0000385114250321
9.8354682885844014	0.9999619764651407
9.8389933826578080	1.0000344600652138
9.8425587460569268	0.9999672243520414
9.8461744303981451	1.0000279447821889
9.8498602743493269	0.9999757950909264
9.8536449673607436	1.0000169460620814
9.8575881148086246	0.9999862194470661
9.8618353064389002	1.0000507455554857
9.8687460268513227	0.9998663046958348
9.8733533059496228	0.9999850662229147
9.8773317282395539	0.9999430207466669
9.8810824153021652	1.0000163173698520
9.8847828024559998	0.9999642903711506
9.8885084370576539	1.0000183804089315
9.8923157713697378	0.9999798361860118
9.8962688373361907	1.0000114904074631
9.9005203804764790	0.9999472410350426
9.9074676960566279	1.0001250021422745
9.9123583365915380	1.0000233404547723
9.9169304581263038	1.0000804098039540
9.9240596495965914	0.9998659804323333
9.9288342493919846	0.9999848248793691
9.9329227134628102	0.9999476658992019
9.9367629465338130	1.0000133104663647
9.9405546537879310	0.9999698894297259
9.9443919749043399	1.0000127944429966
9.9483609811127280	0.9999840885375709
9.9526159705967565	1.0000502982612200
9.9595516235700750	0.9998706110286544
9.9643360347568066	0.9999783781597665
9.9685775592104022	0.9999588357200424
9.9726981715521745	1.0000019255426671
9.9770081853685468	0.9999401222881289
9.9839912780225486	1.0001247342377624
9.9889066007660947	1.0000226037731261
9.9934862133235516	1.0000804553375939
