0.0000000000000000	0.0000000000000000
0.6795586676339469	0.0010000000000000
0.6831426508071500	0.0008744162017717
0.6871050253121412	0.0010984536032567
0.6914371070352930	0.0012490310500511
0.6960040440823322	0.0014619715064528
0.7006784020942107	0.0018293817460088
0.7133824872320446	0.0032733485868690
0.7191855908865485	0.0039431559628406
0.7271424175342446	0.0056422714122458
0.7305067006946854	0.0061933593436999
0.7336419936190105	0.0071817094196936
0.7368994183185850	0.0080431714021902
0.7402773188059569	0.0093328443597784
0.7437691306720795	0.0106392170978494
0.7473123522756506	0.0123512065847782
0.7509196142669661	0.0141592407006214
0.7545332039671756	0.0163985255924520
0.7581915748524640	0.0188127352555581
0.7618347841936272	0.0217131472335198
0.7655197902332022	0.0248846941943579
0.7691771777114322	0.0286175406746962
0.7728790112148285	0.0327400010797427
0.7765426326555780	0.0375145201357253
0.7802543707843203	0.0428203346046964
0.7839170398286592	0.0488810609178660
0.7876306421466023	0.0556359453473404
0.7912844118894498	0.0632565694696643
0.7949900318846930	0.0717491197812574
0.7986269621731639	0.0812222991799289
0.8023139432446139	0.0917482292876258
0.8059282605341622	0.1033733933398075
0.8095873638964360	0.1162173432255262
0.8131783348335305	0.1302905755314008
0.8168045725670872	0.1457103045024548
0.8203789477424530	0.1625184563608640
0.8239732932818133	0.1807298538153571
0.8275452598747818	0.2005388411183931
0.8311138796609423	0.2216903522786565
0.8347020096255851	0.2447094198006452
0.8382537652442001	0.2688362427814640
0.8418760351019037	0.2951441984586374
0.8454196653866730	0.3221030098801185
0.8490876454052285	0.3515358156084473
0.8526300155555897	0.3809391709314949
0.8563446542150442	0.4129766791787600
0.8598922978795029	0.4441759942445009
0.8636458979570425	0.4779203526272843
0.8672118791354820	0.5100928625513586
0.8710004057415960	0.5444293976010792
0.8746144472752425	0.5767482562766523
0.8784515384847145	0.6105898827955210
0.8821628224500185	0.6423179328189870
0.8860975595947983	0.6748434340161502
0.8900108701079908	0.7056150956352474
0.8941543821067375	0.7364259617431237
0.8983600603533531	0.7655767979185831
0.9029241884330267	0.7947418319550287
0.9109623315168148	0.8391841842383457
0.9163719371995759	0.8647770016491459
0.9213154064125844	0.8850079538754593
0.9289735194405346	0.9113647339268318
0.9339032593432491	0.9252232116398300
0.9388158110896395	0.9375090096783384
0.9437913656996463	0.9475101355535912
0.9487362505708834	0.9560660030307073
0.9659726281513384	0.9768989796240849
0.9709031074013262	0.9806618532729852
0.9749537697508115	0.9834198394600548
0.9788681558502264	0.9856384496647761
0.9828177323089959	0.9876439111073400
0.9868038766213253	0.9893421736172630
0.9907176435386814	0.9908536199760466
0.9945028030533165	0.9920104193416689
0.9980978483949651	0.9930981871167327
1.0015634825018966	0.9938574311958975
1.0049462227973505	0.9946837894576381
1.0083158028518822	0.9952301122201098
1.0116922718880619	0.9958893253275428
1.0151033020894311	0.9963074117534642
1.0185436796043315	0.9968387740591962
1.0220228813524488	0.9971590533912819
1.0255301139550359	0.9975865255588603
1.0290713535078531	0.9978269296744069
1.0326385422724254	0.9981696368881269
1.0362398474569470	0.9983470314824333
1.0398734560590617	0.9986200748925013
1.0435538728746527	0.9987522096256453
1.0472912501116511	0.9989652677199259
1.0511184921722232	0.9990724501872635
1.0550856651583140	0.9992326271409251
1.0593422654732925	0.9992860681159056
1.0662303548963792	0.9996266128605795
1.0709069136708917	0.9995937379289935
1.0749437633952255	0.9996941812494133
1.0787393145734192	0.9996734285569355
1.0824694088674429	0.9997657217806347
1.0862170857887761	0.9997495365598885
1.0900372517941861	0.9998196550162222
1.0939993809313062	0.9998168347565235
1.0982522371533958	0.9999074566714036
1.1052039293487255	0.9997637391573296
1.1102027376929384	0.9999355598612504
1.1169885066010166	0.9996580879766005
1.1223608858381571	0.9999893518410076
1.1278410465635844	0.9996588652208603
1.1335991473182392	1.0001580350148482
1.1388114018321880	0.9997518340341911
1.1420577680208650	1.0000744172230160
1.1463643101527308	1.0000769302022667
1.1507177302065907	1.0000200868823224
1.1593433691235953	0.9996902329840506
1.1623855438118229	0.9999264184737439
1.1666723130676762	0.9999478693853973
1.1742941551895099	1.0001554517857796
1.1773493988184998	0.9999380014085566
1.1806184476697019	1.0000332179509357
1.1842426967751796	0.9999795922776934
1.1883973250042790	1.0000307094723715
1.1953007621744991	0.9998619952708506
1.1996283820031945	0.9999831644312972
1.2034655391442490	0.9999409143894533
1.2072396644396317	0.9999976169973501
1.2111499909632804	0.9999638723180594
1.2153870772638091	1.0000210933957014
1.2225503332099876	0.9998620357561763
1.2273227434826830	0.9999774035925709
1.2316259116498514	0.9999399078822175
1.2359898872278450	0.9999768214195076
1.2431782783597620	0.9997561437228161
1.2483492508217287	1.0000992317128046
1.2533294628212499	0.9998319613845277
1.2582256437615689	0.9999937678337125
1.2643407592148503	0.9998161777394039
1.2688687266941920	1.0000331470555863
1.2726466877899223	1.0000096067588642
1.2764463606966228	1.0000753447812947
1.2806720299761367	1.0000254889150464
1.2876838953879106	1.0002042399788038
1.2920014738737651	1.0000789095341958
1.2960031064232946	1.0000960384205559
1.3002943019762474	1.0000208115759861
1.3073722435017832	1.0001988847741812
1.3121074483095716	1.0000831077180414
1.3164995888792626	1.0001190275656258
1.3208686130124974	1.0000431929233367
1.3266713827177190	1.0002227323830988
1.3363341838373075	0.9996778534292038
1.3420702134853117	0.9998253777005837
1.3464097804524726	0.9998276516677795
1.3500875850187677	0.9999586568883527
1.3535757433361493	0.9999005511583439
1.3570705421543949	0.9999972156834874
1.3606379029220548	0.9999492493579143
1.3642865301328584	1.0000186210145869
1.3680215120698460	0.9999828615051602
1.3718546839210712	1.0000294828653997
1.3758313699485329	1.0000067412170459
1.3800867843679727	1.0000776244705247
1.3868641618325532	0.9998732377070161
1.3909899448252268	1.0000271867854102
1.3944411579106206	0.9999322647911152
1.3977149741797918	1.0000579647445678
1.4009973428227767	0.9999592278310661
1.4043548912618726	1.0000507586473704
1.4078297854353876	0.9999799157638671
1.4114585576437861	1.0000310868723976
1.4153081230305169	0.9999961938131082
1.4195304699022067	1.0000558035808205
1.4263969108621057	0.9998592537920018
1.4305685408401261	1.0000016365091107
1.4341365850049137	0.9999245859167790
1.4375554964542647	1.0000297575385402
1.4409951739621036	0.9999543140265127
1.4445215528000273	1.0000249864895374
1.4481865725904068	0.9999777581329521
1.4520550029758172	1.0000119326989962
1.4562838171783192	0.9999506356263357
1.4631301121987050	1.0001481179981027
1.4672525654878510	0.9999986565594895
1.4707455113601853	1.0000853873265361
1.4740703511191426	0.9999648150798304
1.4773876554484797	1.0000581370117971
1.4807553141133449	0.9999635773548159
1.4842011651016738	1.0000388511342906
1.4877501705551579	0.9999734758329674
1.4914345533126736	1.0000200917849822
1.4953171508973169	0.9999870004654495
1.4995482083224736	1.0000490069066394
1.5064847101097991	0.9998683383183404
1.5111173336840344	0.9999797679633873
1.5152260117608096	0.9999556517154007
1.5192651993110624	1.0000007849177899
1.5235531111370921	0.9999421867411347
1.5304612903965189	1.0001416122881432
1.5347551476682837	1.0000035498093798
1.5383989254943753	1.0000748104550279
1.5418518784779720	0.9999707563712019
1.5452861868349410	1.0000493550509497
1.5487700697165587	0.9999703369139438
1.5523419630814959	1.0000300665218731
1.5560418905598845	0.9999820210637844
1.5599320275611552	1.0000135265482755
1.5641662863635197	0.9999504165388562
1.5710458792639923	1.0001407342453104
1.5753811918255409	1.0000061993673344
1.5790759833202410	1.0000717873989187
1.5825747435772377	0.9999729241418958
1.5860478150470736	1.0000472503946349
1.5895635475209193	0.9999715591437073
1.5931605377916613	1.0000291248266366
1.5968787072729336	0.9999823289191139
1.6007797355256470	1.0000135155345382
1.6050168866967331	0.9999500323936729
1.6119382890239011	1.0001323707209662
1.6165400452159708	1.0000165680225059
1.6205676423806872	1.0000494127725299
1.6244545078426069	0.9999940207691609
1.6284219084785008	1.0000201653637322
1.6326815552599199	0.9999524960797864
1.6395889362609668	1.0001393946633934
1.6440295582960527	1.0000096410593029
1.6478182475160097	1.0000672555929981
1.6513869185168222	0.9999748583948594
1.6549048961382631	1.0000459691022805
1.6584381812192270	0.9999701960876098
1.6620190252187015	1.0000324113453385
1.6656742005194891	0.9999764438113422
1.6694357103123114	1.0000182810953748
1.6733645470758209	0.9999867344576512
1.6776079186888022	1.0000504955390455
1.6845016008609661	0.9998624926960503
1.6889733542192145	0.9999897189816285
1.6927875573066269	0.9999328187262387
1.6963628490011087	1.0000253077933632
1.6998716850128404	0.9999514964042102
1.7033769767334717	1.0000316336233432
1.7069126383605866	0.9999626740145641
1.7104976301816315	1.0000277309093339
1.7141564843974952	0.9999740048967430
1.7179201572290079	1.0000168556637601
1.7218502939027833	0.9999859793040128
1.7260940024742570	1.0000501540114632
1.7330462351034228	0.9998733946358145
1.7380421579646506	1.0000253738758178
1.7455230043655010	0.9998344927407365
1.7505371643088938	0.9999689179873459
1.7548392306146192	0.9999522929158028
1.7589683928988036	0.9999991626226650
1.7632839628986448	0.9999392779402526
1.7702519845598361	1.0001304557226567
1.7749327136497284	1.0000163888376263
1.7790183050842079	1.0000472697057330
1.7829431729687837	0.9999938854891889
1.7869318578512683	1.0000198492719103
1.7911975137696081	0.9999516467758556
1.7981241188324264	1.0001350607045791
1.8027149715468345	1.0000152108717726
1.8066930539389554	1.0000542974526414
1.8104867887265366	0.9999882279065140
1.8142931259526816	1.0000254686732077
1.8182339006746577	0.9999902229014050
1.8224828664111703	1.0000521662607451
1.8294461468177081	0.9998742859635923
1.8343082209687078	0.9999753859794853
1.8388748005293967	0.9999197824549356
1.8460418385365922	1.0001291640790670
1.8509307500552663	1.0000213410699144
1.8552807781321889	1.0000372137591096
1.8596694292013256	0.9999562102885630
1.8667278734015342	1.0001335801314968
1.8717629833575884	0.9999756035544685
1.8792632197155763	1.0001676100657764
1.8842681667722241	1.0000304655991255
1.8885480962602468	1.0000477157463397
1.8926630790891672	1.0000001265521110
1.8969737308319019	1.0000591981539071
1.9039187127551216	0.9998627134613128
1.9083895794851640	0.9999894141420901
1.9122198089186826	0.9999363973235629
1.9158553014272814	1.0000183000013445
1.9194890313455886	0.9999640259819106
1.9232122651517998	1.0000140407809364
1.9271130014127247	0.9999838106792744
1.9313495305383486	1.0000478214952484
1.9381630655064130	0.9998446663790602
1.9421444827404075	1.0000079487067950
1.9454812852375993	0.9998996152812830
1.9486381063075666	1.0000468480797722
1.9517683462512985	0.9999232022920390
1.9549136669669371	1.0000539949659204
1.9580892191996202	0.9999360984728556
1.9612944958856748	1.0000537458158032
1.9645303152983133	0.9999433512650815
1.9677926502256273	1.0000515313015035
1.9710814350710169	0.9999480177952234
1.9743934859177665	1.0000488168421040
1.9777298101919516	0.9999516689027734
1.9810888505515696	1.0000457987539226
1.9844733763510631	0.9999552522053985
1.9878840438656671	1.0000421526025571
1.9913262087317216	0.9999595663290886
1.9948038991692125	1.0000372065554051
1.9983269848623120	0.9999656143894323
2.0019061273595082	1.0000297210376796
2.0055619149095820	0.9999751594133383
2.0093240274306190	1.0000176545990782
2.0132533479583103	0.9999865228426027
2.0174968260529944	1.0000505228020453
2.0244514150268786	0.9998740925787900
2.0293219719580429	0.9999754867904064
2.0338905763717259	0.9999195135765060
2.0409777075670488	1.0001423231134301
2.0454143942189327	1.0000027837104672
2.0490939841618596	1.0000772352497878
2.0525039506454008	0.9999625996593812
2.0558269003584666	1.0000616444346313
2.0591271529552144	0.9999526539466320
2.0624274070357664	1.0000541146291062
2.0657374067662051	0.9999507989917189
2.0690591919237189	1.0000499691843110
2.0723955683073005	0.9999514836367043
2.0757456721641776	1.0000471399396922
2.0791114517107405	0.9999530400024867
2.0824916880952133	1.0000447765816798
2.0858883803482207	0.9999549500008202
2.0893005142278618	1.0000425043209737
2.0927304745596578	0.9999571201802598
2.0961778407826253	1.0000400703536643
2.0996458405459104	0.9999596816316059
2.1031352664363290	1.0000371572667801
2.1066511205189018	0.9999629980226793
2.1101967531273664	1.0000332008691104
2.1137811018384505	0.9999678563758706
2.1174136314849177	1.0000270236111193
2.1211135916898818	0.9999759750322437
2.1249090373491781	1.0000164946779142
2.1288588251890723	0.9999859559730718
2.1331078032968271	1.0000507354835164
2.1399889664703169	0.9998608766738746
2.1444318415397370	0.9999920885205671
2.1481831089973626	0.9999266159151804
2.1516621279156296	1.0000330136277613
2.1550384492101355	0.9999396326362104
2.1583699472132269	1.0000454977519799
2.1616829969996254	0.9999441929633642
2.1649859363367137	1.0000495847885746
2.1682865202361814	0.9999461831252553
2.1715871257759729	1.0000503804280800
2.1748931631597612	0.9999478394155047
2.1782063898060691	1.0000494315775885
2.1815318649569129	0.9999499613254076
2.1848712976831401	1.0000472943831391
2.1882297760569451	0.9999528184456790
2.1916093356629074	1.0000441339868433
2.1950157160136206	0.9999566111912183
2.1984522334535086	1.0000397962503089
2.2019267546755943	0.9999617785146037
2.2054461742603015	1.0000336325764634
2.2090243051463774	0.9999694031365597
2.2126782102414095	1.0000240188127274
2.2164406548066307	0.9999814991276984
2.2203687983401754	1.0000126177976048
2.2246131982224533	0.9999485827469432
2.2315219493636307	1.0001331924070151
2.2361060091903635	1.0000135025874712
2.2400620166413585	1.0000566887051681
2.2437989527549873	0.9999824025805383
2.2474894223792536	1.0000348785670614
2.2512107069728442	0.9999805002020323
2.2550143480906057	1.0000191079499068
2.2589669225889280	0.9999874174127038
2.2632170058998704	1.0000515945284478
2.2701284393544836	0.9998667552428571
2.2747460115684670	0.9999856161365330
2.2787220248778457	0.9999418308077193
2.2824460536537861	1.0000199004669781
2.2860827944975903	0.9999580073281172
2.2896892001494562	1.0000290314698981
2.2932906923189691	0.9999638981416941
2.2968933362240485	1.0000314191192710
2.3005018968088895	0.9999663549042475
2.3041153639664835	1.0000318481177233
2.3077358718636227	0.9999677073019819
2.3113623372107068	1.0000315224413054
2.3149978638862310	0.9999690185709889
2.3186433758066793	1.0000304123271806
2.3223049544146122	0.9999711648200090
2.3259878609381621	1.0000277599065295
2.3297046501613941	0.9999754530639861
2.3334707974414317	1.0000218425544880
2.3373169339834150	0.9999840486153977
2.3412963068243027	1.0000138872625270
2.3455546708608201	0.9999480171158510
2.3524742559182439	1.0001299982780030
2.3572455037043136	1.0000196123130538
2.3614331333278979	1.0000450753050836
2.3654386274098642	0.9999955482100474
2.3694767548631872	1.0000205361992014
2.3737559545738436	0.9999506483657911
2.3806724163095585	1.0001354209010676
2.3853029412879896	1.0000147676561695
2.3892881295747443	1.0000563241397342
2.3930472590542591	0.9999840798345723
2.3967705835947766	1.0000318621897726
2.4005570469444182	0.9999855672903286
2.4044931944060814	1.0000148271241609
2.4087406514218741	0.9999494690111752
2.4156540065010872	1.0001330732459210
2.4202516102172180	1.0000155535886557
2.4242641163036920	1.0000497764848362
2.4281345145907607	0.9999931354528750
2.4320907476027163	1.0000196063196751
2.4363476596215992	0.9999523251927122
2.4432331581717048	1.0001436943338597
2.4475235685161261	1.0000043309910380
2.4511631150162638	1.0000758765133526
2.4546033568960772	0.9999691068161385
2.4580098963098718	1.0000526652967949
2.4614418178157904	0.9999649591371703
2.4649237605853931	1.0000385287562663
2.4684727560187976	0.9999704461499885
2.4721059619554500	1.0000259220927963
2.4758545038540505	0.9999823405031818
2.4797746813010102	1.0000135772889918
2.4840168235912952	0.9999498795106337
2.4908846481664537	1.0001424302526523
2.4952141407361332	1.0000048349656872
2.4988591750442040	1.0000795313518303
2.5022603808640365	0.9999648696398310
2.5055831536209121	1.0000633801500585
2.5088864000601308	0.9999550168570439
2.5121918148091122	1.0000555514565292
2.5155097771106947	0.9999536378169428
2.5188436580864595	1.0000507531958394
2.5221979359293809	0.9999552255020625
2.5255736534820441	1.0000467362641123
2.5289749785778395	0.9999581441207762
2.5324033643359503	1.0000424862439716
2.5358642505268967	0.9999620927051359
2.5393612865160673	1.0000372329383698
2.5429035845102268	0.9999676061827724
2.5465007819651495	1.0000297382742982
2.5501723485600944	0.9999763314294760
2.5539467699462106	1.0000178637393395
2.5578837516003383	0.9999867643346919
2.5621292542448195	1.0000508392587193
2.5690519892121655	0.9998682177400268
2.5736989045554681	0.9999836726408781
2.5777379927293484	0.9999472596110264
2.5815639400547905	1.0000126895186496
2.5853557425912381	0.9999701418838350
2.5891976977848055	1.0000125459964870
2.5931707930045809	0.9999838996964407
2.5974266962652099	1.0000500139196751
2.6043528019027393	0.9998679757184948
2.6090219475280176	0.9999830464267189
2.6130830158181326	0.9999483560617051
2.6169399935478661	1.0000098212594479
2.6207919107080122	0.9999743766582803
2.6247579507811598	1.0000085305060649
2.6290151562114747	0.9999452134604161
2.6360316402352511	1.0001117942562421
2.6411255438345971	0.9999350714371794
2.6491557538934987	1.0001926898792903
2.6532453160950524	1.0000036978765743
2.6567821819066224	1.0000549315330711
2.6602324304259528	0.9999493000433479
2.6637436936092236	1.0000153661881244
2.6673875371407116	0.9999777833703118
2.6712460698226854	1.0000291262054826
2.6754631139652640	0.9999952113713264
2.6831203057475768	1.0000968540747455
2.6882683697375289	0.9996604228590412
2.6919871816887166	1.0000560818254676
2.6953298722990806	0.9999602877810295
2.6985277675241073	1.0001226608630098
2.7017872513497427	1.0000197430500855
2.7051484630684053	1.0001010134286403
2.7086274706186964	1.0000162021442356
2.7122204201196420	1.0000614016308138
2.7159483412932621	1.0000058538518461
2.7198587222620807	1.0000281526363013
2.7240971786055237	0.9999571917815573
2.7310124497902710	1.0001302158682077
2.7358844448648538	1.0000289873952037
2.7402704710873493	1.0000103816493831
2.7446726488232209	0.9998977679863897
2.7514747134248667	1.0001462206758189
2.7558624062000563	1.0000275731619466
2.7597096567520074	1.0000796942839656
2.7635164157844465	1.0000280702545479
2.7674110861142776	1.0000561615181809
2.7714032930000303	1.0000223963584014
2.7754651424557824	1.0000424052696879
2.7795693860231752	1.0000095902191248
2.7836956595296538	1.0000297139259733
2.7878368548935146	0.9999922063019632
2.7920138817778430	0.9999984433665817
2.7963264782436505	0.9998891938539946
2.8012499213789717	1.0003385315249982
2.8064412576548201	0.9998697767819479
2.8105298026599623	1.0000131009361601
2.8139776371388967	0.9999058885099987
2.8173113944882502	1.0000137781184573
2.8207274202298724	0.9999330489625137
2.8242465835608743	1.0000047944040682
2.8278381023700798	0.9999443219968858
2.8314592565971433	1.0000130597816110
2.8350833119141465	0.9999540726373258
2.8387010038483997	1.0000251478296978
2.8423177205313963	0.9999651137281033
2.8459403834419370	1.0000329937763353
2.8495771482204706	0.9999739712198261
2.8532294542823640	1.0000363267461272
2.8568999033442388	0.9999789337991901
2.8605862489981977	1.0000364801142545
2.8642904976965129	0.9999811731786530
2.8680116914151772	1.0000345514498432
2.8717538815701382	0.9999825424783969
2.8755182445966936	1.0000314215680259
2.8793107606660020	0.9999843141323795
2.8831353935950590	1.0000273577337042
2.8870037403108402	0.9999878198417546
2.8909329550994762	1.0000209846340424
2.8949680382188685	0.9999922040861239
2.8992401780993902	1.0000598932685587
2.9056775166746367	0.9997900645698965
2.9108436305532019	1.0001065357949019
2.9158517267601796	0.9997713525886508
2.9201622198334700	0.9999776797838453
2.9246307304985932	0.9999718182757468
2.9293334626458081	1.0003195554310254
2.9340951901155421	1.0000589087513563
2.9389016248283353	1.0001295978080840
2.9445774317897877	0.9996576700519879
2.9503086372192242	1.0002020801527114
2.9555100928980926	1.0001094615835522
2.9615988884365079	1.0002265659025242
2.9687426569090403	0.9996674599747617
2.9885598508381150	0.9999325651213393
2.9940119822419864	1.0003667451415241
2.9991478127728821	1.0001709370980638
3.0056082168051552	1.0001198166613356
3.0182125530641293	0.9996008666361528
3.0222543632336811	0.9998172477547252
3.0259627403749860	0.9997967983982637
3.0302216895085703	0.9998790053521994
3.0374676775469189	0.9997194515773828
3.0411210482229394	0.9999052738720861
3.0444884464049400	0.9998301945179887
3.0479106275835082	0.9999357141805313
3.0514971644960176	0.9998972403822954
3.0553180967403257	0.9999464523944732
3.0595349417578293	0.9998989318530137
3.0664189833390738	1.0001050683302919
3.0710052163141439	0.9999975751404474
3.0749785079573462	1.0000470208203276
3.0787267537975183	0.9999776432935010
3.0823914212370300	1.0000408848097162
3.0860186851339750	0.9999734736288206
3.0896270918715305	1.0000395098087349
3.0932346687868053	0.9999725999085098
3.0968621191192316	1.0000318967953163
3.1005413991577093	0.9999752549810453
3.1043129542278263	1.0000138967072845
3.1082458015104142	0.9999778751892104
3.1124907147900700	1.0000357257119576
3.1197559561671038	0.9999053734094042
3.1235407657420406	1.0000308489616141
3.1269015537963458	0.9999246641679990
3.1301838538030728	1.0000432065469873
3.1335240493043646	0.9999550671334901
3.1369628809762977	1.0000342499154995
3.1405087495371413	0.9999671011281029
3.1441492313414638	1.0000188998704127
3.1478732059428114	0.9999645830293151
3.1516661540087063	1.0000026048942259
3.1555251468147616	0.9999586760729773
3.1594560042835993	0.9999867779275716
3.1634948248120729	0.9999543810468270
3.1677676795954088	1.0000187964200791
3.1741618885976233	0.9997372814287820
3.1793642353831570	1.0001310411076954
3.1843935960237522	0.9999514586925398
3.1893386376822850	1.0002502934498516
3.1942148426007044	1.0000292294368851
3.1990686989966011	1.0002875273904761
3.2039270737308119	1.0000354625478667
3.2087920312927523	1.0002660032222923
3.2136702988054164	0.9999907028886311
3.2185143163861469	1.0001965152232013
3.2233572337217304	0.9998983215020580
3.2282078862590344	1.0000837804561504
3.2330726560701182	0.9997633792968310
3.2379489615358663	0.9999250565473997
3.2427946974148640	0.9995840344489312
3.2476371201272540	0.9997248488817670
3.2542375951475218	0.9997219910971260
3.2571418074582996	1.0000104704428274
3.2600593801992708	0.9998785607329698
3.2631565903260853	1.0000310391818039
3.2664463248024815	0.9999531741772568
3.2699093072097747	1.0000321701242239
3.2735531933208919	0.9999872682252458
3.2774144531183054	1.0000218549330413
3.2816405218021969	0.9999604039237263
3.2885666141313994	1.0001408636258338
3.2931059726049754	1.0000211615609225
3.2970572196620282	1.0000600886601798
3.3008406246151689	0.9999931333941489
3.3046441821470482	1.0000294774807021
3.3085846227776590	0.9999936062007714
3.3128332220308634	1.0000549391526150
3.3197639431033430	0.9998703737503356
3.3244115405405807	0.9999835607930102
3.3284838379754969	0.9999525019862949
3.3324018369007344	1.0000058180279143
3.3363891213368473	0.9999797591671669
3.3406529536933580	1.0000477557034013
3.3475879260976802	0.9998654502424225
3.3522082070339017	0.9999831507049765
3.3562237702995779	0.9999466436676783
3.3600494045062521	1.0000101620268904
3.3638820288818638	0.9999743010510799
3.3678374953543941	1.0000090093507563
3.3720916198876671	0.9999464309876638
3.3790466094118017	1.0001252474817095
3.3840464882693593	0.9999731580712058
3.3915037760758322	1.0001678442414381
3.3964045257227355	1.0000255938132236
3.4005066662739609	1.0000597589161768
3.4043274981258445	0.9999880962228859
3.4080918592546512	1.0000322750367723
3.4119070619750884	0.9999870063399270
3.4158604050823342	1.0000155976710285
3.4201124476105953	0.9999496126793839
3.4270264938332771	1.0001330291245754
3.4316529207573794	1.0000150424622887
3.4356566363664447	1.0000542593046979
3.4394461390662228	0.9999854306420557
3.4432021914722317	1.0000305083568928
3.4470167484564374	0.9999862293288453
3.4509709883378199	1.0000151082903634
3.4552231304007153	0.9999492588086920
3.4621556446670003	1.0001291561629346
3.4669148345425236	1.0000204860550035
3.4711298822494201	1.0000408676209487
3.4752352678211902	0.9999973807632430
3.4795398200301566	1.0000585604880832
3.4865277262489527	0.9998744283391054
3.4914283989425208	0.9999762786583610
3.4960059336155336	0.9999191742872099
3.5031433242281071	1.0001336221769157
3.5079002038270919	1.0000144517025404
3.5119784820715210	1.0000507016763700
3.5158348111272852	0.9999884389916899
3.5196805224446308	1.0000243457386013
3.5236433470775865	0.9999898718147746
3.5278984914529889	1.0000527282257283
3.5348159933440244	0.9998664291950828
3.5394126919905533	0.9999846618283625
3.5433992632619611	0.9999454930039109
3.5471969188761086	1.0000110252194667
3.5510067835220323	0.9999737189354359
3.5549479808133526	1.0000088402316232
3.5591983760629620	0.9999467758187993
3.5661212385352341	1.0001318635718446
3.5707335970463641	1.0000160832848981
3.5747645742117742	1.0000492774370393
3.5786510148273503	0.9999938109790467
3.5826173610975234	1.0000200925198335
3.5868768803044069	0.9999525008506375
3.5938494181072658	1.0001273155903605
3.5987086329363884	1.0000248798175209
3.6032732004197294	1.0000798550101513
3.6103633279777796	0.9998566648260523
3.6147904245283700	0.9999944435899395
3.6184994758739957	0.9999263534011310
3.6219835904355908	1.0000278833032068
3.6254361836883007	0.9999504581873405
3.6289297404544265	1.0000284919635591
3.6325090639923543	0.9999691540639972
3.6362123236127326	1.0000168936490637
3.6401056874238713	0.9999854005545680
3.6443396052963344	1.0000485158516030
3.6512906202340600	0.9998711172526591
3.6560372604186746	0.9999756220873238
3.6603263843449056	0.9999605311639833
3.6646946131911053	1.0000401946718354
3.6717413980486238	0.9998616746398610
3.6762806074244843	0.9999883799198143
3.6801851353092907	0.9999437353958286
3.6838755231595037	1.0000236914335525
3.6875228098051975	0.9999677145716513
3.6911895798047549	1.0000290490254991
3.6949139210878643	0.9999817360887526
3.6987272833009612	1.0000219609466232
3.7026882185767134	0.9999912474351831
3.7069401112863987	1.0000547059907785
3.7138590318585072	0.9998668042761816
3.7182607318583929	0.9999957331698521
3.7220137853020452	0.9999333345189534
3.7255555882628530	1.0000257386586253
3.7290738454126449	0.9999558316614882
3.7326497875529565	1.0000214405228955
3.7363451596265453	0.9999748924724419
3.7402302045316822	1.0000076126279018
3.7444636732202259	0.9999448536979387
3.7513500528183172	1.0001337835772477
3.7557282265455068	1.0000027572842050
3.7594793794264816	1.0000618638126568
3.7630445219940243	0.9999718095599007
3.7665966243056284	1.0000360375046968
3.7702099997745977	0.9999731762864210
3.7739354544099952	1.0000165267156389
3.7778409674784266	0.9999837614059189
3.7820783937299680	1.0000465942837018
3.7889805185208769	0.9998600373383714
3.7934304016954687	0.9999866050072077
3.7972591779952336	0.9999349653516079
3.8008999219876931	1.0000165190735331
3.8045402143081462	0.9999633004033336
3.8082690425747208	1.0000131732676059
3.8121733295016065	0.9999832730472535
3.8164107595835288	1.0000475618884663
3.8232967850274284	0.9998581008559723
3.8276460105856764	0.9999914869333824
3.8313632053092350	0.9999287763293674
3.8348920499980976	1.0000230118400650
3.8384120574581710	0.9999555646216995
3.8419965004065335	1.0000213312577007
3.8457013111260836	0.9999768654288369
3.8495928193154119	1.0000104454348557
3.8538278106072696	0.9999484627076365
3.8607612566807021	1.0001294984411557
3.8654143826823377	1.0000184756828532
3.8695377013164918	1.0000420324278319
3.8735871903742498	0.9999971378690109
3.8778765581614980	1.0000560911737439
3.8848765406329293	0.9998734705395252
3.8897348082698846	0.9999745655528053
3.8943012653002516	0.9999193762579047
3.9014161428020731	1.0001390120264906
3.9059210811812446	1.0000081893733204
3.9097504276132065	1.0000608899055516
3.9134087952659979	0.9999835115315825
3.9171133572985002	1.0000270933591178
3.9209930365174759	0.9999896568725481
3.9252259524561302	1.0000491989168498
3.9322033014153521	0.9998728762223997
3.9370134222785267	0.9999732822256802
3.9415668073148291	0.9999199722942028
3.9486787526469396	1.0001405620497001
3.9530994650624485	1.0000084445136472
3.9569023445095031	1.0000583190324028
3.9606141586151393	0.9999909602311248
3.9644774101739202	1.0000198970030421
3.9687098608805407	0.9999554619905638
3.9754041277652652	1.0001829511384521
3.9788101617929579	0.9999672397134747
3.9817700581846838	1.0001243938537061
3.9847079618863437	0.9999459764664689
3.9877205715709936	1.0000821225251284
3.9908242084383163	0.9999479076973752
3.9940149615271299	1.0000587473478171
3.9972863064619291	0.9999538807450821
4.0006295251594466	1.0000454823919740
4.0040393371714949	0.9999602492092179
4.0075087095558040	1.0000371794691081
4.0110345335846640	0.9999659546238922
4.0146116964234571	1.0000313257794151
4.0182394619749919	0.9999709950779960
4.0219157234123184	1.0000263651440213
4.0256448230261883	0.9999762759403766
4.0294334897239024	1.0000202834934286
4.0333034659128053	0.9999841121859506
4.0372997117150762	1.0000134439872563
4.0415623296034209	0.9999469460334911
4.0484346905203816	1.0001373593481642
4.0533520469564337	1.0000315576363987
4.0577063819674599	1.0000481181945198
4.0619016116198789	1.0000055909940997
4.0662290973752242	1.0000757581634370
4.0731923432891826	0.9999202227583619
4.0781090160678595	0.9999859905086144
4.0826543421649681	1.0000356316396899
4.0927994689183471	1.0003000702597331
4.0966515420916823	1.0000918948118998
4.1005755776034185	1.0000747198967630
4.1048494862653691	0.9999329348258754
4.1100929685253078	1.0002124496077653
4.1400283369291593	1.0001060686112511
4.1456999401582975	0.9999972544335133
4.1553372740418748	1.0003068897472274
4.1627327403410463	0.9997582920298876
4.1886213186586767	0.9999008951537769
4.2157978775477885	1.0000556479086384
4.2242319776050543	1.0003878944080995
4.2280485834111809	1.0001198705912884
4.2313780868461119	1.0001855945025240
4.2347760204215064	1.0000559128061730
4.2383113236211205	1.0000920907261130
4.2419760936728332	1.0000207796168221
4.2457710228406587	1.0000455047651078
4.2497272270723796	1.0000058567705914
4.2539766765926421	1.0000640141500776
4.2602550060409214	0.9997606620052050
4.2654139910344444	1.0000479510345039
4.2707732368101352	0.9997322465093456
4.2763934267052850	1.0003143894686035
4.2815567279073035	1.0001567461279073
4.2865562797905490	1.0003671944918844
4.2914862405651668	0.9999134361899193
4.2960424269370838	0.9999026534236644
4.3001392429614889	0.9998702524277008
4.3041394262560653	0.9999024908159754
4.3081801646154041	0.9999081333555446
4.3123116857573036	0.9999469021305497
4.3166032551795039	0.9998406232756940
4.3216153780129121	1.0002145147690957
4.3300769193354842	0.9997297611496166
4.3362766528902341	0.9999229759673086
4.3412546945926742	0.9998710923786395
4.3479435819213403	1.0002534200642568
4.3529128300415785	1.0000951539313112
4.3570958608575134	1.0000767957060122
4.3610624949820673	1.0000014304857008
4.3650119551125215	1.0000082055082853
4.3690089466228290	0.9999620585104652
4.3730793889398827	0.9999866974035019
4.3771607688656546	0.9999785762179277
4.3812373927301698	1.0000169977772952
4.3852722848896235	0.9999739344680626
4.3892027567509846	1.0000199304311075
4.3929872815411635	0.9999559509182224
4.3966177434528948	1.0000309525077971
4.4001358083064979	0.9999505957742418
4.4036043059722161	1.0000361808279250
4.4070869939161241	0.9999619237552188
4.4106378488119722	1.0000296073117552
4.4143131999003957	0.9999826506825933
4.4181860758743472	1.0000170224420297
4.4224164920784297	0.9999555921883811
4.4293188725496773	1.0001417111035862
4.4337320752292984	1.0000125784888112
4.4375199083972898	1.0000677708555841
4.4411049325405028	0.9999770247983372
4.4446458991539783	1.0000443194238862
4.4481999195942388	0.9999694310182446
4.4517902631496309	1.0000310112650497
4.4554326543020899	0.9999708732243825
4.4591424798075767	1.0000194784780725
4.4629486387670907	0.9999786010047834
4.4669041355957813	1.0000081588435834
4.4711557869649239	0.9999425591156813
4.4780830087749628	1.0001228757478200
4.4829153335818841	1.0000185249627918
4.4872607509458016	1.0000333678595601
4.4916458337568805	0.9999515728284843
4.4986455624243629	1.0001372732231018
4.5035973393250925	1.0000320240788345
4.5081898312997284	1.0000937517052437
4.5152343427439936	0.9998669910566551
4.5201866884169775	0.9999839584016592
4.5245552320501279	0.9999680813487801
4.5289516902567977	1.0000507611567044
4.5350677282184586	0.9997032818706516
4.5408796967086253	1.0002011796581729
4.5499401117910594	0.9996513547513615
4.5556759712279602	0.9999313321578883
4.5599446318176788	0.9999270353574726
4.5639682753462267	0.9999936835634478
4.5680179547667130	0.9999862354901222
4.5721297091253872	1.0000213277427430
4.5764128380211648	0.9999624391646454
4.5844965107919196	0.9999637767878550
4.5927337671527146	0.9998543001878553
4.5969838231764015	1.0000048377318098
4.6012465005270577	0.9999863197843514
4.6055213095481324	1.0000568772703944
4.6101030242304182	0.9996965016784848
4.6139840789738491	1.0000187688717699
4.6184378240048032	0.9999514440222894
4.6229522894682606	1.0000723136177678
4.6271240182742908	1.0000776171341070
4.6310561680988700	1.0001334362206988
4.6349158389457052	1.0000819897105271
4.6388669491655934	1.0000959648307397
4.6431088290092442	1.0000087045954411
4.6498825517921238	1.0001798198066170
4.6547956812829927	1.0000539513671640
4.6591384410934609	1.0000621162891412
4.6635085982066551	0.9999709143375408
4.6703868830675805	1.0001550400214105
4.6749793629854945	1.0000160880159104
4.6788278842474691	1.0000740372742924
4.6823838944783622	0.9999737246862926
4.6858269822470326	1.0000577635849828
4.6892285873372996	0.9999609032465950
4.6926194727845587	1.0000500454086669
4.6960161239060607	0.9999580450150375
4.6994258951270078	1.0000448330088882
4.7028551622900752	0.9999588288716382
4.7063052378045462	1.0000406932632300
4.7097787909803683	0.9999607488665715
4.7132742495485527	1.0000373774756239
4.7167922575385601	0.9999627275753196
4.7203297176003325	1.0000348513527726
4.7238864512432786	0.9999644056526716
4.7274591386582543	1.0000329523290132
4.7310481806104070	0.9999659000757843
4.7346516399052803	1.0000312443486183
4.7382723071524646	0.9999677475833142
4.7419117403724123	1.0000289108325175
4.7455777308839338	0.9999709773435640
4.7492789524995862	1.0000245297410559
4.7530341375128513	0.9999774651237415
4.7568705352156710	1.0000158354978455
4.7608453943626809	0.9999859867942499
4.7651012391320249	1.0000517588165145
4.7720446801115948	0.9998740240338645
4.7769517055121478	0.9999761413994003
4.7815298860674051	0.9999185518404546
4.7886630130822239	1.0001322813918583
4.7934876012695229	1.0000155741125432
4.7976348466205279	1.0000483634924289
4.8015465550917655	0.9999895889880674
4.8054320137203916	1.0000237368639346
4.8094185550718915	0.9999899488851141
4.8136802258065368	1.0000537211445126
4.8206262349639273	0.9998730009432635
4.8254628085777815	0.9999766713003186
4.8298144682367052	0.9999619654140699
4.8341997186354959	1.0000437908773367
4.8412444126239116	0.9998661725985936
4.8461779721445222	0.9999732959291374
4.8507660974761491	0.9999172208701292
4.8579347762389560	1.0001285765523291
4.8630162707590117	0.9999710794866850
4.8705189028247302	1.0001718395946435
4.8753423340822284	1.0000224131935775
4.8793163934558850	1.0000677818432464
4.8829906594333030	0.9999811091497097
4.8865970277659416	1.0000412956854017
4.8902370870720224	0.9999788290794427
4.8939754164653575	1.0000211382684776
4.8978869234582083	0.9999878780025336
4.9021262584462386	1.0000503628632142
4.9090596502439956	0.9998688025585248
4.9137230978314275	0.9999796841749571
4.9178551014051441	0.9999562608177951
4.9219074834564411	1.0000010372152095
4.9261990939931621	0.9999419138631290
4.9331958068571184	1.0001248666358955
4.9380569576409732	1.0000236153554163
4.9426225823892924	1.0000790224367757
4.9497348671378880	0.9998592920286662
4.9542488660701656	0.9999896052322796
4.9580889122476508	0.9999376670908240
4.9617542601815323	1.0000143360814810
4.9654654284671960	0.9999711049913043
4.9693475948931516	1.0000083672094118
4.9735823913178105	0.9999486231412832
4.9802080917071709	1.0001895539119379
4.9834793592586202	0.9999552887978835
4.9862964548784801	1.0001410125033687
4.9890786099151283	0.9999312040540586
4.9919161740496802	1.0001018035552371
4.9948230908324343	0.9999304058151012
4.9977941031102580	1.0000800823722853
5.0008225073481105	0.9999338969485262
5.0038993476594484	1.0000680308204690
5.0070194972149729	0.9999381345500732
5.0101758200190245	1.0000608123898678
5.0133652972247402	0.9999420054999290
5.0165824375068970	1.0000560651202086
5.0198257865402161	0.9999452855308372
5.0230912233451983	1.0000526005294168
5.0263786094654614	0.9999481172136115
5.0296851273313870	1.0000497239139559
5.0330119402984090	0.9999507936454901
5.0363576243124921	1.0000469264587033
5.0397248052079391	0.9999536856970613
5.0431137290534291	1.0000437350486096
5.0465289174062358	0.9999572539899203
5.0499729863912544	1.0000395879578869
5.0534534987980599	0.9999621618300799
5.0569773517884293	1.0000336070162088
5.0605585598918275	0.9999696102209576
5.0642144785094834	1.0000240879290276
5.0679781703434923	0.9999816211359154
5.0719070033443652	1.0000127171914548
5.0761516031238578	0.9999486491020242
5.0830459343899834	1.0001359507880738
5.0875443404566338	1.0000104571120403
5.0913930613025826	1.0000633522769964
5.0950158844959450	0.9999769983728617
5.0985865895687628	1.0000422006310112
5.1021784801366596	0.9999738643156408
5.1058332827281454	1.0000270086383816
5.1095925856112112	0.9999828811098469
5.1135180118782042	1.0000134540402992
5.1177617669322890	0.9999491530860228
5.1246931365165178	1.0001293964107898
5.1294119834928242	1.0000199456920944
5.1335916111825410	1.0000415136319865
5.1376751493679205	0.9999975282895855
5.1419737511730936	1.0000578584204862
5.1488944237350562	0.9998609995306101
5.1533180077207996	0.9999927373010030
5.1570606146759088	0.9999278556534003
5.1605563463675441	1.0000302403666250
5.1639768181985799	0.9999447274064841
5.1673794041900036	1.0000390674282260
5.1707894824089937	0.9999527555447879
5.1742141370140073	1.0000399473762296
5.1776599354433701	0.9999576402431825
5.1811285528224333	1.0000379318744215
5.1846255117305935	0.9999619675207539
5.1881542610589237	1.0000340667064835
5.1917238709083851	0.9999673766551641
5.1953438830365712	1.0000276934064110
5.1990336932293424	0.9999758971135012
5.2028215659624326	1.0000168603478774
5.2067667219245761	0.9999861984552703
5.2110144431877146	1.0000508026184098
5.2179193651427882	0.9998653136326699
5.2224948568347234	0.9999866726251433
5.2264218839061485	0.9999390706929766
5.2300995299876538	1.0000214160942105
5.2336959852497804	0.9999559563608090
5.2372710373997249	1.0000295470345897
5.2408537545854701	0.9999636054718781
5.2444553594779206	1.0000295601629636
5.2480880408086756	0.9999693096943052
5.2517616899145141	1.0000253230270448
5.2554953847587536	0.9999769648715324
5.2593162215356450	1.0000161692089828
5.2632816708906196	0.9999860891529646
5.2675348943121385	1.0000514653674308
5.2744416096303066	0.9998666112888029
5.2790747166915031	0.9999854627332405
5.2830609744072952	0.9999420123559569
5.2867912056826105	1.0000195171549739
5.2904357036259135	0.9999587661502336
5.2940588080308633	1.0000269262040371
5.2976956129592541	0.9999673304306602
5.3013654246311033	1.0000248285850215
5.3050924810643476	0.9999761586613301
5.3089066993116765	1.0000160480636355
5.3128676456916866	0.9999859542287061
5.3171197134368944	1.0000512287197321
5.3240021068918972	0.9998617427103101
5.3284742015112476	0.9999912731126069
5.3322584555379740	0.9999292140525513
5.3357743300051013	1.0000306399464665
5.3391952474231070	0.9999437642513533
5.3425825654705266	1.0000410674443339
5.3459653898753778	0.9999503771637798
5.3493541314743007	1.0000427234105611
5.3527582586123073	0.9999547769966723
5.3561820119437114	1.0000407908889299
5.3596331805129198	0.9999592979064817
5.3631172366366071	1.0000364669824742
5.3666450180168415	0.9999653850467701
5.3702277019798457	1.0000292342182067
5.3738861652162759	0.9999749087677376
5.3776501855146908	1.0000173185593686
5.3815806448866361	0.9999862417030710
5.3858244339451398	1.0000503082571885
5.3927416861105888	0.9998669071818023
5.3973612494656749	0.9999835232749964
5.4013790234838872	0.9999468907790269
5.4052064623220719	1.0000101538236508
5.4090400958962235	0.9999742487153331
5.4129960814101947	1.0000089099330662
5.4172503683193955	0.9999462927067218
5.4241876709654653	1.0001284335551264
5.4289261041175321	1.0000197635925128
5.4331222662608312	1.0000409628769145
5.4372159272500742	0.9999973118575890
5.4415172702698671	1.0000580868982463
5.4484988335758482	0.9998726821495892
5.4533246833756541	0.9999767482862090
5.4576634953831844	0.9999617572532511
5.4620455648431143	1.0000430575752826
5.4690425194929047	0.9998563005797791
5.4736106931316000	0.9999854463559109
5.4774925652721844	0.9999341963232081
5.4811176390464507	1.0000228998662049
5.4846641442235997	0.9999527581049585
5.4881956564153729	1.0000309163562147
5.4917440461672262	0.9999622320648840
5.4953237838405684	1.0000295006895610
5.4989518197875595	0.9999704314730812
5.5026455660033173	1.0000223557490493
5.5064375360774740	0.9999817994512771
5.5103836106428847	1.0000125559401087
5.5146328695531786	0.9999479459572836
5.5215210559585950	1.0001362455493719
5.5260180151684271	1.0000093065780922
5.5298451710814192	1.0000658255905190
5.5334246853763576	0.9999731168609759
5.5369286038370502	1.0000479315072905
5.5404259320055802	0.9999665330499342
5.5439496061180664	1.0000369044469646
5.5475236638141077	0.9999706016357918
5.5511708432887534	1.0000252962106109
5.5549267133313345	0.9999818761283237
5.5588504975988791	1.0000129136115568
5.5630937857927423	0.9999489069614788
5.5699444388403663	1.0001444095829168
5.5741878949254211	1.0000004521769505
5.5777491520972209	1.0000834027913363
5.5810840449229904	0.9999607441522191
5.5843592516837592	1.0000643145051011
5.5876335068012395	0.9999529130134578
5.5909288555003194	1.0000532358647700
5.5942568409648787	0.9999541948451288
5.5976231087959567	1.0000450111267836
5.6010358729308853	0.9999593988768812
5.6045022463648380	1.0000365810931586
5.6080360295136327	0.9999679079558218
5.6116545498184420	1.0000253214032191
5.6153909727889717	0.9999811263732050
5.6193034112423366	1.0000126622659069
5.6235435897559025	0.9999491688118295
5.6304755509629336	1.0001295827085643
5.6351745332377545	1.0000197598733984
5.6393372758590505	1.0000419029796681
5.6434106117315901	0.9999976741406330
5.6477064229871479	1.0000576061953477
5.6546476072052938	0.9998644301687692
5.6591725480109920	0.9999880005609465
5.6630549402443906	0.9999383843050206
5.6667204778691698	1.0000190843672392
5.6703504054905451	0.9999613363935946
5.6740204067885296	1.0000197217146163
5.6777870566475332	0.9999789535532818
5.6817155290484900	1.0000113364617480
5.6859603976021083	0.9999480150748041
5.6928932512794717	1.0001287937255547
5.6976208318361712	1.0000198982478052
5.7018090945996915	1.0000412122460340
5.7058982427873914	0.9999974245438832
5.7101983113317107	1.0000580038122253
5.7171805099903121	0.9998726814490324
5.7220021974791280	0.9999767384455565
5.7263381453470590	0.9999617336386951
5.7307194197535489	1.0000429457637787
5.7377371210818922	0.9998599598787623
5.7424280547804925	0.9999803616339931
5.7464879112626184	0.9999465493437595
5.7503421159547869	1.0000090337520298
5.7541933738062632	0.9999742250695448
5.7581594384105461	1.0000088035145769
5.7624165364752029	0.9999459267692743
5.7693180444953613	1.0001347953707309
5.7738450394405412	1.0000100149126849
5.7777049060192240	1.0000640361081448
5.7813098248128947	0.9999733925517841
5.7848243510228201	1.0000485364072020
5.7883094627895968	0.9999636294213328
5.7917880345889463	1.0000423978876374
5.7952707568944621	0.9999614626674926
5.7987611810945872	1.0000392287359627
5.8022641400456800	0.9999620637512822
5.8057816473944612	1.0000365295696387
5.8093195929367480	0.9999643457133677
5.8128822311269621	1.0000329470591165
5.8164793442111709	0.9999686238089196
5.8201212059196727	1.0000270568688079
5.8238277792365887	0.9999764191302233
5.8276276708859198	1.0000167019356077
5.8315800427989188	0.9999862079505791
5.8358297504438674	1.0000510657119970
5.8427371770315188	0.9998661188617222
5.8473444375433763	0.9999855794970915
5.8513126907820308	0.9999418597978863
5.8550410749608082	1.0000182283373547
5.8587042866685151	0.9999612415168809
5.8623723021968450	1.0000225913553564
5.8660899376422053	0.9999740487997009
5.8698943874646750	1.0000153708281987
5.8738487470732590	0.9999854855379324
5.8780990713855719	1.0000507273292847
5.8850245002599832	0.9998692887124904
5.8897461097141379	0.9999807296019170
5.8938900684347848	0.9999535230495306
5.8978617423874233	1.0000044501910492
5.9018812298953041	0.9999791494072529
5.9061539188186734	1.0000483241091431
5.9130801749285640	0.9998647924485534
5.9177123205481106	0.9999842323247897
5.9217070405273091	0.9999431131680010
5.9254668452312416	1.0000161257876568
5.9291717109727795	0.9999642928540848
5.9328990764284066	1.0000184028691905
5.9367067920496090	0.9999798344444993
5.9406598332057232	1.0000115119320137
5.9449114205358153	0.9999472705033763
5.9518118342082955	1.0001338847015449
5.9563841231456749	1.0000123206194684
5.9603115781805283	1.0000588042251557
5.9640106132038966	0.9999804728574359
5.9676603249288638	1.0000369675721432
5.9713433610231039	0.9999793217686601
5.9751159593230581	1.0000198701135752
5.9790488826948209	0.9999875793772623
5.9832938148863510	1.0000510239853748
5.9901709565437571	0.9998593866346417
5.9945455239577665	0.9999928040132331
5.9982614463735109	0.9999276502290355
6.0017616078247817	1.0000270487285805
6.0052271243441417	0.9999510114698155
6.0087288729627488	1.0000283687178790
6.0123127271181893	0.9999693097368488
6.0160182630788732	1.0000169607534106
6.0199127146538469	0.9999854885864606
6.0241469830575971	1.0000486490518534
6.0309734917922091	0.9998478979615948
6.0350248189732740	1.0000050907517271
6.0384242671033563	0.9999045359038188
6.0416331478870537	1.0000439239819074
6.0448089983524769	0.9999270618332203
6.0479968490728648	1.0000510272461656
6.0512142673067748	0.9999395433117354
6.0544626913514961	1.0000503777013297
6.0577445313192149	0.9999469871226521
6.0610572042716164	1.0000474788464766
6.0644018603572798	0.9999522389074769
6.0677764353919308	1.0000438865386039
6.0711828833870776	0.9999567044933592
6.0746206392651114	1.0000398623756350
6.0780935532199276	0.9999612853720027
6.0816038998568596	1.0000349932139572
6.0851596555564988	0.9999670176920504
6.0887694844062166	1.0000280944205300
6.0924520098902537	0.9999757737506091
6.0962349473389681	1.0000169736630562
6.1001772237837404	0.9999862287041426
6.1044241380277633	1.0000507177808386
6.1113312010555321	0.9998655959713482
6.1159138252041192	0.9999863723881433
6.1198504288762869	0.9999395669757577
6.1235368878626470	1.0000211740730107
6.1271388198854382	0.9999559036724789
6.1307131754913256	1.0000301659508772
6.1342853783987259	0.9999621158013140
6.1378617332070373	1.0000321596728465
6.1414474452933847	0.9999649324796942
6.1450421608138521	1.0000319788134271
6.1486488240858952	0.9999667608890926
6.1522673395297280	1.0000308115195484
6.1559019646527009	0.9999687491567463
6.1595550640044605	1.0000285763989190
6.1632346866013501	0.9999719281309972
6.1669491495715665	1.0000242787386149
6.1707164115467918	0.9999780710227669
6.1745626113912175	1.0000158189512944
6.1785437490070514	0.9999860535952491
6.1828012747793890	1.0000519700289416
6.1897099474657553	0.9998676662518892
6.1943921640443689	0.9999844488657621
6.1984295649389507	0.9999441609477817
6.2022011587131907	1.0000186737907488
6.2058722698593893	0.9999591095202219
6.2095020060903643	1.0000283395475289
6.2131177237499431	0.9999639198672310
6.2167270668478354	1.0000311748115558
6.2203360216470935	0.9999656068287247
6.2239444733266573	1.0000319398917483
6.2275549863305564	0.9999662950973937
6.2311663012822116	1.0000320307759347
6.2347804277530683	0.9999666902168360
6.2383959691168958	1.0000318726682556
6.2420148836344183	0.9999670324887285
6.2456358327928507	1.0000315834513178
6.2492608878290250	0.9999674246956531
6.2528889069052402	1.0000311621360081
6.2565222659763871	0.9999679568768731
6.2601602742616693	1.0000305243089440
6.2638059875099614	0.9999687807730818
6.2674597099792955	1.0000294628357842
6.2711260030680611	0.9999702103398163
6.2748074281955022	1.0000275161688021
6.2785120810125292	0.9999729444257495
6.2822481460138482	1.0000236172210315
6.2860332862956980	0.9999786087521760
6.2898930987045576	1.0000156584104185
6.2938827195726237	0.9999860882976227
6.2981425766397372	1.0000523161670218
6.3050462568369090	0.9998671868891648
6.3097160366842617	0.9999854796898487
6.3137255673618231	0.9999419991303373
6.3174541846103844	1.0000216305599798
6.3210670813467393	0.9999549501653351
6.3246232495395116	1.0000332376537269
6.3281501703435588	0.9999580210619164
6.3316564067688059	1.0000377307038750
6.3351495124108554	0.9999584087268708
6.3386318431244648	1.0000395341850337
6.3421090574910730	0.9999585638599495
6.3455838509371123	1.0000396814321297
6.3490627869352698	0.9999595593143944
6.3525499768287066	1.0000382242227406
6.3560537638660399	0.9999620598332759
6.3595807163299973	1.0000347763334216
6.3631428166306314	0.9999668570219007
6.3667523545730340	1.0000283482701877
6.3704311346645079	0.9999755078091588
6.3742095395376595	1.0000170885005535
6.3781485583962798	0.9999862294254150
6.3823946951821666	1.0000506010542269
6.3892822219290641	0.9998617121967869
6.3937387553258853	0.9999907772118214
6.3975247166568474	0.9999303418528599
6.4010601330683032	1.0000283398500871
6.4045154715277555	0.9999468782921264
6.4079493037546129	1.0000373828179523
6.4113885131086077	0.9999546313763611
6.4148416038705287	1.0000382313535876
6.4183165320458810	0.9999595881751259
6.4218165052450491	1.0000358715782476
6.4253489570453910	0.9999644267619556
6.4289199329191629	1.0000311476783497
6.4325424901619810	0.9999711026269013
6.4362327472011911	1.0000228795184976
6.4400224361158278	0.9999820110415764
6.4439672314234659	1.0000126805526210
6.4482161175447485	0.9999480500331351
6.4551254563366083	1.0001323428145246
6.4597499338973536	1.0000140888820357
6.4637412238389089	1.0000555648857592
6.4674987224422340	0.9999820413272054
6.4711907897327867	1.0000361400474336
6.4748885758614119	0.9999774611962465
6.4786312683795835	1.0000240107887504
6.4824572672148193	0.9999839334967668
6.4864237543207892	1.0000134903929681
6.4906785754174559	0.9999477737172892
6.4975591651448115	1.0001370833531691
6.5020477402201466	1.0000079001092976
6.5058416393179144	1.0000694338549208
6.5093633763976806	0.9999683151306427
6.5127855152310046	1.0000550578865284
6.5161762870986628	0.9999583519802868
6.5195659995873099	1.0000474629524023
6.5229732443613919	0.9999584219493571
6.5264102166338560	1.0000405857652777
6.5298916435781607	0.9999637348360363
6.5334319391165767	1.0000315646984712
6.5370543430356598	0.9999739706208698
6.5407908545804254	1.0000180313862033
6.5447044025286338	0.9999863745431883
6.5489437174958161	1.0000497740926668
6.5558388790157389	0.9998618950106037
6.5602863895640597	0.9999895915454012
6.5640896121401315	0.9999330064946921
6.5676713318963378	1.0000235910418465
6.5712034787578180	0.9999538302354801
6.5747486017405299	1.0000281242270557
6.5783418577270147	0.9999669838027280
6.5820062044359844	1.0000220558017958
6.5857763563218876	0.9999806770926760
6.5897091010165321	1.0000120549645382
6.5939547556960498	0.9999480811031392
6.6008966956887294	1.0001265370622801
6.6057087601003976	1.0000226676450372
6.6100422279098900	1.0000372778461846
6.6144236443905493	0.9999558236176460
6.6214318576695526	1.0001396885325444
6.6261014702041470	1.0000167633092836
6.6301098054640368	1.0000567685755553
6.6338746467875920	0.9999828360792727
6.6375710595662722	1.0000363398100758
6.6412720626885138	0.9999777162202776
6.6450173908042212	1.0000239800774893
6.6488454152383483	0.9999839643922138
6.6528131784199216	1.0000134637075415
6.6570683385273171	0.9999476903717308
6.6639974962663944	1.0001278705724912
6.6688023507908971	1.0000206411475789
6.6730605293962526	1.0000398206099164
6.6771934913620035	0.9999970854861587
6.6815055174004474	1.0000595006682667
6.6884516147411865	0.9998682739395444
6.6931475427113121	0.9999848854774033
6.6971972164663738	0.9999458968837035
6.7009930626288936	1.0000170469462131
6.7047057729542168	0.9999629030977967
6.7083961199629680	1.0000246681534917
6.7120911450252265	0.9999694665577863
6.7157968766365181	1.0000259525274888
6.7195176232960474	0.9999723925284019
6.7232525948624478	1.0000252522701143
6.7270066121844847	0.9999747903929979
6.7307851929667164	1.0000224609067205
6.7346046720814901	0.9999796261599411
6.7384899214209746	1.0000155532207231
6.7424952384190817	0.9999864338525076
6.7467594716798986	1.0000534603866649
6.7536134552984661	0.9998598065256347
6.7580508540319340	0.9999923621590042
6.7618134834889636	0.9999317169790334
6.7653677658864124	1.0000230435347617
6.7689246656692719	0.9999615372345988
6.7725870664881063	1.0000163175724996
6.7764504917646464	0.9999849547228158
6.7806775237526988	1.0000477472484079
6.7875846805450957	0.9998613073756035
6.7919624774143106	0.9999879177276867
6.7957891116402882	0.9999425068608364
6.7995303114522709	1.0000069829413569
6.8034147667115175	0.9999788782329841
6.8076510123725233	1.0000438720748905
6.8146033821752487	0.9998639979891996
6.8191246340935052	0.9999802719865912
6.8231395541506004	0.9999524279832617
6.8271233144744281	0.9999994074214401
6.8313964896439030	0.9999429910257103
6.8384065834265710	1.0001239935105299
6.8432178212172303	1.0000234193080504
6.8477705353726650	1.0000765487584133
6.8549350526645858	0.9998643297936247
6.8595418978951814	0.9999852440328875
6.8635300913518771	0.9999484449218681
6.8673786457749637	1.0000058913784569
6.8713233731748149	0.9999782419564177
6.8755758356237626	1.0000433872420984
6.8827460454538185	0.9999007075086025
6.8912728829531629	1.0002642360813234
6.8955864884298084	1.0000989235912061
6.8992847983566037	1.0001480466797268
6.9028988849604973	1.0000561712638896
6.9065422658872384	1.0000906362000483
6.9102470083149798	1.0000181047374108
6.9140434399733754	1.0000320666078431
6.9179907160782763	0.9999764870769984
6.9222233003065154	1.0000120493537914
6.9285306078160360	0.9996763403980237
6.9337687279213522	1.0000332706291730
6.9387774823642898	0.9998184765111444
6.9436959987501918	1.0000885558319876
6.9485884816379322	0.9998417689158043
6.9534732743056669	1.0000810538286462
6.9583622462154597	0.9998169638651685
6.9632100314317489	1.0000382122649278
6.9680577394844780	0.9997603654803573
6.9729132273571901	0.9999706953368143
6.9777816929641014	0.9996806010211874
6.9813756137457723	1.0001438751651035
6.9860160889166565	1.0001131505102905
6.9907960933369484	1.0003207339961668
6.9957784291694498	0.9998139518395048
7.0041418440908769	1.0002986469539279
7.0082363807393770	1.0000549160670422
7.0115326180084692	1.0001504309607427
7.0148115973419829	1.0000111354752732
7.0181776441572596	1.0000808292367269
7.0216231828728235	0.9999861955632174
7.0251266055127219	1.0000504577980176
7.0286694888187213	0.9999731653787509
7.0322390157517569	1.0000372902671391
7.0358292181335464	0.9999679134334569
7.0394357597468780	1.0000311775154980
7.0430590113695439	0.9999667551077543
7.0466979659850608	1.0000277287007864
7.0503553657401330	0.9999676001805081
7.0540316058040453	1.0000250142731737
7.0577312085327533	0.9999696504092650
7.0614570747716616	1.0000218470094302
7.0652184121141985	0.9999733355016750
7.0690266248188633	1.0000165121259998
7.0729076616009383	0.9999806007490747
7.0769096779301597	1.0000098798925858
7.0811741202596732	0.9999432324060689
7.0881006226485619	1.0001237922479718
7.0929711502315618	1.0000182336568608
7.0972922991919436	1.0000359065272748
7.1014662395612165	0.9999942051186153
7.1057895043167818	1.0000585101094834
7.1127363424316767	0.9998684871036776
7.1175253275181509	0.9999820436214431
7.1216790233809402	0.9999500722085076
7.1255825645565114	1.0000116580669436
7.1294232917839180	0.9999712776440555
7.1332946018018655	1.0000127843205795
7.1372835997508863	0.9999846787239240
7.1415442757923095	1.0000518129059595
7.1484410763061081	0.9998652535584743
7.1530165144063531	0.9999885303391397
7.1569306268649848	0.9999396686421406
7.1605963257456100	1.0000226559997938
7.1641963291726585	0.9999594719080414
7.1678057101342594	1.0000263906160713
7.1714730206406649	0.9999739011020006
7.1752386781706381	1.0000176078904346
7.1791690091767366	0.9999870522102320
7.1834129105056048	1.0000513853847217
7.1902910580386754	0.9998605888160960
7.1946701346814423	0.9999942039986580
7.1983814219076390	0.9999275183711345
7.2018609065789327	1.0000307864721383
7.2052835398162092	0.9999472961908090
7.2087124657184916	1.0000361353075955
7.2121817458594473	0.9999602090837211
7.2157107247361392	1.0000306997945383
7.2193245206378629	0.9999732410947597
7.2230549360509455	1.0000181360882598
7.2269649553753226	0.9999866224647546
7.2312032763308070	1.0000500081449324
7.2380938778396189	0.9998612735201615
7.2425090325224764	0.9999905818777518
7.2462870656117095	0.9999327922255666
7.2498630528869459	1.0000223093145479
7.2534182981016500	0.9999579132434768
7.2570284306349953	1.0000214608149312
7.2607509160077317	0.9999780411578185
7.2646527216300196	1.0000112991358467
7.2688904925582980	0.9999489689651345
7.2757498843739024	1.0001438723620957
7.2799910475417073	1.0000013421798704
7.2835676230438127	1.0000814233153548
7.2869302179100366	0.9999632595911476
7.2902406012783452	1.0000613711501329
7.2935537551506986	0.9999557155164689
7.2968886088919476	1.0000505708380851
7.3002536912823226	0.9999563281376536
7.3036516140935497	1.0000435093523765
7.3070871949149252	0.9999599904052719
7.3105635013818766	1.0000371496240212
7.3140889027344445	0.9999658644409634
7.3176726015696589	1.0000292633382943
7.3213336927048349	0.9999751785962696
7.3251005640892757	1.0000173077214867
7.3290330011604192	0.9999862717779462
7.3332772719874963	1.0000503948374508
7.3401870197462529	0.9998656350170266
7.3447644027387735	0.9999858420227672
7.3487091186642566	0.9999410471783637
7.3524234187441051	1.0000182267432960
7.3560798660357474	0.9999611016867912
7.3597459403399377	1.0000224075863298
7.3634643426611985	0.9999741084885142
7.3672705289623925	1.0000152778730900
7.3712262881706758	0.9999854594924036
7.3754769246120668	1.0000507615815559
7.3824039849508800	0.9998696984196392
7.3871409529508361	0.9999804181637405
7.3913022224776253	0.9999541273095934
7.3952883457614194	1.0000043108815222
7.3993169850588973	0.9999791776835671
7.4035921308108552	1.0000486468621017
7.4105553195770488	0.9998721369235187
7.4154612771949786	0.9999751807920801
7.4200396271990376	0.9999181916385578
7.4271667566853798	1.0001338102106681
7.4319111151808679	1.0000119487372756
7.4359324263018927	1.0000567410279992
7.4396637925709657	0.9999774109982130
7.4432835474502106	1.0000427272020784
7.4468592727478988	0.9999674445854547
7.4504162412616006	1.0000383023171020
7.4539657296352866	0.9999642955542845
7.4575107128416747	1.0000368478351238
7.4610549213196169	0.9999633645859903
7.4645985907694357	1.0000361523372538
7.4681451290782119	0.9999634530192248
7.4716951337767039	1.0000353129390769
7.4752529212459580	0.9999643648181618
7.4788202898983496	1.0000338114070664
7.4824032767865587	0.9999663315228214
7.4860060999351123	1.0000310617522854
7.4896384972436314	0.9999700432387300
7.4933104891724271	1.0000259419450523
7.4970416792660473	0.9999771229282695
7.5008600453200547	1.0000163847759418
7.5048237814100620	0.9999861856661466
7.5090765800245736	1.0000514607365554
7.5159827708127764	0.9998664359027002
7.5206077785498433	0.9999857337257233
7.5245836697450761	0.9999413439059460
7.5283009172820172	1.0000203965609864
7.5319271817276308	0.9999572171619459
7.5355226551674646	1.0000292406082119
7.5391163863603960	0.9999636573671593
7.5427189095099161	1.0000303171655689
7.5463407854181890	0.9999679187235314
7.5499888466126963	1.0000277560461088
7.5536763934910871	0.9999732973707027
7.5574191215109421	1.0000213161247358
7.5612479268757822	0.9999826462059979
7.5652166798884117	1.0000127300166981
7.5694721087069112	0.9999472444664476
7.5763761864266366	1.0001322642702621
7.5810201485306825	1.0000137828373989
7.5850185286427028	1.0000558667392589
7.5887698693103554	0.9999810064976897
7.5924464197045127	1.0000372085903984
7.5961236812177733	0.9999763672764818
7.5998449680651454	1.0000247752023645
7.6036525145743372	0.9999835275855522
7.6076069739111629	1.0000134190107910
7.6118586534700867	0.9999481300783744
7.6187337894865834	1.0001386664301841
7.6231644325899390	1.0000064181871602
7.6269039352766734	1.0000722970292222
7.6303837276334150	0.9999667999067944
7.6337737185547363	1.0000570216845563
7.6371369208916704	0.9999566373089478
7.6404974998514286	1.0000499467033188
7.6438670143070109	0.9999549174918486
7.6472493830091794	1.0000457638492088
7.6506491699810448	0.9999561201838068
7.6540673927770744	1.0000423907544027
7.6575080358043248	0.9999586456495151
7.6609724261900753	1.0000388680562664
7.6644658238246315	0.9999622352164131
7.6679917505724928	1.0000344273454487
7.6715591864309047	0.9999674456450138
7.6751776250250048	1.0000278242918108
7.6788663365344405	0.9999759219003087
7.6826534914430145	1.0000169004108606
7.6865982341775307	0.9999862174190206
7.6908458387215699	1.0000507996090275
7.6977470909731469	0.9998646149970792
7.7023932141395148	0.9999819729891776
7.7063993467238712	0.9999398125051313
7.7101499591877021	1.0000154488852488
7.7138069853655304	0.9999547988685816
7.7174256073770700	1.0000251313153581
7.7210308407447990	0.9999598577714552
7.7246301465750360	1.0000284039392138
7.7282311345752888	0.9999627335151291
7.7318368204317460	1.0000293256468256
7.7354535044038437	0.9999657662453262
7.7390838719122925	1.0000289989645350
7.7427333897811907	0.9999692377695439
7.7464034477620443	1.0000279452541059
7.7500978793419835	0.9999727147718773
7.7538162420344712	1.0000265296601150
7.7575606729250461	0.9999757269635047
7.7613291579676007	1.0000249846442080
7.7651227212572955	0.9999780538984673
7.7689386839522889	1.0000233697144698
7.7727782794672340	0.9999798561453347
7.7766401722096390	1.0000214184412604
7.7805289794610477	0.9999819190896130
7.7844501970596047	1.0000180292896279
7.7884224526390895	0.9999861693404126
7.7924835740267921	1.0000140958085719
7.7967643836233576	0.9999450268902812
7.8036839395510196	1.0001256928431190
7.8086648911743612	1.0000221711213959
7.8132609780151050	1.0000834786620010
7.8198984632271920	0.9997887132158573
7.8251543592738271	1.0001131893502466
7.8302023904712863	0.9997686613358975
7.8343892417868961	0.9999975791421276
7.8384291086084188	1.0000245033138271
7.8421781349000508	1.0001105192359347
7.8457268841535939	1.0000229848147719
7.8491535151211149	1.0001052201712135
7.8525418867378187	0.9999991158654227
7.8559386490991026	1.0000748791251526
7.8593789748817215	0.9999818703441280
7.8628841054374670	1.0000436021698775
7.8664795359190736	0.9999760662566157
7.8701973020215590	1.0000154084481103
7.8740996269563492	0.9999792176418109
7.8783361366278575	1.0000393969571144
7.8852452354872575	0.9998524643335399
7.8897573795157019	0.9999746801296668
7.8936545279752561	0.9999288125982535
7.8973567021700166	1.0000049933407351
7.9010477110591131	0.9999563095989261
7.9048145280837661	1.0000042536446130
7.9087417658907357	0.9999756929956769
7.9129853165164921	1.0000415716850917
7.9198870316985568	0.9998567106287845
7.9243687885834699	0.9999835324706723
7.9282085454558358	0.9999310217781222
7.9318265747752177	1.0000180692530769
7.9353983148354557	0.9999536927983971
7.9389919659296364	1.0000221017582465
7.9426511219673639	0.9999697447933978
7.9464128531851799	1.0000139822309819
7.9503413781966055	0.9999837917977600
7.9545846838357219	1.0000484232112727
7.9615003612114847	0.9998652084437566
7.9660991772315679	0.9999836150737504
7.9700834723959710	0.9999435504023954
7.9738589793180044	1.0000131895412434
7.9776081663289187	0.9999678759971399
7.9814174988573701	1.0000124066758664
7.9853704185195307	0.9999835722972212
7.9896208700850764	1.0000493848957683
7.9965668311991731	0.9998717271334634
8.0013911437831542	0.9999756967764700
8.0057355250264290	0.9999613049749646
8.0101185752570210	1.0000431022558329
8.0171571875496337	0.9998646658416909
8.0218050462000772	0.9999892992859079
8.0257750728339907	0.9999449338860549
8.0294660183511581	1.0000289709354859
8.0330523044094893	0.9999614484139240
8.0366025376424606	1.0000387177763286
8.0401544141665315	0.9999691541629294
8.0437244235910370	1.0000383530823269
8.0473254680279585	0.9999744619556836
8.0509616733816909	1.0000349269429154
8.0546381243222456	0.9999788378632672
8.0583543193314462	1.0000313430542784
8.0621121859229099	0.9999828300023486
8.0659093022004225	1.0000285674802425
8.0697461100004926	0.9999863113652437
8.0736192249133047	1.0000262412205054
8.0775284468794197	0.9999884534375343
8.0814703843995161	1.0000230493773496
8.0854455128114129	0.9999879541075677
8.0894535919603019	1.0000160662129156
8.0935027586399784	0.9999824723367583
8.0976174337940314	1.0000013940385317
8.1019126736149936	0.9999175267472943
8.1073347854703073	1.0003317765910091
8.1128185703170299	0.9997868291335833
8.1221991688430268	1.0003823746064151
8.1253870768287975	1.0000620382085543
8.1285257704127947	1.0001403694846287
8.1320528328154360	1.0000323601134573
8.1362112007868355	1.0000391977492522
8.1432275120387239	0.9998355446884205
8.1469737884944688	0.9999867325188572
8.1504992022607610	0.9999281412783357
8.1542337228703001	0.9999845419807935
8.1584359878921209	0.9999392808347914
8.1652311042943282	1.0001642305318565
8.1687293373391441	0.9999729376147156
8.1718933641204696	1.0000909700486471
8.1751408905754008	0.9999745323454308
8.1785955520292966	1.0000355185245584
8.1823406185601755	0.9999923077543025
8.1865376901897715	1.0000464457301921
8.1935310910142114	0.9998703122889219
8.1979160062873646	0.9999873999862267
8.2018088300253531	0.9999464697768414
8.2056219642178014	1.0000005893051096
8.2095566319143440	0.9999721017150737
8.2138031599105137	1.0000430614419693
8.2208824047694247	0.9999213093340371
8.2256502626482071	1.0000135258508864
8.2299490258260644	1.0000361272392340
8.2341176840713359	1.0000274429994180
8.2382767695339254	0.9999756991097865
8.2424085157344376	0.9999919537195531
8.2465210089105536	0.9999564776561055
8.2506635892711646	0.9999871620947058
8.2549692892008579	0.9999248197970506
8.2618394101212864	1.0001428918863251
8.2770690025047262	1.0004647896919177
8.2803448655816307	1.0001439382125943
8.2836693819548906	1.0001927992686728
8.2872554688860820	1.0000963343936611
8.2910343038444463	1.0000946051877480
8.2949758959608459	1.0000480193812529
8.2990525957657439	1.0000708249247958
8.3033229825895418	0.9999964204760764
8.3101397150568772	1.0001352800532703
8.3149427985477988	1.0000162175437155
8.3191828553747094	1.0000327169246128
8.3232954061404048	0.9999855116400662
8.3276037711311783	1.0000461359707673
8.3349323726190878	0.9999252245200062
8.3441555903585787	1.0002098503525418
8.3487840964147715	0.9999885753741903
8.3532937299937124	0.9999678691119224
8.3586544531418383	0.9996280537713655
8.3638727126703696	1.0000349114338878
8.3688732241722352	0.9996949665393974
8.3723512075569388	1.0000281104913329
8.3765841094225912	1.0000202956108792
8.3808727531245353	1.0000475917422254
8.3854887571753718	0.9996238581349723
8.3890326411755503	0.9999786818800379
8.3927169806984132	0.9999389004925143
8.3962038940622747	1.0000559455567004
8.3996001844079409	0.9999675296412186
8.4029766859073103	1.0000631475205182
8.4063948837708562	0.9999803239926978
8.4098994920676642	1.0000497050692334
8.4135436922036941	0.9999986952194372
8.4173989588208311	1.0000320978344124
8.4216244225931707	0.9999696868235867
8.4285183637854235	1.0001537806484266
8.4333625046201206	1.0000525307277677
8.4379242798551122	1.0001100478808032
8.4450054959553320	0.9998847677174640
8.4499717428646175	0.9999901715099684
8.4545756541339454	0.9999280576926096
8.4616786777249757	1.0001575651495020
8.4661783583096799	1.0000226596316537
8.4700264282951050	1.0000683650446636
8.4737664405146749	1.0000011710411651
8.4776447154080969	1.0000284792583518
8.4818812735695861	0.9999626824737832
8.4888195861958824	1.0001445796648660
8.4931765890147819	1.0000149032944003
8.4969622533924394	1.0000652543936104
8.5006216376968613	0.9999889097712766
8.5043401598771098	1.0000299437861604
8.5082312559874254	0.9999925506985444
8.5124665355027140	1.0000521491947769
8.5194099874861653	0.9998697161910013
8.5240362662239590	0.9999807178940006
8.5281402472513452	0.9999562027386364
8.5321769460085868	1.0000012311697626
8.5364641078678041	0.9999426129452660
8.5434205217263468	1.0001329752155468
8.5479841049576013	1.0000150288196998
8.5519662077552248	1.0000510813477175
8.5558173701706632	0.9999936408597326
8.5597632089527043	1.0000203217771440
8.5640171084515924	0.9999533394048054
8.5709494848890859	1.0001357296105002
8.5754979656484522	1.0000162051305319
8.5794704975645733	1.0000520374547326
8.5833154385622308	0.9999939359232646
8.5872578312667507	1.0000204983545586
8.5915107732090448	0.9999535139525604
8.5984909742008391	1.0001268770650540
8.6034899694715854	0.9999750125469995
8.6109096634236053	1.0001771693190997
8.6154614493381665	1.0000170192432389
8.6191702637454064	1.0000848125097137
8.6225967024378072	0.9999686459625341
8.6259418277753177	1.0000623858748194
8.6292700107289910	0.9999564607765042
8.6326001074411689	1.0000531892799016
8.6359363422610080	0.9999526860832628
8.6392756039119760	1.0000500952699336
8.6426159639049303	0.9999508757888101
8.6459528747093426	1.0000496989834124
8.6492856449675397	0.9999495127289626
8.6526116576221153	1.0000502232498143
8.6559326875822027	0.9999485793021112
8.6592485243129111	1.0000505775495314
8.6625632447106931	0.9999484721006023
8.6658786031605057	1.0000500562292609
8.6692003505016846	0.9999495756683227
8.6725316228271687	1.0000482307468808
8.6758794136956041	0.9999521686726504
8.6792481408797268	1.0000448043268200
8.6826463670002862	0.9999565433714229
8.6860807697128610	1.0000393669255403
8.6895633850956226	0.9999632991737291
8.6931066398193089	1.0000309641432343
8.6967325563831235	0.9999738912606537
8.7004721554808313	1.0000178175892427
8.7043877142267885	0.9999862884104774
8.7086275328915761	1.0000498009476935
8.7155050676078449	0.9998587034699830
8.7198574249285858	0.9999936402633198
8.7235444243428084	0.9999246477452136
8.7270001804135191	1.0000311973718450
8.7303932718654060	0.9999432422650444
8.7337794129657826	1.0000390674976893
8.7371836180681530	0.9999529068338328
8.7406133421612004	1.0000386331544995
8.7440763248841993	0.9999594742247394
8.7475762559492125	1.0000348242476778
8.7511220902415570	0.9999660402834603
8.7547229684157450	1.0000281037091558
8.7583979659789559	0.9999752582260752
8.7621751549926596	1.0000168509869571
8.7661138869075721	0.9999860349570854
8.7703598504743674	1.0000504134263020
8.7772693525592320	0.9998657173333562
8.7818591183949888	0.9999856699094790
8.7858110457589760	0.9999407728918243
8.7895221751929018	1.0000191696846890
8.7931607758195263	0.9999588342003893
8.7967879903899284	1.0000260118532194
8.8004357529374264	0.9999679844403609
8.8041202539687102	1.0000239374924635
8.8078627652394239	0.9999766339597369
8.8116903791343990	1.0000157058590546
8.8156601020180272	0.9999858825427742
8.8199144608894535	1.0000515042392319
8.8268592063146780	0.9998739417293546
8.8317631945145045	0.9999759245139743
8.8363405116523150	0.9999184310598408
8.8434799187591793	1.0001310969772390
8.8483348016231762	1.0000161429447076
8.8525224324307636	1.0000463159695401
8.8564739508220640	0.9999902364556075
8.8603922096848429	1.0000227288919581
8.8643996963815219	0.9999895454547661
8.8686669523008081	1.0000541574205470
8.8756101999746395	0.9998733712476219
8.8806132326490115	1.0000271845536837
8.8871673484550175	0.9996962801141382
8.8925502804245653	1.0000018737158136
8.8993701237796987	0.9998458674661661
8.9038300789475784	1.0000390860679782
8.9074953399268662	0.9999742546811916
8.9109760999622694	1.0000725612051906
8.9144336126230090	0.9999870243193619
8.9178804065643416	1.0000686609334761
8.9213144282518080	0.9999758013938864
8.9247289709282320	1.0000606297401005
8.9281295846731279	0.9999650786371084
8.9315215329432540	1.0000535273117863
8.9349139020500132	0.9999597791030336
8.9383114627471514	1.0000481502752523
8.9417201512165079	0.9999584629581296
8.9451414249528050	1.0000442884024818
8.9485784030248059	0.9999591299155803
8.9520303470720304	1.0000414363085850
8.9554989043984605	0.9999604803222024
8.9589822869151750	1.0000391530199098
8.9624816567446803	0.9999619027477767
8.9659950707836131	1.0000371157042247
8.9695240598730805	0.9999632987774202
8.9730674735414766	1.0000350040185353
8.9766282544035647	0.9999649650408188
8.9802073183283113	1.0000323398586621
8.9838106320435784	0.9999675865375048
8.9874434321327463	1.0000282586185503
8.9911182152764493	0.9999724652732113
8.9948506015272418	1.0000210193262318
8.9986716115241041	0.9999818067261693
9.0026355665503495	1.0000119438055557
9.0068896790114259	0.9999466172097585
9.0137816037454765	1.0001340463483248
9.0183385684640562	1.0000102305229499
9.0222278679580938	1.0000617636767313
9.0258645345855690	0.9999752400710582
9.0294236301160975	1.0000439239544021
9.0329790622285433	0.9999698784455650
9.0365695943170241	1.0000321016452229
9.0402272707599014	0.9999762244549474
9.0439880514248898	1.0000184600909501
9.0479157415671594	0.9999869990300595
9.0521589507830384	1.0000508572315427
9.0590160291229598	0.9998560757049452
9.0632790926150744	0.9999984814162501
9.0668607578166931	0.9999175257180571
9.0702092389714561	1.0000385467578350
9.0734939468868330	0.9999357587746813
9.0767697575977486	1.0000472927089585
9.0800609029441759	0.9999456094798319
9.0833740267934875	1.0000473532772138
9.0867159308775918	0.9999521444312121
9.0900885486220471	1.0000441257199770
9.0934979319621423	0.9999580288842845
9.0969480225450621	1.0000387958089374
9.1004484974316284	0.9999650013656134
9.1040096077235031	1.0000307691684724
9.1076515736555219	0.9999751309051002
9.1114038155589760	1.0000181920909132
9.1153272491591846	0.9999868735710106
9.1195691236498817	1.0000506311215747
9.1264941599835492	0.9998685194574706
9.1311475992678091	0.9999820672101686
9.1352261777059311	0.9999517077753698
9.1391487965786151	1.0000050321878335
9.1431388155719624	0.9999792048675482
9.1474034043899870	1.0000474270927304
9.1543209778108920	0.9998620255464400
9.1588397767335579	0.9999872138817302
9.1627115462098221	0.9999365503113777
9.1663548265104868	1.0000208456956896
9.1699464202631003	0.9999577483519567
9.1735555719296737	1.0000243450767328
9.1772265642416553	0.9999724628472701
9.1809967474740120	1.0000158354182180
9.1849303258222861	0.9999854512799823
9.1891750018293603	1.0000499678890897
9.1960553937943494	0.9998598302053726
9.2004549747538000	0.9999927898482087
9.2041759002771961	0.9999258319333603
9.2076453288962110	1.0000320146358417
9.2110327068453337	0.9999417671473568
9.2143949821242845	1.0000420451562679
9.2177577978144694	0.9999490494641992
9.2211287802302238	1.0000437298393419
9.2245151609347449	0.9999534234649318
9.2279191556449049	1.0000422269944940
9.2313466108185249	0.9999573937519459
9.2348008201767620	1.0000387729905418
9.2382898402634961	0.9999623457120385
9.2418208101052137	1.0000331341800290
9.2454079000428511	0.9999697129766155
9.2490684947750115	1.0000238436176716
9.2528356275347026	0.9999815988072224
9.2567665418828966	1.0000126485526275
9.2610117042158286	0.9999485156771476
9.2678919281431824	1.0001384503564619
9.2723113786571769	1.0000069038142794
9.2760558898646241	1.0000710344647876
9.2795561471778942	0.9999690308489405
9.2829799545028227	1.0000538502609373
9.2863896377716486	0.9999605763565268
9.2898102653268886	1.0000448899567946
9.2932557542430168	0.9999610573190394
9.2967342859491762	1.0000379833883728
9.3002571253917861	0.9999658706230997
9.3038357651692198	1.0000297921194627
9.3074910087801026	0.9999750391400101
9.3112527023837970	1.0000174876722172
9.3151817509724140	0.9999863145944505
9.3194251622988276	1.0000502978326751
9.3263775592219513	0.9998734755560719
9.3313733616291454	1.0000253906323155
9.3388176292114036	0.9998286692934432
9.3436033436126049	0.9999765232455179
9.3475622489810419	0.9999304810886883
9.3512230041771005	1.0000187424252418
9.3548078971807485	0.9999549787933162
9.3584027188236192	1.0000241593442176
9.3620588472031780	0.9999713136887468
9.3658167306523996	1.0000157677520116
9.3697425371194871	0.9999852945378910
9.3739851702355956	1.0000496112752975
9.3808486540706095	0.9998562192815924
9.3851389888320167	0.9999963680182914
9.3887530895862703	0.9999193431356247
9.3921371090673951	1.0000351414091164
9.3954629386385715	0.9999386874901093
9.3987889963071538	1.0000421453969175
9.4021438251545568	0.9999505362594685
9.4055394759852078	1.0000393443651148
9.4089898982809483	0.9999606489915718
9.4125072644350496	1.0000312991798364
9.4161133500034513	0.9999728857801923
9.4198387915476687	1.0000178587441870
9.4237459524914815	0.9999861831891769
9.4279834977582571	1.0000494524185097
9.4348335188030443	0.9998531559563466
9.4390250117851195	0.9999999304735193
9.4425461923177227	0.9999129201756403
9.4458493238988286	1.0000395681759751
9.4490993213492835	0.9999324863375291
9.4523475354875686	1.0000477651861188
9.4556160586058624	0.9999432003929207
9.4589101842583361	1.0000474692255570
9.4622359073545361	0.9999502546842689
9.4655946186324211	1.0000439869153965
9.4689920357408166	0.9999565083235690
9.4724318739926119	1.0000384642449909
9.4759236737769559	0.9999637966384927
9.4794776169440436	1.0000302864095711
9.4831138942738189	0.9999742287829669
9.4868619772294682	1.0000175928342250
9.4907828996828236	0.9999862530315653
9.4950241020928718	1.0000499759995356
9.5019590298837624	0.9998697855596563
9.5066708794377384	0.9999790327019137
9.5108478421982525	0.9999573852151469
9.5149283709111909	1.0000013883287033
9.5192274506709857	0.9999411522078567
9.5261547500606305	1.0001365628975629
9.5306234039117879	1.0000080708342940
9.5344212066555691	1.0000668551086647
9.5379825653864678	0.9999729158074070
9.5414790152708360	1.0000478848688461
9.5449768529607262	0.9999670053934115
9.5485062302590844	1.0000364049771306
9.5520886735268071	0.9999711171389960
9.5557447681271128	1.0000249427383598
9.5595082881955538	0.9999820528110737
9.5634370008301968	1.0000129305393857
9.5676815527911092	0.9999487447025903
9.5745646696105862	1.0001380787472378
9.5789957122894300	1.0000074040512132
9.5827539374479311	1.0000701935485243
9.5862665568735572	0.9999695080204697
9.5896994008868131	1.0000535390215990
9.5931127912471830	0.9999602641207065
9.5965292834150606	1.0000458498925515
9.5999595365944455	0.9999591058531424
9.6034073906573685	1.0000411974708558
9.6068780938013667	0.9999609632897074
9.6103743811226963	1.0000369907639073
9.6139032461276397	0.9999647644821411
9.6174708442253447	1.0000316142178918
9.6210902671887908	0.9999711445187315
9.6247778277811395	1.0000230655858349
9.6285654098181794	0.9999820275054448
9.6325088966913679	1.0000127096589617
9.6367574315075597	0.9999481128877340
9.6436695532340195	1.0001318923913132
9.6483089634202663	1.0000149961015292
9.6523286511118140	1.0000531679220741
9.6561332949930261	0.9999856415364985
9.6599023034853992	1.0000298419635443
9.6637268390570359	0.9999861850631960
9.6676872505526923	1.0000149366417481
9.6719410546728408	0.9999488914288714
9.6788457539766863	1.0001339576449968
9.6834372447445443	1.0000126816255421
9.6873763986464958	1.0000592758335698
9.6910672571308289	0.9999781844152029
9.6946773373399449	1.0000417931670775
9.6982736676693477	0.9999710694652195
9.7018872423494038	1.0000325181229583
9.7055400564798227	0.9999735596151933
9.7092525136844294	1.0000231547852287
9.7130577193095569	0.9999827252550062
9.7170117785559178	1.0000129531879223
9.7212632103331469	0.9999478712117907
9.7281924444552121	1.0001282706244707
9.7329680840238897	1.0000202836471133
9.7371986871402907	1.0000402725375075
9.7413139531946591	0.9999970763138081
9.7456211857480515	1.0000586888271781
9.7525587827770295	0.9998654040151119
9.7571450164707425	0.9999877651409348
9.7610652464698475	0.9999387187839649
9.7647332021934172	1.0000217249922789
9.7683269688936161	0.9999568167514770
9.7719154250210085	1.0000272853119150
9.7755385547039335	0.9999682239981711
9.7792230011910828	1.0000218895199093
9.7830060963346028	0.9999810938167312
9.7869461756871541	1.0000122721634059
9.7911939212822325	0.9999480201274287
9.7980745459588849	1.0001379642340191
9.8025119752180885	1.0000071054061699
9.8062688477090774	1.0000706771493924
9.8097725748927331	0.9999684669954488
9.8131901820075669	1.0000549228851205
9.8165827665632381	0.9999585513864391
9.8199731994686417	1.0000479177879971
9.8233721413814887	0.9999567424535919
9.8267830510345018	1.0000439568553245
9.8302103962387779	0.9999578009185870
9.8336555392979026	1.0000407067255079
9.8371232226818464	0.9999603611011446
9.8406160477068738	1.0000369862049943
9.8441412081736885	0.9999644205570111
9.8477050574818037	1.0000317290263552
9.8513209423230652	0.9999709499496874
9.8550054053351452	1.0000231422143959
9.8587905662290751	0.9999819663808314
9.8627325414341200	1.0000126968272960
9.8669806739993025	0.9999481580224471
9.8738884333085597	1.0001327808325009
9.8784966915876691	1.0000138077240286
9.8824729194748162	1.0000559779250913
9.8862232209921999	0.9999825481448396
9.8899215848426518	1.0000346749994282
9.8936471067722849	0.9999805070472163
9.8974528166990137	1.0000190943087712
9.9014063520195439	0.9999874266144175
9.9056567563889644	1.0000516463303537
9.9126071275919347	0.9998741091718369
9.9174949702471231	0.9999757030502464
9.9220680858968127	0.9999189113187095
9.9292028660742417	1.0001329089260851
9.9339730936316766	1.0000141143020840
9.9380565079566381	1.0000513824171364
9.9418952175381232	0.9999856203272981
9.9456844763825156	1.0000291125204299
9.9495216678938281	0.9999861522103438
9.9534891617583039	1.0000148573771759
9.9577449905501378	0.9999486297724830
9.9646773925550338	1.0001285203617092
9.9694633814907174	1.0000205602215797
9.9737032984869067	1.0000401702305919
9.9778244708005417	0.9999970609082058
9.9821332998397914	1.0000588782237061
9.9891177779262996	0.9998743455937174
9.9940311190608675	0.9999764195307531
9.9986119572023320	0.9999187327736273
